/*--------------------------------*- C++ -*----------------------------------*\
| =========                 |                                                 |
| \\      /  F ield         | OpenFOAM: The Open Source CFD Toolbox           |
|  \\    /   O peration     | Version:  2206                                  |
|   \\  /    A nd           | Website:  www.openfoam.com                      |
|    \\/     M anipulation  |                                                 |
\*---------------------------------------------------------------------------*/
FoamFile
{
    version     2.0;
    format      ascii;
    arch        "LSB;label=32;scalar=64";
    class       volVectorField;
    location    "0.575";
    object      U;
}
// * * * * * * * * * * * * * * * * * * * * * * * * * * * * * * * * * * * * * //

dimensions      [0 1 -1 0 0 0 0];

internalField   nonuniform List<vector> 
2268
(
(-0.0144368 0.0159609 0)
(-0.0200151 0.00129416 0)
(-0.0162162 -0.00275194 0)
(-0.0150791 0.000270009 0)
(-0.0172878 0.00395622 0)
(-0.0229979 0.00619766 0)
(-0.029926 0.00663105 0)
(-0.0363993 0.00593323 0)
(-0.0416367 0.00485074 0)
(-0.0455669 0.00385243 0)
(-0.0483124 0.00311595 0)
(-0.0501071 0.00267317 0)
(-0.0510662 0.00242055 0)
(-0.0512249 0.00217283 0)
(-0.050505 0.00181842 0)
(-0.0489236 0.00121059 0)
(-0.046293 -0.000115752 0)
(-0.0419096 -0.00328489 0)
(-0.0342071 -0.00993491 0)
(-0.0224999 -0.0209169 0)
(-0.00170006 -0.0411673 0)
(0.033242 -0.0523493 0)
(0.0462803 0.0317869 0)
(-0.017306 0.0487419 0)
(-0.0202237 0.00460122 0)
(-0.0203106 -0.00662244 0)
(-0.0197326 0.0019217 0)
(-0.0229166 0.0124278 0)
(-0.0288651 0.0184582 0)
(-0.0356204 0.0191466 0)
(-0.0415729 0.0165208 0)
(-0.0460245 0.0126909 0)
(-0.0489481 0.00882947 0)
(-0.0503938 0.00537651 0)
(-0.0503895 0.00233769 0)
(-0.049042 -0.000427399 0)
(-0.0464008 -0.0031356 0)
(-0.0424462 -0.00594381 0)
(-0.0372671 -0.00912405 0)
(-0.031058 -0.0131201 0)
(-0.0237833 -0.0189166 0)
(-0.0128811 -0.0279439 0)
(-0.0116141 -0.0411458 0)
(0.01232 -0.0641419 0)
(-0.00247285 -0.0667199 0)
(0.0230677 0.119216 0)
(-0.0168004 0.0840339 0)
(-0.0233293 0.0129256 0)
(-0.0274848 -0.00569229 0)
(-0.028608 0.00659892 0)
(-0.0327753 0.0222278 0)
(-0.0386969 0.030665 0)
(-0.0450381 0.0308953 0)
(-0.0504197 0.0260892 0)
(-0.054459 0.0194234 0)
(-0.0570886 0.0126695 0)
(-0.0583576 0.00638215 0)
(-0.0584023 0.000528241 0)
(-0.0572532 -0.0050077 0)
(-0.0549301 -0.010294 0)
(-0.0514623 -0.0154548 0)
(-0.0469806 -0.0207144 0)
(-0.0419245 -0.0264221 0)
(-0.0364184 -0.0332 0)
(-0.0302741 -0.0416498 0)
(-0.0290535 -0.0540847 0)
(-0.02246 -0.0660582 0)
(-0.0430746 -0.0411591 0)
(-0.0154354 0.084398 0)
(-0.0168027 0.123314 0)
(-0.028905 0.0300813 0)
(-0.0391494 0.00156936 0)
(-0.0419624 0.0137813 0)
(-0.0471276 0.0321035 0)
(-0.0531124 0.0414269 0)
(-0.0590546 0.0406019 0)
(-0.0639507 0.033704 0)
(-0.0674441 0.0246884 0)
(-0.0694859 0.0157633 0)
(-0.0701748 0.0075455 0)
(-0.0696155 -5.89314e-05 0)
(-0.0678922 -0.00736138 0)
(-0.0651899 -0.0145097 0)
(-0.0616685 -0.0214542 0)
(-0.05747 -0.0281459 0)
(-0.0529548 -0.0346929 0)
(-0.0481367 -0.0411286 0)
(-0.0432952 -0.0470019 0)
(-0.0419707 -0.0524153 0)
(-0.0401285 -0.0586973 0)
(-0.0481584 -0.0572777 0)
(-0.0193387 -0.00704652 0)
(-0.0193885 0.168768 0)
(-0.0397763 0.0615074 0)
(-0.0569434 0.0188006 0)
(-0.0603844 0.0262147 0)
(-0.0656041 0.0462099 0)
(-0.0718606 0.0558986 0)
(-0.0774318 0.0536566 0)
(-0.08158 0.0440742 0)
(-0.084217 0.0316896 0)
(-0.0854287 0.0190817 0)
(-0.0854061 0.00721929 0)
(-0.0842426 -0.00365789 0)
(-0.0819071 -0.0135641 0)
(-0.0782182 -0.0225984 0)
(-0.073209 -0.0307857 0)
(-0.0671814 -0.0382807 0)
(-0.0605946 -0.0452595 0)
(-0.0535388 -0.0516502 0)
(-0.0464467 -0.0569018 0)
(-0.0407393 -0.0600606 0)
(-0.0320457 -0.0631267 0)
(-0.0316852 -0.0741804 0)
(-0.00745609 -0.0591268 0)
(-0.0133408 0.224712 0)
(-0.0408023 0.0992454 0)
(-0.0694705 0.0339977 0)
(-0.0782676 0.0296253 0)
(-0.0849107 0.0497996 0)
(-0.0925185 0.0583791 0)
(-0.100608 0.053819 0)
(-0.106793 0.0423612 0)
(-0.110679 0.0287925 0)
(-0.11201 0.0160135 0)
(-0.110834 0.00446129 0)
(-0.10756 -0.00704565 0)
(-0.102731 -0.019108 0)
(-0.0964031 -0.0309104 0)
(-0.0886515 -0.0417284 0)
(-0.0800012 -0.0514597 0)
(-0.0705418 -0.0599112 0)
(-0.0600917 -0.0669843 0)
(-0.0490771 -0.0727441 0)
(-0.037819 -0.0763478 0)
(-0.0246057 -0.0783443 0)
(-0.0172519 -0.0930809 0)
(-0.000239809 -0.0880294 0)
(0.00546676 0.274978 0)
(-0.0168214 0.186059 0)
(-0.0529669 0.0900299 0)
(-0.0845329 0.0586959 0)
(-0.102198 0.0805241 0)
(-0.112744 0.0935732 0)
(-0.120957 0.0855742 0)
(-0.125314 0.0666967 0)
(-0.126775 0.0428479 0)
(-0.12646 0.0188362 0)
(-0.126887 -0.00235156 0)
(-0.128096 -0.020002 0)
(-0.126622 -0.0352748 0)
(-0.120127 -0.0498018 0)
(-0.110637 -0.0624015 0)
(-0.100207 -0.0726706 0)
(-0.0883478 -0.0824034 0)
(-0.0747548 -0.0911826 0)
(-0.0596965 -0.0987977 0)
(-0.0440879 -0.104369 0)
(-0.0298711 -0.107188 0)
(-0.00906251 -0.118655 0)
(-3.69821e-05 -0.102647 0)
(0.0159479 0.223735 0)
(0.0229317 0.212609 0)
(0.00458946 0.144285 0)
(-0.0580818 0.111167 0)
(-0.0979976 0.100863 0)
(-0.110523 0.0912966 0)
(-0.122866 0.075645 0)
(-0.134585 0.0570388 0)
(-0.144239 0.0355668 0)
(-0.150326 0.0197275 0)
(-0.154254 0.00971683 0)
(-0.156413 -0.00563061 0)
(-0.154779 -0.0323996 0)
(-0.149856 -0.0610789 0)
(-0.142393 -0.0799978 0)
(-0.133122 -0.0938637 0)
(-0.12206 -0.109386 0)
(-0.109111 -0.122846 0)
(-0.0929304 -0.131513 0)
(-0.0761288 -0.136016 0)
(-0.0627161 -0.140144 0)
(-0.0340683 -0.142971 0)
(-0.0346128 -0.107705 0)
(-0.932966 -0.16659 0)
(-1.25056 -0.675929 0)
(-1.27238 -0.662606 0)
(-1.17428 -0.516242 0)
(-0.899984 -0.462816 0)
(-0.411412 -0.489585 0)
(0.0544477 -0.409734 0)
(0.502029 -0.325031 0)
(0.868728 -0.284968 0)
(1.16961 -0.289608 0)
(1.43603 -0.31249 0)
(1.77992 -0.336017 0)
(2.15704 -0.391383 0)
(2.43973 -0.470859 0)
(2.64565 -0.581531 0)
(2.76762 -0.674449 0)
(2.66504 -0.604097 0)
(2.3473 -0.344675 0)
(1.45604 0.39491 0)
(-1.29205 1.68616 0)
(-1.70853 0.693895 0)
(-1.88329 0.373208 0)
(-0.640641 -0.137789 0)
(-0.243704 -0.442491 0)
(0.335277 -0.848511 0)
(0.603982 -0.791828 0)
(0.845388 -0.622223 0)
(1.06573 -0.53783 0)
(1.05817 -0.434976 0)
(1.02555 -0.4555 0)
(1.25519 -0.557644 0)
(2.12874 -0.623516 0)
(3.32039 -0.284908 0)
(4.03385 0.0915674 0)
(3.74094 0.513672 0)
(3.88198 0.641412 0)
(3.20455 1.31028 0)
(1.84211 2.5306 0)
(-1.06326 3.07497 0)
(0.65477 1.84055 0)
(-0.0929428 -1.6691 0)
(0.249987 -1.27101 0)
(0.701572 -1.23342 0)
(0.902525 -1.23938 0)
(0.995249 -1.05834 0)
(0.993152 -0.793064 0)
(0.535808 -0.467372 0)
(-0.831731 0.407381 0)
(0.207283 -0.968215 0)
(0.781404 -1.75469 0)
(1.1612 -1.90839 0)
(1.74537 -1.61519 0)
(2.76393 -0.764973 0)
(2.24543 -0.20897 0)
(2.34525 0.734767 0)
(1.17033 3.10147 0)
(0.860296 4.92198 0)
(-0.478568 2.19538 0)
(0.994397 1.29823 0)
(1.5734 -0.569603 0)
(1.00182 -0.936307 0)
(0.885702 -1.15393 0)
(0.915444 -1.30095 0)
(0.968202 -0.965082 0)
(1.0222 0.0151059 0)
(-0.949364 1.09343 0)
(0.0320462 -0.265496 0)
(0.709852 -1.69867 0)
(0.792756 -1.98855 0)
(0.803705 -2.00251 0)
(0.807257 -1.82491 0)
(1.04413 -0.570129 0)
(1.21084 0.581578 0)
(0.567166 1.76963 0)
(0.142776 3.491 0)
(0.336979 5.46509 0)
(-0.142783 1.36153 0)
(1.13725 -0.727096 0)
(0.890432 -0.790635 0)
(0.811335 -0.916442 0)
(0.866456 -1.18689 0)
(0.893606 -1.33765 0)
(0.80814 -0.960833 0)
(0.597193 0.912347 0)
(-0.302365 1.76863 0)
(0.657077 -1.31692 0)
(0.79519 -1.97911 0)
(0.759036 -1.99248 0)
(0.701699 -1.92978 0)
(0.65937 -1.83399 0)
(0.523332 -0.852709 0)
(0.919162 0.604486 0)
(0.1565 2.30334 0)
(-0.00220968 3.51166 0)
(0.296778 5.24836 0)
(0.403987 0.732725 0)
(0.595087 -0.233548 0)
(0.673195 -0.63782 0)
(0.79699 -0.977774 0)
(0.875486 -1.22716 0)
(0.79861 -1.27191 0)
(0.561007 -0.394531 0)
(0.0284569 1.1715 0)
(0.575292 0.889727 0)
(0.796655 -1.48049 0)
(0.790045 -1.95403 0)
(0.732653 -1.95552 0)
(0.712326 -1.85831 0)
(0.72766 -1.74757 0)
(0.618285 -0.980373 0)
(0.759814 0.546622 0)
(0.709932 2.52103 0)
(0.21045 3.58365 0)
(0.45106 5.32299 0)
(0.493692 0.366781 0)
(0.484806 -0.442541 0)
(0.660466 -0.802531 0)
(0.824542 -1.06466 0)
(0.804465 -1.16051 0)
(0.490474 -1.03587 0)
(-0.0239088 0.137021 0)
(-0.0422218 1.00416 0)
(0.548352 0.482315 0)
(0.842055 -1.34678 0)
(0.793516 -1.8711 0)
(0.753077 -1.91884 0)
(0.779554 -1.87781 0)
(0.92486 -1.70398 0)
(0.953722 -1.04824 0)
(0.827072 0.309326 0)
(1.4611 2.46515 0)
(0.318978 4.0264 0)
(0.531093 5.75211 0)
(0.257062 -0.313465 0)
(0.530774 -0.618878 0)
(0.725555 -0.899552 0)
(0.770076 -1.05415 0)
(0.545436 -0.954407 0)
(0.0961974 -0.513409 0)
(-0.0865806 0.141389 0)
(0.303286 0.466815 0)
(0.87663 -0.299644 0)
(1.04308 -1.5351 0)
(0.891575 -1.84701 0)
(0.853962 -1.93934 0)
(0.914312 -2.13099 0)
(1.02947 -1.86772 0)
(0.997967 -1.0691 0)
(0.714873 0.175526 0)
(1.58096 2.49802 0)
(-0.0370758 5.1203 0)
(0.416676 6.06099 0)
(0.000599072 0.186853 0)
(0.00181019 0.202146 0)
(-0.0263833 0.206913 0)
(-0.0869008 0.192385 0)
(-0.15156 0.154567 0)
(-0.203593 0.129127 0)
(-0.232304 0.112341 0)
(-0.246235 0.0897303 0)
(-0.24614 0.0572481 0)
(-0.23189 0.0289381 0)
(-0.214855 0.00759118 0)
(-0.204514 -0.0160066 0)
(-0.19626 -0.0450306 0)
(-0.173787 -0.0730936 0)
(-0.142874 -0.0941876 0)
(-0.109376 -0.112576 0)
(-0.0760228 -0.130814 0)
(-0.0491743 -0.146091 0)
(-0.0262798 -0.156721 0)
(-0.000950535 -0.161914 0)
(0.0150142 -0.166056 0)
(0.0153004 -0.170272 0)
(-0.0291687 -0.172445 0)
(-0.188956 0.265943 0)
(-0.183753 0.258516 0)
(-0.20679 0.269306 0)
(-0.268794 0.252701 0)
(-0.382031 0.216661 0)
(-0.48276 0.172096 0)
(-0.516068 0.123349 0)
(-0.496183 0.0702526 0)
(-0.458024 0.0168671 0)
(-0.408173 -0.0149459 0)
(-0.320203 -0.0250694 0)
(-0.188352 -0.043023 0)
(-0.00297624 -0.0928469 0)
(0.278784 -0.164613 0)
(0.420288 -0.180126 0)
(0.49715 -0.188714 0)
(0.549311 -0.183852 0)
(0.590434 -0.183343 0)
(0.585148 -0.192423 0)
(0.601541 -0.180318 0)
(0.50675 -0.173967 0)
(0.443273 -0.142133 0)
(0.354965 -0.119529 0)
(-0.168422 0.497852 0)
(-0.199761 0.33354 0)
(-0.253222 0.329056 0)
(-0.240414 0.389952 0)
(-0.257741 0.368127 0)
(-0.252496 0.258265 0)
(-0.199741 0.115545 0)
(-0.0666924 0.00615529 0)
(0.0707018 -0.0507876 0)
(0.195994 -0.139056 0)
(0.313949 -0.225593 0)
(0.405254 -0.323156 0)
(0.440666 -0.425179 0)
(0.429561 -0.390521 0)
(0.424701 -0.294982 0)
(0.443361 -0.239903 0)
(0.462077 -0.225118 0)
(0.477006 -0.184875 0)
(0.499037 -0.126015 0)
(0.529271 -0.0949652 0)
(0.572188 -0.0669904 0)
(0.635551 -0.051283 0)
(0.725936 0.110178 0)
(-0.0256446 0.635125 0)
(0.0132345 0.430489 0)
(-0.00343711 0.291095 0)
(0.0769905 0.279268 0)
(0.178793 0.276484 0)
(0.299241 0.192395 0)
(0.424887 0.0381107 0)
(0.512994 -0.11507 0)
(0.557345 -0.199028 0)
(0.583497 -0.237865 0)
(0.597272 -0.257268 0)
(0.595995 -0.268595 0)
(0.574281 -0.272605 0)
(0.540115 -0.263122 0)
(0.516072 -0.247215 0)
(0.511902 -0.234486 0)
(0.518673 -0.225812 0)
(0.530975 -0.215444 0)
(0.555327 -0.202205 0)
(0.592698 -0.189164 0)
(0.632826 -0.181647 0)
(0.667669 -0.185956 0)
(0.721695 -0.204237 0)
(0.0291607 0.548619 0)
(0.113439 0.406166 0)
(0.160347 0.244408 0)
(0.249351 0.16104 0)
(0.364767 0.0934897 0)
(0.479145 0.000592256 0)
(0.561551 -0.0977455 0)
(0.601141 -0.170002 0)
(0.604077 -0.210411 0)
(0.588786 -0.23154 0)
(0.56765 -0.243787 0)
(0.544465 -0.253653 0)
(0.520707 -0.262134 0)
(0.500534 -0.263119 0)
(0.489815 -0.256008 0)
(0.490149 -0.248248 0)
(0.497997 -0.24357 0)
(0.511064 -0.239334 0)
(0.531989 -0.233701 0)
(0.562778 -0.229188 0)
(0.60088 -0.226564 0)
(0.643877 -0.225124 0)
(0.693828 -0.223189 0)
(0.0133362 0.441215 0)
(0.0824731 0.296976 0)
(0.13557 0.138367 0)
(0.209488 0.0416066 0)
(0.299559 -0.0264736 0)
(0.386021 -0.0816707 0)
(0.453835 -0.12943 0)
(0.493434 -0.168434 0)
(0.50793 -0.193571 0)
(0.507437 -0.207263 0)
(0.500897 -0.216456 0)
(0.493026 -0.225547 0)
(0.485758 -0.234739 0)
(0.48078 -0.24208 0)
(0.480654 -0.246873 0)
(0.487187 -0.250215 0)
(0.500011 -0.252775 0)
(0.518042 -0.253758 0)
(0.541092 -0.253159 0)
(0.568816 -0.253642 0)
(0.599981 -0.257797 0)
(0.634111 -0.266222 0)
(0.671811 -0.279386 0)
(-0.00643137 0.416029 0)
(0.0351177 0.23797 0)
(0.0825636 0.0746726 0)
(0.151533 -0.0370492 0)
(0.232399 -0.112743 0)
(0.31162 -0.161719 0)
(0.375748 -0.191866 0)
(0.418521 -0.20893 0)
(0.441556 -0.217123 0)
(0.451271 -0.22094 0)
(0.454627 -0.2248 0)
(0.456176 -0.231206 0)
(0.458189 -0.2402 0)
(0.462111 -0.250118 0)
(0.469263 -0.259337 0)
(0.480463 -0.267378 0)
(0.495667 -0.274378 0)
(0.51452 -0.280387 0)
(0.537077 -0.285724 0)
(0.563426 -0.291318 0)
(0.592888 -0.298102 0)
(0.624323 -0.306923 0)
(0.656627 -0.319092 0)
(-0.0106559 0.420177 0)
(0.0140849 0.206851 0)
(0.0533164 0.0138002 0)
(0.120624 -0.123094 0)
(0.196095 -0.202191 0)
(0.266856 -0.237148 0)
(0.32334 -0.245287 0)
(0.362315 -0.240901 0)
(0.386212 -0.23342 0)
(0.400301 -0.228228 0)
(0.409914 -0.228162 0)
(0.418695 -0.233883 0)
(0.428441 -0.244165 0)
(0.439903 -0.256808 0)
(0.453509 -0.269755 0)
(0.469531 -0.281761 0)
(0.487986 -0.29234 0)
(0.508732 -0.301447 0)
(0.531657 -0.309488 0)
(0.556566 -0.317442 0)
(0.582998 -0.326487 0)
(0.610394 -0.337497 0)
(0.638116 -0.351032 0)
(-0.00582846 0.419272 0)
(0.0105982 0.182957 0)
(0.0442235 -0.0440898 0)
(0.106606 -0.199015 0)
(0.174259 -0.278144 0)
(0.235207 -0.300435 0)
(0.282499 -0.291558 0)
(0.315626 -0.27217 0)
(0.3382 -0.254639 0)
(0.354943 -0.244515 0)
(0.369762 -0.243124 0)
(0.384955 -0.249405 0)
(0.401362 -0.261046 0)
(0.41903 -0.275373 0)
(0.43781 -0.290125 0)
(0.457609 -0.3039 0)
(0.4784 -0.316159 0)
(0.500197 -0.326974 0)
(0.523064 -0.33681 0)
(0.547021 -0.346369 0)
(0.571874 -0.356373 0)
(0.597203 -0.367419 0)
(0.622374 -0.379986 0)
(6.41224e-05 0.412064 0)
(0.0129817 0.162994 0)
(0.0453299 -0.0962141 0)
(0.101917 -0.267889 0)
(0.16131 -0.344615 0)
(0.2123 -0.353713 0)
(0.250465 -0.329972 0)
(0.277758 -0.299341 0)
(0.298724 -0.275576 0)
(0.317492 -0.26333 0)
(0.336607 -0.262218 0)
(0.357011 -0.269644 0)
(0.378576 -0.282392 0)
(0.400754 -0.297508 0)
(0.423073 -0.312806 0)
(0.445334 -0.327042 0)
(0.467587 -0.339797 0)
(0.490006 -0.351209 0)
(0.512779 -0.361725 0)
(0.536005 -0.371931 0)
(0.559605 -0.382413 0)
(0.58334 -0.393623 0)
(0.606792 -0.405833 0)
(0.00339479 0.400867 0)
(0.0165376 0.143062 0)
(0.0506881 -0.145265 0)
(0.102656 -0.329795 0)
(0.153968 -0.400967 0)
(0.195202 -0.396566 0)
(0.22493 -0.360631 0)
(0.247245 -0.322977 0)
(0.267119 -0.29707 0)
(0.287795 -0.28562 0)
(0.310435 -0.286292 0)
(0.334755 -0.295209 0)
(0.35985 -0.308646 0)
(0.384831 -0.32372 0)
(0.409163 -0.338588 0)
(0.432726 -0.352357 0)
(0.455699 -0.364835 0)
(0.478379 -0.376248 0)
(0.501045 -0.386995 0)
(0.52386 -0.397503 0)
(0.546817 -0.40814 0)
(0.569763 -0.419163 0)
(0.592385 -0.430719 0)
(0.00415905 0.387021 0)
(0.020481 0.120034 0)
(0.0579086 -0.193073 0)
(0.106331 -0.38521 0)
(0.149767 -0.447565 0)
(0.18181 -0.429893 0)
(0.204314 -0.384811 0)
(0.222999 -0.344139 0)
(0.242621 -0.319431 0)
(0.265195 -0.310724 0)
(0.290531 -0.313786 0)
(0.317392 -0.323901 0)
(0.344432 -0.337312 0)
(0.370713 -0.351557 0)
(0.395838 -0.365317 0)
(0.41986 -0.378105 0)
(0.44308 -0.389936 0)
(0.465856 -0.401056 0)
(0.488475 -0.411764 0)
(0.511095 -0.422332 0)
(0.533721 -0.432968 0)
(0.55626 -0.443801 0)
(0.578493 -0.454889 0)
(0.0036339 0.371342 0)
(0.0246293 0.0921615 0)
(0.065591 -0.240723 0)
(0.110956 -0.434437 0)
(0.146782 -0.484877 0)
(0.170552 -0.454842 0)
(0.187376 -0.40404 0)
(0.20392 -0.364045 0)
(0.224065 -0.343063 0)
(0.248365 -0.338144 0)
(0.275452 -0.343539 0)
(0.303512 -0.354262 0)
(0.331126 -0.366994 0)
(0.357548 -0.379931 0)
(0.382626 -0.392323 0)
(0.40658 -0.404027 0)
(0.429772 -0.415172 0)
(0.452546 -0.425957 0)
(0.475144 -0.436557 0)
(0.497689 -0.447099 0)
(0.520189 -0.457662 0)
(0.542591 -0.468284 0)
(0.564748 -0.478963 0)
(0.00286164 0.354106 0)
(0.0285442 0.0587217 0)
(0.0727362 -0.288575 0)
(0.115007 -0.47761 0)
(0.143645 -0.513637 0)
(0.160431 -0.472941 0)
(0.173321 -0.420041 0)
(0.189109 -0.383836 0)
(0.210256 -0.368122 0)
(0.235829 -0.367136 0)
(0.263633 -0.374272 0)
(0.291694 -0.384888 0)
(0.318826 -0.396454 0)
(0.344611 -0.407904 0)
(0.369143 -0.418972 0)
(0.39274 -0.429724 0)
(0.415752 -0.440297 0)
(0.438455 -0.450797 0)
(0.461025 -0.461279 0)
(0.483549 -0.471761 0)
(0.506036 -0.482244 0)
(0.528473 -0.492717 0)
(0.550759 -0.503125 0)
(0.0023938 0.335738 0)
(0.0320217 0.0197807 0)
(0.0786472 -0.33641 0)
(0.117551 -0.514858 0)
(0.139707 -0.53495 0)
(0.151136 -0.486022 0)
(0.161857 -0.434502 0)
(0.177944 -0.404322 0)
(0.200125 -0.394389 0)
(0.226234 -0.396763 0)
(0.253711 -0.404788 0)
(0.280809 -0.414694 0)
(0.306759 -0.424894 0)
(0.331486 -0.434978 0)
(0.355246 -0.44499 0)
(0.378369 -0.455056 0)
(0.401131 -0.465248 0)
(0.423728 -0.475571 0)
(0.446276 -0.485989 0)
(0.468844 -0.496454 0)
(0.491448 -0.506923 0)
(0.514105 -0.517351 0)
(0.536731 -0.527627 0)
(0.00224642 0.316496 0)
(0.0351736 -0.0235953 0)
(0.0832821 -0.383477 0)
(0.118452 -0.546429 0)
(0.135062 -0.550271 0)
(0.142897 -0.496033 0)
(0.152979 -0.448812 0)
(0.169919 -0.425804 0)
(0.19273 -0.421242 0)
(0.218487 -0.425976 0)
(0.244753 -0.43408 0)
(0.270266 -0.442953 0)
(0.294712 -0.451899 0)
(0.318263 -0.460956 0)
(0.341224 -0.470288 0)
(0.363862 -0.479972 0)
(0.386365 -0.48999 0)
(0.408858 -0.500273 0)
(0.431424 -0.510733 0)
(0.454127 -0.521288 0)
(0.476991 -0.53187 0)
(0.500049 -0.542396 0)
(0.523207 -0.552698 0)
(0.00232563 0.295992 0)
(0.038634 -0.0701449 0)
(0.087132 -0.428835 0)
(0.118212 -0.57273 0)
(0.130264 -0.561183 0)
(0.136103 -0.504697 0)
(0.1466 -0.463824 0)
(0.164427 -0.448058 0)
(0.187201 -0.447824 0)
(0.21181 -0.453854 0)
(0.236306 -0.461498 0)
(0.26 -0.469358 0)
(0.282935 -0.477402 0)
(0.305385 -0.485872 0)
(0.327611 -0.494905 0)
(0.349789 -0.504488 0)
(0.37203 -0.514537 0)
(0.394422 -0.524943 0)
(0.417035 -0.535596 0)
(0.439938 -0.546399 0)
(0.463161 -0.557258 0)
(0.486739 -0.568044 0)
(0.510567 -0.578543 0)
(0.00280258 0.273365 0)
(0.043031 -0.11877 0)
(0.0908635 -0.47165 0)
(0.117561 -0.59422 0)
(0.12591 -0.569083 0)
(0.130935 -0.513221 0)
(0.142332 -0.479793 0)
(0.160692 -0.470525 0)
(0.182753 -0.47334 0)
(0.205698 -0.479819 0)
(0.228241 -0.486827 0)
(0.250188 -0.493959 0)
(0.271769 -0.501547 0)
(0.293245 -0.509844 0)
(0.314784 -0.518893 0)
(0.336485 -0.528608 0)
(0.358419 -0.538874 0)
(0.380661 -0.549575 0)
(0.403287 -0.560599 0)
(0.426372 -0.571834 0)
(0.449953 -0.583154 0)
(0.474073 -0.594391 0)
(0.498632 -0.60529 0)
(0.00388501 0.247529 0)
(0.0486008 -0.168808 0)
(0.0950057 -0.511315 0)
(0.117055 -0.611263 0)
(0.122309 -0.574948 0)
(0.127226 -0.522205 0)
(0.139535 -0.496512 0)
(0.157904 -0.492568 0)
(0.17874 -0.497256 0)
(0.199821 -0.503686 0)
(0.220502 -0.510174 0)
(0.240906 -0.51697 0)
(0.261302 -0.524508 0)
(0.28187 -0.532945 0)
(0.302697 -0.542236 0)
(0.32384 -0.552262 0)
(0.34536 -0.562913 0)
(0.367339 -0.574082 0)
(0.389862 -0.585664 0)
(0.41302 -0.597527 0)
(0.436864 -0.609512 0)
(0.461456 -0.621433 0)
(0.486758 -0.632997 0)
(0.00559293 0.217406 0)
(0.0552116 -0.220103 0)
(0.0996593 -0.547387 0)
(0.116817 -0.624052 0)
(0.119394 -0.579345 0)
(0.124554 -0.531785 0)
(0.13751 -0.513553 0)
(0.155373 -0.513659 0)
(0.174686 -0.519327 0)
(0.193929 -0.525537 0)
(0.212947 -0.531771 0)
(0.232 -0.538595 0)
(0.251302 -0.546373 0)
(0.270945 -0.555149 0)
(0.290974 -0.564835 0)
(0.311433 -0.575314 0)
(0.332395 -0.586503 0)
(0.353951 -0.598305 0)
(0.376202 -0.610627 0)
(0.399257 -0.623319 0)
(0.423204 -0.636202 0)
(0.44815 -0.649112 0)
(0.474179 -0.6617 0)
(0.00786903 0.18213 0)
(0.0624733 -0.272696 0)
(0.104419 -0.579452 0)
(0.116532 -0.632678 0)
(0.116837 -0.582623 0)
(0.122412 -0.541869 0)
(0.135653 -0.530447 0)
(0.152597 -0.533431 0)
(0.170268 -0.539511 0)
(0.187806 -0.545553 0)
(0.205354 -0.551825 0)
(0.223174 -0.558942 0)
(0.241394 -0.567133 0)
(0.260049 -0.576368 0)
(0.279175 -0.586556 0)
(0.298816 -0.597605 0)
(0.319071 -0.609466 0)
(0.340027 -0.622048 0)
(0.36181 -0.635278 0)
(0.384551 -0.649001 0)
(0.408404 -0.66305 0)
(0.433543 -0.677326 0)
(0.460227 -0.691437 0)
(0.0108266 0.141283 0)
(0.0698202 -0.326414 0)
(0.108529 -0.607033 0)
(0.115643 -0.637304 0)
(0.114224 -0.585129 0)
(0.120338 -0.552312 0)
(0.13351 -0.546792 0)
(0.149252 -0.551671 0)
(0.165287 -0.55788 0)
(0.181283 -0.563922 0)
(0.197505 -0.570473 0)
(0.214147 -0.578043 0)
(0.231266 -0.58674 0)
(0.248868 -0.596504 0)
(0.266999 -0.607274 0)
(0.285706 -0.618988 0)
(0.305109 -0.631623 0)
(0.325279 -0.6451 0)
(0.346387 -0.65938 0)
(0.368576 -0.674334 0)
(0.392101 -0.689842 0)
(0.417212 -0.705897 0)
(0.444327 -0.722154 0)
(0.0147633 0.0947192 0)
(0.076556 -0.380603 0)
(0.11113 -0.629612 0)
(0.113593 -0.638329 0)
(0.111208 -0.587331 0)
(0.117961 -0.56299 0)
(0.130758 -0.562279 0)
(0.145151 -0.568299 0)
(0.159644 -0.574563 0)
(0.17426 -0.580803 0)
(0.189263 -0.587798 0)
(0.204757 -0.595902 0)
(0.220756 -0.605146 0)
(0.237259 -0.615484 0)
(0.254327 -0.626887 0)
(0.271992 -0.639325 0)
(0.290401 -0.652793 0)
(0.309587 -0.667244 0)
(0.329803 -0.682677 0)
(0.35117 -0.699052 0)
(0.374085 -0.716287 0)
(0.398832 -0.734515 0)
(0.42594 -0.75353 0)
(0.0197246 0.042422 0)
(0.0819206 -0.434068 0)
(0.111496 -0.646771 0)
(0.11002 -0.636507 0)
(0.10757 -0.58979 0)
(0.115008 -0.573788 0)
(0.127191 -0.576708 0)
(0.140217 -0.583347 0)
(0.153324 -0.589726 0)
(0.166716 -0.596334 0)
(0.180582 -0.603863 0)
(0.194957 -0.612526 0)
(0.209834 -0.622328 0)
(0.22521 -0.633256 0)
(0.241151 -0.645304 0)
(0.257668 -0.658479 0)
(0.274929 -0.672786 0)
(0.29293 -0.688248 0)
(0.312012 -0.704889 0)
(0.332256 -0.722839 0)
(0.354186 -0.741978 0)
(0.378099 -0.762699 0)
(0.404541 -0.784858 0)
(0.0251821 -0.0149642 0)
(0.0852535 -0.485194 0)
(0.109195 -0.658389 0)
(0.104857 -0.632927 0)
(0.103235 -0.593045 0)
(0.111303 -0.584582 0)
(0.122715 -0.58999 0)
(0.134468 -0.596945 0)
(0.146376 -0.603553 0)
(0.158683 -0.610639 0)
(0.171487 -0.618726 0)
(0.184777 -0.627934 0)
(0.198538 -0.638276 0)
(0.212764 -0.64977 0)
(0.22751 -0.662432 0)
(0.242773 -0.676303 0)
(0.258721 -0.691405 0)
(0.275338 -0.707858 0)
(0.293002 -0.725701 0)
(0.311795 -0.745287 0)
(0.332221 -0.766378 0)
(0.354751 -0.789766 0)
(0.37962 -0.815127 0)
(0.0302418 -0.0762442 0)
(0.0860551 -0.532305 0)
(0.104157 -0.664814 0)
(0.0983237 -0.628875 0)
(0.0982261 -0.597475 0)
(0.106767 -0.595228 0)
(0.117345 -0.602145 0)
(0.127992 -0.609282 0)
(0.138889 -0.616225 0)
(0.150231 -0.623829 0)
(0.162037 -0.632445 0)
(0.174277 -0.642151 0)
(0.186928 -0.652979 0)
(0.199979 -0.664976 0)
(0.213461 -0.678173 0)
(0.227369 -0.692648 0)
(0.24184 -0.70845 0)
(0.256882 -0.725801 0)
(0.272808 -0.74476 0)
(0.289805 -0.765884 0)
(0.308069 -0.788845 0)
(0.32866 -0.814832 0)
(0.350751 -0.843252 0)
(0.0342645 -0.139794 0)
(0.0842809 -0.573963 0)
(0.0967322 -0.666901 0)
(0.0908507 -0.625593 0)
(0.0926291 -0.603208 0)
(0.101414 -0.605588 0)
(0.111185 -0.613273 0)
(0.120916 -0.620562 0)
(0.130963 -0.627898 0)
(0.141432 -0.635993 0)
(0.152297 -0.64507 0)
(0.163518 -0.655196 0)
(0.175065 -0.666427 0)
(0.186919 -0.678823 0)
(0.199081 -0.692437 0)
(0.21155 -0.707376 0)
(0.224407 -0.723731 0)
(0.237699 -0.741796 0)
(0.251576 -0.761689 0)
(0.266422 -0.784054 0)
(0.281834 -0.808677 0)
(0.299902 -0.836865 0)
(0.317817 -0.868218 0)
(0.0367854 -0.203646 0)
(0.0801579 -0.609168 0)
(0.0875616 -0.66589 0)
(0.082929 -0.624024 0)
(0.0865504 -0.610119 0)
(0.0953435 -0.615552 0)
(0.10439 -0.623519 0)
(0.11338 -0.630969 0)
(0.122693 -0.63869 0)
(0.132358 -0.6472 0)
(0.142328 -0.656644 0)
(0.15256 -0.667091 0)
(0.163016 -0.678612 0)
(0.173665 -0.691277 0)
(0.184483 -0.70516 0)
(0.195465 -0.720383 0)
(0.206622 -0.737093 0)
(0.218031 -0.755597 0)
(0.229628 -0.776123 0)
(0.24197 -0.799246 0)
(0.253985 -0.82514 0)
(0.268795 -0.854782 0)
(0.281276 -0.888864 0)
(0.0376412 -0.265974 0)
(0.0741823 -0.637502 0)
(0.07743 -0.663188 0)
(0.0749865 -0.624655 0)
(0.0801061 -0.617904 0)
(0.0887092 -0.62505 0)
(0.0971341 -0.633028 0)
(0.10551 -0.640639 0)
(0.114166 -0.648684 0)
(0.123077 -0.657504 0)
(0.132192 -0.667204 0)
(0.141469 -0.677859 0)
(0.150861 -0.689545 0)
(0.160326 -0.702336 0)
(0.169819 -0.716322 0)
(0.179318 -0.731629 0)
(0.188773 -0.748445 0)
(0.198235 -0.767049 0)
(0.20747 -0.787777 0)
(0.217023 -0.811037 0)
(0.225406 -0.837507 0)
(0.236078 -0.867567 0)
(0.242409 -0.903552 0)
(0.0369692 -0.32523 0)
(0.0670085 -0.659112 0)
(0.0671013 -0.660111 0)
(0.0673144 -0.627505 0)
(0.0734213 -0.626182 0)
(0.0816952 -0.634051 0)
(0.0895862 -0.641914 0)
(0.097425 -0.649655 0)
(0.105466 -0.657928 0)
(0.113658 -0.666946 0)
(0.121957 -0.676791 0)
(0.130319 -0.687539 0)
(0.138695 -0.699264 0)
(0.147031 -0.712041 0)
(0.155267 -0.725962 0)
(0.163353 -0.74115 0)
(0.171195 -0.7578 0)
(0.178762 -0.776137 0)
(0.185739 -0.796542 0)
(0.192426 -0.819254 0)
(0.197341 -0.845273 0)
(0.203226 -0.874504 0)
(0.203526 -0.910417 0)
(0.0351193 -0.380235 0)
(0.0593146 -0.674629 0)
(0.0571938 -0.657689 0)
(0.060057 -0.632228 0)
(0.0666261 -0.634594 0)
(0.0744845 -0.642551 0)
(0.0818937 -0.650245 0)
(0.0892264 -0.658061 0)
(0.0966718 -0.666458 0)
(0.104173 -0.675565 0)
(0.111692 -0.685452 0)
(0.119191 -0.696188 0)
(0.126616 -0.707842 0)
(0.133908 -0.720481 0)
(0.140998 -0.734191 0)
(0.147807 -0.749078 0)
(0.154212 -0.765303 0)
(0.16008 -0.783035 0)
(0.165094 -0.802588 0)
(0.169194 -0.824106 0)
(0.171222 -0.848525 0)
(0.17252 -0.875616 0)
(0.167897 -0.90863 0)
(0.0324704 -0.430219 0)
(0.0516616 -0.684974 0)
(0.0481346 -0.656563 0)
(0.0532548 -0.638288 0)
(0.0598452 -0.642853 0)
(0.0672339 -0.65055 0)
(0.0741741 -0.658058 0)
(0.0809997 -0.665878 0)
(0.0878534 -0.6743 0)
(0.0946834 -0.683404 0)
(0.101461 -0.693246 0)
(0.108151 -0.703888 0)
(0.114704 -0.715385 0)
(0.121059 -0.727796 0)
(0.127145 -0.741185 0)
(0.132859 -0.755632 0)
(0.138067 -0.771236 0)
(0.142561 -0.788106 0)
(0.146062 -0.806416 0)
(0.148232 -0.826265 0)
(0.148303 -0.848211 0)
(0.146343 -0.872092 0)
(0.138828 -0.89979 0)
(0.0293703 -0.474842 0)
(0.044432 -0.691156 0)
(0.0401344 -0.656958 0)
(0.0468946 -0.6451 0)
(0.0531847 -0.650738 0)
(0.0600606 -0.658031 0)
(0.0665125 -0.665341 0)
(0.0728096 -0.673096 0)
(0.0790658 -0.681464 0)
(0.0852391 -0.690492 0)
(0.0913087 -0.700226 0)
(0.0972467 -0.710714 0)
(0.10301 -0.722001 0)
(0.108544 -0.734128 0)
(0.113774 -0.747134 0)
(0.118596 -0.76106 0)
(0.122869 -0.775943 0)
(0.126377 -0.791826 0)
(0.128884 -0.808747 0)
(0.129974 -0.826748 0)
(0.129173 -0.845949 0)
(0.125937 -0.866194 0)
(0.11805 -0.887819 0)
(0.0260966 -0.514054 0)
(0.0378229 -0.694114 0)
(0.0332156 -0.658715 0)
(0.0409486 -0.652087 0)
(0.0467251 -0.658048 0)
(0.0530402 -0.664909 0)
(0.0589638 -0.672012 0)
(0.0647006 -0.679647 0)
(0.0703469 -0.687903 0)
(0.0758729 -0.696807 0)
(0.0812655 -0.706392 0)
(0.0865047 -0.716695 0)
(0.0915564 -0.727746 0)
(0.0963722 -0.739569 0)
(0.100883 -0.752176 0)
(0.104993 -0.765567 0)
(0.108572 -0.77973 0)
(0.111448 -0.794654 0)
(0.11343 -0.810285 0)
(0.11419 -0.82659 0)
(0.11345 -0.843391 0)
(0.110649 -0.860414 0)
(0.104548 -0.87705 0)
(0.0228398 -0.548041 0)
(0.031901 -0.694696 0)
(0.0272859 -0.661438 0)
(0.0353786 -0.658779 0)
(0.0405167 -0.664628 0)
(0.0462132 -0.67109 0)
(0.051559 -0.677983 0)
(0.0567008 -0.685463 0)
(0.0617227 -0.693573 0)
(0.0666073 -0.702326 0)
(0.0713485 -0.711745 0)
(0.0759334 -0.721854 0)
(0.0803354 -0.732671 0)
(0.0845131 -0.7442 0)
(0.0884065 -0.756428 0)
(0.0919359 -0.769326 0)
(0.0950002 -0.782854 0)
(0.0974837 -0.796961 0)
(0.0992516 -0.811562 0)
(0.100115 -0.826555 0)
(0.0999433 -0.84165 0)
(0.0983735 -0.856462 0)
(0.0950135 -0.870116 0)
(0.0196969 -0.577311 0)
(0.0266606 -0.693757 0)
(0.0222143 -0.664836 0)
(0.0301238 -0.665002 0)
(0.0345742 -0.670546 0)
(0.0395915 -0.676662 0)
(0.0443101 -0.683349 0)
(0.0488253 -0.69066 0)
(0.0532091 -0.698612 0)
(0.0574553 -0.70721 0)
(0.0615627 -0.716466 0)
(0.0655234 -0.726394 0)
(0.0693157 -0.736997 0)
(0.0729049 -0.748262 0)
(0.0762421 -0.760158 0)
(0.0792671 -0.772638 0)
(0.081911 -0.785651 0)
(0.0841057 -0.799134 0)
(0.0857673 -0.812998 0)
(0.0868185 -0.827107 0)
(0.0872175 -0.841178 0)
(0.0867833 -0.854831 0)
(0.0857476 -0.867277 0)
(0.0166822 -0.602528 0)
(0.022016 -0.69209 0)
(0.0178499 -0.66878 0)
(0.0251185 -0.670817 0)
(0.0288806 -0.676013 0)
(0.0331651 -0.681845 0)
(0.0372128 -0.688337 0)
(0.0410742 -0.695482 0)
(0.0448073 -0.703283 0)
(0.0484142 -0.711737 0)
(0.0518963 -0.720846 0)
(0.0552474 -0.730614 0)
(0.0584495 -0.741029 0)
(0.0614733 -0.752064 0)
(0.0642807 -0.763677 0)
(0.066829 -0.775818 0)
(0.0690748 -0.788434 0)
(0.0709778 -0.80146 0)
(0.0724896 -0.814813 0)
(0.0735868 -0.828349 0)
(0.0742526 -0.841839 0)
(0.0744228 -0.854973 0)
(0.0745423 -0.867145 0)
(0.0137357 -0.623727 0)
(0.0178154 -0.689853 0)
(0.0140474 -0.672665 0)
(0.0203057 -0.675815 0)
(0.0233985 -0.68071 0)
(0.0269111 -0.686316 0)
(0.0302519 -0.692636 0)
(0.0334375 -0.699633 0)
(0.0365095 -0.707298 0)
(0.0394741 -0.715623 0)
(0.0423326 -0.724602 0)
(0.0450788 -0.734224 0)
(0.0476963 -0.744469 0)
(0.0501606 -0.755299 0)
(0.052443 -0.766671 0)
(0.0545138 -0.778534 0)
(0.056345 -0.790836 0)
(0.0579086 -0.803515 0)
(0.0591742 -0.816484 0)
(0.0601278 -0.829608 0)
(0.0607424 -0.842704 0)
(0.0610172 -0.855518 0)
(0.0612622 -0.867635 0)
(0.0107857 -0.640121 0)
(0.0138993 -0.686426 0)
(0.0106881 -0.675214 0)
(0.0156554 -0.678912 0)
(0.0180906 -0.683596 0)
(0.0208109 -0.689038 0)
(0.0234204 -0.695221 0)
(0.0259158 -0.702097 0)
(0.028321 -0.709649 0)
(0.0306415 -0.717864 0)
(0.0328764 -0.726726 0)
(0.035018 -0.736218 0)
(0.0370513 -0.746309 0)
(0.038957 -0.756961 0)
(0.040714 -0.768128 0)
(0.0423017 -0.779761 0)
(0.0436992 -0.791808 0)
(0.0448832 -0.804204 0)
(0.0458286 -0.816862 0)
(0.0465145 -0.829653 0)
(0.0469074 -0.842421 0)
(0.0470196 -0.854943 0)
(0.0469536 -0.866957 0)
(0.00783573 -0.651867 0)
(0.0101586 -0.682027 0)
(0.00764937 -0.676145 0)
(0.0111504 -0.680038 0)
(0.0129187 -0.684614 0)
(0.014848 -0.689957 0)
(0.0167174 -0.696044 0)
(0.0185155 -0.702833 0)
(0.0202506 -0.710302 0)
(0.0219244 -0.718431 0)
(0.0235333 -0.727202 0)
(0.0250694 -0.736588 0)
(0.0265203 -0.746558 0)
(0.027872 -0.757069 0)
(0.0291101 -0.768078 0)
(0.0302195 -0.779534 0)
(0.0311826 -0.791382 0)
(0.0319778 -0.803554 0)
(0.0325811 -0.81596 0)
(0.0329673 -0.82848 0)
(0.0331087 -0.840967 0)
(0.0330065 -0.853226 0)
(0.0326635 -0.86508 0)
(0.00494471 -0.661078 0)
(0.00647157 -0.679009 0)
(0.00471679 -0.677436 0)
(0.00672809 -0.681362 0)
(0.00780763 -0.68591 0)
(0.00896252 -0.691208 0)
(0.0100915 -0.697241 0)
(0.0111842 -0.703977 0)
(0.0122401 -0.711394 0)
(0.013258 -0.71947 0)
(0.0142339 -0.728181 0)
(0.0151616 -0.737499 0)
(0.0160329 -0.747389 0)
(0.0168391 -0.75781 0)
(0.0175714 -0.768717 0)
(0.0182192 -0.780058 0)
(0.018769 -0.791774 0)
(0.0192035 -0.80379 0)
(0.019502 -0.816014 0)
(0.0196429 -0.828324 0)
(0.019607 -0.840575 0)
(0.0193889 -0.852595 0)
(0.0189846 -0.864233 0)
(0.00192813 -0.668803 0)
(0.00247189 -0.679711 0)
(0.00162548 -0.680788 0)
(0.00227562 -0.684711 0)
(0.00264257 -0.689266 0)
(0.0030325 -0.694558 0)
(0.00341423 -0.700576 0)
(0.00378518 -0.707298 0)
(0.00414389 -0.714702 0)
(0.00448898 -0.722763 0)
(0.00481851 -0.731457 0)
(0.00512992 -0.740754 0)
(0.00542007 -0.750617 0)
(0.00568571 -0.761006 0)
(0.00592337 -0.771873 0)
(0.00612887 -0.783164 0)
(0.00629668 -0.794815 0)
(0.00641976 -0.806749 0)
(0.00648942 -0.818867 0)
(0.00649676 -0.831044 0)
(0.00643463 -0.843129 0)
(0.00630064 -0.854955 0)
(0.00609788 -0.866364 0)
(-0.0088599 -0.0594901 0)
(0.116592 -0.0321442 0)
(0.228543 -0.0391991 0)
(0.330183 -0.027541 0)
(0.210735 -0.134584 0)
(0.233328 -0.1582 0)
(0.350705 -0.180187 0)
(0.5217 -0.249201 0)
(0.83747 0.0118553 0)
(0.935425 -0.153142 0)
(1.00494 -0.29502 0)
(1.06528 -0.456331 0)
(0.805597 -0.242046 0)
(0.879466 -0.293495 0)
(0.923537 -0.352723 0)
(0.947592 -0.422739 0)
(0.751269 -0.244886 0)
(0.802905 -0.295021 0)
(0.836632 -0.357338 0)
(0.852905 -0.422168 0)
(0.714561 -0.303022 0)
(0.755551 -0.339031 0)
(0.784614 -0.382191 0)
(0.800393 -0.428931 0)
(0.69073 -0.338432 0)
(0.723294 -0.366934 0)
(0.748057 -0.401015 0)
(0.763508 -0.436579 0)
(0.667237 -0.369037 0)
(0.69545 -0.392241 0)
(0.717966 -0.418364 0)
(0.733489 -0.445202 0)
(0.648423 -0.395697 0)
(0.673821 -0.414963 0)
(0.69513 -0.435852 0)
(0.711495 -0.456629 0)
(0.63115 -0.420226 0)
(0.655339 -0.436796 0)
(0.676573 -0.453817 0)
(0.6942 -0.470189 0)
(0.615965 -0.443789 0)
(0.639742 -0.458234 0)
(0.661379 -0.472503 0)
(0.680459 -0.485962 0)
(0.601821 -0.467052 0)
(0.625719 -0.480031 0)
(0.648101 -0.492404 0)
(0.66877 -0.504086 0)
(0.588152 -0.490409 0)
(0.612439 -0.502311 0)
(0.635666 -0.513422 0)
(0.657915 -0.52429 0)
(0.574467 -0.514091 0)
(0.599338 -0.525271 0)
(0.623458 -0.535652 0)
(0.647299 -0.546476 0)
(0.560971 -0.538298 0)
(0.586607 -0.548988 0)
(0.61163 -0.559051 0)
(0.637121 -0.570349 0)
(0.5482 -0.563237 0)
(0.574758 -0.573569 0)
(0.600708 -0.583656 0)
(0.628024 -0.595476 0)
(0.53649 -0.589076 0)
(0.564092 -0.599111 0)
(0.591153 -0.609572 0)
(0.620666 -0.621091 0)
(0.525612 -0.615938 0)
(0.554431 -0.625857 0)
(0.583214 -0.637161 0)
(0.615563 -0.646373 0)
(0.514904 -0.643985 0)
(0.545301 -0.654351 0)
(0.57695 -0.667094 0)
(0.612841 -0.671326 0)
(0.503601 -0.673536 0)
(0.536151 -0.685419 0)
(0.571965 -0.700328 0)
(0.611672 -0.698262 0)
(0.490964 -0.704973 0)
(0.526128 -0.719758 0)
(0.566727 -0.737897 0)
(0.60993 -0.732199 0)
(0.476202 -0.738344 0)
(0.513701 -0.757363 0)
(0.558379 -0.780073 0)
(0.604443 -0.777373 0)
(0.458411 -0.773028 0)
(0.497058 -0.797373 0)
(0.544234 -0.825577 0)
(0.592153 -0.832562 0)
(0.436684 -0.807949 0)
(0.475122 -0.838481 0)
(0.523128 -0.872314 0)
(0.571581 -0.892318 0)
(0.41039 -0.842074 0)
(0.447681 -0.879363 0)
(0.494841 -0.918948 0)
(0.544476 -0.952409 0)
(0.379395 -0.874536 0)
(0.414393 -0.918925 0)
(0.45958 -0.965694 0)
(0.512159 -1.01126 0)
(0.343779 -0.904258 0)
(0.374121 -0.956348 0)
(0.417033 -1.01272 0)
(0.467411 -1.06384 0)
(0.303405 -0.929429 0)
(0.325429 -0.990093 0)
(0.363283 -1.0545 0)
(0.391812 -1.09508 0)
(0.258375 -0.947318 0)
(0.268059 -1.01553 0)
(0.291579 -1.0754 0)
(0.271467 -1.08514 0)
(0.21057 -0.954802 0)
(0.20491 -1.02379 0)
(0.201225 -1.05669 0)
(0.12238 -1.02616 0)
(0.165024 -0.949972 0)
(0.144277 -1.007 0)
(0.109313 -0.994751 0)
(-0.00824218 -0.936817 0)
(0.128737 -0.934301 0)
(0.0984217 -0.968471 0)
(0.0472259 -0.912844 0)
(-0.0631881 -0.86115 0)
(0.106173 -0.913376 0)
(0.0749474 -0.925291 0)
(0.0346628 -0.847492 0)
(-0.031393 -0.819473 0)
(0.0954982 -0.894497 0)
(0.0713661 -0.895555 0)
(0.0585753 -0.820526 0)
(0.0443161 -0.802819 0)
(0.0902607 -0.882576 0)
(0.0772213 -0.884416 0)
(0.0841504 -0.829534 0)
(0.108738 -0.808336 0)
(0.0841882 -0.878123 0)
(0.0808533 -0.884964 0)
(0.0910265 -0.857187 0)
(0.133894 -0.83082 0)
(0.0742624 -0.878377 0)
(0.0759166 -0.888571 0)
(0.0802458 -0.88396 0)
(0.119317 -0.861551 0)
(0.0610095 -0.879602 0)
(0.0631538 -0.890828 0)
(0.0623811 -0.898817 0)
(0.0846499 -0.88847 0)
(0.0463987 -0.879221 0)
(0.047071 -0.890712 0)
(0.0449001 -0.902354 0)
(0.0519287 -0.903636 0)
(0.0319409 -0.877264 0)
(0.0314305 -0.889042 0)
(0.0295899 -0.900737 0)
(0.0300127 -0.908006 0)
(0.0183395 -0.876184 0)
(0.0175912 -0.888051 0)
(0.0163392 -0.899352 0)
(0.0159672 -0.908196 0)
(0.00580726 -0.878028 0)
(0.00546827 -0.889641 0)
(0.00500311 -0.900541 0)
(0.005049 -0.90952 0)
(0.57835 -0.314385 0)
(0.805427 -0.723378 0)
(0.794762 -1.09247 0)
(0.442082 -0.887805 0)
(0.253128 -0.617913 0)
(0.110053 -0.364056 0)
(0.150058 -0.0421826 0)
(0.507801 0.0630209 0)
(0.729579 -0.525808 0)
(0.863329 -1.45175 0)
(0.887891 -1.83132 0)
(0.812552 -1.94842 0)
(0.796356 -2.08687 0)
(0.729749 -1.73693 0)
(0.490469 -0.997246 0)
(0.170506 0.151765 0)
(0.707912 2.75432 0)
(-0.547998 5.99219 0)
(0.188349 5.93293 0)
(0.795938 -0.577075 0)
(0.875702 -1.02406 0)
(0.673609 -1.04814 0)
(0.420527 -0.699823 0)
(0.297633 -0.522572 0)
(0.239716 -0.362378 0)
(0.290377 -0.15146 0)
(0.354794 -0.014865 0)
(0.453512 -0.612952 0)
(0.763521 -1.53176 0)
(0.779648 -1.7995 0)
(0.691602 -1.85696 0)
(0.636937 -1.97215 0)
(0.460477 -1.48707 0)
(0.11405 -0.846847 0)
(-0.457427 0.310067 0)
(-0.53169 3.03419 0)
(-1.04927 6.10078 0)
(-0.072506 5.57219 0)
(1.07681 -0.775028 0)
(0.933548 -0.808536 0)
(0.675096 -0.733184 0)
(0.477321 -0.621361 0)
(0.387336 -0.491434 0)
(0.366436 -0.351403 0)
(0.401833 -0.147655 0)
(0.106032 0.0270137 0)
(0.533361 -0.785305 0)
(0.764517 -1.60596 0)
(0.736481 -1.77299 0)
(0.649716 -1.80265 0)
(0.554493 -1.82218 0)
(0.315784 -1.26878 0)
(-0.144355 -0.550261 0)
(-1.08716 0.630168 0)
(-1.4855 3.30962 0)
(-1.53334 5.89192 0)
(-0.446665 4.91137 0)
(0.918857 -0.505892 0)
(0.80115 -0.609914 0)
(0.655879 -0.651078 0)
(0.54998 -0.582245 0)
(0.481336 -0.465353 0)
(0.482927 -0.340825 0)
(0.492326 -0.117397 0)
(0.19245 0.0955441 0)
(0.723672 -1.17838 0)
(0.75364 -1.64646 0)
(0.692528 -1.73763 0)
(0.624669 -1.75138 0)
(0.522915 -1.6727 0)
(0.317371 -1.15186 0)
(-0.278721 -0.0837256 0)
(-1.41173 1.06152 0)
(-1.90753 3.41844 0)
(-1.75013 5.47319 0)
(-0.608148 4.16012 0)
(0.839329 -0.514638 0)
(0.778962 -0.593306 0)
(0.690767 -0.598513 0)
(0.61197 -0.537077 0)
(0.553759 -0.444064 0)
(0.583627 -0.333541 0)
(0.544051 -0.121623 0)
(0.763669 0.0529523 0)
(0.793676 -1.18792 0)
(0.708413 -1.60663 0)
(0.64622 -1.70614 0)
(0.614035 -1.70939 0)
(0.551804 -1.5568 0)
(0.365494 -1.03928 0)
(-0.332582 0.457808 0)
(-1.37625 1.50476 0)
(-1.81356 3.49076 0)
(-1.54277 5.05817 0)
(-0.451633 3.48004 0)
(0.796869 -0.488468 0)
(0.760072 -0.538058 0)
(0.701921 -0.545411 0)
(0.648171 -0.504188 0)
(0.614193 -0.433974 0)
(0.652133 -0.337929 0)
(0.596573 -0.157131 0)
(0.944445 -0.111347 0)
(0.88283 -1.06663 0)
(0.654558 -1.53298 0)
(0.613759 -1.67912 0)
(0.628704 -1.67843 0)
(0.650758 -1.48676 0)
(0.380921 -0.649905 0)
(-0.290667 0.951584 0)
(-1.14913 1.92997 0)
(-1.43262 3.49923 0)
(-1.10936 4.64555 0)
(-0.150564 2.96821 0)
(0.765756 -0.479883 0)
(0.745652 -0.516274 0)
(0.711545 -0.520992 0)
(0.677789 -0.488412 0)
(0.667674 -0.431071 0)
(0.690423 -0.357943 0)
(0.699386 -0.202239 0)
(0.979312 -0.281668 0)
(0.986428 -0.963207 0)
(0.666486 -1.46633 0)
(0.64171 -1.68406 0)
(0.704047 -1.68908 0)
(0.806926 -1.4692 0)
(0.404486 -0.310415 0)
(-0.195583 1.36321 0)
(-0.866872 2.25946 0)
(-1.02269 3.45091 0)
(-0.660433 4.25913 0)
(0.100682 2.70971 0)
(0.741046 -0.477165 0)
(0.735094 -0.502808 0)
(0.719113 -0.50456 0)
(0.700716 -0.479535 0)
(0.706647 -0.432695 0)
(0.71483 -0.386546 0)
(0.799001 -0.272536 0)
(0.985274 -0.427913 0)
(0.970097 -0.843335 0)
(0.816573 -1.36369 0)
(0.797977 -1.7544 0)
(0.852569 -1.80127 0)
(0.905563 -1.35335 0)
(0.415152 -0.0180692 0)
(-0.0676827 1.68757 0)
(-0.606426 2.49888 0)
(-0.687944 3.36444 0)
(-0.316094 3.932 0)
(0.226565 2.64195 0)
(0.723964 -0.480489 0)
(0.72884 -0.498644 0)
(0.725659 -0.498045 0)
(0.719336 -0.477963 0)
(0.731399 -0.4404 0)
(0.74356 -0.410014 0)
(0.81868 -0.365094 0)
(0.96139 -0.435669 0)
(0.880652 -0.778004 0)
(0.839655 -1.3263 0)
(0.754672 -1.75178 0)
(0.771731 -1.80837 0)
(0.838425 -1.22503 0)
(0.415728 0.272342 0)
(0.036292 1.95862 0)
(-0.396206 2.67554 0)
(-0.447059 3.27029 0)
(-0.106342 3.67448 0)
(0.246266 2.67064 0)
(0.71113 -0.488638 0)
(0.724712 -0.501458 0)
(0.731394 -0.498293 0)
(0.735048 -0.480761 0)
(0.74983 -0.451684 0)
(0.767915 -0.428642 0)
(0.817355 -0.415838 0)
(0.877416 -0.469329 0)
(0.750817 -0.734421 0)
(0.780414 -1.33181 0)
(0.680745 -1.71444 0)
(0.666129 -1.81562 0)
(0.705002 -1.15259 0)
(0.402867 0.498165 0)
(0.0862695 2.17501 0)
(-0.245996 2.81105 0)
(-0.285847 3.18891 0)
(-0.00621447 3.48104 0)
(0.213246 2.74044 0)
(0.701566 -0.500805 0)
(0.722186 -0.509547 0)
(0.736782 -0.503952 0)
(0.749771 -0.487719 0)
(0.76857 -0.46452 0)
(0.787191 -0.445267 0)
(0.832991 -0.437775 0)
(0.807794 -0.435962 0)
(0.606953 -0.686283 0)
(0.755974 -1.29089 0)
(0.650042 -1.64682 0)
(0.574188 -1.73656 0)
(0.529681 -1.06167 0)
(0.363537 0.676767 0)
(0.0864506 2.34741 0)
(-0.151387 2.91134 0)
(-0.182166 3.12892 0)
(0.0273228 3.34362 0)
(0.164651 2.81382 0)
(0.693733 -0.516569 0)
(0.720213 -0.522105 0)
(0.741994 -0.514909 0)
(0.765958 -0.499891 0)
(0.792406 -0.478558 0)
(0.809872 -0.460936 0)
(0.866162 -0.433221 0)
(0.701121 -0.362655 0)
(0.599474 -0.606616 0)
(0.724712 -1.37244 0)
(0.6286 -1.59393 0)
(0.516941 -1.65479 0)
(0.440621 -1.06514 0)
(0.317561 0.802445 0)
(0.0441223 2.47827 0)
(-0.096951 2.97753 0)
(-0.116203 3.08791 0)
(0.0299892 3.24964 0)
(0.118938 2.87336 0)
(0.686256 -0.535341 0)
(0.717682 -0.538606 0)
(0.747222 -0.53191 0)
(0.786336 -0.519468 0)
(0.825314 -0.497151 0)
(0.853215 -0.477178 0)
(0.922486 -0.396095 0)
(0.513873 -0.223623 0)
(0.660508 -0.64326 0)
(0.716072 -1.36066 0)
(0.615246 -1.52759 0)
(0.485828 -1.57108 0)
(0.410611 -1.04365 0)
(0.273826 1.0489 0)
(-0.0199175 2.56516 0)
(-0.0626367 3.01282 0)
(-0.0730469 3.06001 0)
(0.0236473 3.18642 0)
(0.0829564 2.91633 0)
(0.67835 -0.556674 0)
(0.713421 -0.559112 0)
(0.752297 -0.556785 0)
(0.812635 -0.549924 0)
(0.871236 -0.527409 0)
(0.936927 -0.497886 0)
(0.993631 -0.334062 0)
(0.431508 -0.0272118 0)
(0.741144 -0.871294 0)
(0.713114 -1.33586 0)
(0.601506 -1.45197 0)
(0.485383 -1.47353 0)
(0.396022 -1.0681 0)
(0.246362 1.29965 0)
(-0.0554399 2.62461 0)
(-0.0322879 3.02411 0)
(-0.041992 3.04116 0)
(0.0186941 3.14459 0)
(0.057748 2.94644 0)
(0.669696 -0.579671 0)
(0.705732 -0.583523 0)
(0.75549 -0.59195 0)
(0.843443 -0.596571 0)
(0.934243 -0.577598 0)
(1.06346 -0.525629 0)
(1.05331 -0.290222 0)
(0.922237 0.139736 0)
(0.80067 -0.909276 0)
(0.693873 -1.28084 0)
(0.59422 -1.39378 0)
(0.508726 -1.38763 0)
(0.41248 -1.08414 0)
(0.226353 1.47316 0)
(-0.0280908 2.6781 0)
(0.000207231 3.02354 0)
(-0.0158204 3.03057 0)
(0.0182872 3.11845 0)
(0.0415894 2.96863 0)
(0.660035 -0.602589 0)
(0.692716 -0.610781 0)
(0.754367 -0.639829 0)
(0.875459 -0.666373 0)
(1.01567 -0.652573 0)
(1.19753 -0.561005 0)
(1.13217 -0.262401 0)
(1.28246 0.165174 0)
(0.89489 -0.748022 0)
(0.700178 -1.18728 0)
(0.612796 -1.34987 0)
(0.560794 -1.31107 0)
(0.461146 -1.03485 0)
(0.197886 1.53655 0)
(0.0295901 2.73913 0)
(0.0324361 3.02631 0)
(0.00826643 3.02947 0)
(0.0218015 3.10425 0)
(0.0318263 2.98696 0)
(0.649211 -0.622807 0)
(0.674814 -0.639488 0)
(0.751757 -0.702861 0)
(0.910775 -0.764947 0)
(1.10647 -0.753148 0)
(1.30435 -0.608934 0)
(1.25495 -0.236697 0)
(1.47016 0.124416 0)
(1.26916 -0.454931 0)
(0.868215 -1.06803 0)
(0.705948 -1.29767 0)
(0.665201 -1.2376 0)
(0.524785 -0.847032 0)
(0.173139 1.70039 0)
(0.0952032 2.81017 0)
(0.0602815 3.03923 0)
(0.0286127 3.03746 0)
(0.0269146 3.09936 0)
(0.026106 3.00408 0)
(0.638261 -0.638591 0)
(0.659408 -0.670847 0)
(0.761547 -0.78501 0)
(0.957971 -0.892185 0)
(1.18192 -0.877199 0)
(1.3441 -0.693258 0)
(1.46883 -0.200587 0)
(1.31947 -0.0340808 0)
(1.45888 -0.326293 0)
(1.3477 -0.925986 0)
(1.06502 -1.21158 0)
(0.887078 -1.20943 0)
(0.510251 -0.580851 0)
(0.186489 1.68695 0)
(0.146514 2.87929 0)
(0.0816355 3.06039 0)
(0.0440425 3.05228 0)
(0.0315107 3.10166 0)
(0.02259 3.02119 0)
(0.630924 -0.651775 0)
(0.661941 -0.710051 0)
(0.798116 -0.890504 0)
(1.00953 -1.0311 0)
(1.20408 -0.994564 0)
(1.33189 -0.773928 0)
(1.49661 -0.324129 0)
(1.67721 0.0160635 0)
(1.79509 -0.313825 0)
(1.70477 -0.778477 0)
(1.37225 -1.04533 0)
(0.964006 -1.01373 0)
(0.529689 -0.387675 0)
(0.211492 1.7847 0)
(0.172108 2.94436 0)
(0.0954341 3.08665 0)
(0.0540117 3.07157 0)
(0.0341588 3.10908 0)
(0.0199662 3.03835 0)
(0.634305 -0.668731 0)
(0.695764 -0.76469 0)
(0.851037 -1.01109 0)
(1.02785 -1.15147 0)
(1.16905 -1.08417 0)
(1.24826 -0.83221 0)
(1.3253 -0.428756 0)
(1.49946 -0.214214 0)
(1.73389 -0.381651 0)
(1.84603 -0.633825 0)
(1.63627 -0.747275 0)
(1.15403 -0.726693 0)
(0.552795 -0.0775325 0)
(0.246968 1.87903 0)
(0.189229 3.00571 0)
(0.103131 3.11652 0)
(0.058446 3.0936 0)
(0.0339019 3.11977 0)
(0.0172544 3.05489 0)
(0.654529 -0.698949 0)
(0.751665 -0.840331 0)
(0.880162 -1.10867 0)
(0.992455 -1.23394 0)
(1.06892 -1.13652 0)
(1.08081 -0.852694 0)
(1.07004 -0.461629 0)
(1.14111 -0.314785 0)
(1.3949 -0.520126 0)
(1.7152 -0.640257 0)
(1.74076 -0.540653 0)
(1.31135 -0.405079 0)
(0.617587 0.232852 0)
(0.290698 1.98049 0)
(0.201117 3.07255 0)
(0.103518 3.15041 0)
(0.0570143 3.11724 0)
(0.0299639 3.1325 0)
(0.0136661 3.06937 0)
(0.682704 -0.751129 0)
(0.796488 -0.912249 0)
(0.875284 -1.16473 0)
(0.920668 -1.27205 0)
(0.924614 -1.14176 0)
(0.850804 -0.811151 0)
(0.700028 -0.391086 0)
(0.614332 -0.401727 0)
(0.881978 -0.807341 0)
(1.40334 -0.759613 0)
(1.69019 -0.400964 0)
(1.35102 -0.117565 0)
(0.703797 0.482644 0)
(0.328465 2.11515 0)
(0.193036 3.14861 0)
(0.092732 3.18816 0)
(0.0488088 3.14107 0)
(0.0213804 3.14585 0)
(0.00818422 3.08049 0)
(0.692826 -0.823897 0)
(0.813033 -0.958077 0)
(0.847796 -1.18964 0)
(0.836755 -1.26823 0)
(0.773882 -1.09165 0)
(0.606662 -0.685339 0)
(0.222245 -0.202741 0)
(0.164445 -0.524535 0)
(0.435727 -1.22306 0)
(0.954372 -1.07402 0)
(1.44205 -0.420042 0)
(1.2465 0.104869 0)
(0.707175 0.768268 0)
(0.321293 2.30648 0)
(0.152776 3.22678 0)
(0.0679461 3.22627 0)
(0.0331359 3.16234 0)
(0.00704435 3.15859 0)
(-0.000858979 3.0863 0)
(0.676463 -0.901671 0)
(0.785222 -0.999329 0)
(0.783912 -1.18826 0)
(0.739505 -1.2302 0)
(0.640141 -0.994654 0)
(0.384929 -0.489707 0)
(-0.163948 -0.0187871 0)
(0.307594 -0.757863 0)
(0.419755 -1.34953 0)
(0.573082 -1.36106 0)
(0.966743 -0.59715 0)
(1.04171 0.255373 0)
(0.623096 1.04697 0)
(0.264601 2.51551 0)
(0.0864932 3.29566 0)
(0.030179 3.25883 0)
(0.00946509 3.17829 0)
(-0.0129265 3.1716 0)
(-0.0137358 3.08133 0)
(0.64354 -0.970945 0)
(0.71739 -1.019 0)
(0.663354 -1.17668 0)
(0.612913 -1.18355 0)
(0.531521 -0.868645 0)
(0.23171 -0.281292 0)
(-0.048074 -0.00581993 0)
(0.444443 -0.98052 0)
(0.442268 -1.34838 0)
(0.421998 -1.38667 0)
(0.650784 -0.593443 0)
(0.766712 0.317195 0)
(0.499917 1.23775 0)
(0.182192 2.69551 0)
(0.00535835 3.35086 0)
(-0.0164754 3.2791 0)
(-0.022364 3.18637 0)
(-0.0380656 3.18305 0)
(-0.0295722 3.06333 0)
(0.59156 -1.02223 0)
(0.6136 -0.996378 0)
(0.492152 -1.15672 0)
(0.463114 -1.13765 0)
(0.438605 -0.73191 0)
(0.156897 -0.224609 0)
(0.551017 -0.133272 0)
(0.534977 -1.00955 0)
(0.491602 -1.2999 0)
(0.349139 -1.37107 0)
(0.445722 -0.663562 0)
(0.664554 0.444377 0)
(0.403305 1.40724 0)
(0.0768633 2.85809 0)
(-0.0872587 3.39149 0)
(-0.0712704 3.28479 0)
(-0.060841 3.18448 0)
(-0.0670226 3.19148 0)
(-0.0473721 3.03065 0)
(0.505264 -1.04522 0)
(0.475062 -0.93548 0)
(0.321248 -1.1319 0)
(0.319093 -1.10757 0)
(0.339158 -0.653829 0)
(0.233536 -0.259209 0)
(0.637778 -0.293866 0)
(0.643437 -0.978063 0)
(0.575888 -1.22135 0)
(0.402888 -1.30163 0)
(0.350269 -0.968741 0)
(0.588189 0.431199 0)
(0.300329 1.59003 0)
(-0.0633419 3.01251 0)
(-0.189145 3.4137 0)
(-0.134575 3.27397 0)
(-0.104579 3.17217 0)
(-0.0985302 3.19466 0)
(-0.0660514 2.98209 0)
(0.367325 -1.03231 0)
(0.314067 -0.868844 0)
(0.220906 -1.10417 0)
(0.202352 -1.0995 0)
(0.236724 -0.708377 0)
(0.513894 -0.409044 0)
(0.840409 -0.451801 0)
(0.75513 -0.889652 0)
(0.642876 -1.1355 0)
(0.501992 -1.20679 0)
(0.406915 -1.01206 0)
(0.464117 0.358944 0)
(0.117578 1.81658 0)
(-0.245473 3.15983 0)
(-0.297165 3.40856 0)
(-0.204749 3.24391 0)
(-0.151489 3.14912 0)
(-0.131458 3.19029 0)
(-0.0845021 2.91722 0)
(0.185034 -0.987364 0)
(0.157718 -0.834454 0)
(0.146516 -1.07939 0)
(0.120593 -1.10694 0)
(0.151912 -0.804861 0)
(0.474672 -0.577001 0)
(0.760425 -0.631325 0)
(0.769441 -0.83536 0)
(0.666298 -1.05715 0)
(0.567959 -1.1252 0)
(0.453139 -0.924571 0)
(0.263835 0.576744 0)
(-0.17306 2.05135 0)
(-0.442315 3.26304 0)
(-0.403628 3.36857 0)
(-0.277765 3.19381 0)
(-0.19895 3.11501 0)
(-0.164541 3.17649 0)
(-0.101607 2.83645 0)
(0.00704256 -0.932006 0)
(0.0495282 -0.852562 0)
(0.0892266 -1.07507 0)
(0.120881 -1.0993 0)
(0.132542 -0.912272 0)
(0.362685 -0.705627 0)
(0.529208 -0.754863 0)
(0.648231 -0.846417 0)
(0.652593 -1.01203 0)
(0.59198 -1.06222 0)
(0.480021 -0.821232 0)
(0.0155001 0.946814 0)
(-0.504598 2.28347 0)
(-0.623918 3.2996 0)
(-0.500507 3.29211 0)
(-0.348159 3.1255 0)
(-0.244398 3.07002 0)
(-0.196301 3.15204 0)
(-0.116351 2.74098 0)
(-0.0962467 -0.900345 0)
(0.00833351 -0.915145 0)
(0.051104 -1.09777 0)
(0.113345 -1.12255 0)
(0.215511 -1.0256 0)
(0.386248 -0.917699 0)
(0.533831 -0.813555 0)
(0.608037 -0.867927 0)
(0.6327 -1.00251 0)
(0.600722 -0.999183 0)
(0.443898 -0.646042 0)
(-0.220517 1.25156 0)
(-0.747932 2.47017 0)
(-0.767478 3.26771 0)
(-0.579634 3.18541 0)
(-0.410813 3.04266 0)
(-0.285783 3.01516 0)
(-0.225219 3.11642 0)
(-0.127955 2.63264 0)
(-0.0993987 -0.902373 0)
(0.0150199 -0.98539 0)
(0.0610475 -1.11005 0)
(0.0454262 -1.17935 0)
(0.210606 -1.07763 0)
(0.392833 -0.944808 0)
(0.51574 -0.851289 0)
(0.586478 -0.90076 0)
(0.644863 -0.989109 0)
(0.640404 -0.943895 0)
(0.234057 -0.285565 0)
(-0.482588 1.55816 0)
(-0.928423 2.62797 0)
(-0.872693 3.18585 0)
(-0.639435 3.0596 0)
(-0.462818 2.94975 0)
(-0.321754 2.95211 0)
(-0.249941 3.06977 0)
(-0.135942 2.51382 0)
(-0.0350262 -0.922558 0)
(0.0610854 -1.04192 0)
(0.109761 -1.0947 0)
(-0.00249602 -1.21767 0)
(0.14253 -1.17505 0)
(0.377263 -0.979105 0)
(0.50454 -0.906802 0)
(0.627437 -0.931508 0)
(0.730836 -0.995536 0)
(0.667013 -0.854575 0)
(-0.130134 0.148666 0)
(-0.796178 1.89952 0)
(-1.08707 2.73488 0)
(-0.950025 3.06727 0)
(-0.684439 2.92401 0)
(-0.503632 2.85059 0)
(-0.351677 2.88272 0)
(-0.269431 3.01265 0)
(-0.140125 2.38729 0)
(0.0487464 -0.945734 0)
(0.118288 -1.08347 0)
(0.143499 -1.10242 0)
(0.198545 -1.23098 0)
(0.314668 -1.34422 0)
(0.55543 -1.21497 0)
(0.648012 -0.998991 0)
(0.857027 -1.04118 0)
(0.87562 -1.02332 0)
(0.269884 -0.458316 0)
(-0.574854 0.690392 0)
(-1.11542 2.14733 0)
(-1.2164 2.75111 0)
(-1.00113 2.91427 0)
(-0.717203 2.78339 0)
(-0.533425 2.74725 0)
(-0.375195 2.80859 0)
(-0.282976 2.94587 0)
(-0.140534 2.25606 0)
(0.116156 -0.957136 0)
(0.143551 -1.10465 0)
(0.140021 -1.13444 0)
(0.226894 -1.3071 0)
(0.363867 -1.45921 0)
(0.687049 -1.32072 0)
(0.974139 -1.16426 0)
(0.964069 -1.07404 0)
(0.602135 -0.741936 0)
(-0.276968 0.00926672 0)
(-0.995397 1.11747 0)
(-1.3679 2.2699 0)
(-1.29509 2.67483 0)
(-1.02374 2.73506 0)
(-0.737024 2.64085 0)
(-0.552135 2.64096 0)
(-0.391781 2.73099 0)
(-0.290133 2.8705 0)
(-0.137345 2.1232 0)
(0.14834 -0.955761 0)
(0.135614 -1.10019 0)
(0.104977 -1.13921 0)
(0.112598 -1.34824 0)
(0.130853 -1.58476 0)
(0.277729 -1.53458 0)
(0.455171 -1.21461 0)
(0.353497 -0.852288 0)
(-0.125602 -0.340547 0)
(-0.812575 0.42749 0)
(-1.36033 1.44571 0)
(-1.5273 2.28582 0)
(-1.31804 2.53306 0)
(-1.01994 2.54633 0)
(-0.743436 2.50006 0)
(-0.559883 2.53341 0)
(-0.400878 2.65103 0)
(-0.290765 2.78785 0)
(-0.130847 1.99176 0)
(0.142036 -0.950781 0)
(0.106668 -1.0792 0)
(0.0611155 -1.11532 0)
(0.023003 -1.31485 0)
(-0.110215 -1.58445 0)
(-0.206712 -1.55896 0)
(-0.213231 -1.12925 0)
(-0.402238 -0.613253 0)
(-0.817411 -0.00411105 0)
(-1.30095 0.783612 0)
(-1.61666 1.63117 0)
(-1.59095 2.21333 0)
(-1.29427 2.35557 0)
(-0.995822 2.36331 0)
(-0.737422 2.36456 0)
(-0.557395 2.42706 0)
(-0.402316 2.56991 0)
(-0.285097 2.69976 0)
(-0.121435 1.86468 0)
(0.108507 -0.946689 0)
(0.0654068 -1.05138 0)
(0.0118295 -1.07983 0)
(-0.0522701 -1.23035 0)
(-0.298181 -1.47445 0)
(-0.604049 -1.45631 0)
(-0.74504 -0.987221 0)
(-0.979368 -0.396582 0)
(-1.31789 0.245716 0)
(-1.63744 0.992996 0)
(-1.73779 1.66649 0)
(-1.56735 2.07003 0)
(-1.23554 2.1645 0)
(-0.956734 2.19339 0)
(-0.720129 2.23575 0)
(-0.54573 2.32338 0)
(-0.396369 2.488 0)
(-0.273757 2.6077 0)
(-0.109691 1.74414 0)
(0.0678401 -0.941531 0)
(0.0267142 -1.01831 0)
(-0.0358052 -1.03399 0)
(-0.114254 -1.11017 0)
(-0.415493 -1.28452 0)
(-0.896822 -1.29381 0)
(-1.13195 -0.858157 0)
(-1.36023 -0.220654 0)
(-1.63199 0.411299 0)
(-1.78752 1.06757 0)
(-1.72968 1.59586 0)
(-1.4771 1.89013 0)
(-1.15425 1.9807 0)
(-0.906393 2.04215 0)
(-0.692805 2.11666 0)
(-0.526308 2.22561 0)
(-0.383883 2.40787 0)
(-0.257723 2.51547 0)
(-0.0962525 1.63347 0)
(0.0358214 -0.934061 0)
(0.00305481 -0.983634 0)
(-0.0603436 -0.981833 0)
(-0.142985 -0.978197 0)
(-0.419764 -1.02545 0)
(-1.02859 -1.04137 0)
(-1.38429 -0.720039 0)
(-1.55104 -0.126949 0)
(-1.73839 0.485374 0)
(-1.76962 1.04218 0)
(-1.61968 1.46005 0)
(-1.34448 1.69785 0)
(-1.05924 1.80927 0)
(-0.845533 1.90318 0)
(-0.655309 2.00129 0)
(-0.499242 2.12831 0)
(-0.364948 2.32399 0)
(-0.237914 2.41883 0)
(-0.0821181 1.52918 0)
(0.0164739 -0.92726 0)
(-0.00484916 -0.956801 0)
(-0.0521304 -0.936608 0)
(-0.121651 -0.870667 0)
(-0.294347 -0.751711 0)
(-0.895112 -0.690636 0)
(-1.45421 -0.495038 0)
(-1.59324 -0.0101658 0)
(-1.71016 0.544647 0)
(-1.65517 1.00277 0)
(-1.46727 1.33923 0)
(-1.20844 1.5505 0)
(-0.969789 1.68666 0)
(-0.78577 1.80367 0)
(-0.616463 1.91576 0)
(-0.471391 2.0557 0)
(-0.3451 2.26004 0)
(-0.218113 2.34301 0)
(-0.0685103 1.45083 0)
(0.0049778 -0.925145 0)
(-0.00273561 -0.945248 0)
(-0.0196845 -0.914062 0)
(-0.0499816 -0.824141 0)
(-0.0905452 -0.584678 0)
(-0.357455 -0.311469 0)
(-0.974669 -0.147802 0)
(-1.38087 0.134948 0)
(-1.42622 0.509559 0)
(-1.35923 0.86073 0)
(-1.19398 1.13942 0)
(-1.00043 1.3492 0)
(-0.827555 1.51509 0)
(-0.679757 1.65252 0)
(-0.541017 1.77814 0)
(-0.416111 1.93252 0)
(-0.304728 2.14312 0)
(-0.187379 2.21195 0)
(-0.0535845 1.33008 0)
)
;

boundaryField
{
    leftWall
    {
        type            noSlip;
    }
    rightWall
    {
        type            noSlip;
    }
    lowerWall
    {
        type            noSlip;
    }
    atmosphere
    {
        type            pressureInletOutletVelocity;
        value           nonuniform List<vector> 
46
(
(0 -0.668803 0)
(0 -0.679711 0)
(0 -0.680788 0)
(0 -0.684711 0)
(0 -0.689266 0)
(0 -0.694558 0)
(0 -0.700576 0)
(0 -0.707298 0)
(0 -0.714702 0)
(0 -0.722763 0)
(0 -0.731457 0)
(0 -0.740754 0)
(0 -0.750617 0)
(0 -0.761006 0)
(0 -0.771873 0)
(0 -0.783164 0)
(0 -0.794815 0)
(0 -0.806749 0)
(0 -0.818867 0)
(0 -0.831044 0)
(0 -0.843129 0)
(0 -0.854955 0)
(0 -0.866364 0)
(0 -0.878028 0)
(0 -0.889641 0)
(0 -0.900541 0)
(0 -0.90952 0)
(0 -0.925145 0)
(0 -0.945248 0)
(0 -0.914062 0)
(0 -0.824141 0)
(0 -0.584678 0)
(0 -0.311469 0)
(0 -0.147802 0)
(-1.38087 0.134948 0)
(-1.42622 0.509559 0)
(-1.35923 0.86073 0)
(-1.19398 1.13942 0)
(-1.00043 1.3492 0)
(-0.827555 1.51509 0)
(-0.679757 1.65252 0)
(-0.541017 1.77814 0)
(-0.416111 1.93252 0)
(-0.304728 2.14312 0)
(-0.187379 2.21195 0)
(-0.0535845 1.33008 0)
)
;
    }
    defaultFaces
    {
        type            empty;
    }
}


// ************************************************************************* //
