/*--------------------------------*- C++ -*----------------------------------*\
| =========                 |                                                 |
| \\      /  F ield         | OpenFOAM: The Open Source CFD Toolbox           |
|  \\    /   O peration     | Version:  2206                                  |
|   \\  /    A nd           | Website:  www.openfoam.com                      |
|    \\/     M anipulation  |                                                 |
\*---------------------------------------------------------------------------*/
FoamFile
{
    version     2.0;
    format      ascii;
    arch        "LSB;label=32;scalar=64";
    class       surfaceScalarField;
    location    "0.525";
    object      phi;
}
// * * * * * * * * * * * * * * * * * * * * * * * * * * * * * * * * * * * * * //

dimensions      [0 3 -1 0 0 0 0];

oriented        oriented;

internalField   nonuniform List<scalar> 
4432
(
-3.63311e-06
3.63311e-06
-5.43687e-06
1.80376e-06
-4.0634e-06
-1.37347e-06
-5.79511e-07
-3.48389e-06
4.27455e-06
-4.85406e-06
9.55878e-06
-5.28423e-06
1.43163e-05
-4.75749e-06
1.7945e-05
-3.62875e-06
2.0335e-05
-2.38997e-06
2.16559e-05
-1.32087e-06
2.21279e-05
-4.72035e-07
2.18881e-05
2.39764e-07
2.09771e-05
9.11022e-07
1.93959e-05
1.58119e-06
1.69586e-05
2.43735e-06
1.32802e-05
3.67837e-06
7.97245e-06
5.30777e-06
1.32948e-06
6.64297e-06
-4.16638e-06
5.49586e-06
-9.17912e-06
5.01275e-06
-1.65982e-05
7.41905e-06
-1.54636e-05
-1.13456e-06
-1.54636e-05
-3.97353e-06
7.60664e-06
-5.1057e-06
2.93594e-06
-3.50682e-06
-2.97236e-06
-2.84306e-08
-6.96228e-06
4.66097e-06
-9.54346e-06
9.87543e-06
-1.04987e-05
1.45709e-05
-9.45296e-06
1.81244e-05
-7.18224e-06
2.04475e-05
-4.71312e-06
2.1746e-05
-2.61932e-06
2.22896e-05
-1.01563e-06
2.23419e-05
1.87476e-07
2.21253e-05
1.12763e-06
2.17181e-05
1.98833e-06
2.11454e-05
3.0101e-06
2.02101e-05
4.61364e-06
1.82155e-05
7.30233e-06
1.38003e-05
1.10583e-05
6.07294e-06
1.32232e-05
-3.96721e-06
1.50529e-05
-1.1094e-05
1.45459e-05
-9.28724e-06
-2.94135e-06
-2.47508e-05
-3.25205e-06
1.08587e-05
-4.01172e-06
3.69561e-06
-2.51732e-06
-4.46676e-06
5.43027e-07
-1.00226e-05
4.94879e-06
-1.39492e-05
1.00104e-05
-1.55603e-05
1.46002e-05
-1.40428e-05
1.80054e-05
-1.05875e-05
2.01634e-05
-6.87112e-06
2.13418e-05
-3.79772e-06
2.18236e-05
-1.49748e-06
2.18197e-05
1.91402e-07
2.14554e-05
1.49197e-06
2.08577e-05
2.58602e-06
2.01673e-05
3.70046e-06
1.96121e-05
5.16889e-06
1.94267e-05
7.48769e-06
1.88662e-05
1.16188e-05
1.55625e-05
1.65269e-05
8.721e-06
2.18944e-05
-8.67885e-08
2.33537e-05
-1.28018e-06
-1.74795e-06
-2.6031e-05
-2.19937e-06
1.30581e-05
-2.44367e-06
3.93991e-06
-1.09665e-06
-5.81378e-06
1.38827e-06
-1.25075e-05
5.29893e-06
-1.78599e-05
1.00743e-05
-2.03356e-05
1.44727e-05
-1.84411e-05
1.76858e-05
-1.38006e-05
1.96677e-05
-8.85297e-06
2.07343e-05
-4.86431e-06
2.11966e-05
-1.95976e-06
2.12479e-05
1.40108e-07
2.10063e-05
1.73349e-06
2.0538e-05
3.05439e-06
1.99091e-05
4.32935e-06
1.92495e-05
5.82846e-06
1.89159e-05
7.82135e-06
1.94287e-05
1.11059e-05
1.99444e-05
1.60112e-05
1.88463e-05
2.29925e-05
1.57123e-05
2.64876e-05
8.57272e-06
5.39168e-06
-1.74583e-05
-8.02349e-07
1.38604e-05
-1.43294e-07
3.28085e-06
1.24273e-06
-7.1998e-06
3.43284e-06
-1.46977e-05
6.81115e-06
-2.12382e-05
1.08979e-05
-2.44224e-05
1.46282e-05
-2.21713e-05
1.73196e-05
-1.64921e-05
1.89911e-05
-1.05244e-05
1.99472e-05
-5.82042e-06
2.044e-05
-2.45254e-06
2.06082e-05
-2.81274e-08
2.05416e-05
1.80013e-06
2.02896e-05
3.3064e-06
1.9906e-05
4.7129e-06
1.94675e-05
6.267e-06
1.91252e-05
8.16364e-06
1.93968e-05
1.08344e-05
2.08244e-05
1.45835e-05
2.30695e-05
2.07475e-05
2.33114e-05
2.62458e-05
1.51797e-05
1.35234e-05
-2.27862e-06
1.14721e-06
1.27132e-05
3.26668e-06
1.16139e-06
5.51207e-06
-9.44519e-06
8.12006e-06
-1.73056e-05
1.09418e-05
-2.40599e-05
1.36113e-05
-2.7092e-05
1.58299e-05
-2.43899e-05
1.73935e-05
-1.80557e-05
1.84106e-05
-1.15416e-05
1.91143e-05
-6.52409e-06
1.96205e-05
-2.95875e-06
1.99642e-05
-3.71848e-07
2.01212e-05
1.64319e-06
2.01009e-05
3.32661e-06
1.99535e-05
4.86036e-06
1.97609e-05
6.4596e-06
1.96779e-05
8.24664e-06
1.99017e-05
1.06105e-05
2.08913e-05
1.3594e-05
2.35207e-05
1.8118e-05
2.53265e-05
2.444e-05
1.815e-05
2.06998e-05
1.58714e-05
3.58286e-06
9.13034e-06
7.92955e-06
-3.1853e-06
1.23818e-05
-1.38975e-05
1.59862e-05
-2.091e-05
1.78319e-05
-2.59057e-05
1.82097e-05
-2.74698e-05
1.82171e-05
-2.43972e-05
1.82895e-05
-1.81281e-05
1.84474e-05
-1.16995e-05
1.87154e-05
-6.79212e-06
1.90533e-05
-3.29662e-06
1.94116e-05
-7.30159e-07
1.97702e-05
1.28459e-06
1.998e-05
3.11674e-06
2.00739e-05
4.76646e-06
2.00963e-05
6.43727e-06
2.02489e-05
8.09407e-06
2.06663e-05
1.01931e-05
2.13508e-05
1.29095e-05
2.31802e-05
1.62886e-05
2.51619e-05
2.24583e-05
2.05957e-05
2.52661e-05
3.64671e-05
5.9719e-06
3.15844e-06
1.35576e-05
-1.0771e-05
2.10701e-05
-2.14099e-05
2.50617e-05
-2.49016e-05
2.48929e-05
-2.57369e-05
2.25573e-05
-2.51341e-05
2.05404e-05
-2.23804e-05
1.95406e-05
-1.71284e-05
1.92257e-05
-1.13846e-05
1.92609e-05
-6.82733e-06
1.94733e-05
-3.50898e-06
1.96493e-05
-9.06196e-07
1.97758e-05
1.1581e-06
1.99762e-05
2.91631e-06
2.01364e-05
4.60633e-06
2.03263e-05
6.24733e-06
2.07455e-05
7.67491e-06
2.14475e-05
9.49104e-06
2.22734e-05
1.20836e-05
2.35718e-05
1.49902e-05
2.51208e-05
2.09093e-05
2.17364e-05
2.86505e-05
5.82035e-05
6.41918e-05
-6.41918e-05
0.000137109
-7.29169e-05
0.000176665
-3.95567e-05
0.000116413
6.0253e-05
-2.35141e-05
0.000139927
-7.0934e-05
4.74201e-05
-4.26154e-05
-2.83187e-05
-0.000150862
0.000108247
-0.000257126
0.000106263
-0.000290998
3.38718e-05
-0.000286219
-4.77855e-06
-0.000255612
-3.06066e-05
-0.000225583
-3.00292e-05
-0.000199873
-2.57104e-05
-0.000172026
-2.7847e-05
-0.000143979
-2.80463e-05
-0.000113837
-3.01428e-05
-4.41837e-05
-6.96529e-05
-4.41837e-05
2.48402e-05
-8.9032e-05
6.86167e-05
-0.000116693
0.000102074
-7.30141e-05
0.000119738
4.25891e-05
5.01801e-05
0.000209484
-7.42351e-05
0.000171835
-0.000212036
0.000109483
-0.000347626
0.000243837
-0.000453679
0.000212317
-0.000470467
5.06594e-05
-0.000430681
-4.45642e-05
-0.000378206
-8.30815e-05
-0.000329555
-7.86803e-05
-0.000287568
-6.76974e-05
-0.000244645
-7.07695e-05
-0.000191622
-8.107e-05
-0.000137829
-8.39349e-05
-5.13445e-05
-0.000156138
-9.55282e-05
3.40865e-06
-9.24406e-05
1.09179e-05
-0.000124203
5.5876e-05
-0.000117972
9.13579e-05
7.10705e-06
5.56678e-05
0.000245175
-0.000103817
0.00033132
-0.000286954
0.00029262
-0.000402414
0.000359296
-0.000475982
0.000285885
-0.000460976
3.56534e-05
-0.000433471
-7.20692e-05
-0.000403952
-0.000112601
-0.000364226
-0.000118406
-0.000335672
-9.62517e-05
-0.000304566
-0.000101875
-0.000256472
-0.000129164
-0.00018827
-0.000152137
-6.0394e-05
-0.000284014
-0.000155922
-2.52288e-05
-6.72118e-05
-1.41986e-05
-0.000135233
2.66791e-05
-0.00015885
6.80975e-05
-3.43113e-05
3.58181e-05
0.000277454
-9.60009e-05
0.000463139
-0.000261734
0.000458353
-0.000365021
0.000462583
-0.000397687
0.000318552
-0.00040227
4.02358e-05
-0.000388041
-8.62974e-05
-0.000338935
-0.000161706
-0.000274387
-0.000182955
-0.000232595
-0.000138044
-0.00021328
-0.000121189
-0.000211634
-0.00013081
-0.000161016
-0.000202755
-5.08628e-05
-0.000394167
-0.000206785
-1.66562e-05
-5.05557e-05
-2.02854e-05
-0.000131604
1.30672e-05
-0.000192203
4.69414e-05
-6.81855e-05
3.94301e-05
0.000284965
-8.48539e-05
0.000587423
-0.000200595
0.000574094
-0.000298154
0.000560142
-0.000335689
0.000356087
-0.000381831
8.63772e-05
-0.000384875
-8.32543e-05
-0.00032683
-0.000219751
-0.000233885
-0.0002759
-0.000151573
-0.000220357
-0.00011517
-0.000157593
-0.000127111
-0.000118869
-0.000103869
-0.000225998
-4.08443e-05
-0.000457191
-0.000247629
-2.1757e-06
-4.838e-05
-2.26351e-06
-0.000131516
-1.35212e-05
-0.000180945
4.7176e-05
-0.000128883
6.06362e-05
0.000271505
-5.80998e-05
0.000706159
-0.000122536
0.00063853
-0.000212679
0.000650284
-0.000282307
0.000425716
-0.000353511
0.000157581
-0.000372052
-6.47131e-05
-0.00032472
-0.000267083
-0.000232601
-0.00036802
-0.000133588
-0.000319369
-6.42708e-05
-0.00022691
-4.23026e-05
-0.000140838
-6.32579e-05
-0.000205043
-3.53521e-05
-0.000485097
-0.000282981
1.25582e-05
-6.09381e-05
1.33138e-05
-0.000132271
2.51813e-06
-0.00017015
4.25015e-05
-0.000168866
5.60559e-05
0.000257951
-1.34295e-05
0.000775645
-6.43346e-05
0.000689435
-0.000139843
0.000725792
-0.000226647
0.00051252
-0.00030537
0.000236305
-0.000337104
-3.29802e-05
-0.000306963
-0.000297224
-0.00022584
-0.000449142
-0.000134202
-0.000411007
-6.23478e-05
-0.000298764
4.52174e-07
-0.000203637
-1.2205e-05
-0.000192386
-2.83849e-05
-0.000468918
-0.000311366
2.80661e-05
-8.90042e-05
2.67592e-05
-0.000130965
1.54802e-05
-0.00015887
2.99886e-05
-0.000183374
5.08474e-05
0.000237092
1.74564e-05
0.000809036
-2.89371e-05
0.000735829
-8.9106e-05
0.000785961
-0.000170252
0.000593666
-0.00024306
0.000309112
-0.00028429
8.25005e-06
-0.000275296
-0.000306217
-0.000209226
-0.000515212
-0.000124442
-0.000495791
-5.29125e-05
-0.000370294
2.87394e-05
-0.000285289
4.90246e-05
-0.000212671
-2.04494e-05
-0.000399444
-0.000331816
2.06543e-05
-1.74959e-05
4.61347e-05
-3.62514e-05
6.42439e-05
-3.95191e-05
6.5073e-05
-2.57308e-05
5.61592e-05
-1.68231e-05
4.66205e-05
-1.55955e-05
4.05264e-05
-1.62862e-05
3.85539e-05
-1.51559e-05
3.93933e-05
-1.22239e-05
4.13812e-05
-8.81523e-06
4.34611e-05
-5.58888e-06
4.50823e-05
-2.52741e-06
4.62068e-05
3.35556e-08
4.60163e-05
3.10687e-06
4.5404e-05
5.21864e-06
4.47514e-05
6.89987e-06
4.5331e-05
7.09535e-06
4.71001e-05
7.7219e-06
4.97406e-05
9.44315e-06
5.38298e-05
1.0901e-05
6.19527e-05
1.27865e-05
7.69889e-05
1.36142e-05
2.30743e-05
0.000112118
3.06382e-05
-4.8134e-05
5.73452e-05
-6.29584e-05
5.76966e-05
-3.98705e-05
3.46681e-05
-2.70226e-06
1.99757e-05
-2.1307e-06
1.39354e-05
-9.55515e-06
1.0225e-05
-1.25757e-05
1.01051e-05
-1.50361e-05
1.461e-05
-1.67288e-05
2.21109e-05
-1.63162e-05
3.24126e-05
-1.58906e-05
4.18162e-05
-1.1931e-05
4.74551e-05
-5.60536e-06
4.9741e-05
8.20982e-07
4.90856e-05
5.87406e-06
4.74119e-05
8.57357e-06
4.8151e-05
6.35626e-06
4.98264e-05
6.04652e-06
5.22296e-05
7.0399e-06
5.69263e-05
6.20433e-06
6.47122e-05
5.00056e-06
7.49365e-05
3.38992e-06
1.63044e-06
9.63804e-05
1.82114e-05
-6.63455e-05
6.59725e-06
-5.13441e-05
-3.28444e-05
-4.28837e-07
-5.43743e-05
1.88277e-05
-5.48988e-05
-1.60611e-06
-6.31913e-05
-1.26266e-06
-8.18601e-05
6.09312e-06
-9.59904e-05
-9.05797e-07
-0.00010349
-9.22931e-06
-9.66187e-05
-2.31874e-05
-6.74663e-05
-4.5043e-05
-2.41405e-05
-5.52569e-05
3.16637e-06
-3.29122e-05
2.04081e-05
-1.64207e-05
3.10074e-05
-4.7253e-06
4.20411e-05
-2.46013e-06
5.20626e-05
-3.66519e-06
5.48257e-05
3.28336e-06
5.45604e-05
7.30528e-06
5.66728e-05
4.09194e-06
6.08909e-05
7.82373e-07
6.69873e-05
-2.70642e-06
-9.11411e-06
7.77318e-05
-2.10525e-05
-4.52929e-05
-4.10087e-05
-3.13877e-05
-4.49673e-05
3.52979e-06
-2.97224e-05
3.58283e-06
-2.02409e-05
-1.10876e-05
-2.02708e-05
-1.2328e-06
-2.1916e-05
7.73835e-06
-2.60617e-05
3.23987e-06
-3.28849e-05
-2.40609e-06
-4.65136e-05
-9.55876e-06
-7.21584e-05
-1.93982e-05
-0.000108097
-1.93186e-05
-0.000127234
-1.37753e-05
-0.00012408
-1.9574e-05
-9.95837e-05
-2.92219e-05
-4.84485e-05
-5.35953e-05
-9.01796e-06
-4.30958e-05
1.75447e-05
-2.32793e-05
3.56334e-05
-1.07834e-05
5.25146e-05
-1.27892e-05
6.30341e-05
-9.73711e-06
6.89689e-05
-8.64126e-06
-1.44586e-05
7.43134e-05
-2.67676e-05
-1.85253e-05
-2.77894e-05
-3.03658e-05
-1.27613e-05
-1.14983e-05
-5.13629e-06
-4.04211e-06
-1.06601e-05
-5.5638e-06
-1.10754e-05
-8.17423e-07
-5.31124e-06
1.97418e-06
-2.25335e-06
1.81992e-07
-5.15338e-07
-4.14413e-06
-8.46008e-07
-9.22814e-06
-9.05575e-06
-1.11885e-05
-2.59025e-05
-2.47194e-06
-4.46932e-05
5.01525e-06
-6.69881e-05
2.72096e-06
-8.02256e-05
-1.59845e-05
-8.31148e-05
-5.07061e-05
-7.54043e-05
-5.08063e-05
-6.14639e-05
-3.72197e-05
-2.23021e-05
-4.99453e-05
-2.77919e-06
-3.23121e-05
1.57432e-05
-2.82595e-05
3.20375e-05
-2.49356e-05
-3.20504e-05
4.96292e-05
-9.49404e-06
-9.03116e-06
-1.30253e-05
-2.68346e-05
-1.34985e-05
-1.1025e-05
-1.14941e-05
-6.04648e-06
-1.22273e-05
-4.83062e-06
-1.14577e-05
-1.58695e-06
-9.87615e-06
3.92618e-07
-9.1713e-06
-5.22838e-07
-9.04931e-06
-4.26614e-06
-8.50825e-06
-9.76924e-06
-5.87806e-06
-1.38188e-05
2.52431e-06
-1.08744e-05
8.23032e-06
-6.908e-07
1.21848e-06
9.73278e-06
-7.47896e-06
-7.28708e-06
-1.25898e-05
-4.55952e-05
-1.36159e-05
-4.97802e-05
-8.54217e-06
-4.22935e-05
-1.09678e-05
-4.75197e-05
-1.66594e-05
-2.66206e-05
-2.05992e-05
-2.43197e-05
-1.40672e-05
-3.14677e-05
-1.6677e-05
-2.94406e-05
-7.46738e-06
-1.56376e-06
-1.0717e-05
-2.35849e-05
-1.01726e-05
-1.15695e-05
-9.49516e-06
-6.72386e-06
-9.60993e-06
-4.71582e-06
-8.48511e-06
-2.71173e-06
-7.05842e-06
-1.03404e-06
-6.55023e-06
-1.03101e-06
-7.45233e-06
-3.36406e-06
-9.7202e-06
-7.50142e-06
-1.23404e-05
-1.11986e-05
-1.20036e-05
-1.12112e-05
-5.58275e-06
-7.11167e-06
5.42457e-06
-1.27455e-06
1.15201e-05
-1.33826e-05
5.0994e-06
-3.91745e-05
4.31325e-07
-4.51122e-05
4.41164e-06
-4.62739e-05
1.20247e-05
-5.51329e-05
3.73854e-05
-5.19814e-05
5.68552e-05
-4.37896e-05
6.40409e-05
-3.86535e-05
-5.13219e-06
5.24961e-05
-5.74234e-06
4.17859e-06
-7.91771e-06
-2.14096e-05
-7.80449e-06
-1.16827e-05
-7.57746e-06
-6.95088e-06
-7.20477e-06
-5.08846e-06
-6.26743e-06
-3.64902e-06
-5.08085e-06
-2.22058e-06
-4.44955e-06
-1.6623e-06
-4.96896e-06
-2.84466e-06
-6.60071e-06
-5.8697e-06
-8.12642e-06
-9.67297e-06
-7.04422e-06
-1.22935e-05
-1.69833e-06
-1.24576e-05
7.87136e-06
-1.08442e-05
1.1839e-05
-1.73503e-05
6.54212e-06
-3.38776e-05
1.59145e-06
-4.01616e-05
1.01741e-06
-4.56999e-05
5.16926e-06
-5.92848e-05
2.23748e-05
-6.9187e-05
4.72214e-05
-6.86364e-05
6.89976e-05
-6.04299e-05
-2.56331e-05
8.94985e-05
-4.24267e-06
8.42124e-06
-5.84258e-06
-1.98097e-05
-5.96532e-06
-1.15599e-05
-5.99169e-06
-6.92449e-06
-5.68265e-06
-5.39746e-06
-4.91573e-06
-4.41588e-06
-3.75121e-06
-3.38508e-06
-2.64618e-06
-2.76732e-06
-2.15898e-06
-3.33187e-06
-2.55997e-06
-5.46874e-06
-3.53135e-06
-8.70162e-06
-3.81196e-06
-1.20129e-05
-1.57681e-06
-1.46927e-05
4.83161e-06
-1.72527e-05
1.0069e-05
-2.25877e-05
7.9907e-06
-3.17994e-05
5.6328e-06
-3.78037e-05
4.5552e-06
-4.46224e-05
4.49259e-06
-5.92223e-05
1.00895e-05
-7.47839e-05
2.25457e-05
-8.10926e-05
3.69505e-05
-7.48347e-05
-4.55124e-05
5.68298e-05
-2.86351e-06
1.12847e-05
-4.21563e-06
-1.84576e-05
-4.62079e-06
-1.11548e-05
-4.7728e-06
-6.77244e-06
-4.59172e-06
-5.5785e-06
-4.0114e-06
-4.99616e-06
-2.97333e-06
-4.42313e-06
-1.651e-06
-4.08965e-06
-4.65725e-07
-4.51716e-06
1.98114e-07
-6.1326e-06
3.50127e-07
-8.85365e-06
4.84141e-07
-1.21469e-05
1.28278e-06
-1.54914e-05
3.23272e-06
-1.92026e-05
4.56776e-06
-2.39228e-05
2.94981e-06
-3.01815e-05
9.94592e-07
-3.58486e-05
-6.86496e-07
-4.29414e-05
-4.3646e-06
-5.55442e-05
-8.14511e-06
-7.10035e-05
-7.56063e-06
-8.16772e-05
-4.06532e-06
-7.833e-05
-5.52732e-05
5.69536e-06
-1.8851e-06
1.31698e-05
-3.08093e-06
-1.72618e-05
-3.61971e-06
-1.0616e-05
-3.89703e-06
-6.4951e-06
-3.88284e-06
-5.59265e-06
-3.54704e-06
-5.33193e-06
-2.82193e-06
-5.14822e-06
-1.7399e-06
-5.17168e-06
-5.49426e-07
-5.70765e-06
3.85161e-07
-7.06721e-06
8.43233e-07
-9.31174e-06
8.91483e-07
-1.21952e-05
7.88813e-07
-1.53887e-05
5.87339e-07
-1.90012e-05
-1.98193e-07
-2.31373e-05
-2.38831e-06
-2.79914e-05
-5.07312e-06
-3.31638e-05
-8.19972e-06
-3.98148e-05
-1.32942e-05
-5.04497e-05
-2.13226e-05
-6.29752e-05
-3.02403e-05
-7.27596e-05
-3.7917e-05
-7.06533e-05
-5.16336e-05
-4.15566e-05
-1.24718e-06
1.4417e-05
-2.31564e-06
-1.61933e-05
-2.94372e-06
-9.98784e-06
-3.33137e-06
-6.10741e-06
-3.48724e-06
-5.43675e-06
-3.41145e-06
-5.40771e-06
-3.0747e-06
-5.48498e-06
-2.47748e-06
-5.7689e-06
-1.74794e-06
-6.43719e-06
-1.15325e-06
-7.66191e-06
-9.47875e-07
-9.51711e-06
-1.23565e-06
-1.19074e-05
-1.97723e-06
-1.46472e-05
-3.20618e-06
-1.77723e-05
-5.05171e-06
-2.12918e-05
-7.67255e-06
-2.53706e-05
-1.10044e-05
-2.98321e-05
-1.52585e-05
-3.55607e-05
-2.17087e-05
-4.39995e-05
-3.09872e-05
-5.36968e-05
-4.29686e-05
-6.07782e-05
-5.38206e-05
-5.98014e-05
-4.60055e-05
-5.94487e-05
-8.50872e-07
1.52679e-05
-1.82023e-06
-1.52239e-05
-2.52347e-06
-9.28456e-06
-3.01288e-06
-5.61796e-06
-3.31856e-06
-5.13106e-06
-3.47211e-06
-5.25416e-06
-3.48399e-06
-5.4731e-06
-3.36766e-06
-5.88524e-06
-3.19905e-06
-6.60579e-06
-3.14338e-06
-7.71757e-06
-3.39666e-06
-9.26381e-06
-4.08951e-06
-1.12145e-05
-5.23115e-06
-1.35056e-05
-6.87075e-06
-1.61327e-05
-9.02829e-06
-1.91343e-05
-1.18628e-05
-2.25362e-05
-1.54463e-05
-2.62486e-05
-2.03681e-05
-3.06389e-05
-2.8116e-05
-3.62516e-05
-3.91612e-05
-4.26517e-05
-5.21519e-05
-4.77876e-05
-6.43321e-05
-4.76213e-05
-3.92749e-05
-7.10628e-05
-6.37023e-07
1.59049e-05
-1.53428e-06
-1.43265e-05
-2.28983e-06
-8.52896e-06
-2.86724e-06
-5.04052e-06
-3.30741e-06
-4.69089e-06
-3.65192e-06
-4.90964e-06
-3.93001e-06
-5.19502e-06
-4.17694e-06
-5.63831e-06
-4.45245e-06
-6.33026e-06
-4.85501e-06
-7.31499e-06
-5.50893e-06
-8.60986e-06
-6.51423e-06
-1.02092e-05
-7.9235e-06
-1.20963e-05
-9.79542e-06
-1.42608e-05
-1.22185e-05
-1.67113e-05
-1.53219e-05
-1.94329e-05
-1.91968e-05
-2.23738e-05
-2.43392e-05
-2.54966e-05
-3.18691e-05
-2.87217e-05
-4.26099e-05
-3.1911e-05
-5.6109e-05
-3.42886e-05
-7.00938e-05
-3.36365e-05
-2.80926e-05
-8.12762e-05
-5.45564e-07
1.64505e-05
-1.39766e-06
-1.34744e-05
-2.19494e-06
-7.73164e-06
-2.84471e-06
-4.39072e-06
-3.3978e-06
-4.1378e-06
-3.89743e-06
-4.41001e-06
-4.37654e-06
-4.7159e-06
-4.87397e-06
-5.14086e-06
-5.44436e-06
-5.75984e-06
-6.15718e-06
-6.60213e-06
-7.092e-06
-7.67502e-06
-8.32618e-06
-8.97509e-06
-9.93162e-06
-1.04909e-05
-1.19873e-05
-1.22052e-05
-1.46099e-05
-1.40888e-05
-1.79543e-05
-1.60886e-05
-2.21707e-05
-1.81575e-05
-2.74217e-05
-2.02456e-05
-3.39677e-05
-2.21757e-05
-4.22855e-05
-2.35933e-05
-5.27393e-05
-2.38348e-05
-6.4551e-05
-2.18248e-05
-1.68642e-05
-7.57796e-05
-5.16349e-07
1.69669e-05
-1.35612e-06
-1.26345e-05
-2.18968e-06
-6.89805e-06
-2.89906e-06
-3.68131e-06
-3.54477e-06
-3.49208e-06
-4.17162e-06
-3.78315e-06
-4.80629e-06
-4.08121e-06
-5.48403e-06
-4.46311e-06
-6.25265e-06
-4.99119e-06
-7.16896e-06
-5.68578e-06
-8.29255e-06
-6.55142e-06
-9.69009e-06
-7.57759e-06
-1.14297e-05
-8.7514e-06
-1.35863e-05
-1.00487e-05
-1.62481e-05
-1.14271e-05
-1.9515e-05
-1.28218e-05
-2.35097e-05
-1.41628e-05
-2.83874e-05
-1.5368e-05
-3.42616e-05
-1.63016e-05
-4.11871e-05
-1.66678e-05
-4.90862e-05
-1.59358e-05
-5.74242e-05
-1.34869e-05
-9.06545e-06
-6.5223e-05
-5.19173e-07
1.74861e-05
-1.36814e-06
-1.17855e-05
-2.23553e-06
-6.03061e-06
-2.99398e-06
-2.92284e-06
-3.71355e-06
-2.77249e-06
-4.44065e-06
-3.05604e-06
-5.19772e-06
-3.32414e-06
-6.01246e-06
-3.64836e-06
-6.92408e-06
-4.07954e-06
-7.9802e-06
-4.62964e-06
-9.23426e-06
-5.29735e-06
-1.07397e-05
-6.07219e-06
-1.25558e-05
-6.93529e-06
-1.47454e-05
-7.85912e-06
-1.73744e-05
-8.7981e-06
-2.05052e-05
-9.69099e-06
-2.42124e-05
-1.04556e-05
-2.85906e-05
-1.09896e-05
-3.37326e-05
-1.11597e-05
-3.96381e-05
-1.07623e-05
-4.60885e-05
-9.48533e-06
-5.25826e-05
-6.99288e-06
-3.10576e-06
-5.85423e-05
-5.33503e-07
1.80197e-05
-1.40617e-06
-1.09128e-05
-2.30433e-06
-5.1324e-06
-3.10218e-06
-2.12496e-06
-3.87871e-06
-1.99593e-06
-4.68133e-06
-2.2534e-06
-5.52923e-06
-2.47624e-06
-6.44491e-06
-2.73269e-06
-7.4597e-06
-3.06474e-06
-8.61221e-06
-3.47712e-06
-9.94597e-06
-3.96361e-06
-1.1507e-05
-4.51121e-06
-1.33414e-05
-5.10091e-06
-1.54982e-05
-5.70235e-06
-1.80265e-05
-6.26969e-06
-2.09746e-05
-6.74275e-06
-2.43843e-05
-7.04588e-06
-2.82875e-05
-7.0864e-06
-3.26853e-05
-6.76177e-06
-3.75361e-05
-5.91155e-06
-4.26951e-05
-4.32635e-06
-4.78363e-05
-1.85168e-06
1.5458e-06
-5.2488e-05
-5.46972e-07
1.85667e-05
-1.45193e-06
-1.00077e-05
-2.37636e-06
-4.20792e-06
-3.20401e-06
-1.29728e-06
-4.02244e-06
-1.17747e-06
-4.87853e-06
-1.3973e-06
-5.78849e-06
-1.5663e-06
-6.77092e-06
-1.75027e-06
-7.85157e-06
-1.9841e-06
-9.06137e-06
-2.26732e-06
-1.04341e-05
-2.59084e-06
-1.20044e-05
-2.94092e-06
-1.38101e-05
-3.29513e-06
-1.58877e-05
-3.62481e-06
-1.82685e-05
-3.88881e-06
-2.09798e-05
-4.03138e-06
-2.40425e-05
-3.98307e-06
-2.74626e-05
-3.66622e-06
-3.12239e-05
-3.00044e-06
-3.52608e-05
-1.87465e-06
-3.94335e-05
-1.53722e-07
-4.35039e-05
2.21873e-06
5.28218e-06
-4.72403e-05
-5.53092e-07
1.91198e-05
-1.4934e-06
-9.06734e-06
-2.43847e-06
-3.26279e-06
-3.28562e-06
-4.50098e-07
-4.13216e-06
-3.30911e-07
-5.0235e-06
-5.05981e-07
-5.97246e-06
-6.17348e-07
-6.99332e-06
-7.29428e-07
-8.10709e-06
-8.7029e-07
-9.33762e-06
-1.03676e-06
-1.07125e-05
-1.21597e-06
-1.22595e-05
-1.39385e-06
-1.40056e-05
-1.54897e-06
-1.5976e-05
-1.65427e-06
-1.81908e-05
-1.67395e-06
-2.06641e-05
-1.55798e-06
-2.33995e-05
-1.24755e-06
-2.63854e-05
-6.80261e-07
-2.95875e-05
2.0169e-07
-3.29332e-05
1.47103e-06
-3.63116e-05
3.22458e-06
-3.95767e-05
5.4839e-06
8.21084e-06
-4.25054e-05
-5.48629e-07
1.96685e-05
-1.52173e-06
-8.09415e-06
-2.4789e-06
-2.30556e-06
-3.33685e-06
4.07885e-07
-4.19865e-06
5.30905e-07
-5.108e-06
4.0335e-07
-6.07452e-06
3.49156e-07
-7.10957e-06
3.05609e-07
-8.23063e-06
2.50804e-07
-9.4575e-06
1.90193e-07
-1.08099e-05
1.36571e-07
-1.23089e-05
1.05187e-07
-1.39737e-05
1.15932e-07
-1.58214e-05
1.93489e-07
-1.78641e-05
3.6892e-07
-2.01031e-05
6.81046e-07
-2.25303e-05
1.17968e-06
-2.51254e-05
1.91496e-06
-2.78494e-05
2.92569e-06
-3.06357e-05
4.25725e-06
-3.33914e-05
5.9803e-06
-3.59905e-05
8.08293e-06
1.05229e-05
-3.83027e-05
-5.32667e-07
2.02012e-05
-1.53026e-06
-7.09649e-06
-2.49088e-06
-1.3449e-06
-3.35015e-06
1.26717e-06
-4.21697e-06
1.39775e-06
-5.13079e-06
1.31719e-06
-6.09851e-06
1.31688e-06
-7.13034e-06
1.3375e-06
-8.23961e-06
1.36015e-06
-9.44164e-06
1.39231e-06
-1.07517e-05
1.44672e-06
-1.21849e-05
1.5385e-06
-1.37549e-05
1.68601e-06
-1.54718e-05
1.91042e-06
-1.73399e-05
2.23708e-06
-1.93564e-05
2.69756e-06
-2.15068e-05
3.33003e-06
-2.37648e-05
4.17299e-06
-2.60929e-05
5.25379e-06
-2.84262e-05
6.59046e-06
-3.06813e-05
8.23537e-06
-3.27805e-05
1.01821e-05
1.23309e-05
-3.45886e-05
-5.06031e-07
2.07073e-05
-1.51422e-06
-6.08825e-06
-2.46638e-06
-3.92702e-07
-3.3192e-06
2.12001e-06
-4.18071e-06
2.25929e-06
-5.08727e-06
2.22382e-06
-6.0438e-06
2.27347e-06
-7.05793e-06
2.35172e-06
-8.14066e-06
2.44298e-06
-9.3037e-06
2.55546e-06
-1.05585e-05
2.70156e-06
-1.19158e-05
2.8959e-06
-1.33845e-05
3.15472e-06
-1.49697e-05
3.49568e-06
-1.66717e-05
3.93903e-06
-1.84843e-05
4.51018e-06
-2.03907e-05
5.23637e-06
-2.2363e-05
6.14527e-06
-2.43622e-05
7.2529e-06
-2.6332e-05
8.56022e-06
-2.82058e-05
1.0109e-05
-2.99014e-05
1.18777e-05
1.37845e-05
-3.13551e-05
-4.68956e-07
2.11763e-05
-1.4699e-06
-5.08728e-06
-2.40159e-06
5.39008e-07
-3.23988e-06
2.95834e-06
-4.08674e-06
3.10621e-06
-4.97546e-06
3.11264e-06
-5.90951e-06
3.20764e-06
-6.89491e-06
3.33725e-06
-7.94036e-06
3.48854e-06
-9.05495e-06
3.67015e-06
-1.02468e-05
3.89346e-06
-1.15234e-05
4.17247e-06
-1.28895e-05
4.52078e-06
-1.43482e-05
4.95446e-06
-1.58962e-05
5.48693e-06
-1.75254e-05
6.13934e-06
-1.92164e-05
6.92732e-06
-2.09439e-05
7.87272e-06
-2.26792e-05
8.98805e-06
-2.43738e-05
1.02548e-05
-2.59561e-05
1.16911e-05
-2.7373e-05
1.32944e-05
1.49773e-05
-2.85658e-05
-4.19952e-07
2.15963e-05
-1.39691e-06
-4.11029e-06
-2.2966e-06
1.43871e-06
-3.11146e-06
3.77326e-06
-3.93432e-06
3.92917e-06
-4.79523e-06
3.97367e-06
-5.69669e-06
4.10924e-06
-6.644e-06
4.2847e-06
-7.64391e-06
4.48855e-06
-8.70324e-06
4.72955e-06
-9.82752e-06
5.01775e-06
-1.10214e-05
5.36629e-06
-1.2289e-05
5.78837e-06
-1.36264e-05
6.29184e-06
-1.50327e-05
6.89315e-06
-1.64981e-05
7.60466e-06
-1.80086e-05
8.43782e-06
-1.95418e-05
9.40585e-06
-2.1066e-05
1.05121e-05
-2.25471e-05
1.17358e-05
-2.39264e-05
1.30704e-05
-2.51537e-05
1.45216e-05
1.60224e-05
-2.61989e-05
-3.54211e-07
2.19505e-05
-1.29677e-06
-3.16771e-06
-2.1567e-06
2.29866e-06
-2.93854e-06
4.55515e-06
-3.72771e-06
4.71847e-06
-4.55103e-06
4.79712e-06
-5.40991e-06
4.96829e-06
-6.31012e-06
5.18501e-06
-7.25626e-06
5.43474e-06
-8.25369e-06
5.72699e-06
-9.30643e-06
6.07045e-06
-1.04187e-05
6.47851e-06
-1.15857e-05
6.95527e-06
-1.28104e-05
7.51659e-06
-1.40885e-05
8.17117e-06
-1.54134e-05
8.92945e-06
-1.67691e-05
9.79353e-06
-1.81387e-05
1.07754e-05
-1.95027e-05
1.1876e-05
-2.08282e-05
1.30613e-05
-2.20743e-05
1.43164e-05
-2.31976e-05
1.56448e-05
1.70095e-05
-2.41848e-05
-2.62888e-07
2.22134e-05
-1.17404e-06
-2.25656e-06
-1.9911e-06
3.11574e-06
-2.73248e-06
5.29658e-06
-3.47733e-06
5.46342e-06
-4.25269e-06
5.57259e-06
-5.06065e-06
5.77637e-06
-5.90296e-06
6.02738e-06
-6.78595e-06
6.31775e-06
-7.71392e-06
6.65494e-06
-8.6895e-06
7.04597e-06
-9.70937e-06
7.49834e-06
-1.07795e-05
8.02533e-06
-1.18961e-05
8.63324e-06
-1.30571e-05
9.33208e-06
-1.4249e-05
1.01214e-05
-1.54699e-05
1.10143e-05
-1.67069e-05
1.20123e-05
-1.79351e-05
1.31042e-05
-1.91476e-05
1.42736e-05
-2.03129e-05
1.54817e-05
-2.13944e-05
1.67263e-05
1.8014e-05
-2.23988e-05
-1.35705e-07
2.23491e-05
-1.03469e-06
-1.35758e-06
-1.81032e-06
3.8914e-06
-2.50689e-06
5.99322e-06
-3.19823e-06
6.15481e-06
-3.91777e-06
6.29223e-06
-4.66527e-06
6.52393e-06
-5.44044e-06
6.80257e-06
-6.25245e-06
7.12975e-06
-7.09824e-06
7.50067e-06
-7.98257e-06
7.93024e-06
-8.90761e-06
8.42333e-06
-9.87361e-06
8.99132e-06
-1.08748e-05
9.63441e-06
-1.19108e-05
1.0368e-05
-1.29785e-05
1.1189e-05
-1.40677e-05
1.21034e-05
-1.51709e-05
1.31154e-05
-1.62862e-05
1.42194e-05
-1.73985e-05
1.53858e-05
-1.84979e-05
1.65812e-05
-1.957e-05
1.77983e-05
1.90614e-05
-2.06174e-05
1.39298e-08
2.23352e-05
-8.88546e-07
-4.55096e-07
-1.63029e-06
4.63316e-06
-2.27378e-06
6.63679e-06
-2.90716e-06
6.78822e-06
-3.56663e-06
6.95176e-06
-4.24602e-06
7.20332e-06
-4.95173e-06
7.50825e-06
-5.68022e-06
7.85819e-06
-6.4381e-06
8.25846e-06
-7.22629e-06
8.71835e-06
-8.0466e-06
9.24358e-06
-8.89505e-06
9.83975e-06
-9.76973e-06
1.05091e-05
-1.06767e-05
1.1275e-05
-1.16042e-05
1.21164e-05
-1.25538e-05
1.3053e-05
-1.35219e-05
1.40835e-05
-1.44971e-05
1.51946e-05
-1.54877e-05
1.63763e-05
-1.65062e-05
1.75996e-05
-1.75303e-05
1.88225e-05
2.01166e-05
-1.85854e-05
1.91329e-07
2.21438e-05
-7.38388e-07
4.74644e-07
-1.45867e-06
5.35348e-06
-2.04974e-06
7.2279e-06
-2.6285e-06
7.36699e-06
-3.22667e-06
7.54996e-06
-3.84369e-06
7.8203e-06
-4.47583e-06
8.14033e-06
-5.12315e-06
8.50544e-06
-5.79043e-06
8.92564e-06
-6.47822e-06
9.40607e-06
-7.18193e-06
9.94727e-06
-7.91099e-06
1.05688e-05
-8.66346e-06
1.12616e-05
-9.42164e-06
1.20332e-05
-1.01989e-05
1.28937e-05
-1.09922e-05
1.38462e-05
-1.17861e-05
1.48773e-05
-1.2596e-05
1.60044e-05
-1.34222e-05
1.72025e-05
-1.42762e-05
1.84535e-05
-1.51744e-05
1.97208e-05
2.10772e-05
-1.61349e-05
3.73376e-07
2.17704e-05
-5.94098e-07
1.44213e-06
-1.30749e-06
6.06692e-06
-1.85324e-06
7.77365e-06
-2.382e-06
7.89577e-06
-2.93492e-06
8.10285e-06
-3.49285e-06
8.37818e-06
-4.06023e-06
8.70766e-06
-4.63739e-06
9.08252e-06
-5.2236e-06
9.51179e-06
-5.81843e-06
1.00009e-05
-6.42676e-06
1.05556e-05
-7.0408e-06
1.11829e-05
-7.6604e-06
1.18812e-05
-8.28853e-06
1.26614e-05
-8.91433e-06
1.35195e-05
-9.53147e-06
1.44632e-05
-1.01493e-05
1.5495e-05
-1.07606e-05
1.66157e-05
-1.13708e-05
1.78127e-05
-1.1997e-05
1.90798e-05
-1.26607e-05
2.03846e-05
2.17937e-05
-1.3377e-05
5.64867e-07
2.12056e-05
-4.61441e-07
2.46845e-06
-1.1842e-06
6.78973e-06
-1.69712e-06
8.28656e-06
-2.19272e-06
8.39139e-06
-2.71361e-06
8.62371e-06
-3.22938e-06
8.8939e-06
-3.75132e-06
9.22956e-06
-4.27514e-06
9.60628e-06
-4.80098e-06
1.00376e-05
-5.3286e-06
1.05285e-05
-5.85795e-06
1.1085e-05
-6.38497e-06
1.17099e-05
-6.90552e-06
1.24018e-05
-7.41631e-06
1.31722e-05
-7.90801e-06
1.40112e-05
-8.38541e-06
1.49406e-05
-8.83762e-06
1.59471e-05
-9.2598e-06
1.70379e-05
-9.642e-06
1.8195e-05
-1.00105e-05
1.94484e-05
-1.03734e-05
2.07477e-05
2.21697e-05
-1.07493e-05
7.59531e-07
2.04461e-05
-3.43355e-07
3.57137e-06
-1.08536e-06
7.53175e-06
-1.5778e-06
8.77901e-06
-2.0632e-06
8.87678e-06
-2.56263e-06
9.12307e-06
-3.06249e-06
9.39371e-06
-3.55775e-06
9.72476e-06
-4.05219e-06
1.01007e-05
-4.54438e-06
1.05297e-05
-5.03314e-06
1.10172e-05
-5.51548e-06
1.15674e-05
-5.98938e-06
1.21839e-05
-6.44833e-06
1.28609e-05
-6.88583e-06
1.36097e-05
-7.30158e-06
1.44269e-05
-7.68095e-06
1.53199e-05
-8.00749e-06
1.62736e-05
-8.28948e-06
1.73199e-05
-8.50913e-06
1.84147e-05
-8.66044e-06
1.95998e-05
-8.75449e-06
2.08419e-05
2.22091e-05
-8.79372e-06
9.33664e-07
1.95124e-05
-2.42906e-07
4.748e-06
-1.00207e-06
8.29092e-06
-1.48858e-06
9.26554e-06
-1.98239e-06
9.37056e-06
-2.47316e-06
9.61378e-06
-2.96565e-06
9.88613e-06
-3.452e-06
1.02111e-05
-3.93498e-06
1.05836e-05
-4.41397e-06
1.10088e-05
-4.8884e-06
1.14917e-05
-5.35599e-06
1.2035e-05
-5.80861e-06
1.26366e-05
-6.2481e-06
1.33004e-05
-6.65288e-06
1.40145e-05
-7.03349e-06
1.48075e-05
-7.36511e-06
1.56515e-05
-7.65059e-06
1.65591e-05
-7.85893e-06
1.75283e-05
-7.99599e-06
1.85518e-05
-8.02935e-06
1.96333e-05
-7.95503e-06
2.07677e-05
2.2029e-05
-7.77481e-06
1.05585e-06
1.84566e-05
-1.68832e-07
5.97276e-06
-9.25636e-07
9.04775e-06
-1.41236e-06
9.75228e-06
-1.90994e-06
9.86808e-06
-2.39953e-06
1.01033e-05
-2.8886e-06
1.03752e-05
-3.36973e-06
1.06922e-05
-3.84717e-06
1.10611e-05
-4.32242e-06
1.14841e-05
-4.79382e-06
1.19632e-05
-5.2562e-06
1.24975e-05
-5.70602e-06
1.30865e-05
-6.13626e-06
1.37307e-05
-6.54798e-06
1.44263e-05
-6.92069e-06
1.51803e-05
-7.24922e-06
1.59801e-05
-7.52249e-06
1.68324e-05
-7.7249e-06
1.77307e-05
-7.84012e-06
1.86671e-05
-7.84952e-06
1.96427e-05
-7.73654e-06
2.06548e-05
2.17667e-05
-7.4741e-06
1.12171e-06
1.73349e-05
-1.14602e-07
7.20913e-06
-8.47082e-07
9.78027e-06
-1.32161e-06
1.02268e-05
-1.81418e-06
1.03606e-05
-2.29449e-06
1.05836e-05
-2.7715e-06
1.08522e-05
-3.24139e-06
1.11621e-05
-3.70776e-06
1.15275e-05
-4.17253e-06
1.19489e-05
-4.63468e-06
1.24254e-05
-5.08833e-06
1.29512e-05
-5.5328e-06
1.3531e-05
-5.9578e-06
1.41558e-05
-6.36268e-06
1.48313e-05
-6.7339e-06
1.55516e-05
-7.06539e-06
1.63116e-05
-7.34346e-06
1.71106e-05
-7.55865e-06
1.79459e-05
-7.69189e-06
1.88004e-05
-7.72368e-06
1.96745e-05
-7.62686e-06
2.0558e-05
2.15214e-05
-7.38158e-06
1.12853e-06
1.62064e-05
-7.68459e-08
8.41456e-06
-7.52061e-07
1.04555e-05
-1.20238e-06
1.06771e-05
-1.67097e-06
1.08292e-05
-2.13014e-06
1.10427e-05
-2.56742e-06
1.12894e-05
-3.01951e-06
1.16142e-05
-3.45892e-06
1.19669e-05
-3.89477e-06
1.23847e-05
-4.32571e-06
1.28563e-05
-4.7555e-06
1.3381e-05
-5.17132e-06
1.39469e-05
-5.5765e-06
1.4561e-05
-5.96113e-06
1.5216e-05
-6.31734e-06
1.59079e-05
-6.63688e-06
1.66313e-05
-6.90601e-06
1.73798e-05
-7.1274e-06
1.81673e-05
-7.27152e-06
1.89445e-05
-7.31418e-06
1.97171e-05
-7.26088e-06
2.05047e-05
2.13134e-05
-7.05293e-06
1.04973e-06
1.51567e-05
-4.82886e-08
9.51262e-06
-6.29531e-07
1.10368e-05
-1.03675e-06
1.10843e-05
-1.46111e-06
1.12535e-05
-1.85506e-06
1.14367e-05
-2.26513e-06
1.16995e-05
-2.65185e-06
1.20009e-05
-3.03791e-06
1.2353e-05
-3.42912e-06
1.27759e-05
-3.81795e-06
1.32452e-05
-4.19699e-06
1.37601e-05
-4.57032e-06
1.43204e-05
-4.93259e-06
1.49234e-05
-5.27775e-06
1.55613e-05
-5.60182e-06
1.6232e-05
-5.89433e-06
1.69238e-05
-6.14283e-06
1.76283e-05
-6.3461e-06
1.83706e-05
-6.47871e-06
1.9077e-05
-6.56038e-06
1.97987e-05
-6.51697e-06
2.04612e-05
2.11583e-05
-6.36193e-06
8.73077e-07
1.42837e-05
-3.80476e-08
1.04238e-05
-4.81519e-07
1.14802e-05
-8.0996e-07
1.14128e-05
-1.16199e-06
1.16055e-05
-1.49598e-06
1.17707e-05
-1.81462e-06
1.20182e-05
-2.1362e-06
1.23225e-05
-2.46155e-06
1.26783e-05
-2.77628e-06
1.30906e-05
-3.08911e-06
1.3558e-05
-3.40371e-06
1.40748e-05
-3.71433e-06
1.4631e-05
-4.01269e-06
1.52218e-05
-4.30088e-06
1.58495e-05
-4.57071e-06
1.65019e-05
-4.81598e-06
1.71692e-05
-5.05159e-06
1.78639e-05
-5.22503e-06
1.8544e-05
-5.37397e-06
1.92259e-05
-5.44763e-06
1.98722e-05
-5.4621e-06
2.04755e-05
2.10595e-05
-5.36337e-06
6.69639e-07
1.36141e-05
1.13227e-08
1.10821e-05
-3.06234e-07
1.17978e-05
-5.44196e-07
1.16507e-05
-7.96176e-07
1.18575e-05
-1.03519e-06
1.20097e-05
-1.2625e-06
1.22455e-05
-1.49605e-06
1.2556e-05
-1.73082e-06
1.2913e-05
-1.95863e-06
1.33184e-05
-2.18331e-06
1.37828e-05
-2.40929e-06
1.43008e-05
-2.63897e-06
1.48608e-05
-2.86605e-06
1.5449e-05
-3.08745e-06
1.6071e-05
-3.30071e-06
1.67153e-05
-3.49458e-06
1.73631e-05
-3.68337e-06
1.80527e-05
-3.84507e-06
1.87056e-05
-3.98563e-06
1.93663e-05
-4.08484e-06
1.99713e-05
-4.13451e-06
2.05251e-05
2.10243e-05
-4.09945e-06
4.43913e-07
1.31702e-05
4.23692e-08
1.14836e-05
-1.4505e-07
1.19852e-05
-2.83256e-07
1.17889e-05
-4.28817e-07
1.20031e-05
-5.54639e-07
1.21355e-05
-6.99388e-07
1.23902e-05
-8.19954e-07
1.26766e-05
-9.57855e-07
1.30509e-05
-1.10001e-06
1.34606e-05
-1.23584e-06
1.39186e-05
-1.37025e-06
1.44352e-05
-1.50096e-06
1.49915e-05
-1.63726e-06
1.55853e-05
-1.78311e-06
1.62169e-05
-1.92654e-06
1.68587e-05
-2.06111e-06
1.74977e-05
-2.19136e-06
1.81829e-05
-2.30892e-06
1.88231e-05
-2.42225e-06
1.94796e-05
-2.5069e-06
2.00559e-05
-2.5642e-06
2.05824e-05
2.10351e-05
-2.575e-06
1.68382e-07
3.89144e-08
-2.24484e-08
-6.48021e-08
-1.07542e-07
-1.51427e-07
-1.84979e-07
-2.31933e-07
-2.63832e-07
-2.99224e-07
-3.43669e-07
-3.87775e-07
-4.34025e-07
-4.80038e-07
-5.16196e-07
-5.5409e-07
-6.09861e-07
-6.46469e-07
-6.95835e-07
-7.21095e-07
-7.54748e-07
-7.80175e-07
-7.75627e-07
0.000105054
7.06394e-06
0.000102791
2.26286e-06
0.00010656
-3.76894e-06
-9.31873e-06
0.000115879
0.000106119
-2.67451e-06
0.000114729
-6.34717e-06
0.000121691
-1.07313e-05
-1.51193e-05
0.000127492
8.24838e-05
-7.42654e-06
8.63178e-05
-1.01811e-05
8.87144e-05
-1.31279e-05
-1.59197e-05
8.95148e-05
7.67504e-05
-9.86353e-06
7.86722e-05
-1.21029e-05
7.88819e-05
-1.33377e-05
-1.4112e-05
7.70743e-05
5.79023e-05
-1.81367e-05
6.50281e-05
-1.92287e-05
6.79727e-05
-1.62822e-05
-1.45593e-05
6.842e-05
-4.12074e-05
-6.36998e-06
-4.23903e-05
-1.80459e-05
-2.40195e-05
-3.4653e-05
-2.67394e-05
-1.18394e-05
3.22015e-05
1.39246e-05
-4.22664e-07
1.45782e-05
-4.66161e-05
1.15405e-05
6.06989e-06
-7.94254e-05
9.64572e-05
6.96577e-06
8.81036e-05
2.29317e-05
6.39443e-05
3.56998e-05
4.45198e-05
2.54944e-05
7.00576e-05
-6.26208e-06
8.27693e-05
1.022e-05
9.19439e-05
2.65252e-05
3.86104e-05
9.78533e-05
1.2594e-05
-1.31608e-05
2.35991e-05
-7.85057e-07
3.90788e-05
1.10455e-05
2.20762e-05
5.56131e-05
-4.16704e-05
-1.30471e-05
-3.67062e-05
-5.7493e-06
-2.76343e-05
1.97359e-06
8.22213e-06
-1.37803e-05
-5.85434e-05
-1.39524e-05
-5.46164e-05
-9.67634e-06
-4.73633e-05
-5.27947e-06
-1.40149e-06
-3.77397e-05
-7.09711e-05
-1.40442e-05
-6.94794e-05
-1.11681e-05
-6.71588e-05
-7.60004e-06
-3.8776e-06
-6.46828e-05
-8.51227e-05
-1.01979e-05
-8.8566e-05
-7.72484e-06
-9.13914e-05
-4.77476e-06
-1.84819e-06
-9.34209e-05
-8.04513e-05
-5.52628e-06
-8.4583e-05
-3.59321e-06
-8.78619e-05
-1.49599e-06
5.27095e-07
-9.02372e-05
-6.8553e-05
-2.19635e-06
-7.16259e-05
-5.20368e-07
-7.44589e-05
1.33694e-06
3.29939e-06
-7.72312e-05
-6.10146e-05
2.75855e-07
-6.32801e-05
1.7451e-06
-6.52895e-05
3.34634e-06
5.09199e-06
-6.70821e-05
-5.4498e-05
2.28578e-06
-5.62967e-05
3.54385e-06
-5.79102e-05
4.95985e-06
6.51558e-06
-5.93338e-05
-4.87914e-05
3.83683e-06
-5.01777e-05
4.9302e-06
-5.13988e-05
6.18084e-06
7.57373e-06
-5.24569e-05
-4.37052e-05
5.03659e-06
-4.47594e-05
5.98438e-06
-4.56604e-05
7.08178e-06
8.31009e-06
-4.63968e-05
-3.92232e-05
5.95704e-06
-4.00121e-05
6.77329e-06
-4.06578e-05
7.72737e-06
8.79034e-06
-4.11381e-05
-3.52985e-05
6.66689e-06
-3.5888e-05
7.36283e-06
-3.63416e-05
8.18084e-06
9.08501e-06
-3.66364e-05
-3.19116e-05
7.22333e-06
-3.23586e-05
7.80973e-06
-3.26792e-05
8.50138e-06
9.25658e-06
-3.28507e-05
-2.90264e-05
7.68392e-06
-2.93927e-05
8.17598e-06
-2.96478e-05
8.75639e-06
9.37452e-06
-2.97658e-05
-2.66152e-05
8.10027e-06
-2.69586e-05
8.51938e-06
-2.7209e-05
9.00678e-06
9.50441e-06
-2.7339e-05
-2.46031e-05
8.51864e-06
-2.497e-05
8.8862e-06
-2.52614e-05
9.29823e-06
9.69289e-06
-2.54499e-05
-2.28522e-05
8.97201e-06
-2.32767e-05
9.31068e-06
-2.36415e-05
9.66308e-06
9.97461e-06
-2.39233e-05
-2.1117e-05
9.47165e-06
-2.16049e-05
9.79858e-06
-2.20549e-05
1.01131e-05
1.0365e-05
-2.24453e-05
-1.91088e-05
9.99506e-06
-1.964e-05
1.03299e-05
-2.01549e-05
1.06279e-05
1.08492e-05
-2.0639e-05
-1.66241e-05
1.04844e-05
-1.71345e-05
1.08405e-05
-1.76507e-05
1.11442e-05
1.13608e-05
-1.81623e-05
-1.37518e-05
1.08593e-05
-1.41488e-05
1.12376e-05
-1.45663e-05
1.15617e-05
1.17942e-05
-1.49997e-05
-1.09454e-05
1.10556e-05
-1.11546e-05
1.14468e-05
-1.13782e-05
1.17853e-05
1.20393e-05
-1.16233e-05
-8.80685e-06
1.10688e-05
-8.80973e-06
1.14498e-05
-8.80454e-06
1.17802e-05
1.20355e-05
-8.8007e-06
-7.65813e-06
1.09523e-05
-7.50582e-06
1.12975e-05
-7.3176e-06
1.1592e-05
1.18288e-05
-7.11086e-06
-7.30055e-06
1.07788e-05
-7.07499e-06
1.1072e-05
-6.79907e-06
1.1316e-05
1.15148e-05
-6.4851e-06
-7.19685e-06
1.0594e-05
-6.96021e-06
1.08353e-05
-6.67107e-06
1.10269e-05
1.11838e-05
-6.34006e-06
-6.88878e-06
1.04298e-05
-6.66851e-06
1.0615e-05
-6.40204e-06
1.07604e-05
1.08804e-05
-6.09867e-06
-6.22498e-06
1.02928e-05
-6.03035e-06
1.04203e-05
-5.79405e-06
1.05241e-05
1.06038e-05
-5.51745e-06
-5.24838e-06
1.01778e-05
-5.0942e-06
1.02661e-05
-4.90641e-06
1.03364e-05
1.03836e-05
-4.68627e-06
-4.02907e-06
1.01074e-05
-3.9265e-06
1.01636e-05
-3.79222e-06
1.02021e-05
1.02084e-05
-3.61703e-06
-2.53305e-06
1.00655e-05
-2.46169e-06
1.00923e-05
-2.36366e-06
1.01041e-05
1.01019e-05
-2.25702e-06
-7.44945e-07
-7.18028e-07
-6.83078e-07
-6.21917e-07
0.000100566
-7.36912e-05
8.00682e-05
-0.000110467
5.42563e-05
-0.000133059
2.84691e-05
-0.000157587
0.00010898
0.00015658
0.00015168
0.000766336
8.68321e-05
0.000800676
-2.01633e-05
0.000892956
-0.000144875
0.000718378
-0.000283199
0.000447437
-0.000400575
0.000125626
-0.000435823
-0.000270969
-0.000345816
-0.000605218
-0.000197794
-0.000643812
-6.4388e-05
-0.000503701
3.77009e-05
-0.000387378
0.000118156
-0.000293126
-4.05161e-06
-0.000277236
-0.000335867
0.000114188
-6.03872e-05
8.83287e-05
-8.46078e-05
6.07372e-05
-0.000105467
3.96474e-05
-0.000136497
0.000100185
9.60419e-05
0.000243623
0.0006229
0.000288736
0.000755563
0.000286998
0.000894695
0.000201487
0.000803889
5.08745e-05
0.000598049
-8.23013e-05
0.000258802
-0.000157734
-0.000195537
-0.000147087
-0.000615865
-7.3007e-05
-0.000717892
3.14874e-06
-0.000579856
3.78279e-05
-0.000422057
7.88787e-05
-0.000334176
2.52412e-05
-0.000223598
-0.000310626
8.10589e-05
-5.19313e-05
6.34678e-05
-6.70167e-05
3.95028e-05
-8.15019e-05
1.73207e-05
-0.000114315
5.57562e-05
5.76061e-05
0.000209129
0.000469527
0.000306522
0.00065817
0.000356258
0.000844959
0.000324319
0.000835827
0.000252199
0.000670169
0.000175491
0.000335511
0.000125161
-0.000145208
0.000106773
-0.000597477
0.000102046
-0.000713165
0.000103391
-0.000581201
8.00232e-05
-0.000398689
4.15665e-05
-0.00029572
2.37375e-05
-0.000205769
-0.000286889
6.61385e-05
-4.09955e-05
4.91456e-05
-5.00238e-05
2.19151e-05
-5.42715e-05
-4.4615e-06
-8.79388e-05
1.71038e-05
3.60405e-05
0.000150793
0.000335838
0.000261558
0.000547405
0.000335664
0.000770853
0.000374099
0.000797392
0.000385409
0.000658859
0.000394619
0.000326301
0.000401502
-0.000152091
0.000362183
-0.000558158
0.0002809
-0.000631881
0.000205238
-0.000505539
0.000132327
-0.000325778
5.82497e-05
-0.000221643
2.35599e-05
-0.00017108
-0.000263329
6.3062e-05
-3.56375e-05
4.63237e-05
-3.32855e-05
1.81339e-05
-2.60816e-05
-3.50296e-05
-3.47752e-05
3.3143e-05
-3.21319e-05
0.000174501
0.00019448
0.000315103
0.000406804
0.000425342
0.000660614
0.000502794
0.00071994
0.000576065
0.000585588
0.000644219
0.000258146
0.000660627
-0.000168499
0.000564359
-0.00046189
0.000405991
-0.000473513
0.000268374
-0.000367922
0.000154577
-0.000211981
4.91335e-05
-0.000116199
2.67814e-05
-0.000148728
-0.000236547
2.87304e-05
-7.62073e-05
4.27459e-05
-4.7301e-05
3.07203e-05
-1.4056e-05
-1.97167e-05
1.56618e-05
-6.56271e-05
1.37786e-05
0.000123044
5.80901e-06
0.000389033
0.000140815
0.000614208
0.000435439
0.000751674
0.000582473
0.000846935
0.000490327
0.000878245
0.000226836
0.0008075
-9.77541e-05
0.000642867
-0.000297257
0.000428095
-0.000258742
0.000256506
-0.000196332
0.000126464
-8.19394e-05
5.32511e-05
-4.29866e-05
3.03482e-05
-0.000125825
-0.000206199
-7.94758e-05
-7.61568e-05
-8.24071e-06
-0.000118536
3.87615e-05
-6.10582e-05
3.89184e-05
1.55049e-05
1.12667e-05
4.14303e-05
-2.60195e-05
4.3095e-05
6.15902e-05
5.3205e-05
0.000393979
0.00010305
0.000748739
0.000227713
0.000895985
0.000343082
0.000857674
0.000265147
0.000697547
6.23733e-05
0.00049779
-9.75003e-05
0.000357218
-0.00011817
0.000167976
-7.08941e-06
7.06814e-05
1.53549e-05
5.69921e-05
-2.92982e-05
3.80445e-05
-0.000106877
-0.000168155
-5.57308e-05
5.06831e-06
-8.85544e-05
-8.57124e-05
-5.42725e-05
-9.53402e-05
3.62074e-05
-7.4975e-05
5.81319e-05
1.95058e-05
4.47901e-05
5.64369e-05
3.4511e-05
6.3484e-05
6.81229e-05
6.94378e-05
0.00020567
9.01664e-05
0.000408504
0.000140248
0.000522052
0.000151599
0.000480369
0.000104057
0.000315942
6.69265e-05
0.000144686
5.30863e-05
0.000102989
3.46078e-05
0.000104001
1.43428e-05
9.09603e-05
-1.62574e-05
5.53222e-05
-7.12392e-05
-0.000112832
5.34106e-05
4.9511e-05
-1.23852e-05
-1.99167e-05
-3.45413e-05
-7.3184e-05
-2.98391e-05
-7.96772e-05
4.3447e-05
-5.37803e-05
7.59719e-05
2.39119e-05
8.16007e-05
5.78553e-05
7.5288e-05
7.57505e-05
8.20176e-05
8.34368e-05
0.000123687
9.85785e-05
0.000161448
0.000113838
0.000160973
0.000104532
0.000147023
8.0876e-05
0.00014613
5.39795e-05
0.000152763
2.79749e-05
0.000154758
1.23477e-05
0.00013451
3.99032e-06
7.77347e-05
-1.44634e-05
-3.50977e-05
6.48183e-05
4.03059e-05
4.91478e-05
-4.24619e-06
1.17692e-05
-3.58055e-05
-1.78312e-05
-5.00768e-05
-2.89089e-05
-4.27025e-05
2.01901e-05
-2.51871e-05
8.55494e-05
-7.50403e-06
0.00010738
5.39199e-05
0.000111767
7.90494e-05
0.000117542
9.28039e-05
0.000130983
0.000100397
0.000143233
9.22821e-05
0.000162499
6.16099e-05
0.000183349
3.31292e-05
0.000194559
1.67653e-05
0.00018832
1.85862e-05
0.00015266
3.965e-05
8.49413e-05
5.32557e-05
4.98436e-05
5.20643e-06
2.13192e-05
9.97767e-06
-9.01747e-06
7.16941e-06
-3.29972e-05
-1.38516e-05
-2.90557e-05
-3.90346e-05
-1.75195e-05
-3.06818e-05
-3.35398e-05
2.00175e-05
-5.82034e-05
6.51679e-05
8.76952e-06
9.79713e-05
4.6246e-05
0.000122498
6.82777e-05
0.000138351
8.45435e-05
0.000129106
0.000101527
0.000116535
7.41804e-05
0.000141076
8.58779e-06
0.000157501
3.41216e-07
0.00014087
3.52166e-05
9.42343e-05
8.6286e-05
5.01015e-05
9.73886e-05
9.99451e-05
-1.64053e-05
-1.52569e-08
-1.83328e-05
-7.09004e-06
-4.74208e-05
-3.90909e-06
-8.49282e-05
8.45166e-06
-0.000123408
2.09605e-05
-0.000192366
3.54184e-05
-0.000323885
7.33156e-05
-0.000442604
0.000127489
-0.000498245
0.000101887
-0.000438685
8.71774e-06
-0.000367093
1.29515e-05
-0.000350121
8.45547e-05
-0.000242876
-3.3064e-05
-0.000148655
-8.56332e-05
-8.18747e-05
-6.64393e-05
-2.61963e-05
-2.04619e-05
1.27301e-05
4.73597e-05
1.20576e-05
9.80611e-05
0.000112003
-6.30624e-05
-1.63567e-06
-7.63019e-05
6.14945e-06
-0.000101133
2.09218e-05
-0.000124539
3.18582e-05
-0.000142989
3.94106e-05
-0.00016683
5.9259e-05
-0.000210837
0.000117323
-0.000266314
0.000182966
-0.000325029
0.000160602
-0.000372791
5.64797e-05
-0.000363159
3.31909e-06
-0.000294164
1.55598e-05
-0.000174651
-0.000152577
-0.000128562
-0.000131723
-0.000100348
-9.46533e-05
-6.58549e-05
-5.49546e-05
-2.77526e-05
9.25731e-06
-1.08674e-05
8.1176e-05
0.000101135
-0.000100171
5.11451e-06
-0.000110282
1.62603e-05
-0.000117248
2.78876e-05
-0.00012395
3.85606e-05
-0.000130598
4.60582e-05
-0.000132132
6.07931e-05
-0.000120042
0.000105234
-0.000109743
0.000172666
-0.000142611
0.00019347
-0.000214104
0.000127973
-0.000268513
5.77284e-05
-0.000240488
-1.2466e-05
-0.0001704
-0.000222664
-0.000142193
-0.00015993
-0.000114186
-0.00012266
-7.78602e-05
-9.12803e-05
-3.82938e-05
-3.0309e-05
-1.4208e-05
5.70901e-05
8.69273e-05
-9.51223e-05
9.99962e-06
-0.000100669
2.18071e-05
-0.000105548
3.27667e-05
-0.000108565
4.15777e-05
-0.000111051
4.85442e-05
-0.000109076
5.88174e-05
-8.90034e-05
8.51614e-05
-5.08718e-05
0.000134535
-3.70221e-05
0.00017962
-7.67873e-05
0.000167738
-0.000114545
9.54862e-05
-0.000113054
-1.39572e-05
-0.000143163
-0.000192555
-0.000154451
-0.000148641
-0.000129251
-0.000147861
-7.41185e-05
-0.000146413
-3.00457e-05
-7.43818e-05
-7.37646e-06
3.44209e-05
7.95508e-05
-8.25583e-05
1.53266e-05
-8.66614e-05
2.59102e-05
-8.93669e-05
3.54721e-05
-9.08186e-05
4.30294e-05
-9.1203e-05
4.89286e-05
-8.85461e-05
5.61604e-05
-7.41868e-05
7.08022e-05
-3.89471e-05
9.92951e-05
3.09681e-06
0.000137577
1.41536e-05
0.000156681
-6.40124e-06
0.000116041
-1.74169e-05
-2.9415e-06
-8.32945e-05
-0.000126677
-0.000108733
-0.000123203
-8.95163e-05
-0.000167077
-5.14846e-05
-0.000184444
-2.04137e-05
-0.000105453
-3.6965e-06
1.77036e-05
7.58543e-05
-7.08824e-05
1.91269e-05
-7.39351e-05
2.89629e-05
-7.58016e-05
3.73386e-05
-7.60623e-05
4.32901e-05
-7.43987e-05
4.72651e-05
-6.98398e-05
5.16015e-05
-5.87193e-05
5.96819e-05
-3.37982e-05
7.43741e-05
8.13416e-06
9.56445e-05
5.06684e-05
0.000114147
6.59187e-05
0.000100791
4.25748e-05
2.04025e-05
-1.81522e-05
-6.59503e-05
-3.91298e-05
-0.000102225
-2.36854e-05
-0.000182522
-2.96323e-05
-0.000178497
-1.93442e-05
-0.000115741
-7.30049e-06
5.65994e-06
6.85538e-05
-6.19942e-05
2.17871e-05
-6.38057e-05
3.07744e-05
-6.46325e-05
3.81653e-05
-6.38522e-05
4.25097e-05
-6.07397e-05
4.41526e-05
-5.45955e-05
4.54573e-05
-4.44352e-05
4.95217e-05
-2.79196e-05
5.78586e-05
-1.06984e-06
6.87949e-05
3.51633e-05
7.7914e-05
6.03522e-05
7.56023e-05
4.57917e-05
3.49632e-05
-2.63871e-07
-1.98947e-05
-2.23066e-05
-8.01825e-05
-2.73922e-05
-0.000177436
-3.60489e-05
-0.000169841
-2.96119e-05
-0.000122178
-1.64045e-05
-7.54746e-06
5.21493e-05
-5.42729e-05
2.36031e-05
-5.51122e-05
3.16136e-05
-5.48568e-05
3.79098e-05
-5.30607e-05
4.07136e-05
-4.90686e-05
4.01604e-05
-4.23685e-05
3.87573e-05
-3.29957e-05
4.0149e-05
-2.16066e-05
4.64697e-05
-8.54379e-06
5.57323e-05
6.70181e-06
6.26686e-05
1.99019e-05
6.24024e-05
7.8644e-06
4.70007e-05
-2.88152e-05
1.67849e-05
-4.93464e-05
-5.96513e-05
-5.77624e-05
-0.00016902
-6.5301e-05
-0.000162302
-5.50055e-05
-0.000132473
-2.58291e-05
-3.67239e-05
2.63202e-05
-4.74296e-05
2.46358e-05
-4.7421e-05
3.16049e-05
-4.62433e-05
3.67321e-05
-4.35801e-05
3.80503e-05
-3.89489e-05
3.55292e-05
-3.20786e-05
3.18871e-05
-2.36579e-05
3.17284e-05
-1.56377e-05
3.84497e-05
-1.05798e-05
5.06745e-05
-1.02671e-05
6.23561e-05
-1.59375e-05
6.80728e-05
-3.69953e-05
6.80586e-05
-7.03707e-05
5.01601e-05
-8.79467e-05
-4.20754e-05
-9.03423e-05
-0.000166625
-9.57576e-05
-0.000156887
-9.55136e-05
-0.000132717
-5.06427e-05
-8.15948e-05
-2.43225e-05
-4.15288e-05
2.50265e-05
-4.07902e-05
3.08662e-05
-3.88223e-05
3.47641e-05
-3.53863e-05
3.46142e-05
-3.0085e-05
3.02279e-05
-2.29728e-05
2.47749e-05
-1.53685e-05
2.41243e-05
-1.00958e-05
3.31771e-05
-1.05115e-05
5.10903e-05
-1.85152e-05
7.03598e-05
-3.71322e-05
8.66898e-05
-6.89355e-05
9.98619e-05
-0.000103463
8.46874e-05
-0.000115718
-2.98204e-05
-0.000109387
-0.000172956
-0.000102423
-0.00016385
-0.000101525
-0.000133615
-6.38792e-05
-0.000119241
-8.82017e-05
-3.65641e-05
2.49541e-05
-3.53031e-05
2.96051e-05
-3.26897e-05
3.21505e-05
-2.84323e-05
3.03569e-05
-2.21576e-05
2.39532e-05
-1.44026e-05
1.702e-05
-7.4114e-06
1.71331e-05
-4.78492e-06
3.05507e-05
-9.27689e-06
5.55823e-05
-2.27586e-05
8.38415e-05
-4.92056e-05
0.000113137
-8.9386e-05
0.000140042
-0.000129437
0.000124738
-0.000141778
-1.74795e-05
-0.000117916
-0.000196818
-8.4625e-05
-0.000197141
-5.60243e-05
-0.000162216
-3.07559e-05
-0.000144509
-0.000118958
-3.25157e-05
2.4619e-05
-3.10004e-05
2.80897e-05
-2.8021e-05
2.9171e-05
-2.3066e-05
2.54019e-05
-1.57709e-05
1.66581e-05
-7.33603e-06
8.58527e-06
-1.06876e-06
1.08659e-05
-2.89957e-07
2.97719e-05
-6.70325e-06
6.19955e-05
-2.23259e-05
9.94641e-05
-5.00177e-05
0.000140828
-9.03915e-05
0.000180416
-0.000134558
0.000168904
-0.000180521
2.84838e-05
-0.000141143
-0.000236195
-8.26926e-05
-0.000255591
-3.7194e-05
-0.000207715
-4.89937e-06
-0.000176804
-0.000123857
-2.93495e-05
2.42027e-05
-2.77986e-05
2.65387e-05
-2.47217e-05
2.6094e-05
-1.94463e-05
2.01265e-05
-1.16761e-05
8.88777e-06
-3.47487e-06
3.84103e-07
2.01924e-06
5.37171e-06
2.82336e-06
2.89677e-05
-3.0563e-06
6.78751e-05
-1.70502e-05
0.000113458
-4.00512e-05
0.000163829
-7.02467e-05
0.000210611
-0.000100788
0.000199445
-0.000123444
5.11403e-05
-0.000147414
-0.000212225
-0.000110275
-0.00029273
-4.89562e-05
-0.000269034
-4.45457e-06
-0.000221305
-0.000128312
-2.70147e-05
2.38784e-05
-2.56156e-05
2.51395e-05
-2.27849e-05
2.32632e-05
-1.78172e-05
1.51588e-05
-1.06637e-05
1.73427e-06
-3.48981e-06
-6.78985e-06
1.95762e-06
-7.57833e-08
4.74026e-06
2.61851e-05
1.70979e-06
7.09055e-05
-9.09166e-06
0.000124259
-2.56695e-05
0.000180407
-4.45245e-05
0.000229466
-5.86036e-05
0.000213524
-7.20977e-05
6.46344e-05
-0.000110349
-0.000173974
-0.000108788
-0.000294291
-7.48637e-05
-0.000302958
-2.07043e-05
-0.000275465
-0.000149016
-2.5358e-05
2.37864e-05
-2.44166e-05
2.4198e-05
-2.23761e-05
2.12226e-05
-1.85782e-05
1.13609e-05
-1.31135e-05
-3.73049e-06
-7.19647e-06
-1.27069e-05
-1.36407e-06
-5.90824e-06
3.78305e-06
2.10379e-05
4.21606e-06
7.04723e-05
-2.14775e-06
0.000130623
-1.19106e-05
0.00019017
-2.09738e-05
0.00023853
-2.84815e-05
0.000221032
-4.45162e-05
8.06691e-05
-7.87049e-05
-0.000139785
-9.35617e-05
-0.000279434
-7.36634e-05
-0.000322857
-3.18624e-05
-0.000317266
-0.000180878
-2.42201e-05
2.40832e-05
-2.40217e-05
2.39995e-05
-2.33673e-05
2.05682e-05
-2.16196e-05
9.6131e-06
-1.85691e-05
-6.78106e-06
-1.51219e-05
-1.61541e-05
-1.05011e-05
-1.05292e-05
-4.4926e-06
1.50293e-05
-1.07582e-06
6.70555e-05
-2.51158e-06
0.000132059
-5.16885e-06
0.000192827
-4.19861e-06
0.000237559
-2.8954e-06
0.000219729
-8.80397e-06
8.65777e-05
-3.36205e-05
-0.000114968
-5.31439e-05
-0.000259911
-3.27163e-05
-0.000343284
-1.82856e-05
-0.000331696
-0.000199164
-2.32037e-05
2.48415e-05
-2.39271e-05
2.47229e-05
-2.49462e-05
2.15872e-05
-2.56804e-05
1.03473e-05
-2.56844e-05
-6.77725e-06
-2.65382e-05
-1.53003e-05
-2.71918e-05
-9.87558e-06
-2.38287e-05
1.16662e-05
-1.85701e-05
6.17968e-05
-1.53256e-05
0.000128814
-1.11022e-05
0.000188604
2.48657e-07
0.000226209
1.51341e-05
0.000204843
2.16504e-05
8.00616e-05
1.26121e-05
-0.00010593
5.48668e-06
-0.000252786
1.48668e-05
-0.000352664
1.40548e-05
-0.000330884
-0.000185109
-2.17821e-05
2.59846e-05
-2.32559e-05
2.61966e-05
-2.57237e-05
2.4055e-05
-2.88797e-05
1.35032e-05
-3.1975e-05
-3.68198e-06
-3.75699e-05
-9.70542e-06
-4.6669e-05
-7.76445e-07
-5.02256e-05
1.52229e-05
-4.68264e-05
5.83976e-05
-4.05007e-05
0.000122488
-3.04265e-05
0.000178529
-1.10438e-05
0.000206826
1.52936e-05
0.000178506
3.78512e-05
5.75039e-05
4.73731e-05
-0.000115452
4.00196e-05
-0.000245432
4.35518e-05
-0.000356196
3.08882e-05
-0.000318221
-0.000154221
-1.94644e-05
2.72866e-05
-2.12225e-05
2.79545e-05
-2.43735e-05
2.7206e-05
-2.96823e-05
1.8812e-05
-3.55906e-05
2.22641e-06
-4.43518e-05
-9.44144e-07
-5.9847e-05
1.47188e-05
-7.46411e-05
3.00169e-05
-7.73183e-05
6.10748e-05
-6.99294e-05
0.000115099
-5.47151e-05
0.000163315
-2.80583e-05
0.000180169
8.49835e-06
0.000141949
4.5498e-05
2.05043e-05
6.12248e-05
-0.000131179
4.96111e-05
-0.000233818
3.65332e-05
-0.000343118
2.7996e-05
-0.000309684
-0.000126225
-1.61454e-05
2.84323e-05
-1.76914e-05
2.95005e-05
-2.06373e-05
3.01519e-05
-2.73839e-05
2.55585e-05
-3.66491e-05
1.14917e-05
-4.52936e-05
7.70031e-06
-6.00688e-05
2.94941e-05
-8.20645e-05
5.20126e-05
-9.36939e-05
7.27042e-05
-8.75264e-05
0.000108932
-6.71545e-05
0.000142943
-3.2494e-05
0.000145508
1.5447e-05
9.40083e-05
5.81134e-05
-2.21621e-05
6.97875e-05
-0.000142853
5.69871e-05
-0.000221018
1.81347e-05
-0.000304266
2.31255e-05
-0.000314674
-0.000103099
-1.23201e-05
2.91292e-05
-1.33361e-05
3.05165e-05
-1.53132e-05
3.2129e-05
-2.15435e-05
3.17888e-05
-3.34908e-05
2.34391e-05
-4.29914e-05
1.72009e-05
-4.87239e-05
3.52267e-05
-6.2917e-05
6.62059e-05
-7.75809e-05
8.73682e-05
-7.45262e-05
0.000105877
-5.08356e-05
0.000119253
-1.05245e-05
0.000105197
4.14837e-05
4.20002e-05
7.6535e-05
-5.72134e-05
8.83815e-05
-0.000154699
8.37254e-05
-0.000216361
3.87596e-05
-0.0002593
1.95748e-05
-0.00029549
-8.35245e-05
-8.83801e-06
2.91665e-05
-9.08536e-06
3.07638e-05
-9.73863e-06
3.27822e-05
-1.2943e-05
3.49932e-05
-2.31033e-05
3.35994e-05
-3.50911e-05
2.91888e-05
-3.66744e-05
3.68101e-05
-3.36203e-05
6.31517e-05
-3.50085e-05
8.87564e-05
-2.94017e-05
0.000100271
-6.32413e-06
9.61751e-05
3.29555e-05
6.59179e-05
7.13543e-05
3.60145e-06
9.43506e-05
-8.02096e-05
0.000114094
-0.000174443
0.000121926
-0.000224193
8.60551e-05
-0.000223429
2.75575e-05
-0.000236992
-5.5967e-05
-6.54904e-06
2.86046e-05
-5.97232e-06
3.0187e-05
-5.44888e-06
3.22588e-05
-5.29455e-06
3.48389e-05
-9.23254e-06
3.75374e-05
-1.85137e-05
3.847e-05
-2.26345e-05
4.09311e-05
-1.36438e-05
5.4161e-05
5.82381e-07
7.45303e-05
1.62579e-05
8.45951e-05
3.89567e-05
7.34763e-05
6.79007e-05
3.6974e-05
9.27023e-05
-2.12001e-05
0.000106858
-9.43652e-05
0.000128359
-0.000195944
0.000126442
-0.000222275
0.000102239
-0.000199226
3.66533e-05
-0.000171406
-1.93137e-05
-5.5952e-06
2.77147e-05
-4.45244e-06
2.90442e-05
-3.16654e-06
3.09729e-05
-1.01785e-06
3.26903e-05
3.48477e-07
3.61712e-05
-1.30614e-06
4.01247e-05
-2.85544e-06
4.24804e-05
3.11605e-06
4.81896e-05
1.90452e-05
5.86012e-05
3.88853e-05
6.4755e-05
5.98506e-05
5.25112e-05
8.00139e-05
1.68107e-05
0.000105011
-4.61971e-05
0.000128806
-0.00011816
0.000138058
-0.000205196
0.000120577
-0.000204794
8.99024e-05
-0.000168552
3.12005e-05
-0.000112705
1.18868e-05
-5.36426e-06
2.67389e-05
-4.0419e-06
2.77218e-05
-2.4227e-06
2.93538e-05
2.30007e-07
3.00377e-05
3.40382e-06
3.29975e-05
7.37608e-06
3.61525e-05
1.16432e-05
3.82133e-05
1.80007e-05
4.18322e-05
2.97283e-05
4.68736e-05
4.48702e-05
4.96132e-05
5.77464e-05
3.9635e-05
7.57814e-05
-1.22425e-06
0.000106283
-7.66986e-05
0.000135307
-0.000147184
0.000134245
-0.000204134
0.000110575
-0.000181124
8.48302e-05
-0.000142807
2.92317e-05
-5.7106e-05
4.11185e-05
-5.18211e-06
2.58223e-05
-3.91906e-06
2.64589e-05
-2.17713e-06
2.76119e-05
2.77877e-07
2.75827e-05
3.54731e-06
2.97281e-05
9.59284e-06
3.0107e-05
1.69352e-05
3.0871e-05
2.36358e-05
3.51316e-05
3.20297e-05
3.84797e-05
4.08382e-05
4.08048e-05
5.21376e-05
2.83356e-05
7.87181e-05
-2.78047e-05
9.84189e-05
-9.63994e-05
0.000109694
-0.000158459
0.000112771
-0.000207212
8.90758e-05
-0.000157429
6.27941e-05
-0.000116526
2.0548e-05
-1.48599e-05
6.16664e-05
-4.72826e-06
2.50331e-05
-3.61035e-06
2.53411e-05
-1.82434e-06
2.5826e-05
2.5758e-07
2.55008e-05
4.10828e-06
2.58775e-05
9.19827e-06
2.5017e-05
1.7462e-05
2.26073e-05
2.66621e-05
2.59315e-05
3.38995e-05
3.12424e-05
3.83608e-05
3.63435e-05
6.01929e-05
6.50345e-06
8.21531e-05
-4.97649e-05
8.30405e-05
-9.72868e-05
7.38598e-05
-0.000149278
7.55078e-05
-0.00020886
7.20087e-05
-0.00015393
3.83015e-05
-8.28184e-05
7.98261e-06
1.5459e-05
6.9649e-05
-4.03245e-06
2.43793e-05
-3.06101e-06
2.43697e-05
-1.2855e-06
2.40505e-05
6.28446e-07
2.35869e-05
5.12017e-06
2.13858e-05
8.92562e-06
2.12115e-05
1.76865e-05
1.38465e-05
3.19147e-05
1.17034e-05
4.27835e-05
2.03736e-05
4.40896e-05
3.50375e-05
7.18113e-05
-2.12183e-05
6.81997e-05
-4.61532e-05
6.04791e-05
-8.95663e-05
6.08986e-05
-0.000149698
4.61161e-05
-0.000194077
6.61902e-05
-0.000174004
4.44898e-05
-6.1118e-05
1.36313e-05
4.63175e-05
8.32804e-05
-3.11005e-06
2.38724e-05
-2.2932e-06
2.35529e-05
-7.59838e-07
2.25172e-05
1.23818e-06
2.1589e-05
5.06047e-06
1.75635e-05
9.69987e-06
1.65721e-05
1.60923e-05
7.45403e-06
2.86573e-05
-8.61603e-07
4.31169e-05
5.91396e-06
5.36258e-05
2.45286e-05
8.58172e-05
-5.34097e-05
4.26655e-05
-3.00159e-06
3.31516e-05
-8.00525e-05
4.7777e-05
-0.000164323
2.73539e-05
-0.000173654
5.0125e-05
-0.000196775
3.13459e-05
-4.23389e-05
-4.80326e-06
8.24667e-05
7.84771e-05
-1.90363e-06
2.3519e-05
-1.3098e-06
2.29591e-05
-2.65481e-07
2.14729e-05
1.33765e-06
1.99859e-05
3.59546e-06
1.53057e-05
7.78767e-06
1.23799e-05
1.16379e-05
3.60376e-06
1.96085e-05
-8.83216e-06
3.49883e-05
-9.46581e-06
6.50936e-05
-5.57671e-06
0.00011522
-0.000103536
1.80108e-05
9.42073e-05
-3.11886e-07
-6.17299e-05
2.69312e-05
-0.000191566
2.01034e-05
-0.000166826
1.75915e-05
-0.000194263
3.99298e-05
-6.46773e-05
0.000129196
-6.79898e-06
0.000207673
-4.67848e-07
-2.20546e-07
1.95029e-07
8.74475e-07
1.72492e-06
3.56162e-06
5.56137e-06
9.66164e-06
2.12435e-05
4.33946e-05
7.41542e-05
6.51468e-06
-3.78844e-06
5.91065e-06
2.18995e-05
2.46441e-05
0.000176514
0.000407293
)
;

boundaryField
{
    leftWall
    {
        type            calculated;
        value           uniform 0;
    }
    rightWall
    {
        type            calculated;
        value           uniform 0;
    }
    lowerWall
    {
        type            calculated;
        value           uniform 0;
    }
    atmosphere
    {
        type            calculated;
        value           nonuniform List<scalar> 
46
(
1.30018e-05
1.16131e-05
1.20466e-05
1.18313e-05
1.20458e-05
1.21794e-05
1.24238e-05
1.27235e-05
1.30828e-05
1.34959e-05
1.3963e-05
1.44793e-05
1.50378e-05
1.56314e-05
1.62531e-05
1.68967e-05
1.75534e-05
1.82195e-05
1.88724e-05
1.95048e-05
2.00895e-05
2.06078e-05
2.10306e-05
1.00348e-05
1.00654e-05
1.00692e-05
1.00406e-05
2.3365e-05
2.27118e-05
2.10573e-05
1.93065e-05
1.44553e-05
1.05432e-05
1.60397e-06
-1.29324e-05
-2.10477e-05
-2.77278e-05
-0.000134295
0.000161847
-5.14269e-05
-0.000201266
-0.000182815
-0.000197008
-0.000216547
-0.000237578
0.000614966
)
;
    }
    defaultFaces
    {
        type            empty;
        value           nonuniform List<scalar> 0();
    }
}


// ************************************************************************* //
