/*--------------------------------*- C++ -*----------------------------------*\
| =========                 |                                                 |
| \\      /  F ield         | OpenFOAM: The Open Source CFD Toolbox           |
|  \\    /   O peration     | Version:  2206                                  |
|   \\  /    A nd           | Website:  www.openfoam.com                      |
|    \\/     M anipulation  |                                                 |
\*---------------------------------------------------------------------------*/
FoamFile
{
    version     2.0;
    format      ascii;
    arch        "LSB;label=32;scalar=64";
    class       volVectorField;
    location    "0.1";
    object      U;
}
// * * * * * * * * * * * * * * * * * * * * * * * * * * * * * * * * * * * * * //

dimensions      [0 1 -1 0 0 0 0];

internalField   nonuniform List<vector> 
2268
(
(0.0207994 -0.0403323 0)
(0.0673818 -0.0500169 0)
(0.117868 -0.048085 0)
(0.167333 -0.0472991 0)
(0.216341 -0.0479248 0)
(0.266249 -0.0490941 0)
(0.317532 -0.0505052 0)
(0.370352 -0.0521188 0)
(0.424847 -0.053929 0)
(0.481352 -0.0559044 0)
(0.539687 -0.0579581 0)
(0.600433 -0.0600195 0)
(0.662978 -0.0616438 0)
(0.726743 -0.0625967 0)
(0.791862 -0.0622693 0)
(0.8561 -0.0592087 0)
(0.915191 -0.0506106 0)
(0.9652 -0.0304601 0)
(0.997441 0.0062234 0)
(1.014 0.0687848 0)
(1.00009 0.147747 0)
(0.891919 0.186303 0)
(0.555598 0.375358 0)
(0.0207303 -0.120527 0)
(0.0666348 -0.147975 0)
(0.115943 -0.142314 0)
(0.164257 -0.140329 0)
(0.212365 -0.142333 0)
(0.261463 -0.145844 0)
(0.311938 -0.150076 0)
(0.363994 -0.154964 0)
(0.417851 -0.160532 0)
(0.473976 -0.166752 0)
(0.532344 -0.1735 0)
(0.594038 -0.180736 0)
(0.658755 -0.187549 0)
(0.727144 -0.194327 0)
(0.801357 -0.199922 0)
(0.881154 -0.200342 0)
(0.966167 -0.193789 0)
(1.06064 -0.175875 0)
(1.17557 -0.148459 0)
(1.27238 -0.105732 0)
(1.29509 0.0781648 0)
(1.14767 0.585361 0)
(0.683421 1.55517 0)
(0.0205205 -0.200381 0)
(0.0649089 -0.242505 0)
(0.111901 -0.233333 0)
(0.158075 -0.230804 0)
(0.20438 -0.234372 0)
(0.251725 -0.240186 0)
(0.300387 -0.247207 0)
(0.350604 -0.25543 0)
(0.402657 -0.264974 0)
(0.457094 -0.275917 0)
(0.513955 -0.288299 0)
(0.574718 -0.302309 0)
(0.638959 -0.317261 0)
(0.708107 -0.335148 0)
(0.785155 -0.353811 0)
(0.870002 -0.36914 0)
(0.960151 -0.390254 0)
(1.0566 -0.431053 0)
(1.16987 -0.461296 0)
(1.27895 -0.262969 0)
(1.18516 0.583312 0)
(0.823966 1.51052 0)
(0.504423 3.03983 0)
(0.020045 -0.278549 0)
(0.062095 -0.331151 0)
(0.105817 -0.318931 0)
(0.149014 -0.316631 0)
(0.19264 -0.321857 0)
(0.237246 -0.329783 0)
(0.282995 -0.339361 0)
(0.330119 -0.350706 0)
(0.378889 -0.364037 0)
(0.429811 -0.379558 0)
(0.482823 -0.397504 0)
(0.539591 -0.418292 0)
(0.598904 -0.4416 0)
(0.66256 -0.470859 0)
(0.734161 -0.501041 0)
(0.809903 -0.532322 0)
(0.874985 -0.588156 0)
(0.941335 -0.672788 0)
(1.04805 -0.673388 0)
(1.12126 -0.037019 0)
(0.957483 1.30316 0)
(0.571016 2.67461 0)
(0.384931 4.22877 0)
(0.0191995 -0.353762 0)
(0.0581507 -0.412358 0)
(0.0978819 -0.397842 0)
(0.137443 -0.396434 0)
(0.177606 -0.403217 0)
(0.218569 -0.412884 0)
(0.260408 -0.424567 0)
(0.303315 -0.438488 0)
(0.347484 -0.454924 0)
(0.393302 -0.474153 0)
(0.440521 -0.496519 0)
(0.490874 -0.522537 0)
(0.541885 -0.552164 0)
(0.59642 -0.589448 0)
(0.658671 -0.625442 0)
(0.712303 -0.670676 0)
(0.737667 -0.756973 0)
(0.805149 -0.844477 0)
(0.912375 -0.761009 0)
(0.915842 0.335528 0)
(0.818404 1.71369 0)
(0.371562 3.27487 0)
(0.22392 4.99778 0)
(0.0179653 -0.424603 0)
(0.0531976 -0.484995 0)
(0.0884559 -0.469146 0)
(0.123913 -0.469049 0)
(0.160001 -0.477096 0)
(0.19664 -0.488016 0)
(0.233849 -0.50121 0)
(0.27176 -0.516954 0)
(0.310465 -0.535527 0)
(0.350208 -0.55721 0)
(0.390551 -0.582348 0)
(0.433232 -0.61144 0)
(0.474323 -0.644527 0)
(0.519209 -0.685528 0)
(0.569662 -0.722123 0)
(0.59034 -0.780523 0)
(0.599316 -0.883724 0)
(0.679144 -0.950933 0)
(0.728414 -0.670539 0)
(0.674887 0.684081 0)
(0.522279 2.18952 0)
(0.00223417 4.19942 0)
(0.0276765 5.05857 0)
(0.0163807 -0.489353 0)
(0.0474212 -0.547972 0)
(0.0779096 -0.531866 0)
(0.108944 -0.533225 0)
(0.140522 -0.54213 0)
(0.172388 -0.553787 0)
(0.204534 -0.567867 0)
(0.237026 -0.584646 0)
(0.269866 -0.604359 0)
(0.303194 -0.627248 0)
(0.336412 -0.653583 0)
(0.371345 -0.683792 0)
(0.402673 -0.717782 0)
(0.43956 -0.758884 0)
(0.475617 -0.793438 0)
(0.467243 -0.863034 0)
(0.487794 -0.961562 0)
(0.556649 -0.96189 0)
(0.496565 -0.510598 0)
(0.126514 1.07147 0)
(-0.0450555 2.79903 0)
(-0.325975 4.63802 0)
(-0.141539 4.49894 0)
(0.0145253 -0.546907 0)
(0.0410385 -0.601003 0)
(0.066596 -0.585622 0)
(0.0930339 -0.588331 0)
(0.119835 -0.597635 0)
(0.146688 -0.609526 0)
(0.173574 -0.623891 0)
(0.2005 -0.640966 0)
(0.2274 -0.66093 0)
(0.254364 -0.683967 0)
(0.280653 -0.710272 0)
(0.308395 -0.740157 0)
(0.330886 -0.77348 0)
(0.361626 -0.812699 0)
(0.382338 -0.845475 0)
(0.360957 -0.922265 0)
(0.397913 -0.997909 0)
(0.426151 -0.783181 0)
(0.168948 0.168959 0)
(-0.373975 1.43883 0)
(-0.357394 2.91697 0)
(-0.409891 4.46662 0)
(-0.16045 3.75072 0)
(0.00415828 -0.00445867 0)
(0.0125167 -0.00443424 0)
(0.020369 -0.00392569 0)
(0.0271241 -0.00328617 0)
(0.032559 -0.00253339 0)
(0.0365338 -0.00173687 0)
(0.0390241 -0.00095735 0)
(0.0401033 -0.000232671 0)
(0.0398853 0.00040367 0)
(0.0386069 0.000938563 0)
(0.0364293 0.00137883 0)
(0.0335149 0.00173475 0)
(0.0300114 0.00201692 0)
(0.0260452 0.00223607 0)
(0.0217234 0.00240233 0)
(0.0171356 0.00252451 0)
(0.0123567 0.00260972 0)
(0.00745236 0.00266307 0)
(0.00248151 0.00267856 0)
(0.00436628 -0.0136326 0)
(0.0132663 -0.0136682 0)
(0.0216495 -0.0120737 0)
(0.0287848 -0.0100607 0)
(0.0344301 -0.00770258 0)
(0.0384604 -0.00522935 0)
(0.04089 -0.00283698 0)
(0.0418314 -0.000653842 0)
(0.0415242 0.00126778 0)
(0.0401269 0.00289497 0)
(0.037807 0.00423545 0)
(0.0347351 0.00531593 0)
(0.0310653 0.0061693 0)
(0.0269302 0.0068297 0)
(0.0224405 0.00732901 0)
(0.0176877 0.00769476 0)
(0.012747 0.00794917 0)
(0.00768489 0.00810879 0)
(0.00255115 0.0081332 0)
(0.00473776 -0.0233157 0)
(0.0146267 -0.0237633 0)
(0.0240852 -0.0209204 0)
(0.0319517 -0.0172623 0)
(0.0379429 -0.0130232 0)
(0.0419873 -0.0086538 0)
(0.044188 -0.00450446 0)
(0.0447746 -0.000791901 0)
(0.0440132 0.00244111 0)
(0.042152 0.0051586 0)
(0.0394056 0.0073798 0)
(0.0359655 0.00915582 0)
(0.0319906 0.0105482 0)
(0.0276098 0.0116186 0)
(0.0229263 0.0124231 0)
(0.0180222 0.0130095 0)
(0.012963 0.0134159 0)
(0.00780598 0.0136708 0)
(0.00259016 0.0137042 0)
(0.00514208 -0.0340391 0)
(0.0165696 -0.0356937 0)
(0.0280648 -0.0311726 0)
(0.037205 -0.0252347 0)
(0.0436766 -0.0185561 0)
(0.0476238 -0.011885 0)
(0.0493566 -0.00571553 0)
(0.0493065 -0.000331927 0)
(0.0478628 0.00424732 0)
(0.0453249 0.0080217 0)
(0.0419591 0.0110561 0)
(0.0379795 0.0134483 0)
(0.0335491 0.0153012 0)
(0.0287915 0.0167108 0)
(0.0238 0.017761 0)
(0.0186443 0.018521 0)
(0.013377 0.0190447 0)
(0.00804247 0.0193717 0)
(0.00266683 0.019402 0)
(0.00456474 -0.046428 0)
(0.0189179 -0.051109 0)
(0.0342953 -0.0436233 0)
(0.0453955 -0.0342134 0)
(0.0522967 -0.0241997 0)
(0.0558072 -0.0146433 0)
(0.056631 -0.00618623 0)
(0.0554949 0.00103148 0)
(0.052996 0.00697822 0)
(0.049474 0.0117385 0)
(0.0452409 0.015478 0)
(0.0405295 0.0183688 0)
(0.0354975 0.0205703 0)
(0.0302535 0.0222213 0)
(0.0248719 0.0234366 0)
(0.0194024 0.0243069 0)
(0.0138787 0.0249016 0)
(0.00832776 0.0252705 0)
(0.00275902 0.0252824 0)
(-0.00217194 -0.0508251 0)
(0.0191485 -0.0716324 0)
(0.0441199 -0.0599959 0)
(0.0579025 -0.0443916 0)
(0.0647469 -0.02955 0)
(0.067022 -0.0162904 0)
(0.0662348 -0.00520274 0)
(0.0634565 0.00388512 0)
(0.0593701 0.0110787 0)
(0.0544641 0.0166421 0)
(0.0490905 0.0208889 0)
(0.0434583 0.0240925 0)
(0.0376955 0.0264815 0)
(0.0318777 0.0282406 0)
(0.0260468 0.0295146 0)
(0.0202241 0.0304141 0)
(0.0144177 0.0310216 0)
(0.00863245 0.0313952 0)
(0.00285721 0.0313697 0)
(-0.00208091 -0.0380797 0)
(0.0130494 -0.107019 0)
(0.0574022 -0.0877545 0)
(0.0770748 -0.0574611 0)
(0.0825114 -0.0339411 0)
(0.0820067 -0.0160398 0)
(0.0783186 -0.00193731 0)
(0.0729747 0.00893694 0)
(0.0666951 0.0170552 0)
(0.060015 0.0230765 0)
(0.0532497 0.0275158 0)
(0.0465434 0.0307662 0)
(0.0399597 0.0331277 0)
(0.0335177 0.0348258 0)
(0.0272124 0.0360289 0)
(0.0210269 0.0368618 0)
(0.014938 0.0374147 0)
(0.00892408 0.03775 0)
(0.0029508 0.0376656 0)
(0.0765994 -0.0662354 0)
(0.0592723 -0.163411 0)
(0.0882168 -0.123383 0)
(0.10929 -0.070037 0)
(0.108889 -0.0339514 0)
(0.101586 -0.0107877 0)
(0.093058 0.00565961 0)
(0.0838186 0.0173271 0)
(0.0745416 0.0255658 0)
(0.0656952 0.0314118 0)
(0.05735 0.0355611 0)
(0.0494883 0.0384961 0)
(0.0420591 0.0405589 0)
(0.0349977 0.0419941 0)
(0.028238 0.0429779 0)
(0.0217172 0.0436372 0)
(0.0153768 0.0440616 0)
(0.00916627 0.0443121 0)
(0.00302792 0.0441451 0)
(0.012995 -0.587202 0)
(0.0358408 -0.636389 0)
(0.0574914 -0.622167 0)
(0.0803238 -0.625807 0)
(0.103316 -0.635176 0)
(0.126199 -0.646996 0)
(0.14896 -0.661278 0)
(0.171566 -0.678214 0)
(0.193916 -0.697941 0)
(0.216074 -0.720588 0)
(0.23722 -0.746327 0)
(0.259715 -0.775256 0)
(0.275764 -0.807572 0)
(0.30231 -0.844372 0)
(0.312421 -0.876129 0)
(0.293028 -0.953347 0)
(0.333601 -0.989079 0)
(0.296101 -0.562336 0)
(-0.146554 0.877097 0)
(-0.534847 1.6819 0)
(-0.392077 2.74634 0)
(-0.236079 4.09485 0)
(0.191624 3.54451 0)
(0.0118254 -0.613033 0)
(0.0321046 -0.658306 0)
(0.0510981 -0.645177 0)
(0.0713982 -0.649341 0)
(0.0917263 -0.658624 0)
(0.111868 -0.670267 0)
(0.131799 -0.684333 0)
(0.151465 -0.700981 0)
(0.170761 -0.720321 0)
(0.189714 -0.742451 0)
(0.207581 -0.767527 0)
(0.226567 -0.795511 0)
(0.238911 -0.826844 0)
(0.2632 -0.861576 0)
(0.264677 -0.892612 0)
(0.250556 -0.966268 0)
(0.28828 -0.959581 0)
(0.188937 -0.249413 0)
(-0.361002 1.34819 0)
(-0.494094 1.79825 0)
(-0.323187 2.49814 0)
(0.0250922 3.57786 0)
(0.589295 3.30189 0)
(0.0106296 -0.636368 0)
(0.0283759 -0.677416 0)
(0.0447752 -0.665573 0)
(0.0625639 -0.670168 0)
(0.080259 -0.679285 0)
(0.0977068 -0.690675 0)
(0.114868 -0.704434 0)
(0.131671 -0.720687 0)
(0.148005 -0.739523 0)
(0.163873 -0.761022 0)
(0.178616 -0.785313 0)
(0.194243 -0.812323 0)
(0.203292 -0.842572 0)
(0.225267 -0.875463 0)
(0.219153 -0.906426 0)
(0.212206 -0.975077 0)
(0.243154 -0.921218 0)
(0.0622148 0.332677 0)
(-0.449266 1.55433 0)
(-0.313257 1.77896 0)
(-0.186643 2.17951 0)
(0.281045 2.87027 0)
(0.880898 2.77687 0)
(0.00942893 -0.656953 0)
(0.0247184 -0.693635 0)
(0.038622 -0.683212 0)
(0.0539513 -0.688135 0)
(0.0690851 -0.697017 0)
(0.0839266 -0.708091 0)
(0.0984199 -0.721466 0)
(0.112479 -0.737237 0)
(0.125988 -0.755474 0)
(0.138929 -0.776249 0)
(0.150731 -0.799669 0)
(0.163152 -0.825667 0)
(0.169291 -0.85482 0)
(0.18868 -0.886072 0)
(0.175783 -0.917302 0)
(0.176407 -0.978937 0)
(0.199223 -0.853618 0)
(0.000274845 0.789888 0)
(-0.369238 1.53633 0)
(-0.0975551 1.64013 0)
(-0.00853888 1.86297 0)
(0.430448 2.18721 0)
(0.981605 2.13958 0)
(0.00821616 -0.6752 0)
(0.0211459 -0.707426 0)
(0.0326704 -0.698492 0)
(0.0455981 -0.703649 0)
(0.0582627 -0.712234 0)
(0.0706007 -0.722937 0)
(0.0825419 -0.735853 0)
(0.0939913 -0.751055 0)
(0.104827 -0.768599 0)
(0.115009 -0.78855 0)
(0.124036 -0.811006 0)
(0.133387 -0.835944 0)
(0.136909 -0.863902 0)
(0.153163 -0.893735 0)
(0.134301 -0.924913 0)
(0.141201 -0.981654 0)
(0.154286 -0.761349 0)
(-0.0150955 1.0704 0)
(-0.191279 1.45779 0)
(0.0592229 1.47845 0)
(0.163459 1.58422 0)
(0.484023 1.681 0)
(0.899635 1.63308 0)
(0.00704411 -0.690847 0)
(0.0177885 -0.718545 0)
(0.0270357 -0.711015 0)
(0.0376389 -0.716317 0)
(0.0479775 -0.724544 0)
(0.0579592 -0.734825 0)
(0.0675217 -0.747213 0)
(0.076551 -0.761761 0)
(0.084917 -0.778512 0)
(0.0925503 -0.797528 0)
(0.0989676 -0.818902 0)
(0.105363 -0.842691 0)
(0.106379 -0.869156 0)
(0.118208 -0.897765 0)
(0.0937595 -0.927905 0)
(0.102731 -0.989155 0)
(0.0960224 -0.677459 0)
(-0.0367776 1.17623 0)
(-0.025412 1.36572 0)
(0.155905 1.32983 0)
(0.281373 1.36724 0)
(0.494171 1.36848 0)
(0.755146 1.31356 0)
(0.00601392 -0.702924 0)
(0.0148944 -0.726419 0)
(0.0219346 -0.72026 0)
(0.0303121 -0.725693 0)
(0.038557 -0.733614 0)
(0.0463936 -0.743489 0)
(0.0538263 -0.755368 0)
(0.0607028 -0.76927 0)
(0.0668649 -0.785219 0)
(0.0721949 -0.803257 0)
(0.0761356 -0.82343 0)
(0.0795835 -0.845827 0)
(0.0776965 -0.869892 0)
(0.0829491 -0.896502 0)
(0.0533655 -0.923186 0)
(0.0596898 -0.999684 0)
(0.0151043 -0.576681 0)
(-0.0881798 1.1826 0)
(0.0905878 1.23819 0)
(0.222969 1.19089 0)
(0.340383 1.20263 0)
(0.479725 1.17851 0)
(0.628738 1.11593 0)
(0.0048494 -0.714154 0)
(0.0120729 -0.73301 0)
(0.0172428 -0.728673 0)
(0.0236503 -0.734176 0)
(0.0300921 -0.741955 0)
(0.0360464 -0.751555 0)
(0.0415802 -0.763052 0)
(0.0465308 -0.776427 0)
(0.0506844 -0.79166 0)
(0.0538761 -0.80871 0)
(0.0553974 -0.827497 0)
(0.0559313 -0.847952 0)
(0.0506135 -0.86815 0)
(0.0490918 -0.889963 0)
(0.01739 -0.909262 0)
(0.0278286 -0.984551 0)
(-0.0554592 -0.329275 0)
(-0.0961447 1.02932 0)
(0.222716 1.07873 0)
(0.293485 1.07259 0)
(0.367547 1.08719 0)
(0.452511 1.06298 0)
(0.531809 1.00095 0)
(0.00392831 -0.727946 0)
(0.0090953 -0.740798 0)
(0.0121889 -0.738643 0)
(0.0168652 -0.743916 0)
(0.0213343 -0.751246 0)
(0.025331 -0.760231 0)
(0.0288253 -0.770903 0)
(0.0316809 -0.78321 0)
(0.0336395 -0.79703 0)
(0.0345602 -0.812155 0)
(0.0336448 -0.828413 0)
(0.0317775 -0.845382 0)
(0.024466 -0.860443 0)
(0.0249123 -0.874697 0)
(0.004686 -0.891719 0)
(0.0571317 -0.921206 0)
(-0.0196588 -0.230463 0)
(0.10757 0.796169 0)
(0.406137 0.959648 0)
(0.388333 1.00873 0)
(0.385205 1.02768 0)
(0.419119 1.00318 0)
(0.452734 0.943384 0)
(0.00256723 -0.727547 0)
(0.00447122 -0.735082 0)
(0.00548603 -0.734981 0)
(0.00788317 -0.7397 0)
(0.00964987 -0.746047 0)
(0.010946 -0.753893 0)
(0.0116916 -0.763093 0)
(0.0117662 -0.773627 0)
(0.011021 -0.785266 0)
(0.00949616 -0.797683 0)
(0.0066776 -0.810837 0)
(0.00511762 -0.823848 0)
(0.00210687 -0.839468 0)
(0.0235148 -0.853348 0)
(0.0507736 -0.905472 0)
(0.148107 -0.864968 0)
(0.16405 -0.688427 0)
(0.424197 0.475806 0)
(0.661463 1.01428 0)
(0.517226 1.06561 0)
(0.394608 1.03654 0)
(0.374972 0.990329 0)
(0.376434 0.923897 0)
(0.000802586 -0.711155 0)
(-0.00404795 -0.715542 0)
(-0.00641543 -0.717699 0)
(-0.00908661 -0.722172 0)
(-0.0123981 -0.728209 0)
(-0.0164155 -0.735824 0)
(-0.0209889 -0.745008 0)
(-0.0259604 -0.755602 0)
(-0.0308563 -0.767647 0)
(-0.0343429 -0.78114 0)
(-0.0345152 -0.797372 0)
(-0.0227384 -0.817086 0)
(0.00920688 -0.859312 0)
(0.0844253 -0.909433 0)
(0.21474 -1.03548 0)
(0.243399 -0.888122 0)
(0.318086 -0.76772 0)
(0.396757 0.0589062 0)
(0.706324 0.993801 0)
(0.579971 1.23219 0)
(0.359196 1.12818 0)
(0.300437 1.02023 0)
(0.287677 0.928666 0)
(-0.00165409 -0.736307 0)
(-0.0236538 -0.738499 0)
(-0.0336354 -0.743265 0)
(-0.0474598 -0.747711 0)
(-0.0592631 -0.755459 0)
(-0.063167 -0.766 0)
(-0.0745498 -0.776094 0)
(-0.0809716 -0.789829 0)
(-0.0821066 -0.80789 0)
(-0.0717279 -0.831975 0)
(-0.0416476 -0.869325 0)
(0.0219154 -0.93103 0)
(0.156641 -1.02123 0)
(0.297935 -1.14431 0)
(0.416045 -1.09598 0)
(0.464361 -0.983755 0)
(0.265213 -0.714008 0)
(0.282985 -0.279152 0)
(0.454195 0.99931 0)
(0.415988 1.41018 0)
(0.215527 1.25342 0)
(0.176928 1.07306 0)
(0.172994 0.941138 0)
(-0.0042814 -0.732639 0)
(-0.0259642 -0.732754 0)
(-0.036448 -0.74014 0)
(-0.0517229 -0.744484 0)
(-0.0653289 -0.753899 0)
(-0.0781274 -0.761753 0)
(-0.0871792 -0.774757 0)
(-0.0908233 -0.793196 0)
(-0.0860059 -0.82105 0)
(-0.0691155 -0.863761 0)
(-0.0367416 -0.9328 0)
(0.0185163 -1.04129 0)
(0.11884 -1.17525 0)
(0.220801 -1.30862 0)
(0.282966 -1.20868 0)
(0.539047 -0.883192 0)
(0.0188221 -0.53762 0)
(0.101086 -0.180174 0)
(0.0291407 0.886427 0)
(0.0146285 1.51115 0)
(-0.0436278 1.31786 0)
(0.00470286 1.09149 0)
(0.028859 0.934494 0)
(-0.00951142 -0.696135 0)
(-0.0296624 -0.701222 0)
(-0.0460666 -0.706813 0)
(-0.0634083 -0.711378 0)
(-0.0805003 -0.720176 0)
(-0.0967932 -0.731868 0)
(-0.111243 -0.748512 0)
(-0.123125 -0.772856 0)
(-0.131987 -0.808576 0)
(-0.138686 -0.86102 0)
(-0.143897 -0.941406 0)
(-0.142458 -1.06753 0)
(-0.13946 -1.23438 0)
(-0.157649 -1.35651 0)
(-0.180779 -1.2686 0)
(-0.0341432 -0.857666 0)
(-0.24676 -0.398081 0)
(-0.158242 -0.00832456 0)
(-0.57645 1.09673 0)
(-0.455762 1.47814 0)
(-0.333076 1.25708 0)
(-0.194468 1.03596 0)
(-0.123315 0.888114 0)
(-0.010322 -0.662019 0)
(-0.0311367 -0.67307 0)
(-0.0515164 -0.676143 0)
(-0.0709136 -0.682096 0)
(-0.0915382 -0.691041 0)
(-0.112446 -0.703754 0)
(-0.134034 -0.721521 0)
(-0.156903 -0.746384 0)
(-0.182394 -0.780823 0)
(-0.213727 -0.828406 0)
(-0.254952 -0.898385 0)
(-0.311692 -1.0086 0)
(-0.402177 -1.15672 0)
(-0.538806 -1.2647 0)
(-0.690037 -1.17904 0)
(-0.770354 -0.76476 0)
(-0.740881 -0.222765 0)
(-0.814617 0.36464 0)
(-1.08459 1.13989 0)
(-0.768226 1.23875 0)
(-0.547586 1.0606 0)
(-0.362785 0.907657 0)
(-0.25386 0.799308 0)
(-0.011136 -0.638035 0)
(-0.0337607 -0.651038 0)
(-0.0562817 -0.653151 0)
(-0.0791465 -0.659038 0)
(-0.103158 -0.667189 0)
(-0.128687 -0.678572 0)
(-0.156569 -0.694027 0)
(-0.18806 -0.714779 0)
(-0.225041 -0.74209 0)
(-0.271436 -0.777403 0)
(-0.332515 -0.824137 0)
(-0.417663 -0.892109 0)
(-0.552409 -0.987163 0)
(-0.762299 -1.06031 0)
(-1.02072 -0.994525 0)
(-1.25001 -0.692027 0)
(-1.37255 -0.149619 0)
(-1.33943 0.474509 0)
(-1.22135 0.887904 0)
(-0.875739 0.880431 0)
(-0.644536 0.809144 0)
(-0.463056 0.742828 0)
(-0.341283 0.683213 0)
(-0.0124581 -0.6161 0)
(-0.0367176 -0.62709 0)
(-0.061165 -0.629388 0)
(-0.0872232 -0.633738 0)
(-0.114232 -0.64003 0)
(-0.143502 -0.648596 0)
(-0.175928 -0.659906 0)
(-0.21287 -0.674423 0)
(-0.256393 -0.692561 0)
(-0.310154 -0.714302 0)
(-0.377809 -0.73857 0)
(-0.465345 -0.765517 0)
(-0.592179 -0.795899 0)
(-0.785492 -0.808043 0)
(-1.03473 -0.733961 0)
(-1.26059 -0.501955 0)
(-1.36104 -0.122249 0)
(-1.29347 0.282788 0)
(-1.08364 0.527626 0)
(-0.830972 0.563365 0)
(-0.648073 0.587766 0)
(-0.499032 0.583226 0)
(-0.385628 0.56278 0)
(-0.0128847 -0.586913 0)
(-0.0382948 -0.596304 0)
(-0.0645571 -0.598431 0)
(-0.0921512 -0.601302 0)
(-0.121113 -0.605505 0)
(-0.152544 -0.611019 0)
(-0.187376 -0.617921 0)
(-0.226842 -0.626096 0)
(-0.272854 -0.635283 0)
(-0.328343 -0.644784 0)
(-0.39576 -0.652212 0)
(-0.477571 -0.653257 0)
(-0.581061 -0.642197 0)
(-0.718002 -0.60967 0)
(-0.884246 -0.532785 0)
(-1.03304 -0.376368 0)
(-1.09274 -0.136358 0)
(-1.03231 0.113295 0)
(-0.884969 0.281212 0)
(-0.732746 0.365292 0)
(-0.607509 0.426138 0)
(-0.493936 0.450814 0)
(-0.398612 0.455034 0)
(-0.0127358 -0.559476 0)
(-0.039452 -0.568334 0)
(-0.0669044 -0.569549 0)
(-0.0952459 -0.57104 0)
(-0.125283 -0.573054 0)
(-0.157688 -0.57548 0)
(-0.193283 -0.578088 0)
(-0.233029 -0.580441 0)
(-0.278343 -0.581782 0)
(-0.331039 -0.580788 0)
(-0.392468 -0.575115 0)
(-0.463593 -0.561684 0)
(-0.54562 -0.535237 0)
(-0.639278 -0.485441 0)
(-0.738965 -0.398482 0)
(-0.822306 -0.267284 0)
(-0.85464 -0.104853 0)
(-0.819126 0.0512878 0)
(-0.737064 0.17066 0)
(-0.645528 0.254839 0)
(-0.556807 0.315172 0)
(-0.470432 0.349245 0)
(-0.393093 0.366158 0)
(-0.012875 -0.529382 0)
(-0.0400771 -0.537885 0)
(-0.0677981 -0.53789 0)
(-0.0963587 -0.537997 0)
(-0.126555 -0.537902 0)
(-0.15888 -0.537464 0)
(-0.193949 -0.536319 0)
(-0.232442 -0.53389 0)
(-0.275304 -0.52928 0)
(-0.323462 -0.521106 0)
(-0.377234 -0.507205 0)
(-0.436837 -0.484825 0)
(-0.502536 -0.450597 0)
(-0.572124 -0.399816 0)
(-0.637255 -0.325787 0)
(-0.683866 -0.224342 0)
(-0.69881 -0.103987 0)
(-0.678397 0.0129079 0)
(-0.631752 0.107697 0)
(-0.572163 0.18072 0)
(-0.506689 0.235144 0)
(-0.440412 0.271595 0)
(-0.377922 0.294313 0)
(-0.013148 -0.500701 0)
(-0.0400962 -0.508501 0)
(-0.0674499 -0.507511 0)
(-0.0957988 -0.506285 0)
(-0.125448 -0.504329 0)
(-0.156898 -0.501439 0)
(-0.190553 -0.497231 0)
(-0.226817 -0.4911 0)
(-0.266212 -0.482176 0)
(-0.309156 -0.469195 0)
(-0.355499 -0.45053 0)
(-0.404699 -0.424301 0)
(-0.455893 -0.388054 0)
(-0.506881 -0.338629 0)
(-0.552201 -0.273475 0)
(-0.583109 -0.193482 0)
(-0.592331 -0.104855 0)
(-0.579284 -0.0175083 0)
(-0.548695 0.0596304 0)
(-0.506947 0.123326 0)
(-0.458527 0.173282 0)
(-0.407599 0.210049 0)
(-0.357398 0.235524 0)
(-0.0131254 -0.472341 0)
(-0.039307 -0.479219 0)
(-0.0659156 -0.477552 0)
(-0.0935937 -0.475175 0)
(-0.122191 -0.471702 0)
(-0.152217 -0.466877 0)
(-0.183899 -0.460325 0)
(-0.217436 -0.451498 0)
(-0.253031 -0.439667 0)
(-0.290748 -0.423801 0)
(-0.330234 -0.402675 0)
(-0.370781 -0.375002 0)
(-0.411247 -0.339381 0)
(-0.449423 -0.294304 0)
(-0.481527 -0.238755 0)
(-0.5028 -0.173917 0)
(-0.509578 -0.104301 0)
(-0.501302 -0.035916 0)
(-0.480178 0.0267044 0)
(-0.4498 0.0809417 0)
(-0.413562 0.125794 0)
(-0.374163 0.161068 0)
(-0.333995 0.18737 0)
(-0.0126942 -0.44459 0)
(-0.0378232 -0.450549 0)
(-0.0634259 -0.448405 0)
(-0.0900092 -0.445138 0)
(-0.117219 -0.440543 0)
(-0.145478 -0.434344 0)
(-0.174895 -0.426185 0)
(-0.205527 -0.41561 0)
(-0.237371 -0.40204 0)
(-0.270295 -0.384713 0)
(-0.303858 -0.362776 0)
(-0.337304 -0.335388 0)
(-0.369517 -0.301713 0)
(-0.39875 -0.261083 0)
(-0.422475 -0.213471 0)
(-0.437883 -0.160158 0)
(-0.443012 -0.103951 0)
(-0.437563 -0.0483378 0)
(-0.422672 0.00372599 0)
(-0.400246 0.050083 0)
(-0.372695 0.0898177 0)
(-0.341894 0.122542 0)
(-0.309664 0.148306 0)
(-0.0119966 -0.417821 0)
(-0.0359199 -0.42292 0)
(-0.0602973 -0.420367 0)
(-0.0854635 -0.416438 0)
(-0.111061 -0.41105 0)
(-0.137358 -0.40393 0)
(-0.164389 -0.394772 0)
(-0.192123 -0.383207 0)
(-0.22044 -0.368786 0)
(-0.249101 -0.350975 0)
(-0.277659 -0.329209 0)
(-0.305418 -0.302972 0)
(-0.331407 -0.271845 0)
(-0.354297 -0.235622 0)
(-0.372426 -0.194598 0)
(-0.384123 -0.149886 0)
(-0.388248 -0.103404 0)
(-0.384587 -0.0573263 0)
(-0.373801 -0.0134873 0)
(-0.357012 0.0266243 0)
(-0.335789 0.0619599 0)
(-0.311531 0.0920049 0)
(-0.285559 0.116604 0)
(-0.0112059 -0.392437 0)
(-0.0338423 -0.396761 0)
(-0.0568319 -0.393843 0)
(-0.0803779 -0.38945 0)
(-0.104218 -0.383528 0)
(-0.128463 -0.375843 0)
(-0.153102 -0.366149 0)
(-0.178053 -0.35415 0)
(-0.203134 -0.33951 0)
(-0.228071 -0.321873 0)
(-0.252441 -0.300882 0)
(-0.275645 -0.276247 0)
(-0.296894 -0.247795 0)
(-0.31521 -0.215565 0)
(-0.329488 -0.179959 0)
(-0.3387 -0.141863 0)
(-0.342171 -0.102611 0)
(-0.339759 -0.0636827 0)
(-0.331851 -0.0263237 0)
(-0.319131 0.00855942 0)
(-0.302535 0.0400645 0)
(-0.283278 0.0675419 0)
(-0.262253 0.0907307 0)
(-0.0104152 -0.368612 0)
(-0.031708 -0.372287 0)
(-0.0532132 -0.369079 0)
(-0.0750431 -0.364393 0)
(-0.0970499 -0.358152 0)
(-0.119232 -0.350182 0)
(-0.14155 -0.340286 0)
(-0.163885 -0.328236 0)
(-0.186042 -0.313796 0)
(-0.207746 -0.296734 0)
(-0.228619 -0.276841 0)
(-0.248163 -0.253978 0)
(-0.265761 -0.228119 0)
(-0.2807 -0.199414 0)
(-0.292235 -0.168264 0)
(-0.299713 -0.135365 0)
(-0.302723 -0.101668 0)
(-0.301186 -0.0682288 0)
(-0.295333 -0.0359598 0)
(-0.285624 -0.00545709 0)
(-0.272596 0.0227078 0)
(-0.257149 0.0478277 0)
(-0.240041 0.0695315 0)
(-0.00965291 -0.346381 0)
(-0.0295504 -0.349568 0)
(-0.0495241 -0.346179 0)
(-0.0696158 -0.341346 0)
(-0.0897786 -0.334971 0)
(-0.109946 -0.326932 0)
(-0.130055 -0.317075 0)
(-0.149975 -0.305236 0)
(-0.169514 -0.291258 0)
(-0.18842 -0.275 0)
(-0.206366 -0.256351 0)
(-0.222947 -0.235269 0)
(-0.237688 -0.21181 0)
(-0.250073 -0.186164 0)
(-0.259592 -0.158695 0)
(-0.265816 -0.12995 0)
(-0.268488 -0.100629 0)
(-0.267563 -0.0714983 0)
(-0.263209 -0.0432575 0)
(-0.255737 -0.0163908 0)
(-0.24551 0.00881069 0)
(-0.233025 0.0318375 0)
(-0.219037 0.0520953 0)
(-0.00891497 -0.325737 0)
(-0.027372 -0.328598 0)
(-0.0457966 -0.325145 0)
(-0.0641739 -0.320288 0)
(-0.0825304 -0.313933 0)
(-0.100768 -0.30599 0)
(-0.118809 -0.296346 0)
(-0.136523 -0.284892 0)
(-0.153734 -0.271532 0)
(-0.17022 -0.256188 0)
(-0.185704 -0.238817 0)
(-0.199862 -0.219435 0)
(-0.212333 -0.198139 0)
(-0.222741 -0.175127 0)
(-0.23073 -0.150717 0)
(-0.236013 -0.125341 0)
(-0.238422 -0.0995248 0)
(-0.237939 -0.0738382 0)
(-0.234692 -0.0488265 0)
(-0.228909 -0.0249096 0)
(-0.220833 -0.00229432 0)
(-0.210734 0.0187949 0)
(-0.199245 0.0377018 0)
(-0.00819023 -0.306675 0)
(-0.0251753 -0.309347 0)
(-0.0420525 -0.305929 0)
(-0.0587664 -0.301152 0)
(-0.0753855 -0.294933 0)
(-0.0917988 -0.287203 0)
(-0.107923 -0.277891 0)
(-0.123637 -0.266933 0)
(-0.138784 -0.254272 0)
(-0.153173 -0.239878 0)
(-0.166574 -0.223751 0)
(-0.17873 -0.205943 0)
(-0.189366 -0.18657 0)
(-0.198208 -0.165819 0)
(-0.205002 -0.143963 0)
(-0.209554 -0.12135 0)
(-0.211752 -0.098384 0)
(-0.211588 -0.0754993 0)
(-0.209158 -0.0531177 0)
(-0.204636 -0.0315945 0)
(-0.198223 -0.0111417 0)
(-0.190106 0.00811281 0)
(-0.180626 0.0257841 0)
(-0.00747454 -0.289195 0)
(-0.022974 -0.291776 0)
(-0.0383216 -0.28847 0)
(-0.053437 -0.28385 0)
(-0.0684013 -0.277843 0)
(-0.0831035 -0.270406 0)
(-0.0974626 -0.261502 0)
(-0.11137 -0.251097 0)
(-0.124687 -0.239165 0)
(-0.137251 -0.225708 0)
(-0.148874 -0.210756 0)
(-0.159356 -0.19438 0)
(-0.168485 -0.176699 0)
(-0.176058 -0.157887 0)
(-0.181894 -0.138176 0)
(-0.185858 -0.117849 0)
(-0.187874 -0.0972268 0)
(-0.187941 -0.0766464 0)
(-0.18613 -0.0564384 0)
(-0.182579 -0.0368999 0)
(-0.177456 -0.0182516 0)
(-0.170906 -0.000602034 0)
(-0.163099 0.0158967 0)
(-0.00676955 -0.273292 0)
(-0.0207897 -0.275842 0)
(-0.0346397 -0.272699 0)
(-0.0482265 -0.26828 0)
(-0.0616235 -0.262533 0)
(-0.0747291 -0.255439 0)
(-0.0874679 -0.246982 0)
(-0.0997418 -0.237149 0)
(-0.11143 -0.22594 0)
(-0.122396 -0.213379 0)
(-0.132489 -0.199513 0)
(-0.141551 -0.184422 0)
(-0.14942 -0.168222 0)
(-0.155943 -0.151072 0)
(-0.16099 -0.13317 0)
(-0.164465 -0.114751 0)
(-0.166317 -0.0960717 0)
(-0.166547 -0.0774034 0)
(-0.165212 -0.0590103 0)
(-0.162414 -0.0411363 0)
(-0.158289 -0.0239809 0)
(-0.152969 -0.00766958 0)
(-0.146581 0.00769305 0)
(-0.00607818 -0.258945 0)
(-0.0186451 -0.261499 0)
(-0.0310417 -0.258543 0)
(-0.0431701 -0.254348 0)
(-0.0550882 -0.248887 0)
(-0.0667079 -0.242156 0)
(-0.0779577 -0.234156 0)
(-0.0887492 -0.224889 0)
(-0.0989795 -0.214374 0)
(-0.108536 -0.202648 0)
(-0.117297 -0.189769 0)
(-0.125138 -0.175818 0)
(-0.131934 -0.160909 0)
(-0.137569 -0.145184 0)
(-0.141948 -0.128813 0)
(-0.145003 -0.111992 0)
(-0.146699 -0.0949361 0)
(-0.14704 -0.0778641 0)
(-0.146068 -0.0609927 0)
(-0.143863 -0.0445234 0)
(-0.140535 -0.0286302 0)
(-0.136199 -0.0134503 0)
(-0.130966 0.000908333 0)
(-0.00540487 -0.246122 0)
(-0.0165603 -0.248696 0)
(-0.0275555 -0.24593 0)
(-0.0382955 -0.241966 0)
(-0.0488216 -0.236798 0)
(-0.0590564 -0.230431 0)
(-0.0689324 -0.222875 0)
(-0.0783715 -0.214148 0)
(-0.0872878 -0.204281 0)
(-0.0955887 -0.193319 0)
(-0.103176 -0.181324 0)
(-0.109951 -0.168379 0)
(-0.115815 -0.154589 0)
(-0.120683 -0.140083 0)
(-0.124484 -0.125009 0)
(-0.127168 -0.109534 0)
(-0.128711 -0.0938383 0)
(-0.129119 -0.0781037 0)
(-0.128425 -0.0625115 0)
(-0.126692 -0.0472317 0)
(-0.124007 -0.0324151 0)
(-0.120462 -0.0181876 0)
(-0.116151 -0.00465976 0)
(-0.00475458 -0.23478 0)
(-0.0145497 -0.237373 0)
(-0.0242001 -0.234788 0)
(-0.0336209 -0.231052 0)
(-0.0428357 -0.226167 0)
(-0.0517752 -0.220147 0)
(-0.0603774 -0.213011 0)
(-0.0685755 -0.204787 0)
(-0.076298 -0.195513 0)
(-0.0834687 -0.185237 0)
(-0.0900077 -0.174026 0)
(-0.0958357 -0.161959 0)
(-0.100878 -0.149134 0)
(-0.105069 -0.135669 0)
(-0.108356 -0.121693 0)
(-0.110703 -0.107351 0)
(-0.112092 -0.0927964 0)
(-0.112531 -0.0781836 0)
(-0.112046 -0.0636669 0)
(-0.110687 -0.0493922 0)
(-0.108522 -0.0354907 0)
(-0.105626 -0.0220728 0)
(-0.102081 -0.00925292 0)
(-0.00412966 -0.224867 0)
(-0.0126204 -0.227472 0)
(-0.0209852 -0.225054 0)
(-0.0291526 -0.221528 0)
(-0.0371286 -0.216906 0)
(-0.0448515 -0.211207 0)
(-0.0522671 -0.204457 0)
(-0.0593188 -0.196689 0)
(-0.0659469 -0.187946 0)
(-0.072088 -0.178279 0)
(-0.0776774 -0.167753 0)
(-0.0826526 -0.156446 0)
(-0.086956 -0.144449 0)
(-0.0905376 -0.131867 0)
(-0.0933578 -0.118818 0)
(-0.0953899 -0.105428 0)
(-0.0966229 -0.0918288 0)
(-0.0970628 -0.0781552 0)
(-0.0967327 -0.0645403 0)
(-0.0956718 -0.0511113 0)
(-0.0939348 -0.0379845 0)
(-0.0915872 -0.0252591 0)
(-0.088692 -0.013038 0)
(-0.00352915 -0.216351 0)
(-0.010772 -0.21896 0)
(-0.0179104 -0.216688 0)
(-0.0248848 -0.213349 0)
(-0.0316864 -0.208961 0)
(-0.0382627 -0.203549 0)
(-0.0445672 -0.197143 0)
(-0.0505519 -0.18978 0)
(-0.0561664 -0.181501 0)
(-0.0613584 -0.172362 0)
(-0.0660764 -0.162425 0)
(-0.0702716 -0.151765 0)
(-0.0738997 -0.140468 0)
(-0.0769223 -0.12863 0)
(-0.0793098 -0.116356 0)
(-0.0810427 -0.103759 0)
(-0.0821141 -0.0909547 0)
(-0.0825301 -0.078062 0)
(-0.0823097 -0.0651977 0)
(-0.0814845 -0.0524741 0)
(-0.0800978 -0.0399952 0)
(-0.0782017 -0.0278506 0)
(-0.0758468 -0.0161243 0)
(-0.00295099 -0.209163 0)
(-0.00899912 -0.211767 0)
(-0.0149655 -0.20962 0)
(-0.0207999 -0.206441 0)
(-0.0264841 -0.20226 0)
(-0.0319745 -0.197101 0)
(-0.0372313 -0.190997 0)
(-0.0422136 -0.183983 0)
(-0.0468794 -0.176104 0)
(-0.0511867 -0.167415 0)
(-0.0550953 -0.157976 0)
(-0.0585674 -0.14786 0)
(-0.0615689 -0.137147 0)
(-0.0640708 -0.125926 0)
(-0.0660508 -0.114292 0)
(-0.0674953 -0.102347 0)
(-0.0684 -0.0901949 0)
(-0.0687709 -0.0779426 0)
(-0.0686239 -0.0656942 0)
(-0.0679843 -0.0535505 0)
(-0.0668869 -0.0416057 0)
(-0.0653731 -0.0299426 0)
(-0.0634834 -0.0186359 0)
(-0.00239241 -0.203067 0)
(-0.0072933 -0.205658 0)
(-0.0121396 -0.203611 0)
(-0.0168825 -0.200574 0)
(-0.0215004 -0.196577 0)
(-0.0259565 -0.191645 0)
(-0.0302169 -0.185807 0)
(-0.0342477 -0.179102 0)
(-0.0380153 -0.171573 0)
(-0.0414875 -0.163273 0)
(-0.0446336 -0.154262 0)
(-0.047425 -0.144608 0)
(-0.0498357 -0.134385 0)
(-0.0518442 -0.123678 0)
(-0.0534344 -0.112573 0)
(-0.0545968 -0.101164 0)
(-0.0553296 -0.0895453 0)
(-0.0556381 -0.0778141 0)
(-0.0555356 -0.0660652 0)
(-0.0550422 -0.0543906 0)
(-0.0541855 -0.0428772 0)
(-0.0529987 -0.0316028 0)
(-0.0515132 -0.0206363 0)
(-0.00183975 -0.198201 0)
(-0.00563609 -0.200758 0)
(-0.00942934 -0.198779 0)
(-0.0131334 -0.195849 0)
(-0.0167362 -0.191997 0)
(-0.0202059 -0.187244 0)
(-0.0235152 -0.18162 0)
(-0.0266379 -0.175161 0)
(-0.0295489 -0.167912 0)
(-0.0322247 -0.159924 0)
(-0.0346427 -0.151255 0)
(-0.0367821 -0.14197 0)
(-0.0386241 -0.13214 0)
(-0.0401537 -0.121844 0)
(-0.0413604 -0.111162 0)
(-0.0422385 -0.100182 0)
(-0.0427881 -0.0889897 0)
(-0.0430144 -0.0776746 0)
(-0.0429283 -0.0663237 0)
(-0.042546 -0.0550219 0)
(-0.0418893 -0.04385 0)
(-0.0409842 -0.0328813 0)
(-0.0398591 -0.02218 0)
(-0.00125658 -0.195613 0)
(-0.00397288 -0.198039 0)
(-0.00678453 -0.196097 0)
(-0.0094944 -0.193229 0)
(-0.0121219 -0.189461 0)
(-0.0146422 -0.184809 0)
(-0.0170376 -0.179304 0)
(-0.0192901 -0.172983 0)
(-0.0213828 -0.165891 0)
(-0.0232991 -0.158078 0)
(-0.0250232 -0.149603 0)
(-0.0265402 -0.140529 0)
(-0.0278373 -0.130926 0)
(-0.0289048 -0.120869 0)
(-0.0297365 -0.110438 0)
(-0.0303301 -0.0997137 0)
(-0.0306869 -0.0887809 0)
(-0.0308125 -0.0777231 0)
(-0.0307162 -0.0666231 0)
(-0.0304114 -0.0555608 0)
(-0.0299153 -0.0446121 0)
(-0.0292485 -0.0338464 0)
(-0.0284337 -0.0233237 0)
(-0.000625253 -0.194489 0)
(-0.0022408 -0.196473 0)
(-0.00407105 -0.194613 0)
(-0.00576661 -0.191831 0)
(-0.00739658 -0.188148 0)
(-0.00895064 -0.183588 0)
(-0.0104232 -0.178183 0)
(-0.0118061 -0.171971 0)
(-0.0130897 -0.164998 0)
(-0.0142639 -0.157314 0)
(-0.0153185 -0.148976 0)
(-0.0162436 -0.140045 0)
(-0.0170308 -0.13059 0)
(-0.0176738 -0.120682 0)
(-0.0181683 -0.110399 0)
(-0.0185127 -0.0998202 0)
(-0.0187079 -0.0890258 0)
(-0.0187575 -0.0780978 0)
(-0.0186679 -0.0671169 0)
(-0.0184483 -0.0561617 0)
(-0.0181112 -0.0453069 0)
(-0.0176713 -0.0346215 0)
(-0.0171463 -0.0241651 0)
(-7.14908e-05 -0.191682 0)
(-0.000570084 -0.192977 0)
(-0.00128872 -0.191274 0)
(-0.00187155 -0.188619 0)
(-0.00241844 -0.185053 0)
(-0.00293574 -0.180618 0)
(-0.00342599 -0.175352 0)
(-0.00388818 -0.169297 0)
(-0.00431982 -0.162497 0)
(-0.00471765 -0.155003 0)
(-0.0050781 -0.14687 0)
(-0.00539761 -0.138158 0)
(-0.00567296 -0.128933 0)
(-0.00590141 -0.119264 0)
(-0.00608082 -0.109226 0)
(-0.0062097 -0.0988927 0)
(-0.00628732 -0.0883417 0)
(-0.00631387 -0.0776499 0)
(-0.00629056 -0.0668936 0)
(-0.00621976 -0.0561465 0)
(-0.00610512 -0.0454782 0)
(-0.00595157 -0.0349527 0)
(-0.00576553 -0.0246248 0)
(-0.0205719 0.900239 0)
(-1.48673 -0.437414 0)
(-0.764391 -0.357269 0)
(-0.511938 -0.326131 0)
(0.711018 1.70192 0)
(0.128405 0.305043 0)
(-0.00392854 -0.395762 0)
(0.0633746 -0.552657 0)
(1.21885 1.8094 0)
(1.15959 0.644915 0)
(0.919863 -0.167122 0)
(0.663857 -0.47088 0)
(1.36918 1.51192 0)
(1.46301 0.650368 0)
(1.26227 -0.00371851 0)
(0.933588 -0.263974 0)
(1.23414 1.23937 0)
(1.3443 0.665876 0)
(1.19727 0.216451 0)
(0.920551 -0.00356224 0)
(0.989779 1.07609 0)
(1.07717 0.707793 0)
(0.985827 0.388082 0)
(0.801888 0.197454 0)
(0.770831 0.959107 0)
(0.830216 0.71782 0)
(0.781917 0.49138 0)
(0.672153 0.332525 0)
(0.609035 0.88382 0)
(0.64481 0.716038 0)
(0.619923 0.549937 0)
(0.555254 0.417088 0)
(0.488188 0.845331 0)
(0.505652 0.715242 0)
(0.491081 0.58338 0)
(0.452463 0.469551 0)
(0.38567 0.829795 0)
(0.391471 0.715935 0)
(0.382805 0.602824 0)
(0.360516 0.502157 0)
(0.284966 0.826211 0)
(0.287868 0.716554 0)
(0.285893 0.613043 0)
(0.275966 0.520847 0)
(0.175907 0.823589 0)
(0.186807 0.712794 0)
(0.194886 0.614227 0)
(0.196631 0.527907 0)
(0.0571191 0.808474 0)
(0.086447 0.69815 0)
(0.108134 0.604602 0)
(0.122023 0.523936 0)
(-0.0609252 0.770085 0)
(-0.00934553 0.667842 0)
(0.027342 0.582203 0)
(0.0530877 0.508987 0)
(-0.164174 0.705199 0)
(-0.0946353 0.620253 0)
(-0.0448348 0.547254 0)
(-0.00797786 0.484563 0)
(-0.241302 0.6211 0)
(-0.162254 0.559159 0)
(-0.103936 0.502682 0)
(-0.059791 0.452067 0)
(-0.289507 0.530896 0)
(-0.209617 0.491932 0)
(-0.148521 0.452272 0)
(-0.100973 0.413895 0)
(-0.31338 0.445495 0)
(-0.23879 0.425322 0)
(-0.179413 0.400375 0)
(-0.131685 0.373478 0)
(-0.320366 0.370363 0)
(-0.253845 0.363729 0)
(-0.198774 0.350464 0)
(-0.153106 0.333395 0)
(-0.316819 0.306421 0)
(-0.258829 0.308977 0)
(-0.209153 0.30443 0)
(-0.16679 0.295248 0)
(-0.306596 0.252368 0)
(-0.256763 0.261114 0)
(-0.212758 0.26293 0)
(-0.174256 0.259868 0)
(-0.292099 0.206851 0)
(-0.249754 0.219663 0)
(-0.211295 0.226039 0)
(-0.176825 0.227617 0)
(-0.275196 0.168851 0)
(-0.239441 0.184106 0)
(-0.206143 0.193611 0)
(-0.175624 0.198606 0)
(-0.257185 0.137254 0)
(-0.227076 0.153809 0)
(-0.19841 0.165349 0)
(-0.171601 0.172778 0)
(-0.238856 0.110953 0)
(-0.213527 0.12806 0)
(-0.188938 0.140845 0)
(-0.165518 0.149956 0)
(-0.220697 0.0890275 0)
(-0.199389 0.106197 0)
(-0.178343 0.11967 0)
(-0.157967 0.129898 0)
(-0.202998 0.0707209 0)
(-0.185063 0.0876423 0)
(-0.167074 0.101413 0)
(-0.149401 0.112343 0)
(-0.185916 0.0554087 0)
(-0.170811 0.0718939 0)
(-0.15545 0.0856976 0)
(-0.140159 0.0970298 0)
(-0.169524 0.0425832 0)
(-0.156798 0.0585287 0)
(-0.143694 0.0721921 0)
(-0.130494 0.0837125 0)
(-0.153839 0.0318339 0)
(-0.143122 0.0471922 0)
(-0.131957 0.0606056 0)
(-0.120589 0.0721644 0)
(-0.138851 0.0228268 0)
(-0.129834 0.0375875 0)
(-0.120339 0.0506868 0)
(-0.110578 0.0621815 0)
(-0.124529 0.0152865 0)
(-0.116955 0.0294657 0)
(-0.108903 0.0422191 0)
(-0.100553 0.053583 0)
(-0.110823 0.00899505 0)
(-0.104484 0.0226179 0)
(-0.0976842 0.0350171 0)
(-0.0905759 0.0462101 0)
(-0.0976945 0.00373399 0)
(-0.0924148 0.0168639 0)
(-0.086698 0.0289219 0)
(-0.0806863 0.0399256 0)
(-0.0850604 -0.000597131 0)
(-0.0806874 0.0120664 0)
(-0.0759388 0.0238032 0)
(-0.070905 0.0346125 0)
(-0.072884 -0.00411289 0)
(-0.0693144 0.0081105 0)
(-0.0654046 0.0195513 0)
(-0.0612425 0.030172 0)
(-0.0610984 -0.00699386 0)
(-0.0582299 0.00488716 0)
(-0.0550724 0.0160709 0)
(-0.0516966 0.0265208 0)
(-0.0496337 -0.00929771 0)
(-0.0473902 0.00229273 0)
(-0.0449164 0.0132845 0)
(-0.0422561 0.0235917 0)
(-0.0384455 -0.0110701 0)
(-0.0367406 0.000309985 0)
(-0.0348778 0.0111455 0)
(-0.0329007 0.0213369 0)
(-0.0274261 -0.0123612 0)
(-0.026234 -0.00109961 0)
(-0.024958 0.00961697 0)
(-0.0236181 0.0197217 0)
(-0.0165186 -0.0132453 0)
(-0.0158066 -0.00201401 0)
(-0.0150934 0.00868071 0)
(-0.0143838 0.0187389 0)
(-0.00555201 -0.0137724 0)
(-0.00534207 -0.00254994 0)
(-0.00517566 0.00820117 0)
(-0.0049731 0.0182298 0)
(-0.0352771 -0.231652 0)
(0.166596 -0.199111 0)
(0.165747 -0.131096 0)
(0.14974 -0.0671856 0)
(0.135988 -0.0258388 0)
(0.119681 -0.000812418 0)
(0.105056 0.0154703 0)
(0.0919268 0.0264725 0)
(0.0801434 0.0340186 0)
(0.0695816 0.0392048 0)
(0.0600435 0.0427675 0)
(0.0513457 0.0452033 0)
(0.0433283 0.0468527 0)
(0.0358536 0.0479536 0)
(0.0288046 0.0486738 0)
(0.022082 0.0491326 0)
(0.0155997 0.0494127 0)
(0.00928605 0.0495695 0)
(0.00306571 0.049325 0)
(0.162829 -0.419637 0)
(0.226436 -0.230907 0)
(0.204653 -0.108185 0)
(0.176106 -0.0457571 0)
(0.153397 -0.0115991 0)
(0.131523 0.0107043 0)
(0.112924 0.0252572 0)
(0.0972402 0.0349214 0)
(0.0837458 0.0413964 0)
(0.0720197 0.0457286 0)
(0.0616867 0.0486118 0)
(0.0524427 0.0505089 0)
(0.0440495 0.0517339 0)
(0.0363177 0.0525036 0)
(0.0290952 0.0529697 0)
(0.0222574 0.0532386 0)
(0.0156995 0.0533838 0)
(0.00933645 0.0534541 0)
(0.00308112 0.0531442 0)
(0.439671 -0.36674 0)
(0.322475 -0.18769 0)
(0.252354 -0.0808199 0)
(0.204073 -0.0248508 0)
(0.17005 0.00589851 0)
(0.142052 0.0248217 0)
(0.119697 0.0368408 0)
(0.101676 0.0445643 0)
(0.0866692 0.0495675 0)
(0.0739344 0.0527844 0)
(0.0629236 0.0548141 0)
(0.0532235 0.0560544 0)
(0.0445254 0.0567736 0)
(0.0365933 0.0571554 0)
(0.0292435 0.0573277 0)
(0.0223291 0.0573792 0)
(0.0157288 0.057371 0)
(0.00934557 0.0573437 0)
(0.00308286 0.0569629 0)
(0.596164 -0.212686 0)
(0.394552 -0.10073 0)
(0.291807 -0.0325726 0)
(0.226565 0.00628457 0)
(0.182824 0.0282648 0)
(0.15005 0.0416268 0)
(0.124796 0.0500347 0)
(0.104903 0.0552362 0)
(0.0886993 0.0584144 0)
(0.0751812 0.0602874 0)
(0.0636554 0.0613127 0)
(0.05362 0.0617948 0)
(0.0447086 0.0619388 0)
(0.0366473 0.0618849 0)
(0.0292265 0.0617301 0)
(0.0222814 0.0615415 0)
(0.0156777 0.0613649 0)
(0.00930839 0.0612306 0)
(0.0030696 0.0607754 0)
(0.624082 -0.0308153 0)
(0.424632 -0.000603253 0)
(0.312359 0.0241706 0)
(0.239678 0.0422582 0)
(0.190653 0.0535408 0)
(0.154906 0.0603426 0)
(0.127784 0.0644258 0)
(0.106659 0.0666764 0)
(0.0896714 0.0677622 0)
(0.0756515 0.0681165 0)
(0.063809 0.0680211 0)
(0.053582 0.0676665 0)
(0.0445642 0.0671815 0)
(0.0364552 0.0666548 0)
(0.0290273 0.0661473 0)
(0.0221028 0.0657011 0)
(0.0155385 0.0653444 0)
(0.00922056 0.0650962 0)
(0.00303988 0.0645633 0)
(0.588955 0.117488 0)
(0.422222 0.0894285 0)
(0.315536 0.0808776 0)
(0.243192 0.0799936 0)
(0.192955 0.0802091 0)
(0.156223 0.080028 0)
(0.128404 0.0794668 0)
(0.10678 0.07854 0)
(0.0894775 0.0773806 0)
(0.0752731 0.0761127 0)
(0.0633357 0.0748261 0)
(0.0530763 0.0735863 0)
(0.0440693 0.0724392 0)
(0.0360012 0.0714168 0)
(0.0286349 0.070541 0)
(0.021786 0.0698264 0)
(0.0153066 0.0692827 0)
(0.00907942 0.0689162 0)
(0.00299286 0.068304 0)
(0.528583 0.227994 0)
(0.398316 0.165238 0)
(0.304943 0.133262 0)
(0.238021 0.116665 0)
(0.189803 0.10666 0)
(0.153957 0.0997411 0)
(0.126585 0.0945835 0)
(0.105202 0.0904592 0)
(0.0880705 0.0870247 0)
(0.0740124 0.0841074 0)
(0.0622119 0.0816084 0)
(0.0520864 0.0794679 0)
(0.0432127 0.0776477 0)
(0.0352776 0.076122 0)
(0.028044 0.0748726 0)
(0.0213274 0.0738864 0)
(0.0149797 0.0731534 0)
(0.00888369 0.0726674 0)
(0.00292811 0.0719757 0)
(0.459822 0.306546 0)
(0.361662 0.226347 0)
(0.284291 0.178908 0)
(0.225689 0.150223 0)
(0.181775 0.131585 0)
(0.148339 0.118644 0)
(0.122421 0.109231 0)
(0.101961 0.102074 0)
(0.0854647 0.0964503 0)
(0.0718746 0.0919313 0)
(0.0604392 0.0882475 0)
(0.0506128 0.0852236 0)
(0.0419943 0.0827417 0)
(0.0342844 0.0807206 0)
(0.0272547 0.0791034 0)
(0.020727 0.0778493 0)
(0.0145579 0.0769299 0)
(0.00863344 0.076326 0)
(0.00284565 0.0755564 0)
(0.389619 0.361636 0)
(0.317927 0.27386 0)
(0.256761 0.216826 0)
(0.207868 0.179467 0)
(0.169694 0.15404 0)
(0.139787 0.136061 0)
(0.116133 0.122938 0)
(0.0971785 0.113059 0)
(0.0817294 0.10543 0)
(0.0689018 0.0994228 0)
(0.0580443 0.0946271 0)
(0.048673 0.090768 0)
(0.0404262 0.0876572 0)
(0.0330298 0.0851637 0)
(0.0262729 0.0831946 0)
(0.019989 0.081684 0)
(0.0140437 0.0805858 0)
(0.00833012 0.0798688 0)
(0.00274596 0.0790242 0)
(0.32058 0.399288 0)
(0.270721 0.309242 0)
(0.224907 0.246893 0)
(0.186122 0.203801 0)
(0.154461 0.173414 0)
(0.128823 0.151495 0)
(0.10803 0.13533 0)
(0.0910389 0.123141 0)
(0.0769796 0.113765 0)
(0.0651675 0.106437 0)
(0.0550755 0.100641 0)
(0.0462998 0.0960216 0)
(0.0385309 0.0923342 0)
(0.0315297 0.0894048 0)
(0.0251094 0.0871097 0)
(0.0191208 0.0853607 0)
(0.0134422 0.0840958 0)
(0.00797654 0.0832732 0)
(0.00262994 0.0823581 0)
(0.253697 0.423208 0)
(0.222397 0.333964 0)
(0.19068 0.269413 0)
(0.161818 0.223025 0)
(0.136965 0.18937 0)
(0.116009 0.164618 0)
(0.0984688 0.146134 0)
(0.0837712 0.132105 0)
(0.0713638 0.121293 0)
(0.0607701 0.112851 0)
(0.0515996 0.106195 0)
(0.0435391 0.100914 0)
(0.0363405 0.0967188 0)
(0.0298068 0.0934021 0)
(0.0237803 0.0908152 0)
(0.0181334 0.0888517 0)
(0.0127605 0.0874364 0)
(0.00757675 0.0865184 0)
(0.00249889 0.0855386 0)
(0.189549 0.435637 0)
(0.174533 0.34928 0)
(0.155574 0.284871 0)
(0.136124 0.237201 0)
(0.118036 0.201782 0)
(0.101909 0.175253 0)
(0.0878269 0.155176 0)
(0.075628 0.139801 0)
(0.0650525 0.127891 0)
(0.0558261 0.11857 0)
(0.0476969 0.111216 0)
(0.0404473 0.105387 0)
(0.0338949 0.100765 0)
(0.0278892 0.0971187 0)
(0.0223055 0.0942815 0)
(0.0170407 0.0921326 0)
(0.0120077 0.0905867 0)
(0.00713587 0.0895855 0)
(0.00235448 0.088548 0)
(0.12886 0.437911 0)
(0.128333 0.356217 0)
(0.120777 0.293838 0)
(0.110032 0.246561 0)
(0.0984175 0.210688 0)
(0.0870556 0.183347 0)
(0.0764783 0.16237 0)
(0.0668694 0.146142 0)
(0.0582267 0.13348 0)
(0.0504624 0.123523 0)
(0.0434574 0.115646 0)
(0.0370883 0.109395 0)
(0.03124 0.104435 0)
(0.0258098 0.100525 0)
(0.0207084 0.0974837 0)
(0.0158588 0.0951824 0)
(0.0111943 0.0935285 0)
(0.00665995 0.0924582 0)
(0.00219866 0.0913708 0)
(0.072706 0.431072 0)
(0.0848429 0.35572 0)
(0.0872817 0.296948 0)
(0.0843819 0.251458 0)
(0.0787619 0.216245 0)
(0.0719354 0.188947 0)
(0.0647777 0.167707 0)
(0.0577505 0.151092 0)
(0.0510692 0.138016 0)
(0.0448102 0.12767 0)
(0.0389755 0.119449 0)
(0.0335306 0.112904 0)
(0.0284252 0.107703 0)
(0.0236044 0.103597 0)
(0.0190146 0.100402 0)
(0.0146057 0.0979845 0)
(0.0103322 0.096247 0)
(0.00615572 0.0951229 0)
(0.00203359 0.0939942 0)
(0.0225166 0.415937 0)
(0.0449602 0.348676 0)
(0.0559109 0.294907 0)
(0.0598749 0.252337 0)
(0.0596258 0.218705 0)
(0.0569778 0.192181 0)
(0.0530486 0.171243 0)
(0.0485111 0.154666 0)
(0.0437566 0.141495 0)
(0.038999 0.130996 0)
(0.0343462 0.122605 0)
(0.0298438 0.115897 0)
(0.0255018 0.11055 0)
(0.0213107 0.106319 0)
(0.0172513 0.103023 0)
(0.0133006 0.100526 0)
(0.00943414 0.0987309 0)
(0.00563038 0.0975692 0)
(0.00186161 0.0964082 0)
(-0.0213339 0.394382 0)
(0.00963273 0.336248 0)
(0.0273787 0.288407 0)
(0.0370689 0.249714 0)
(0.0414669 0.218392 0)
(0.0425484 0.19324 0)
(0.0415747 0.173084 0)
(0.0393682 0.156919 0)
(0.0364528 0.143941 0)
(0.0331521 0.133507 0)
(0.029662 0.125113 0)
(0.0260971 0.118368 0)
(0.0225213 0.112968 0)
(0.0189665 0.108684 0)
(0.0154463 0.105338 0)
(0.0119632 0.1028 0)
(0.00851313 0.100973 0)
(0.0050914 0.0997898 0)
(0.00168514 0.0986056 0)
(-0.0577825 0.368472 0)
(-0.0209588 0.319839 0)
(0.00212817 0.278462 0)
(0.016434 0.244042 0)
(0.0246366 0.21566 0)
(0.0289425 0.192359 0)
(0.0305965 0.173374 0)
(0.0305109 0.157939 0)
(0.0293051 0.145405 0)
(0.0273829 0.135233 0)
(0.0250093 0.126988 0)
(0.0223563 0.120321 0)
(0.0195333 0.114959 0)
(0.0166093 0.110688 0)
(0.0136271 0.107344 0)
(0.0106129 0.104801 0)
(0.0075823 0.102968 0)
(0.00454628 0.101781 0)
(0.0015066 0.100582 0)
(-0.0866106 0.33967 0)
(-0.0464414 0.30066 0)
(-0.0197404 0.266026 0)
(-0.00188611 0.23608 0)
(0.00946305 0.210868 0)
(0.0163937 0.189773 0)
(0.0203068 0.172288 0)
(0.0220987 0.157838 0)
(0.0224409 0.145958 0)
(0.0217918 0.136218 0)
(0.020467 0.128256 0)
(0.0186823 0.121774 0)
(0.0165849 0.116532 0)
(0.0142746 0.112338 0)
(0.0118201 0.109043 0)
(0.00926901 0.106532 0)
(0.00665443 0.104718 0)
(0.0040024 0.103541 0)
(0.00132838 0.102337 0)
(-0.108347 0.309717 0)
(-0.0668596 0.27974 0)
(-0.0380311 0.25171 0)
(-0.0177918 0.226501 0)
(-0.0040295 0.204538 0)
(0.00509051 0.185799 0)
(0.0108686 0.169981 0)
(0.0142572 0.156743 0)
(0.0159661 0.145686 0)
(0.0164653 0.136518 0)
(0.0161041 0.128955 0)
(0.01513 0.122751 0)
(0.0137188 0.117703 0)
(0.0119955 0.113644 0)
(0.0100503 0.110443 0)
(0.00794938 0.107995 0)
(0.0057417 0.106224 0)
(0.00346676 0.105072 0)
(0.00115277 0.103872 0)
(-0.12384 0.280015 0)
(-0.082605 0.258115 0)
(-0.0528466 0.236224 0)
(-0.0311548 0.215646 0)
(-0.0157391 0.197085 0)
(-0.00496588 0.180785 0)
(0.00236096 0.166713 0)
(0.00710267 0.154757 0)
(0.00996371 0.144679 0)
(0.0114745 0.136201 0)
(0.0119798 0.129132 0)
(0.0117469 0.123285 0)
(0.0109733 0.118495 0)
(0.00980167 0.114623 0)
(0.00834025 0.111554 0)
(0.00667067 0.109201 0)
(0.00485544 0.107493 0)
(0.00294594 0.106381 0)
(0.000981905 0.105192 0)
(-0.134026 0.25148 0)
(-0.0941799 0.23659 0)
(-0.064442 0.220254 0)
(-0.0420692 0.203994 0)
(-0.0256141 0.188738 0)
(-0.0136836 0.174936 0)
(-0.00520481 0.162719 0)
(0.000659392 0.152094 0)
(0.00451944 0.143017 0)
(0.00687795 0.13533 0)
(0.0081417 0.128838 0)
(0.00857381 0.123412 0)
(0.00838118 0.118935 0)
(0.00771939 0.115293 0)
(0.00671019 0.112393 0)
(0.00544781 0.110159 0)
(0.00400586 0.108534 0)
(0.00244587 0.107473 0)
(0.000817706 0.106303 0)
(-0.139814 0.224665 0)
(-0.102122 0.215714 0)
(-0.0731235 0.204289 0)
(-0.0506991 0.191976 0)
(-0.0337242 0.179832 0)
(-0.0210476 0.168446 0)
(-0.011743 0.158105 0)
(-0.005054 0.148915 0)
(-0.000374559 0.140875 0)
(0.00273152 0.13398 0)
(0.00463219 0.128115 0)
(0.00564289 0.123174 0)
(0.00597018 0.119054 0)
(0.00577087 0.115679 0)
(0.00517748 0.112976 0)
(0.00429383 0.110885 0)
(0.003202 0.109359 0)
(0.00197183 0.108361 0)
(0.000661868 0.107215 0)
(-0.14204 0.199888 0)
(-0.106968 0.195863 0)
(-0.0792213 0.188687 0)
(-0.0572354 0.179918 0)
(-0.0401725 0.170652 0)
(-0.0271083 0.16156 0)
(-0.0172614 0.15303 0)
(-0.00997021 0.145268 0)
(-0.00468937 0.138349 0)
(-0.00098711 0.132272 0)
(0.00148023 0.127046 0)
(0.00298821 0.122607 0)
(0.00376215 0.118883 0)
(0.00397429 0.115807 0)
(0.0037567 0.113324 0)
(0.00321978 0.111396 0)
(0.00245158 0.109982 0)
(0.00152831 0.109055 0)
(0.000515793 0.107939 0)
(-0.141441 0.177292 0)
(-0.109225 0.177278 0)
(-0.0830714 0.173715 0)
(-0.0618878 0.168069 0)
(-0.045081 0.161418 0)
(-0.0319318 0.15447 0)
(-0.0217967 0.147669 0)
(-0.0141087 0.141288 0)
(-0.00838709 0.135468 0)
(-0.00423462 0.13027 0)
(-0.00132396 0.12571 0)
(0.000612181 0.121781 0)
(0.00177929 0.118456 0)
(0.0023452 0.115699 0)
(0.00245926 0.11346 0)
(0.00223458 0.111708 0)
(0.00176108 0.110418 0)
(0.00111901 0.109571 0)
(0.000380503 0.108489 0)
(-0.138644 0.156894 0)
(-0.10935 0.16009 0)
(-0.0849964 0.159554 0)
(-0.0648724 0.15662 0)
(-0.0485865 0.152311 0)
(-0.0355989 0.147331 0)
(-0.0253931 0.142157 0)
(-0.0174931 0.1371 0)
(-0.0114809 0.132348 0)
(-0.00699996 0.128009 0)
(-0.00374987 0.124137 0)
(-0.00148128 0.120747 0)
(1.47027e-05 0.117832 0)
(0.000895353 0.115391 0)
(0.00129707 0.113403 0)
(0.00134521 0.11184 0)
(0.00113576 0.110684 0)
(0.000746749 0.109924 0)
(0.000256551 0.108876 0)
(-0.134164 0.13862 0)
(-0.107744 0.144348 0)
(-0.0852934 0.146316 0)
(-0.0663995 0.145711 0)
(-0.0508319 0.14347 0)
(-0.038202 0.140273 0)
(-0.0281067 0.136606 0)
(-0.0201547 0.1328 0)
(-0.0139886 0.129075 0)
(-0.00929341 0.125572 0)
(-0.00579785 0.122372 0)
(-0.00327185 0.119522 0)
(-0.00151974 0.11704 0)
(-0.000383521 0.114926 0)
(0.000270894 0.113188 0)
(0.000558863 0.111816 0)
(0.000581311 0.110798 0)
(0.00041347 0.110128 0)
(0.000143443 0.109119 0)
(-0.128416 0.122353 0)
(-0.10475 0.130048 0)
(-0.084229 0.134065 0)
(-0.0666672 0.135435 0)
(-0.0519583 0.135002 0)
(-0.0398382 0.133403 0)
(-0.0300016 0.131113 0)
(-0.0221335 0.128473 0)
(-0.0159337 0.125722 0)
(-0.0111285 0.123021 0)
(-0.00747573 0.120476 0)
(-0.00476538 0.118155 0)
(-0.00281656 0.116097 0)
(-0.00147776 0.114322 0)
(-0.000618579 0.112843 0)
(-0.000127485 0.111663 0)
(9.69459e-05 0.110783 0)
(0.000120784 0.110208 0)
(4.30264e-05 0.109226 0)
(-0.121733 0.107947 0)
(-0.100655 0.117148 0)
(-0.082037 0.122823 0)
(-0.0658569 0.125854 0)
(-0.0521013 0.126986 0)
(-0.0406054 0.126803 0)
(-0.0311462 0.12576 0)
(-0.023476 0.124194 0)
(-0.0173465 0.122352 0)
(-0.0125236 0.120412 0)
(-0.00879391 0.118496 0)
(-0.00596813 0.116689 0)
(-0.00388026 0.115047 0)
(-0.00238791 0.113603 0)
(-0.00136711 0.112383 0)
(-0.000710285 0.111398 0)
(-0.000319654 0.110657 0)
(-0.000130653 0.110184 0)
(-4.0904e-05 0.109219 0)
(-0.114371 0.0952461 0)
(-0.0956964 0.105582 0)
(-0.0789197 0.112586 0)
(-0.0641322 0.117001 0)
(-0.0513879 0.119475 0)
(-0.0405989 0.120537 0)
(-0.0316103 0.12061 0)
(-0.0242317 0.120023 0)
(-0.0182615 0.119023 0)
(-0.0135019 0.117796 0)
(-0.00976728 0.116477 0)
(-0.00688911 0.115162 0)
(-0.00471673 0.113921 0)
(-0.00311808 0.1128 0)
(-0.00197677 0.111833 0)
(-0.00119061 0.11104 0)
(-0.000666342 0.110436 0)
(-0.000338849 0.110067 0)
(-0.000108974 0.109121 0)
(-0.106533 0.0840968 0)
(-0.0900693 0.0952718 0)
(-0.0750493 0.10333 0)
(-0.0616379 0.108889 0)
(-0.0499346 0.112505 0)
(-0.0399098 0.114651 0)
(-0.031463 0.115716 0)
(-0.024452 0.116012 0)
(-0.0187159 0.115783 0)
(-0.0140898 0.115217 0)
(-0.0104142 0.114457 0)
(-0.00754081 0.113609 0)
(-0.00533429 0.112751 0)
(-0.00367374 0.11194 0)
(-0.00245116 0.111217 0)
(-0.00157048 0.11061 0)
(-0.000943672 0.110141 0)
(-0.000505248 0.109872 0)
(-0.000162658 0.108948 0)
(-0.0983697 0.0743512 0)
(-0.0839305 0.0861333 0)
(-0.0705711 0.0950186 0)
(-0.0585006 0.101516 0)
(-0.0478472 0.106097 0)
(-0.0386234 0.10918 0)
(-0.0307712 0.111118 0)
(-0.0241882 0.112204 0)
(-0.0187483 0.112674 0)
(-0.0143159 0.112715 0)
(-0.0107557 0.112473 0)
(-0.00793834 0.112062 0)
(-0.00574371 0.111565 0)
(-0.00406239 0.111048 0)
(-0.0027953 0.110558 0)
(-0.00185312 0.11013 0)
(-0.00115362 0.10979 0)
(-0.000631671 0.109614 0)
(-0.000203067 0.108716 0)
(-0.0899982 0.0658725 0)
(-0.0774058 0.0780819 0)
(-0.0656065 0.08761 0)
(-0.0548301 0.0948697 0)
(-0.0452202 0.10026 0)
(-0.0368183 0.104146 0)
(-0.0295987 0.106846 0)
(-0.0234908 0.108632 0)
(-0.018398 0.10973 0)
(-0.0142104 0.110322 0)
(-0.0108145 0.110556 0)
(-0.00809872 0.110548 0)
(-0.00595761 0.110387 0)
(-0.00429324 0.110145 0)
(-0.00301573 0.109875 0)
(-0.00204299 0.109617 0)
(-0.00129905 0.1094 0)
(-0.000720032 0.10931 0)
(-0.00023101 0.108442 0)
(-0.0815033 0.0585364 0)
(-0.0705947 0.0710361 0)
(-0.0602561 0.0810576 0)
(-0.050721 0.0889326 0)
(-0.0421379 0.0949959 0)
(-0.0345667 0.0995643 0)
(-0.0280054 0.102924 0)
(-0.0224087 0.105325 0)
(-0.0177042 0.106981 0)
(-0.0138042 0.108068 0)
(-0.0106146 0.108733 0)
(-0.00804045 0.109093 0)
(-0.00599007 0.109242 0)
(-0.00437685 0.109255 0)
(-0.00312018 0.109189 0)
(-0.00214556 0.109088 0)
(-0.00138359 0.108987 0)
(-0.000772571 0.108975 0)
(-0.000247296 0.108141 0)
(-0.0729464 0.0522325 0)
(-0.0635752 0.06492 0)
(-0.0546026 0.0753151 0)
(-0.0462537 0.0836818 0)
(-0.0386741 0.0902997 0)
(-0.031934 0.0954432 0)
(-0.0260475 0.099368 0)
(-0.0209887 0.102303 0)
(-0.0167053 0.104449 0)
(-0.0131283 0.105976 0)
(-0.0101808 0.107027 0)
(-0.00778311 0.107719 0)
(-0.00585633 0.10815 0)
(-0.00432487 0.108395 0)
(-0.00311736 0.108516 0)
(-0.00216706 0.108561 0)
(-0.0014115 0.108566 0)
(-0.000791828 0.108624 0)
(-0.000252792 0.107826 0)
(-0.0643703 0.0468644 0)
(-0.0564074 0.0596647 0)
(-0.0487138 0.0703381 0)
(-0.041497 0.0790932 0)
(-0.0348942 0.0861633 0)
(-0.0289791 0.0917861 0)
(-0.0237767 0.0961895 0)
(-0.0192754 0.0995833 0)
(-0.0154386 0.102155 0)
(-0.0122136 0.104066 0)
(-0.00953841 0.105458 0)
(-0.00734692 0.106446 0)
(-0.00557241 0.107128 0)
(-0.00414976 0.107583 0)
(-0.00301672 0.107873 0)
(-0.00211443 0.10805 0)
(-0.00138748 0.108152 0)
(-0.000780605 0.108271 0)
(-0.000248435 0.10751 0)
(-0.0558034 0.0423496 0)
(-0.0491377 0.0552092 0)
(-0.0426448 0.0660853 0)
(-0.0365092 0.0751428 0)
(-0.0308552 0.0825764 0)
(-0.0257556 0.0885928 0)
(-0.0212411 0.0933957 0)
(-0.0173107 0.0971772 0)
(-0.0139403 0.100112 0)
(-0.0110906 0.102356 0)
(-0.00871259 0.104044 0)
(-0.00675255 0.105291 0)
(-0.00515493 0.106194 0)
(-0.00386465 0.106833 0)
(-0.00282836 0.107274 0)
(-0.00199509 0.107568 0)
(-0.00131667 0.107756 0)
(-0.000741931 0.107928 0)
(-0.000235231 0.107205 0)
(-0.0472625 0.0386184 0)
(-0.0418006 0.0515005 0)
(-0.0364406 0.0625199 0)
(-0.0313399 0.0718073 0)
(-0.0266076 0.0795274 0)
(-0.0223115 0.0858609 0)
(-0.0184851 0.0909909 0)
(-0.0151344 0.095094 0)
(-0.0122451 0.0983338 0)
(-0.00978899 0.100858 0)
(-0.00772847 0.102798 0)
(-0.00602083 0.104267 0)
(-0.00462089 0.10536 0)
(-0.00348311 0.10616 0)
(-0.00256281 0.106731 0)
(-0.00181691 0.107128 0)
(-0.0012045 0.107391 0)
(-0.000679034 0.107607 0)
(-0.000214253 0.106922 0)
(-0.0387556 0.0356144 0)
(-0.0344222 0.0484944 0)
(-0.0301381 0.0596094 0)
(-0.0260319 0.0690657 0)
(-0.0221957 0.0770046 0)
(-0.0186906 0.0835864 0)
(-0.0155498 0.088977 0)
(-0.0127839 0.0933396 0)
(-0.0103863 0.096828 0)
(-0.00833784 0.0995835 0)
(-0.00661087 0.101732 0)
(-0.00517259 0.103386 0)
(-0.00398747 0.104639 0)
(-0.00301901 0.105574 0)
(-0.00223097 0.106256 0)
(-0.00158805 0.106739 0)
(-0.00105668 0.107067 0)
(-0.000595316 0.107317 0)
(-0.000186643 0.106669 0)
(-0.0302841 0.033294 0)
(-0.0270223 0.0461553 0)
(-0.0237682 0.0573269 0)
(-0.0206221 0.0668992 0)
(-0.0176595 0.0749971 0)
(-0.0149327 0.0817646 0)
(-0.0124734 0.0873543 0)
(-0.0102947 0.0919181 0)
(-0.00839583 0.0956016 0)
(-0.00676532 0.0985401 0)
(-0.00538418 0.100856 0)
(-0.0042286 0.102658 0)
(-0.00327198 0.10404 0)
(-0.00248645 0.105084 0)
(-0.00184397 0.105856 0)
(-0.00131692 0.106411 0)
(-0.000879067 0.10679 0)
(-0.000494337 0.107066 0)
(-0.000153628 0.106453 0)
(-0.0218484 0.0316249 0)
(-0.0196166 0.044454 0)
(-0.0173569 0.0556483 0)
(-0.0151432 0.06529 0)
(-0.0130344 0.0734925 0)
(-0.0110742 0.0803885 0)
(-0.00929116 0.0861199 0)
(-0.00769989 0.09083 0)
(-0.00630405 0.0946575 0)
(-0.00509858 0.0977325 0)
(-0.00407218 0.100174 0)
(-0.00320924 0.102089 0)
(-0.00249156 0.10357 0)
(-0.00189952 0.104698 0)
(-0.00141301 0.105539 0)
(-0.00101199 0.106149 0)
(-0.000677583 0.106569 0)
(-0.000379799 0.106862 0)
(-0.000116568 0.106282 0)
(-0.01345 0.0305993 0)
(-0.0122266 0.0433853 0)
(-0.010939 0.054573 0)
(-0.00963841 0.0642421 0)
(-0.0083686 0.0724993 0)
(-0.00716473 0.0794698 0)
(-0.00605185 0.085288 0)
(-0.00504549 0.0900907 0)
(-0.004153 0.0940115 0)
(-0.00337512 0.0971767 0)
(-0.00270756 0.0997025 0)
(-0.00214246 0.101693 0)
(-0.00166959 0.103242 0)
(-0.00127728 0.104427 0)
(-0.000953146 0.105316 0)
(-0.000684601 0.105964 0)
(-0.000460032 0.106413 0)
(-0.000256644 0.106715 0)
(-7.73194e-05 0.10616 0)
(-0.00473251 0.0300466 0)
(-0.00438585 0.0427784 0)
(-0.00399273 0.053936 0)
(-0.00357291 0.0635996 0)
(-0.00314492 0.0718731 0)
(-0.00272499 0.0788768 0)
(-0.00232597 0.0847405 0)
(-0.00195701 0.0895962 0)
(-0.00162379 0.0935735 0)
(-0.00132896 0.0967953 0)
(-0.00107276 0.0993754 0)
(-0.000853577 0.101417 0)
(-0.000668473 0.10301 0)
(-0.000513652 0.104234 0)
(-0.0003848 0.105156 0)
(-0.00027733 0.10583 0)
(-0.000187184 0.106298 0)
(-0.000103873 0.106604 0)
(-3.05785e-05 0.106073 0)
)
;

boundaryField
{
    leftWall
    {
        type            noSlip;
    }
    rightWall
    {
        type            noSlip;
    }
    lowerWall
    {
        type            noSlip;
    }
    atmosphere
    {
        type            pressureInletOutletVelocity;
        value           nonuniform List<vector> 
46
(
(0 -0.191682 0)
(0 -0.192977 0)
(0 -0.191274 0)
(0 -0.188619 0)
(0 -0.185053 0)
(0 -0.180618 0)
(0 -0.175352 0)
(0 -0.169297 0)
(0 -0.162497 0)
(0 -0.155003 0)
(0 -0.14687 0)
(0 -0.138158 0)
(0 -0.128933 0)
(0 -0.119264 0)
(0 -0.109226 0)
(0 -0.0988927 0)
(0 -0.0883417 0)
(0 -0.0776499 0)
(0 -0.0668936 0)
(0 -0.0561465 0)
(0 -0.0454782 0)
(0 -0.0349527 0)
(0 -0.0246248 0)
(0 -0.0137724 0)
(0 -0.00254994 0)
(-0.00517566 0.00820117 0)
(-0.0049731 0.0182298 0)
(-0.00473251 0.0300466 0)
(-0.00438585 0.0427784 0)
(-0.00399273 0.053936 0)
(-0.00357291 0.0635996 0)
(-0.00314492 0.0718731 0)
(-0.00272499 0.0788768 0)
(-0.00232597 0.0847405 0)
(-0.00195701 0.0895962 0)
(-0.00162379 0.0935735 0)
(-0.00132896 0.0967953 0)
(-0.00107276 0.0993754 0)
(-0.000853577 0.101417 0)
(-0.000668473 0.10301 0)
(-0.000513652 0.104234 0)
(-0.0003848 0.105156 0)
(-0.00027733 0.10583 0)
(-0.000187184 0.106298 0)
(-0.000103873 0.106604 0)
(-3.05785e-05 0.106073 0)
)
;
    }
    defaultFaces
    {
        type            empty;
    }
}


// ************************************************************************* //
