/*--------------------------------*- C++ -*----------------------------------*\
| =========                 |                                                 |
| \\      /  F ield         | OpenFOAM: The Open Source CFD Toolbox           |
|  \\    /   O peration     | Version:  2206                                  |
|   \\  /    A nd           | Website:  www.openfoam.com                      |
|    \\/     M anipulation  |                                                 |
\*---------------------------------------------------------------------------*/
FoamFile
{
    version     2.0;
    format      ascii;
    arch        "LSB;label=32;scalar=64";
    class       surfaceScalarField;
    location    "0.4";
    object      phi;
}
// * * * * * * * * * * * * * * * * * * * * * * * * * * * * * * * * * * * * * //

dimensions      [0 3 -1 0 0 0 0];

oriented        oriented;

internalField   nonuniform List<scalar> 
4432
(
-3.27383e-06
3.27383e-06
-2.41249e-06
-8.61344e-07
2.21805e-06
-4.63055e-06
8.61363e-06
-6.39558e-06
1.51471e-05
-6.53346e-06
2.0846e-05
-5.69888e-06
2.53814e-05
-4.53543e-06
2.88063e-05
-3.42495e-06
3.13222e-05
-2.51585e-06
3.31438e-05
-1.82162e-06
3.44328e-05
-1.28897e-06
3.52636e-05
-8.30851e-07
3.55943e-05
-3.30689e-07
3.5188e-05
4.06355e-07
3.35676e-05
1.62038e-06
3.01096e-05
3.45803e-06
2.39608e-05
6.14873e-06
1.45423e-05
9.41855e-06
3.2186e-06
1.13237e-05
-7.00476e-06
1.02234e-05
-1.56884e-05
8.68363e-06
-1.64685e-05
7.80114e-07
-1.64685e-05
-3.33796e-06
6.61179e-06
-2.17104e-06
-2.02828e-06
2.53302e-06
-9.33461e-06
8.9318e-06
-1.27944e-05
1.5413e-05
-1.30146e-05
2.10408e-05
-1.13268e-05
2.55148e-05
-9.00945e-06
2.89076e-05
-6.81768e-06
3.14303e-05
-5.03862e-06
3.32956e-05
-3.68689e-06
3.4655e-05
-2.64837e-06
3.55853e-05
-1.76114e-06
3.61196e-05
-8.65006e-07
3.63147e-05
2.11292e-07
3.62841e-05
1.65094e-06
3.58739e-05
3.86823e-06
3.44715e-05
7.55113e-06
3.03825e-05
1.35076e-05
2.11617e-05
2.05445e-05
6.51707e-06
2.4868e-05
-7.18495e-06
2.23856e-05
-8.88941e-06
2.48459e-06
-2.53579e-05
-3.0214e-06
9.63319e-06
-1.72649e-06
-3.32319e-06
3.05265e-06
-1.41138e-05
9.39305e-06
-1.91348e-05
1.57115e-05
-1.93331e-05
2.11384e-05
-1.67537e-05
2.54334e-05
-1.33044e-05
2.87083e-05
-1.00926e-05
3.11887e-05
-7.51898e-06
3.30801e-05
-5.57837e-06
3.45176e-05
-4.08584e-06
3.55582e-05
-2.80177e-06
3.61848e-05
-1.49154e-06
3.63484e-05
4.76908e-08
3.59712e-05
2.02809e-06
3.51348e-05
4.70468e-06
3.41802e-05
8.50566e-06
3.33252e-05
1.43626e-05
3.07823e-05
2.30873e-05
2.34108e-05
3.22395e-05
1.24535e-05
3.33429e-05
3.78794e-06
1.11502e-05
-2.157e-05
-2.60513e-06
1.22383e-05
-1.05269e-06
-4.87563e-06
3.77003e-06
-1.89365e-05
9.99394e-06
-2.53587e-05
1.60709e-05
-2.54101e-05
2.12149e-05
-2.18976e-05
2.52714e-05
-1.73609e-05
2.84054e-05
-1.32266e-05
3.08543e-05
-9.96797e-06
3.28071e-05
-7.53108e-06
3.43695e-05
-5.6483e-06
3.55704e-05
-4.00266e-06
3.63804e-05
-2.30157e-06
3.67284e-05
-3.00249e-07
3.65307e-05
2.22578e-06
3.57378e-05
5.49755e-06
3.44759e-05
9.76755e-06
3.34727e-05
1.53658e-05
3.33957e-05
2.31644e-05
3.23989e-05
3.32364e-05
2.68267e-05
3.89152e-05
1.47057e-05
2.32711e-05
-6.86429e-06
-2.06368e-06
1.4302e-05
-1.14484e-07
-6.82483e-06
4.63172e-06
-2.36827e-05
1.06726e-05
-3.13996e-05
1.64498e-05
-3.11874e-05
2.1257e-05
-2.67048e-05
2.50401e-05
-2.11441e-05
2.80274e-05
-1.62138e-05
3.04649e-05
-1.24055e-05
3.2514e-05
-9.58011e-06
3.42412e-05
-7.37555e-06
3.56407e-05
-5.40217e-06
3.66609e-05
-3.3218e-06
3.72283e-05
-8.67591e-07
3.72766e-05
2.17745e-06
3.67713e-05
6.00289e-06
3.57321e-05
1.08068e-05
3.44189e-05
1.6679e-05
3.3905e-05
2.36783e-05
3.46163e-05
3.2525e-05
3.25381e-05
4.09934e-05
2.07721e-05
3.50371e-05
1.39078e-05
-1.38662e-06
1.56886e-05
7.77074e-07
-8.98852e-06
5.53366e-06
-2.84393e-05
1.13289e-05
-3.71948e-05
1.67785e-05
-3.6637e-05
2.12466e-05
-3.11728e-05
2.47714e-05
-2.46689e-05
2.76435e-05
-1.90859e-05
3.01109e-05
-1.48729e-05
3.22982e-05
-1.17674e-05
3.4226e-05
-9.30337e-06
3.585e-05
-7.02613e-06
3.70948e-05
-4.56668e-06
3.78804e-05
-1.65319e-06
3.81494e-05
1.9085e-06
3.78936e-05
6.25871e-06
3.7152e-05
1.15483e-05
3.59918e-05
1.78392e-05
3.47794e-05
2.48907e-05
3.45937e-05
3.27107e-05
3.34442e-05
4.21429e-05
2.33484e-05
4.51329e-05
3.72563e-05
-5.82058e-07
1.62707e-05
1.86537e-06
-1.1436e-05
6.44815e-06
-3.30221e-05
1.18858e-05
-4.26324e-05
1.69681e-05
-4.17193e-05
2.11171e-05
-3.53218e-05
2.44369e-05
-2.79888e-05
2.72611e-05
-2.19101e-05
2.9824e-05
-1.74358e-05
3.22041e-05
-1.41475e-05
3.43735e-05
-1.14728e-05
3.62514e-05
-8.90405e-06
3.77416e-05
-6.05686e-06
3.87571e-05
-2.66876e-06
3.92332e-05
1.43247e-06
3.91731e-05
6.31879e-06
3.86191e-05
1.21023e-05
3.76776e-05
1.87807e-05
3.63172e-05
2.62511e-05
3.50266e-05
3.40014e-05
3.33575e-05
4.3812e-05
2.52498e-05
5.32406e-05
6.2506e-05
4.1439e-07
1.58563e-05
3.26114e-06
-1.42827e-05
7.64258e-06
-3.74035e-05
1.25674e-05
-4.75573e-05
1.71436e-05
-4.62955e-05
2.09276e-05
-3.91059e-05
2.40641e-05
-3.11253e-05
2.68832e-05
-2.47292e-05
2.95769e-05
-2.01294e-05
3.21681e-05
-1.67387e-05
3.45844e-05
-1.38891e-05
3.67196e-05
-1.10393e-05
3.84658e-05
-7.80302e-06
3.97334e-05
-3.93638e-06
4.04809e-05
6.84951e-07
4.06603e-05
6.13944e-06
4.02833e-05
1.24793e-05
3.94679e-05
1.9596e-05
3.8229e-05
2.749e-05
3.64931e-05
3.57373e-05
3.40177e-05
4.62873e-05
2.66925e-05
6.05659e-05
8.91985e-05
2.20613e-05
-2.20613e-05
3.8575e-05
-1.65136e-05
3.42652e-05
4.30987e-06
2.49205e-05
9.34479e-06
1.68252e-05
8.09525e-06
9.23927e-06
7.58607e-06
1.61083e-06
7.62854e-06
-5.06774e-06
6.67833e-06
-1.07894e-05
5.7216e-06
-1.5379e-05
4.58969e-06
-1.86884e-05
3.30928e-06
-2.08183e-05
2.13006e-06
-2.16201e-05
8.0199e-07
-2.09734e-05
-6.46817e-07
-1.89236e-05
-2.04974e-06
-1.54675e-05
-3.4559e-06
-1.05549e-05
-4.91289e-06
-4.4955e-06
-6.0594e-06
-4.49541e-06
2.23802e-05
-4.44414e-05
4.34295e-05
-3.75629e-05
4.01891e-05
7.55031e-06
2.74929e-05
2.20411e-05
1.52929e-05
2.02953e-05
5.26387e-06
1.76149e-05
-2.62851e-06
1.55211e-05
-8.44941e-06
1.24991e-05
-1.28999e-05
1.01718e-05
-1.61768e-05
7.86683e-06
-1.82815e-05
5.41415e-06
-1.94979e-05
3.34645e-06
-1.98206e-05
1.12488e-06
-1.90544e-05
-1.41308e-06
-1.71336e-05
-3.97075e-06
-1.39778e-05
-6.61149e-06
-9.46817e-06
-9.42258e-06
-3.93493e-06
-1.1593e-05
-8.43031e-06
2.04064e-05
-6.48476e-05
4.40576e-05
-6.12142e-05
4.11717e-05
1.04362e-05
2.74369e-05
3.57761e-05
1.50023e-05
3.273e-05
5.24594e-06
2.73711e-05
-2.23408e-06
2.30012e-05
-7.8153e-06
1.80803e-05
-1.24114e-05
1.47678e-05
-1.6093e-05
1.15486e-05
-1.85813e-05
7.90254e-06
-2.01644e-05
4.92945e-06
-2.07152e-05
1.67578e-06
-1.99917e-05
-2.13645e-06
-1.80128e-05
-5.94976e-06
-1.4708e-05
-9.91642e-06
-9.96373e-06
-1.41668e-05
-4.16375e-06
-1.73931e-05
-1.25941e-05
1.67629e-05
-8.16104e-05
4.11634e-05
-8.56146e-05
3.99382e-05
1.16614e-05
2.70868e-05
4.86276e-05
1.51464e-05
4.46707e-05
5.57788e-06
3.69395e-05
-2.14495e-06
3.07239e-05
-7.98175e-06
2.39171e-05
-1.28126e-05
1.95986e-05
-1.67209e-05
1.54571e-05
-1.92301e-05
1.04118e-05
-2.09114e-05
6.61066e-06
-2.16159e-05
2.38051e-06
-2.09495e-05
-2.80271e-06
-1.89617e-05
-7.93754e-06
-1.55363e-05
-1.33419e-05
-1.0541e-05
-1.91622e-05
-4.42025e-06
-2.35139e-05
-1.70144e-05
1.19674e-05
-9.35779e-05
3.66897e-05
-0.000110337
3.4967e-05
1.33841e-05
2.49528e-05
5.86418e-05
1.45567e-05
5.5067e-05
4.78073e-06
4.67154e-05
-3.04439e-06
3.85491e-05
-8.85536e-06
2.9728e-05
-1.36264e-05
2.43695e-05
-1.76244e-05
1.94552e-05
-1.99836e-05
1.27712e-05
-2.17136e-05
8.34074e-06
-2.25852e-05
3.25208e-06
-2.19576e-05
-3.43035e-06
-1.99521e-05
-9.94313e-06
-1.6394e-05
-1.69001e-05
-1.11255e-05
-2.44309e-05
-4.66793e-06
-2.99714e-05
-2.16824e-05
1.35911e-05
-0.000107169
3.6539e-05
-0.000133285
2.84898e-05
2.14333e-05
2.06393e-05
6.64924e-05
1.28107e-05
6.28956e-05
3.28141e-06
5.62447e-05
-4.47846e-06
4.6309e-05
-1.00676e-05
3.5317e-05
-1.46666e-05
2.89685e-05
-1.87921e-05
2.35807e-05
-2.08967e-05
1.48758e-05
-2.26732e-05
1.01172e-05
-2.38104e-05
4.38939e-06
-2.32145e-05
-4.02647e-06
-2.11796e-05
-1.19781e-05
-1.74415e-05
-2.06383e-05
-1.18323e-05
-3.00403e-05
-4.96457e-06
-3.6839e-05
-2.6647e-05
2.69809e-05
-0.00013415
3.98618e-05
-0.000146165
2.26433e-05
3.86519e-05
1.54574e-05
7.36784e-05
1.10846e-05
6.72685e-05
1.50307e-06
6.58263e-05
-6.3116e-06
5.41237e-05
-1.15568e-05
4.05623e-05
-1.58219e-05
3.32335e-05
-2.01219e-05
2.78807e-05
-2.18108e-05
1.65647e-05
-2.36495e-05
1.1956e-05
-2.51981e-05
5.93804e-06
-2.46455e-05
-4.5793e-06
-2.26544e-05
-1.39692e-05
-1.87374e-05
-2.45552e-05
-1.27071e-05
-3.60708e-05
-5.33571e-06
-4.42104e-05
-3.19827e-05
3.99293e-05
-0.000174079
3.24717e-05
-0.000138708
1.26202e-05
5.85035e-05
9.24023e-06
7.70586e-05
1.07415e-05
6.57673e-05
2.57889e-07
7.631e-05
-7.57818e-06
6.19596e-05
-1.25379e-05
4.5522e-05
-1.67959e-05
3.74915e-05
-2.13972e-05
3.24819e-05
-2.25364e-05
1.77039e-05
-2.43485e-05
1.3768e-05
-2.6476e-05
8.06561e-06
-2.59748e-05
-5.08065e-06
-2.41987e-05
-1.57455e-05
-2.02706e-05
-2.84832e-05
-1.37846e-05
-4.2557e-05
-5.80799e-06
-5.21872e-05
-3.77906e-05
5.74461e-06
1.01117e-05
1.45502e-05
-2.30883e-05
2.38981e-05
-4.67514e-05
3.18628e-05
-5.5522e-05
3.87231e-05
-5.31558e-05
4.4969e-05
-4.53518e-05
5.10089e-05
-3.71652e-05
5.71199e-05
-3.08402e-05
6.3321e-05
-2.63305e-05
6.94128e-05
-2.28304e-05
7.51076e-05
-1.95839e-05
8.01394e-05
-1.60711e-05
8.43174e-05
-1.1981e-05
8.75222e-05
-7.14115e-06
8.96862e-05
-1.4791e-06
9.08749e-05
4.95073e-06
9.09351e-05
1.24192e-05
8.99511e-05
2.058e-05
8.82267e-05
2.92144e-05
8.57358e-05
3.82283e-05
8.33402e-05
4.86829e-05
8.44533e-05
5.94528e-05
7.83276e-05
9.53241e-05
1.42619e-05
-4.15025e-06
3.13766e-05
-4.0203e-05
4.11894e-05
-5.65643e-05
4.33639e-05
-5.76964e-05
4.42451e-05
-5.4037e-05
4.7405e-05
-4.85116e-05
5.28955e-05
-4.26557e-05
5.97031e-05
-3.76478e-05
6.69598e-05
-3.35871e-05
7.40417e-05
-2.99124e-05
8.04616e-05
-2.60038e-05
8.58717e-05
-2.14813e-05
9.01268e-05
-1.62361e-05
9.33397e-05
-1.03541e-05
9.56838e-05
-3.82319e-06
9.69994e-05
3.63511e-06
9.74209e-05
1.19977e-05
9.7124e-05
2.08769e-05
9.68555e-05
2.94829e-05
9.69316e-05
3.81521e-05
9.82595e-05
4.73551e-05
0.000102457
5.52556e-05
6.71249e-05
0.000113659
2.55658e-05
-2.97161e-05
5.29679e-05
-6.76051e-05
6.06321e-05
-6.42285e-05
5.33337e-05
-5.0398e-05
4.65451e-05
-4.72485e-05
4.66425e-05
-4.8609e-05
5.182e-05
-4.78332e-05
5.94482e-05
-4.52761e-05
6.79433e-05
-4.20822e-05
7.65485e-05
-3.85176e-05
8.47768e-05
-3.42321e-05
9.22187e-05
-2.89232e-05
9.83955e-05
-2.24128e-05
0.000102773
-1.47317e-05
0.000105149
-6.1993e-06
0.000105615
3.1689e-06
0.000103511
1.41026e-05
0.00010146
2.29275e-05
0.000101302
2.96413e-05
0.000102496
3.69572e-05
0.000104444
4.54075e-05
0.000106493
5.32066e-05
6.08942e-05
0.000112724
3.5381e-05
-6.50971e-05
6.29445e-05
-9.51685e-05
5.65202e-05
-5.78042e-05
3.9347e-05
-3.32248e-05
2.88289e-05
-3.67304e-05
2.61788e-05
-4.59589e-05
2.70264e-05
-4.86808e-05
3.07149e-05
-4.89646e-05
3.64532e-05
-4.78204e-05
4.40608e-05
-4.61253e-05
5.35224e-05
-4.36936e-05
6.48761e-05
-4.02769e-05
7.76118e-05
-3.51485e-05
9.13962e-05
-2.85162e-05
0.000105479
-2.02823e-05
0.000115345
-6.69679e-06
0.000118627
1.08209e-05
0.000118499
2.30553e-05
0.000117876
3.02644e-05
0.000115537
3.92959e-05
0.000113404
4.75404e-05
0.000112972
5.36393e-05
5.89924e-05
0.000114873
2.35846e-05
-8.86818e-05
1.23061e-05
-8.38901e-05
5.0644e-06
-5.05625e-05
1.05336e-06
-2.92138e-05
-1.70358e-06
-3.39735e-05
-4.73053e-06
-4.2932e-05
-8.90647e-06
-4.45049e-05
-1.32626e-05
-4.46084e-05
-1.62604e-05
-4.48227e-05
-1.68174e-05
-4.55682e-05
-1.43592e-05
-4.61518e-05
-9.6299e-06
-4.50063e-05
-5.04371e-06
-3.97348e-05
-1.85055e-06
-3.17094e-05
-3.76327e-06
-1.83696e-05
1.06637e-05
-2.11237e-05
4.6889e-05
-2.54044e-05
9.42081e-05
-2.42639e-05
0.000113288
1.11846e-05
0.000118558
3.40257e-05
0.000120788
4.53105e-05
0.000123009
5.1418e-05
5.80927e-05
0.000123909
-2.13194e-05
-6.73624e-05
-3.28044e-05
-7.24052e-05
-3.12192e-05
-5.21479e-05
-1.60932e-05
-4.43399e-05
-9.66796e-06
-4.03987e-05
-1.05104e-05
-4.20895e-05
-1.28919e-05
-4.21234e-05
-1.57204e-05
-4.17798e-05
-1.80247e-05
-4.25183e-05
-1.88082e-05
-4.47847e-05
-1.74255e-05
-4.75346e-05
-1.47798e-05
-4.76521e-05
-1.33919e-05
-4.11227e-05
-1.6588e-05
-2.85133e-05
-1.62956e-05
-1.8662e-05
-1.6194e-06
-3.57998e-05
2.67504e-05
-5.37741e-05
5.63354e-05
-5.38489e-05
8.91112e-05
-2.15913e-05
0.000101737
2.14002e-05
0.00010209
4.49567e-05
0.000114986
3.85226e-05
4.89512e-05
0.000124127
-2.42455e-05
-4.3117e-05
-2.5157e-05
-7.14938e-05
-1.92744e-05
-5.80305e-05
-1.57384e-05
-4.78759e-05
-1.31744e-05
-4.29627e-05
-1.31093e-05
-4.21546e-05
-1.401e-05
-4.12226e-05
-1.52363e-05
-4.05534e-05
-1.64006e-05
-4.13539e-05
-1.71014e-05
-4.40839e-05
-1.69957e-05
-4.76403e-05
-1.58363e-05
-4.88115e-05
-1.40796e-05
-4.28794e-05
-1.29208e-05
-2.96721e-05
-8.0809e-06
-2.35019e-05
9.70132e-06
-5.3582e-05
3.31293e-05
-7.72021e-05
5.59542e-05
-7.66738e-05
9.14335e-05
-5.70706e-05
0.000127554
-1.472e-05
0.000143311
2.91997e-05
0.000131672
5.01608e-05
6.04607e-05
0.000120163
-9.94264e-06
-3.31744e-05
-1.24028e-05
-6.90336e-05
-1.35853e-05
-5.68481e-05
-1.32221e-05
-4.82391e-05
-1.20371e-05
-4.41478e-05
-1.15563e-05
-4.26352e-05
-1.16715e-05
-4.11074e-05
-1.2395e-05
-3.98298e-05
-1.37691e-05
-3.99798e-05
-1.5692e-05
-4.21609e-05
-1.76547e-05
-4.56777e-05
-1.84831e-05
-4.79832e-05
-1.65156e-05
-4.48469e-05
-1.02636e-05
-3.59241e-05
4.84304e-07
-3.42498e-05
1.03129e-05
-6.34107e-05
2.01301e-05
-8.70193e-05
3.68922e-05
-9.3436e-05
6.4459e-05
-8.46374e-05
0.000106139
-5.64005e-05
0.000144045
-8.70635e-06
0.000152705
4.15013e-05
6.68728e-05
0.000146293
-5.48928e-06
-2.76851e-05
-9.13836e-06
-6.53845e-05
-1.03434e-05
-5.5643e-05
-1.06256e-05
-4.79569e-05
-1.01347e-05
-4.46386e-05
-9.78651e-06
-4.29834e-05
-9.63936e-06
-4.12544e-05
-9.90036e-06
-3.95687e-05
-1.08958e-05
-3.89842e-05
-1.27199e-05
-4.03368e-05
-1.50912e-05
-4.33063e-05
-1.67623e-05
-4.63121e-05
-1.51154e-05
-4.6494e-05
-7.49206e-06
-4.35475e-05
2.78414e-06
-4.4526e-05
2.69149e-06
-6.33181e-05
-7.6185e-07
-8.3566e-05
6.12245e-07
-9.48101e-05
1.46195e-05
-9.86447e-05
4.51857e-05
-8.69667e-05
8.1511e-05
-4.50318e-05
0.000109699
1.33132e-05
5.34477e-05
0.000123124
-3.2446e-06
-2.44405e-05
-6.25783e-06
-6.23713e-05
-7.66763e-06
-5.42331e-05
-8.27531e-06
-4.73492e-05
-8.26752e-06
-4.46464e-05
-8.07341e-06
-4.31774e-05
-7.72323e-06
-4.16045e-05
-7.33997e-06
-3.99518e-05
-7.30929e-06
-3.90148e-05
-8.00301e-06
-3.9643e-05
-9.4612e-06
-4.18481e-05
-1.0969e-05
-4.48043e-05
-1.04484e-05
-4.70146e-05
-5.90039e-06
-4.80956e-05
2.04125e-07
-5.06305e-05
-1.21535e-06
-6.18986e-05
-9.49438e-06
-7.5287e-05
-1.81226e-05
-8.6182e-05
-2.24424e-05
-9.4325e-05
-2.15773e-05
-8.78319e-05
-4.45807e-06
-6.21511e-05
2.16245e-05
-1.27694e-05
2.90737e-05
4.59984e-05
-1.63267e-06
-2.28078e-05
-4.10675e-06
-5.98973e-05
-5.68182e-06
-5.26581e-05
-6.43124e-06
-4.65997e-05
-6.6304e-06
-4.44472e-05
-6.53029e-06
-4.32774e-05
-6.08488e-06
-4.20498e-05
-5.29317e-06
-4.07434e-05
-4.44585e-06
-3.98621e-05
-4.00932e-06
-4.00795e-05
-4.23397e-06
-4.16235e-05
-4.89065e-06
-4.41477e-05
-5.01453e-06
-4.68907e-05
-3.47219e-06
-4.96379e-05
-9.15878e-07
-5.31867e-05
-2.90258e-06
-5.99118e-05
-1.01484e-05
-6.80411e-05
-2.04292e-05
-7.59012e-05
-3.30418e-05
-8.17124e-05
-4.77231e-05
-7.31508e-05
-5.7813e-05
-5.20614e-05
-4.78255e-05
-2.2757e-05
8.35741e-06
-2.71093e-05
-8.41074e-07
-2.19668e-05
-2.7926e-06
-5.79458e-05
-4.21931e-06
-5.12315e-05
-4.98834e-06
-4.58308e-05
-5.32045e-06
-4.41151e-05
-5.33702e-06
-4.32608e-05
-4.99042e-06
-4.23963e-05
-4.22265e-06
-4.15111e-05
-3.17858e-06
-4.09061e-05
-2.24903e-06
-4.1009e-05
-1.79287e-06
-4.20797e-05
-1.93772e-06
-4.40028e-05
-2.4185e-06
-4.64099e-05
-2.93347e-06
-4.91228e-05
-3.80145e-06
-5.23186e-05
-7.07804e-06
-5.66351e-05
-1.3677e-05
-6.14421e-05
-2.24326e-05
-6.71457e-05
-3.18871e-05
-7.22581e-05
-3.75592e-05
-6.74788e-05
-3.98593e-05
-4.97615e-05
-3.64152e-05
-2.62012e-05
-4.57182e-06
-2.3486e-05
-4.33529e-07
-2.15333e-05
-1.96636e-06
-5.64132e-05
-3.20488e-06
-4.99931e-05
-3.9413e-06
-4.50945e-05
-4.32483e-06
-4.37317e-05
-4.45641e-06
-4.31293e-05
-4.32069e-06
-4.2532e-05
-3.853e-06
-4.19787e-05
-3.1185e-06
-4.16405e-05
-2.38807e-06
-4.17394e-05
-1.99983e-06
-4.24679e-05
-2.19787e-06
-4.38047e-05
-3.05021e-06
-4.55574e-05
-4.63034e-06
-4.75425e-05
-7.1531e-06
-4.97956e-05
-1.14365e-05
-5.23515e-05
-1.82761e-05
-5.46025e-05
-2.92094e-05
-5.62125e-05
-4.44482e-05
-5.70195e-05
-5.81863e-05
-5.37409e-05
-6.32316e-05
-4.47164e-05
-5.79432e-05
-3.14896e-05
-1.69258e-05
-4.55892e-05
-2.50292e-07
-2.12831e-05
-1.44954e-06
-5.52142e-05
-2.4883e-06
-4.89546e-05
-3.16651e-06
-4.44165e-05
-3.57926e-06
-4.3319e-05
-3.8061e-06
-4.29025e-05
-3.85832e-06
-4.24798e-05
-3.72926e-06
-4.21077e-05
-3.45778e-06
-4.1912e-05
-3.19495e-06
-4.20022e-05
-3.19873e-06
-4.2464e-05
-3.70284e-06
-4.33005e-05
-4.83851e-06
-4.44216e-05
-6.68964e-06
-4.56911e-05
-9.44613e-06
-4.70389e-05
-1.34409e-05
-4.83565e-05
-1.87531e-05
-4.92903e-05
-2.55776e-05
-4.93881e-05
-3.47071e-05
-4.78902e-05
-4.47248e-05
-4.37233e-05
-5.26652e-05
-3.6776e-05
-5.64463e-05
-2.77084e-05
-1.68494e-05
-5.65226e-05
-1.78173e-07
-2.11051e-05
-1.11573e-06
-5.42769e-05
-1.9908e-06
-4.80797e-05
-2.60154e-06
-4.38059e-05
-3.02085e-06
-4.28998e-05
-3.30663e-06
-4.26168e-05
-3.49296e-06
-4.22934e-05
-3.59941e-06
-4.20012e-05
-3.67153e-06
-4.18398e-05
-3.80638e-06
-4.18672e-05
-4.16332e-06
-4.2107e-05
-4.90383e-06
-4.25598e-05
-6.1556e-06
-4.31696e-05
-8.00541e-06
-4.3841e-05
-1.0582e-05
-4.4462e-05
-1.40541e-05
-4.48843e-05
-1.85175e-05
-4.48268e-05
-2.39303e-05
-4.39753e-05
-3.00348e-05
-4.17858e-05
-3.60454e-05
-3.77127e-05
-4.11298e-05
-3.16916e-05
-4.46885e-05
-2.41496e-05
-1.54503e-05
-4.60876e-05
-1.468e-07
-2.09585e-05
-8.96477e-07
-5.35275e-05
-1.63972e-06
-4.73367e-05
-2.18526e-06
-4.32606e-05
-2.59548e-06
-4.24898e-05
-2.91917e-06
-4.22932e-05
-3.18141e-06
-4.20312e-05
-3.41731e-06
-4.17653e-05
-3.67695e-06
-4.158e-05
-4.03441e-06
-4.15096e-05
-4.57447e-06
-4.15668e-05
-5.41355e-06
-4.17206e-05
-6.64919e-06
-4.19338e-05
-8.36432e-06
-4.21257e-05
-1.06371e-05
-4.2189e-05
-1.35595e-05
-4.19618e-05
-1.71167e-05
-4.12696e-05
-2.12887e-05
-3.98033e-05
-2.5793e-05
-3.72814e-05
-3.00314e-05
-3.34742e-05
-3.33363e-05
-2.83866e-05
-3.52326e-05
-2.22532e-05
-1.53451e-05
-3.53378e-05
-1.25942e-07
-2.08327e-05
-7.35788e-07
-5.29179e-05
-1.38029e-06
-4.66924e-05
-1.86663e-06
-4.27744e-05
-2.25625e-06
-4.21003e-05
-2.59465e-06
-4.19549e-05
-2.90219e-06
-4.17236e-05
-3.20588e-06
-4.14614e-05
-3.55006e-06
-4.12356e-05
-3.9914e-06
-4.10681e-05
-4.60109e-06
-4.0957e-05
-5.44219e-06
-4.08794e-05
-6.59124e-06
-4.07847e-05
-8.10651e-06
-4.06103e-05
-1.00375e-05
-4.02578e-05
-1.23942e-05
-3.9605e-05
-1.51777e-05
-3.8486e-05
-1.82554e-05
-3.67256e-05
-2.14038e-05
-3.4133e-05
-2.42556e-05
-3.06224e-05
-2.64035e-05
-2.62387e-05
-2.75076e-05
-2.11489e-05
-1.55402e-05
-2.73126e-05
-9.18189e-08
-2.0741e-05
-6.08816e-07
-5.2401e-05
-1.17771e-06
-4.61236e-05
-1.60988e-06
-4.23423e-05
-1.97032e-06
-4.17399e-05
-2.30533e-06
-4.16199e-05
-2.63067e-06
-4.13982e-05
-2.96666e-06
-4.11253e-05
-3.34536e-06
-4.08567e-05
-3.81021e-06
-4.06031e-05
-4.41072e-06
-4.03564e-05
-5.20297e-06
-4.00872e-05
-6.22714e-06
-3.97605e-05
-7.52154e-06
-3.93159e-05
-9.11143e-06
-3.86678e-05
-1.09959e-05
-3.77204e-05
-1.3105e-05
-3.63769e-05
-1.5356e-05
-3.44746e-05
-1.75445e-05
-3.19445e-05
-1.94332e-05
-2.87336e-05
-2.07547e-05
-2.49172e-05
-2.12727e-05
-2.0631e-05
-1.59488e-05
-2.08642e-05
-4.42346e-08
-2.06969e-05
-5.00149e-07
-5.1945e-05
-1.00886e-06
-4.56149e-05
-1.39007e-06
-4.19611e-05
-1.71478e-06
-4.14153e-05
-2.03034e-06
-4.13043e-05
-2.3492e-06
-4.10792e-05
-2.68608e-06
-4.07882e-05
-3.06418e-06
-4.04784e-05
-3.51621e-06
-4.01509e-05
-4.07637e-06
-3.97962e-05
-4.77273e-06
-3.93909e-05
-5.64039e-06
-3.88928e-05
-6.7014e-06
-3.82548e-05
-7.95421e-06
-3.74149e-05
-9.37982e-06
-3.62946e-05
-1.09391e-05
-3.48176e-05
-1.25167e-05
-3.2897e-05
-1.39819e-05
-3.04794e-05
-1.51626e-05
-2.75528e-05
-1.58846e-05
-2.41952e-05
-1.59966e-05
-2.05189e-05
-1.65272e-05
-1.54183e-05
9.56374e-09
-2.07064e-05
-4.02258e-07
-5.1533e-05
-8.61978e-07
-4.51551e-05
-1.19004e-06
-4.16331e-05
-1.47391e-06
-4.11314e-05
-1.75978e-06
-4.10184e-05
-2.05671e-06
-4.07821e-05
-2.37124e-06
-4.04734e-05
-2.71951e-06
-4.01299e-05
-3.11855e-06
-3.97519e-05
-3.59716e-06
-3.93177e-05
-4.17913e-06
-3.8809e-05
-4.87941e-06
-3.81926e-05
-5.70555e-06
-3.74286e-05
-6.64577e-06
-3.64745e-05
-7.67917e-06
-3.52611e-05
-8.76095e-06
-3.37357e-05
-9.80575e-06
-3.18522e-05
-1.07172e-05
-2.95681e-05
-1.13711e-05
-2.68989e-05
-1.1654e-05
-2.39123e-05
-1.14661e-05
-2.07069e-05
-1.72316e-05
-1.07619e-05
8.13281e-08
-2.07876e-05
-3.05207e-07
-5.11462e-05
-7.18554e-07
-4.47416e-05
-9.96802e-07
-4.13549e-05
-1.23433e-06
-4.0894e-05
-1.47674e-06
-4.0776e-05
-1.72927e-06
-4.05294e-05
-1.99745e-06
-4.0205e-05
-2.29172e-06
-3.98355e-05
-2.62711e-06
-3.94164e-05
-3.01493e-06
-3.89299e-05
-3.46856e-06
-3.83555e-05
-3.99556e-06
-3.76656e-05
-4.59619e-06
-3.68278e-05
-5.26565e-06
-3.58049e-05
-5.96481e-06
-3.45619e-05
-6.64946e-06
-3.30512e-05
-7.26896e-06
-3.12328e-05
-7.73885e-06
-2.90982e-05
-7.98094e-06
-2.66569e-05
-7.92408e-06
-2.39693e-05
-7.50147e-06
-2.11296e-05
-1.80467e-05
-6.68643e-06
1.62332e-07
-2.09498e-05
-2.0476e-07
-5.07789e-05
-5.77976e-07
-4.43683e-05
-8.05081e-07
-4.11278e-05
-9.93524e-07
-4.07056e-05
-1.18805e-06
-4.05814e-05
-1.39044e-06
-4.03269e-05
-1.60213e-06
-3.99931e-05
-1.82944e-06
-3.9608e-05
-2.08073e-06
-3.91652e-05
-2.36272e-06
-3.8648e-05
-2.68084e-06
-3.80374e-05
-3.03619e-06
-3.73102e-05
-3.42348e-06
-3.64404e-05
-3.82865e-06
-3.53996e-05
-4.23158e-06
-3.41589e-05
-4.59409e-06
-3.26887e-05
-4.86191e-06
-3.09651e-05
-4.99404e-06
-2.89662e-05
-4.92306e-06
-2.6728e-05
-4.58661e-06
-2.43059e-05
-3.97023e-06
-2.17462e-05
-1.89681e-05
-3.04899e-06
2.47262e-07
-2.11969e-05
-1.00807e-07
-5.04306e-05
-4.32994e-07
-4.40361e-05
-6.08943e-07
-4.0952e-05
-7.46473e-07
-4.05682e-05
-8.88963e-07
-4.04389e-05
-1.03489e-06
-4.01808e-05
-1.1826e-06
-3.98452e-05
-1.33487e-06
-3.94557e-05
-1.49543e-06
-3.90046e-05
-1.66683e-06
-3.84766e-05
-1.84969e-06
-3.78545e-05
-2.04115e-06
-3.71187e-05
-2.23341e-06
-3.6248e-05
-2.41206e-06
-3.52209e-05
-2.55986e-06
-3.40111e-05
-2.64751e-06
-3.26011e-05
-2.6361e-06
-3.09767e-05
-2.46413e-06
-2.91384e-05
-2.11801e-06
-2.70744e-05
-1.56905e-06
-2.4855e-05
-7.73459e-07
-2.25418e-05
-1.99984e-05
2.56848e-07
3.31039e-07
-2.15278e-05
2.17888e-09
-5.01017e-05
-2.80253e-07
-4.37538e-05
-4.03181e-07
-4.08292e-05
-4.89158e-07
-4.04823e-05
-5.77333e-07
-4.03507e-05
-6.63491e-07
-4.00945e-05
-7.43657e-07
-3.97649e-05
-8.17741e-07
-3.93815e-05
-8.86132e-07
-3.89362e-05
-9.48043e-07
-3.84147e-05
-1.00097e-06
-3.78016e-05
-1.03971e-06
-3.70799e-05
-1.05589e-06
-3.62318e-05
-1.03736e-06
-3.52393e-05
-9.5748e-07
-3.40909e-05
-7.91707e-07
-3.27669e-05
-5.1683e-07
-3.12517e-05
-1.10615e-07
-2.95448e-05
4.63829e-07
-2.7649e-05
1.22268e-06
-2.5614e-05
2.16761e-06
-2.34868e-05
-2.11429e-05
3.31206e-06
4.15604e-07
-2.19433e-05
1.23796e-07
-4.98099e-05
-1.09409e-07
-4.35207e-05
-1.81497e-07
-4.07573e-05
-2.17127e-07
-4.04469e-05
-2.5053e-07
-4.03173e-05
-2.76089e-07
-4.00689e-05
-2.8822e-07
-3.97527e-05
-2.84582e-07
-3.93851e-05
-2.63e-07
-3.89578e-05
-2.20059e-07
-3.84577e-05
-1.50654e-07
-3.7871e-05
-4.72231e-08
-3.71833e-05
1.00664e-07
-3.63796e-05
3.07005e-07
-3.54456e-05
5.85364e-07
-3.43692e-05
9.55919e-07
-3.31375e-05
1.44384e-06
-3.17398e-05
2.06813e-06
-3.01694e-05
2.84762e-06
-2.84288e-05
3.78987e-06
-2.65565e-05
4.8948e-06
-2.45918e-05
-2.24157e-05
6.16762e-06
5.03571e-07
-2.24468e-05
2.6166e-07
-4.95681e-05
8.28483e-08
-4.33421e-05
5.69679e-08
-4.07316e-05
7.13375e-08
-4.04613e-05
9.20668e-08
-4.0338e-05
1.26379e-07
-4.01031e-05
1.80803e-07
-3.9807e-05
2.59204e-07
-3.94635e-05
3.65764e-07
-3.90644e-05
5.06023e-07
-3.8598e-05
6.87156e-07
-3.80523e-05
9.18259e-07
-3.74145e-05
1.21046e-06
-3.66718e-05
1.57681e-06
-3.58119e-05
2.03126e-06
-3.48236e-05
2.59031e-06
-3.36966e-05
3.27198e-06
-3.24217e-05
4.09204e-06
-3.09897e-05
5.06165e-06
-2.93986e-05
6.18162e-06
-2.76766e-05
7.44882e-06
-2.58591e-05
-2.38327e-05
8.86578e-06
6.00257e-07
-2.30471e-05
4.12523e-07
-4.93805e-05
2.8161e-07
-4.32113e-05
3.02708e-07
-4.07528e-05
3.66048e-07
-4.05246e-05
4.40853e-07
-4.04128e-05
5.34529e-07
-4.01966e-05
6.54323e-07
-3.99267e-05
8.05274e-07
-3.96144e-05
9.93076e-07
-3.92522e-05
1.22485e-06
-3.88299e-05
1.50938e-06
-3.83369e-05
1.857e-06
-3.77621e-05
2.27959e-06
-3.70943e-05
2.7903e-06
-3.63225e-05
3.40281e-06
-3.54361e-05
4.13155e-06
-3.44255e-05
4.99086e-06
-3.32812e-05
5.99335e-06
-3.19924e-05
7.14628e-06
-3.05517e-05
8.44592e-06
-2.89763e-05
9.88632e-06
-2.72996e-05
-2.54162e-05
1.14697e-05
7.10616e-07
-2.37578e-05
5.69892e-07
-4.92399e-05
4.78635e-07
-4.31201e-05
5.44594e-07
-4.08189e-05
6.563e-07
-4.06364e-05
7.84364e-07
-4.05408e-05
9.36708e-07
-4.03489e-05
1.12113e-06
-4.0111e-05
1.34351e-06
-3.98368e-05
1.61064e-06
-3.95194e-05
1.9308e-06
-3.91502e-05
2.31396e-06
-3.87202e-05
2.77148e-06
-3.82197e-05
3.31607e-06
-3.76389e-05
3.96142e-06
-3.69678e-05
4.72155e-06
-3.61963e-05
5.61044e-06
-3.53145e-05
6.6411e-06
-3.43121e-05
7.82481e-06
-3.31763e-05
9.16769e-06
-3.18946e-05
1.06642e-05
-3.04728e-05
1.23055e-05
-2.89409e-05
-2.72052e-05
1.40945e-05
8.35777e-07
-2.45936e-05
7.21923e-07
-4.91261e-05
6.58574e-07
-4.30569e-05
7.67031e-07
-4.09274e-05
9.25176e-07
-4.07945e-05
1.10413e-06
-4.07197e-05
1.31317e-06
-4.05578e-05
1.56068e-06
-4.03584e-05
1.85328e-06
-4.01293e-05
2.1986e-06
-3.98647e-05
2.60583e-06
-3.95575e-05
3.08579e-06
-3.92002e-05
3.65078e-06
-3.87847e-05
4.31445e-06
-3.83025e-05
5.09154e-06
-3.77449e-05
5.99734e-06
-3.71021e-05
7.04701e-06
-3.63643e-05
8.25458e-06
-3.55197e-05
9.63262e-06
-3.45543e-05
1.11895e-05
-3.34516e-05
1.29221e-05
-3.22055e-05
1.48202e-05
-3.08389e-05
-2.92726e-05
1.68875e-05
9.729e-07
-2.55665e-05
8.54621e-07
-4.90079e-05
8.05884e-07
-4.30082e-05
9.52657e-07
-4.10742e-05
1.15205e-06
-4.09939e-05
1.3759e-06
-4.09435e-05
1.63584e-06
-4.08177e-05
1.941e-06
-4.06636e-05
2.29878e-06
-4.04871e-05
2.7176e-06
-4.02836e-05
3.20748e-06
-4.00475e-05
3.78001e-06
-3.97728e-05
4.44854e-06
-3.94532e-05
5.22799e-06
-3.9082e-05
6.13481e-06
-3.86517e-05
7.1866e-06
-3.8154e-05
8.40128e-06
-3.7579e-05
9.79642e-06
-3.69149e-05
1.13891e-05
-3.6147e-05
1.31943e-05
-3.52568e-05
1.52172e-05
-3.42284e-05
1.74516e-05
-3.30732e-05
-3.17254e-05
1.99045e-05
1.11812e-06
-2.66847e-05
9.55065e-07
-4.88449e-05
9.06222e-07
-4.29595e-05
1.08327e-06
-4.12514e-05
1.31305e-06
-4.12238e-05
1.56992e-06
-4.12005e-05
1.86831e-06
-4.11161e-05
2.21815e-06
-4.10134e-05
2.62763e-06
-4.08965e-05
3.10601e-06
-4.0762e-05
3.66413e-06
-4.06056e-05
4.31454e-06
-4.04232e-05
5.07183e-06
-4.02105e-05
5.95273e-06
-3.99629e-05
6.97608e-06
-3.96751e-05
8.16268e-06
-3.93407e-05
9.53466e-06
-3.8951e-05
1.11153e-05
-3.84955e-05
1.29295e-05
-3.79611e-05
1.50029e-05
-3.73301e-05
1.73553e-05
-3.65808e-05
1.99933e-05
-3.5711e-05
-3.46671e-05
2.29352e-05
1.26851e-06
-2.79533e-05
1.01317e-06
-4.85897e-05
9.48043e-07
-4.28944e-05
1.14191e-06
-4.14454e-05
1.38436e-06
-4.14664e-05
1.65545e-06
-4.14717e-05
1.97191e-06
-4.14326e-05
2.34414e-06
-4.13856e-05
2.78097e-06
-4.13334e-05
3.29247e-06
-4.12735e-05
3.89026e-06
-4.12034e-05
4.58794e-06
-4.11208e-05
5.40152e-06
-4.10241e-05
6.34973e-06
-4.09111e-05
7.45424e-06
-4.07797e-05
8.73951e-06
-4.0626e-05
1.02327e-05
-4.04442e-05
1.19642e-05
-4.0227e-05
1.39687e-05
-3.99655e-05
1.62845e-05
-3.96459e-05
1.895e-05
-3.92462e-05
2.19934e-05
-3.87542e-05
-3.81284e-05
2.54549e-05
1.41777e-06
-2.93711e-05
1.02206e-06
-4.81941e-05
9.26242e-07
-4.27987e-05
1.1183e-06
-4.16375e-05
1.35049e-06
-4.16988e-05
1.61194e-06
-4.17332e-05
1.92032e-06
-4.17411e-05
2.28575e-06
-4.17511e-05
2.71737e-06
-4.1765e-05
3.22578e-06
-4.17819e-05
3.82323e-06
-4.18009e-05
4.5242e-06
-4.18218e-05
5.34583e-06
-4.18457e-05
6.30864e-06
-4.1874e-05
7.43683e-06
-4.1908e-05
8.75827e-06
-4.19475e-05
1.03049e-05
-4.19908e-05
1.21142e-05
-4.20361e-05
1.42299e-05
-4.20811e-05
1.67029e-05
-4.21187e-05
1.95895e-05
-4.21327e-05
2.29445e-05
-4.2109e-05
-4.20207e-05
2.6837e-05
1.54877e-06
-3.09199e-05
9.79539e-07
-4.76248e-05
8.46407e-07
-4.26657e-05
1.01586e-06
-4.18071e-05
1.21467e-06
-4.18977e-05
1.44281e-06
-4.19614e-05
1.71711e-06
-4.20154e-05
2.04649e-06
-4.20805e-05
2.43999e-06
-4.21586e-05
2.90828e-06
-4.22503e-05
3.46394e-06
-4.23565e-05
4.12187e-06
-4.24797e-05
4.89971e-06
-4.26235e-05
5.81908e-06
-4.27934e-05
6.9058e-06
-4.29948e-05
8.19012e-06
-4.32318e-05
9.70746e-06
-4.35082e-05
1.15001e-05
-4.38287e-05
1.36188e-05
-4.41996e-05
1.61231e-05
-4.46229e-05
1.90842e-05
-4.50936e-05
2.25812e-05
-4.56058e-05
-4.61527e-05
2.67132e-05
1.63751e-06
-3.25574e-05
8.91755e-07
-4.68791e-05
7.2562e-07
-4.24996e-05
8.55195e-07
-4.19368e-05
1.00404e-06
-4.20465e-05
1.18215e-06
-4.21394e-05
1.40377e-06
-4.2237e-05
1.67613e-06
-4.23529e-05
2.00762e-06
-4.24902e-05
2.40864e-06
-4.26513e-05
2.89176e-06
-4.28395e-05
3.47175e-06
-4.30596e-05
4.16611e-06
-4.33179e-05
4.99659e-06
-4.3624e-05
5.98935e-06
-4.39877e-05
7.17546e-06
-4.4418e-05
8.59172e-06
-4.49243e-05
1.02825e-05
-4.55193e-05
1.23012e-05
-4.62182e-05
1.47119e-05
-4.70335e-05
1.75937e-05
-4.79753e-05
2.10421e-05
-4.90542e-05
-5.02896e-05
2.5179e-05
1.66804e-06
-3.42254e-05
7.73144e-07
-4.59842e-05
5.86823e-07
-4.23133e-05
6.68462e-07
-4.20184e-05
7.6196e-07
-4.21399e-05
8.84422e-07
-4.22618e-05
1.04647e-06
-4.2399e-05
1.25374e-06
-4.25602e-05
1.51375e-06
-4.27503e-05
1.83634e-06
-4.29738e-05
2.23362e-06
-4.32367e-05
2.71978e-06
-4.35456e-05
3.31168e-06
-4.39098e-05
4.03019e-06
-4.43426e-05
4.90051e-06
-4.48581e-05
5.95286e-06
-4.54703e-05
7.2234e-06
-4.61948e-05
8.75584e-06
-4.70517e-05
1.06025e-05
-4.80648e-05
1.28271e-05
-4.92581e-05
1.55087e-05
-5.06569e-05
1.87469e-05
-5.22924e-05
-5.42099e-05
2.26673e-05
1.628e-06
-3.58534e-05
6.38284e-07
-4.49946e-05
4.49432e-07
-4.21245e-05
4.85552e-07
-4.20545e-05
5.28809e-07
-4.21831e-05
5.99779e-07
-4.23327e-05
7.05656e-07
-4.2505e-05
8.51236e-07
-4.27059e-05
1.04308e-06
-4.29421e-05
1.28994e-06
-4.32206e-05
1.60285e-06
-4.35494e-05
1.99506e-06
-4.39377e-05
2.48252e-06
-4.43973e-05
3.0844e-06
-4.49446e-05
3.82369e-06
-4.55973e-05
4.72824e-06
-4.63748e-05
5.83182e-06
-4.72984e-05
7.17523e-06
-4.83952e-05
8.80721e-06
-4.96968e-05
1.07875e-05
-5.12384e-05
1.31896e-05
-5.3059e-05
1.61059e-05
-5.52087e-05
-5.77471e-05
1.9643e-05
1.49006e-06
-3.73435e-05
4.97895e-07
-4.40026e-05
3.26729e-07
-4.19534e-05
3.26363e-07
-4.2054e-05
3.30935e-07
-4.21875e-05
3.60679e-07
-4.23624e-05
4.20418e-07
-4.25648e-05
5.14667e-07
-4.28003e-05
6.48856e-07
-4.30763e-05
8.30085e-07
-4.34017e-05
1.0677e-06
-4.37869e-05
1.37361e-06
-4.42436e-05
1.76237e-06
-4.47861e-05
2.25076e-06
-4.5433e-05
2.85865e-06
-4.62052e-05
3.61012e-06
-4.71263e-05
4.53485e-06
-4.82232e-05
5.66869e-06
-4.95291e-05
7.05471e-06
-5.10828e-05
8.74559e-06
-5.29292e-05
1.08067e-05
-5.51201e-05
1.33184e-05
-5.77203e-05
-6.07963e-05
1.63676e-05
1.24115e-06
-3.85848e-05
3.68882e-07
-4.31306e-05
2.33789e-07
-4.18183e-05
2.0939e-07
-4.20295e-05
1.91804e-07
-4.21698e-05
1.95841e-07
-4.23665e-05
2.24674e-07
-4.25937e-05
2.82274e-07
-4.28579e-05
3.72916e-07
-4.31668e-05
5.01995e-07
-4.35306e-05
6.7675e-07
-4.39615e-05
9.06844e-07
-4.44736e-05
1.20437e-06
-4.50836e-05
1.58321e-06
-4.58118e-05
2.05949e-06
-4.66815e-05
2.65242e-06
-4.77194e-05
3.38565e-06
-4.89565e-05
4.28789e-06
-5.04313e-05
5.39376e-06
-5.21887e-05
6.74548e-06
-5.4281e-05
8.39639e-06
-5.67711e-05
1.04124e-05
-5.97364e-05
-6.32622e-05
1.28785e-05
9.26423e-07
-3.95114e-05
2.71929e-07
-4.24763e-05
1.83665e-07
-4.173e-05
1.49554e-07
-4.19953e-05
1.30613e-07
-4.21508e-05
1.28186e-07
-4.23641e-05
1.44535e-07
-4.26101e-05
1.82371e-07
-4.28957e-05
2.44896e-07
-4.32292e-05
3.36031e-07
-4.36215e-05
4.60716e-07
-4.4086e-05
6.25574e-07
-4.46384e-05
8.39236e-07
-4.52973e-05
1.11193e-06
-4.60846e-05
1.45538e-06
-4.7025e-05
1.88317e-06
-4.81472e-05
2.41186e-06
-4.94852e-05
3.06147e-06
-5.1081e-05
3.85611e-06
-5.29834e-05
4.82523e-06
-5.52502e-05
6.00575e-06
-5.79517e-05
7.44427e-06
-6.11749e-05
-6.5028e-05
9.2101e-06
6.10436e-07
-4.01219e-05
1.97095e-07
-4.2063e-05
1.54292e-07
-4.16872e-05
1.26465e-07
-4.19674e-05
1.21027e-07
-4.21454e-05
1.26055e-07
-4.23691e-05
1.42724e-07
-4.26267e-05
1.72292e-07
-4.29252e-05
2.16679e-07
-4.32735e-05
2.7835e-07
-4.36831e-05
3.60322e-07
-4.4168e-05
4.66426e-07
-4.47445e-05
6.01469e-07
-4.54324e-05
7.71201e-07
-4.62543e-05
9.82433e-07
-4.72363e-05
1.24333e-06
-4.84081e-05
1.56368e-06
-4.98056e-05
1.95502e-06
-5.14724e-05
2.43105e-06
-5.34594e-05
3.00894e-06
-5.5828e-05
3.71026e-06
-5.86529e-05
4.56175e-06
-6.20264e-05
-6.60595e-05
5.59316e-06
2.7393e-07
8.75863e-08
8.10571e-08
7.32471e-08
7.80017e-08
8.69469e-08
9.96846e-08
1.16564e-07
1.38297e-07
1.6583e-07
2.00283e-07
2.42951e-07
2.95309e-07
3.59088e-07
4.36559e-07
5.30719e-07
6.451e-07
7.83539e-07
9.50486e-07
1.15171e-06
1.39465e-06
1.68835e-06
2.0431e-06
6.05823e-05
3.47418e-05
3.66381e-05
2.39442e-05
3.04653e-05
6.17285e-06
-1.46327e-05
4.5098e-05
0.000111886
3.65148e-05
0.000100915
3.49157e-05
7.75933e-05
2.94945e-05
2.10395e-05
4.19211e-05
0.00011724
3.19981e-05
0.000117993
3.41625e-05
0.000111661
3.58268e-05
3.6301e-05
9.63997e-05
0.000116978
2.98936e-05
0.00011957
3.15702e-05
0.000121541
3.38557e-05
3.69913e-05
0.000120851
0.000124184
2.96185e-05
0.000124951
3.08033e-05
0.000126744
3.20628e-05
3.40032e-05
0.000129732
0.000127076
2.66696e-05
0.000129614
2.82654e-05
0.000132222
2.94544e-05
3.08853e-05
0.00013534
0.000119098
2.77344e-05
0.000121023
2.6341e-05
0.000123983
2.64944e-05
2.74177e-05
0.00012745
0.000139255
3.4772e-05
0.000132223
3.33731e-05
0.000127583
3.11346e-05
2.97918e-05
0.000125209
0.000123482
3.44135e-05
0.000120643
3.62121e-05
0.00011634
3.54378e-05
3.32504e-05
0.000112882
5.36047e-05
2.68072e-05
5.75724e-05
3.22444e-05
5.81047e-05
3.49055e-05
3.47947e-05
5.65604e-05
-1.55535e-05
1.52514e-05
-3.78388e-06
2.04747e-05
7.42568e-06
2.3696e-05
2.545e-05
1.67705e-05
-1.43774e-05
6.14289e-06
-3.92053e-06
1.00178e-05
6.78129e-06
1.29942e-05
1.54212e-05
1.68101e-05
-3.79638e-05
-1.48249e-06
-3.01472e-05
2.20118e-06
-2.30836e-05
5.93055e-06
8.96106e-06
-1.66234e-05
-5.45249e-05
-3.48018e-06
-5.1804e-05
-5.19761e-07
-4.8102e-05
2.22853e-06
4.37309e-06
-4.3514e-05
-4.55039e-05
-4.06392e-06
-4.39603e-05
-2.06344e-06
-4.14662e-05
-2.65578e-07
1.54621e-06
-3.86393e-05
-3.46021e-05
-4.79968e-06
-3.33949e-05
-3.27074e-06
-3.18397e-05
-1.82077e-06
-4.86309e-07
-2.98071e-05
-2.67005e-05
-5.41184e-06
-2.5766e-05
-4.20536e-06
-2.45592e-05
-3.02756e-06
-1.89969e-06
-2.31458e-05
-2.03198e-05
-5.9564e-06
-1.95529e-05
-4.97232e-06
-1.85832e-05
-3.99721e-06
-3.04998e-06
-1.74329e-05
-1.49025e-05
-6.47239e-06
-1.42288e-05
-5.64603e-06
-1.3406e-05
-4.82009e-06
-4.01396e-06
-1.2442e-05
-1.02531e-05
-6.98133e-06
-9.62837e-06
-6.27076e-06
-8.89012e-06
-5.55831e-06
-4.86374e-06
-8.04029e-06
-6.17106e-06
-7.49674e-06
-5.57091e-06
-6.87093e-06
-4.88504e-06
-6.24421e-06
-5.63421e-06
-4.11458e-06
-2.51726e-06
-8.02851e-06
-1.92562e-06
-7.46259e-06
-1.27203e-06
-6.89781e-06
-6.34488e-06
-5.61377e-07
8.13442e-07
-8.58509e-06
1.40875e-06
-8.05794e-06
2.04486e-06
-7.534e-06
-7.01145e-06
2.71134e-06
3.9029e-06
-9.17596e-06
4.51516e-06
-8.67023e-06
5.14745e-06
-8.16637e-06
-7.65044e-06
5.78638e-06
6.80416e-06
-9.81254e-06
7.44831e-06
-9.31443e-06
8.09465e-06
-8.81277e-06
-8.28514e-06
8.72935e-06
9.56153e-06
-1.05083e-05
1.02563e-05
-1.00093e-05
1.09422e-05
-9.49863e-06
-8.9485e-06
1.16056e-05
1.22415e-05
-1.12801e-05
1.30101e-05
-1.07778e-05
1.37678e-05
-1.02564e-05
-9.68313e-06
1.45025e-05
1.49671e-05
-1.21527e-05
1.58402e-05
-1.16509e-05
1.67093e-05
-1.11255e-05
-1.05398e-05
1.7566e-05
1.79026e-05
-1.31677e-05
1.89291e-05
-1.26773e-05
1.99674e-05
-1.21637e-05
-1.15888e-05
2.10164e-05
2.11243e-05
-1.43873e-05
2.23777e-05
-1.39306e-05
2.36714e-05
-1.34573e-05
-1.29318e-05
2.50144e-05
2.4424e-05
-1.58759e-05
2.59824e-05
-1.54889e-05
2.76234e-05
-1.50982e-05
-1.46738e-05
2.93655e-05
2.72421e-05
-1.76628e-05
2.91449e-05
-1.73916e-05
3.11812e-05
-1.71344e-05
-1.68664e-05
3.33738e-05
2.88847e-05
-1.97105e-05
3.10953e-05
-1.96022e-05
3.34894e-05
-1.95285e-05
-1.94641e-05
3.60872e-05
2.89184e-05
-2.19157e-05
3.13243e-05
-2.20081e-05
3.39507e-05
-2.21548e-05
-2.23236e-05
3.68102e-05
2.74134e-05
-2.415e-05
2.98691e-05
-2.44637e-05
3.25614e-05
-2.48471e-05
-2.52588e-05
3.54966e-05
2.4816e-05
-2.62987e-05
2.71862e-05
-2.6834e-05
2.97881e-05
-2.7449e-05
-2.80999e-05
3.26291e-05
2.16059e-05
-2.82616e-05
2.37705e-05
-2.89986e-05
2.61427e-05
-2.98211e-05
-3.06953e-05
2.87381e-05
1.80526e-05
-2.99466e-05
1.99063e-05
-3.08522e-05
2.19297e-05
-3.18445e-05
-3.29094e-05
2.41437e-05
1.42215e-05
-3.12894e-05
1.5697e-05
-3.23278e-05
1.73032e-05
-3.34509e-05
-3.46626e-05
1.90563e-05
1.01924e-05
-3.22719e-05
1.12696e-05
-3.34049e-05
1.24463e-05
-3.46276e-05
-3.59517e-05
1.37355e-05
6.20854e-06
-3.28872e-05
6.87548e-06
-3.40718e-05
7.60905e-06
-3.53612e-05
-3.67691e-05
8.42652e-06
2.25558e-06
2.48594e-06
2.74058e-06
3.02466e-06
3.14821e-05
-0.000160463
-6.50786e-06
-0.000100718
9.90129e-06
4.20946e-05
3.9235e-06
8.30366e-05
2.26751e-05
4.70157e-05
-9.75194e-06
0.000108737
-2.84359e-05
8.06436e-05
-3.83214e-05
5.54076e-05
-4.28032e-05
4.19734e-05
-5.23254e-05
4.20042e-05
-5.23635e-05
1.77419e-05
-5.65059e-05
1.79103e-05
-6.37801e-05
1.53399e-05
-6.20779e-05
-6.78294e-06
-5.76405e-05
-2.01829e-05
-4.88997e-05
-3.72241e-05
-3.37883e-05
-5.76686e-05
-1.4179e-05
-7.17968e-05
-5.19697e-05
-0.000101342
-1.72001e-05
-0.000119886
-8.2174e-05
-6.90627e-05
-8.72874e-06
-2.88547e-05
4.28288e-05
1.53728e-05
2.7881e-06
-1.07133e-05
0.000134824
-4.89879e-05
0.000118918
-4.85023e-05
5.4922e-05
-6.63e-05
5.97712e-05
-8.25724e-05
5.82766e-05
-7.40659e-05
9.23544e-06
-7.29059e-05
1.67501e-05
-8.57967e-05
2.82305e-05
-8.4171e-05
-8.40877e-06
-7.54108e-05
-2.89433e-05
-5.9421e-05
-5.32142e-05
-4.22515e-05
-7.48379e-05
-1.88573e-05
-9.5191e-05
-7.08272e-05
8.89747e-06
7.03021e-05
-0.000100622
2.73454e-05
-0.000101672
-7.67916e-06
-0.000127541
6.86987e-05
-5.4002e-05
-7.07508e-05
-3.67795e-05
0.000117601
-5.89295e-05
0.000141069
-7.12368e-05
6.72294e-05
-9.53987e-05
8.39331e-05
-8.14064e-05
4.42843e-05
-5.98252e-05
-1.23456e-05
-0.000101639
5.85639e-05
-0.000140166
6.67576e-05
-0.000134144
-1.44312e-05
-0.000120382
-4.27057e-05
-8.46227e-05
-8.89737e-05
-6.34171e-05
-9.60436e-05
-3.47177e-05
-0.000123891
-0.000105545
9.56577e-05
9.54953e-05
3.05748e-05
9.24282e-05
-6.4606e-05
8.75016e-05
-9.49066e-05
9.89993e-05
-0.000240349
7.46921e-05
-0.000190253
6.7505e-05
-0.000144217
9.50332e-05
-0.000181461
0.000104473
-0.000159555
6.20264e-05
-0.00011048
-4.79032e-06
-6.71023e-05
-5.57237e-05
-0.000109219
0.000100681
-0.000157937
0.000115475
-0.000160574
-1.17938e-05
-0.000163724
-3.95557e-05
-0.000132637
-0.000120061
-0.000109025
-0.000119656
-7.26413e-05
-0.000160275
-0.000178186
0.000135757
8.94708e-05
0.000129271
9.89138e-05
0.000109946
0.000106826
9.89071e-05
0.000110039
7.2096e-05
0.000101503
4.13835e-05
9.82175e-05
3.36454e-05
0.000102771
3.80949e-05
0.000100024
1.70317e-05
8.30895e-05
-5.57327e-05
6.79741e-05
-0.000167296
5.58394e-05
-0.00012507
5.84552e-05
-5.77031e-05
4.81086e-05
-7.40397e-05
4.54247e-06
-0.000121708
8.11258e-06
-0.000129915
-0.000111854
-0.000143731
-0.00010584
-9.87166e-05
-0.000205289
-0.000276902
0.00014666
7.81513e-05
0.000159094
8.64798e-05
0.000171155
9.47648e-05
0.000181526
9.96685e-05
0.000185056
9.79728e-05
0.000185851
9.74222e-05
0.000189689
9.89339e-05
0.000194585
9.51281e-05
0.000189129
8.85446e-05
0.000170528
8.6575e-05
0.000141288
8.50802e-05
0.000116434
8.33088e-05
8.79185e-05
7.66243e-05
3.92854e-05
5.31756e-05
2.97452e-05
1.76527e-05
-4.40594e-05
-3.8049e-05
-8.83867e-05
-6.15129e-05
-7.97994e-05
-0.000213877
-0.000356702
0.000140364
6.52379e-05
0.00015502
7.1824e-05
0.000171631
7.81533e-05
0.000188427
8.28721e-05
0.000202737
8.36636e-05
0.000215817
8.4342e-05
0.000228688
8.60625e-05
0.000239099
8.47171e-05
0.000245909
8.17348e-05
0.000249622
8.28616e-05
0.000248179
8.65239e-05
0.000241297
9.01901e-05
0.00022759
9.03312e-05
0.00019943
8.13359e-05
0.000153489
6.35935e-05
8.54019e-05
3.00383e-05
3.45075e-05
-1.06185e-05
-6.14754e-05
-0.000117894
-0.000418177
0.000119259
7.11879e-05
0.000137584
5.34991e-05
0.000155238
6.04987e-05
0.000172006
6.61045e-05
0.000188056
6.76139e-05
0.000202978
6.94192e-05
0.000216742
7.22991e-05
0.000228906
7.25526e-05
0.000240343
7.02985e-05
0.000251619
7.15849e-05
0.000260995
7.71484e-05
0.000267006
8.41792e-05
0.000267062
9.02753e-05
0.000256045
9.23529e-05
0.000228687
9.09515e-05
0.000183095
7.56299e-05
0.000130229
4.2247e-05
6.08322e-05
-4.84963e-05
-0.000357345
0.00011309
7.098e-05
0.000108604
5.79849e-05
0.000114313
5.47895e-05
0.000128242
5.21754e-05
0.000147592
4.82637e-05
0.000170338
4.66735e-05
0.000189938
5.26992e-05
0.000205044
5.74462e-05
0.00021759
5.77527e-05
0.000231178
5.79967e-05
0.000244873
6.34544e-05
0.000255433
7.36183e-05
0.000259148
8.65608e-05
0.000257133
9.4368e-05
0.000243508
0.000104577
0.00021678
0.000102358
0.000184374
7.46535e-05
0.000124818
1.10591e-05
-0.000232527
5.03961e-05
7.71444e-05
4.47831e-05
6.3598e-05
5.41738e-05
4.53989e-05
7.80016e-05
2.83476e-05
9.86927e-05
2.75726e-05
0.000111502
3.38645e-05
0.000125366
3.88347e-05
0.000141626
4.11866e-05
0.000159107
4.02719e-05
0.00017786
3.92443e-05
0.000197592
4.37224e-05
0.000218077
5.31332e-05
0.00022639
7.82477e-05
0.000230132
9.06258e-05
0.000224939
0.000109769
0.00020643
0.000120866
0.000178596
0.000102488
0.000141001
4.8654e-05
-9.1526e-05
3.61044e-05
5.78106e-05
5.70925e-05
4.261e-05
7.8381e-05
2.41105e-05
8.75716e-05
1.9157e-05
8.31163e-05
3.20279e-05
7.49023e-05
4.20785e-05
7.43944e-05
3.93427e-05
8.48796e-05
3.07017e-05
0.000102002
2.31499e-05
0.000120703
2.05429e-05
0.000139298
2.51277e-05
0.000160093
3.23377e-05
0.000181494
5.68463e-05
0.000178145
9.39755e-05
0.000170854
0.00011706
0.000166585
0.000125135
0.000148847
0.000120226
0.000115415
8.20853e-05
2.38893e-05
3.83475e-05
3.62732e-05
5.24128e-05
2.85447e-05
4.99859e-05
2.65374e-05
3.47855e-05
3.43575e-05
2.268e-05
4.41334e-05
1.8314e-05
4.64447e-05
2.01823e-05
3.74748e-05
2.77348e-05
2.31495e-05
4.06833e-05
1.02015e-05
5.61108e-05
5.11519e-06
6.99774e-05
1.1261e-05
8.31522e-05
1.91628e-05
0.000102814
3.71848e-05
0.00011348
8.33088e-05
9.52263e-05
0.000135315
0.000106686
0.000113675
0.000106177
0.000120736
8.86608e-05
9.96014e-05
0.00011255
-5.51168e-06
2.51615e-05
-2.91629e-06
2.59493e-05
-7.14002e-06
3.0761e-05
-1.06331e-05
3.78505e-05
-8.98819e-06
4.24884e-05
-2.73188e-06
4.01884e-05
3.82688e-06
3.09162e-05
8.54262e-06
1.84338e-05
1.25215e-05
6.22272e-06
1.83437e-05
-7.07087e-07
2.49115e-05
4.69309e-06
2.37311e-05
2.03432e-05
2.29629e-05
3.7953e-05
2.35274e-05
8.27442e-05
7.60534e-06
0.000151237
3.57538e-05
8.55265e-05
6.48002e-05
9.16893e-05
6.83733e-05
9.60283e-05
0.000180923
-3.4054e-05
1.57015e-05
-2.8893e-05
2.07883e-05
-2.46805e-05
2.65485e-05
-1.88098e-05
3.19797e-05
-1.06179e-05
3.42965e-05
-2.19035e-06
3.1761e-05
4.23338e-06
2.44926e-05
7.79606e-06
1.48713e-05
8.13631e-06
5.88247e-06
6.64086e-06
7.88279e-07
5.92849e-06
5.40536e-06
-8.39305e-07
2.71109e-05
-1.91405e-05
5.62539e-05
-3.35846e-05
9.71883e-05
-3.01767e-05
0.000147829
3.16136e-06
5.21885e-05
4.10089e-05
5.38418e-05
5.18549e-05
8.51822e-05
0.000232778
-3.19232e-05
8.98547e-06
-2.60404e-05
1.49055e-05
-2.00362e-05
2.05442e-05
-1.34243e-05
2.53678e-05
-6.59103e-06
2.74631e-05
-6.28156e-08
2.52327e-05
5.67639e-06
1.87534e-05
9.91916e-06
1.06285e-05
1.11018e-05
4.69979e-06
8.02767e-06
3.86234e-06
2.97781e-06
1.04551e-05
-1.78904e-06
3.18779e-05
-1.83221e-05
7.2787e-05
-3.28125e-05
0.000111679
-1.06238e-05
0.00012564
1.02328e-05
3.1332e-05
2.70379e-05
3.70366e-05
3.38165e-05
7.84036e-05
0.000266595
-2.47038e-05
3.88225e-06
-1.95912e-05
9.79295e-06
-1.44291e-05
1.53821e-05
-9.20676e-06
2.01454e-05
-3.83989e-06
2.20963e-05
1.93494e-06
1.94579e-05
8.04625e-06
1.26421e-05
1.36262e-05
5.04852e-06
1.70001e-05
1.32575e-06
1.63878e-05
4.47457e-06
1.14293e-05
1.54135e-05
7.35052e-06
3.59566e-05
1.64629e-06
7.84913e-05
-3.07852e-06
0.000116403
8.43977e-06
0.000114122
1.21481e-05
2.76237e-05
1.11788e-05
3.8006e-05
5.86222e-06
8.37202e-05
0.000272457
-1.91479e-05
-1.15575e-07
-1.4872e-05
5.5172e-06
-1.05064e-05
1.10165e-05
-6.00372e-06
1.56427e-05
-1.021e-06
1.71135e-05
4.94046e-06
1.34965e-05
1.18529e-05
5.72973e-06
1.87595e-05
-1.85818e-06
2.39968e-05
-3.91158e-06
2.58966e-05
2.57449e-06
2.30936e-05
1.82164e-05
1.81703e-05
4.08799e-05
1.74306e-05
7.92311e-05
8.08559e-06
0.000125749
-1.89035e-06
0.000124098
-5.01175e-06
3.07451e-05
-8.32399e-06
4.13182e-05
-2.05225e-05
9.59187e-05
0.000251935
-1.42122e-05
-3.33617e-06
-1.06288e-05
1.93394e-06
-6.81881e-06
7.20665e-06
-2.64571e-06
1.14697e-05
2.3236e-06
1.21443e-05
8.64901e-06
7.17109e-06
1.62558e-05
-1.87707e-06
2.39938e-05
-9.59633e-06
3.01632e-05
-1.0081e-05
3.31136e-05
-3.75955e-07
3.18724e-05
1.94576e-05
2.59865e-05
4.67658e-05
2.20907e-05
8.3127e-05
1.15543e-05
0.000136285
-7.10568e-06
0.000142758
-1.73398e-05
4.09793e-05
-2.62487e-05
5.02271e-05
-3.43793e-05
0.000104049
0.000217555
-9.74326e-06
-6.03479e-06
-6.66252e-06
-1.14672e-06
-3.23011e-06
3.77437e-06
7.50678e-07
7.48906e-06
5.78744e-06
7.10766e-06
1.24534e-05
5.05186e-07
2.05521e-05
-9.9758e-06
2.85854e-05
-1.76296e-05
3.47715e-05
-1.62671e-05
3.79896e-05
-3.59406e-06
3.75621e-05
1.98851e-05
3.20332e-05
5.22946e-05
2.57971e-05
8.9363e-05
1.44543e-05
0.000147628
-1.18333e-05
0.000169046
-2.14034e-05
5.05494e-05
-3.58516e-05
6.46752e-05
-3.59345e-05
0.000104132
0.000181621
-5.715e-06
-8.35997e-06
-3.03216e-06
-3.82944e-06
9.61832e-08
6.46102e-07
3.90589e-06
3.67946e-06
8.87961e-06
2.13407e-06
1.56026e-05
-6.21776e-06
2.38443e-05
-1.82175e-05
3.17217e-05
-2.55069e-05
3.70879e-05
-2.16333e-05
3.98956e-05
-6.40179e-06
4.02704e-05
1.95102e-05
3.67823e-05
5.57827e-05
3.06406e-05
9.55047e-05
1.92419e-05
0.000159027
-1.05202e-05
0.000198808
-1.90784e-05
5.91076e-05
-2.89742e-05
7.4571e-05
-2.8939e-05
0.000104097
0.000152682
-2.08524e-06
-1.03893e-05
2.58877e-07
-6.17345e-06
3.15261e-06
-2.24752e-06
6.77254e-06
5.96315e-08
1.14954e-05
-2.5888e-06
1.77837e-05
-1.25061e-05
2.54281e-05
-2.58618e-05
3.24687e-05
-3.25475e-05
3.63465e-05
-2.55111e-05
3.7668e-05
-7.72341e-06
3.87171e-05
1.84611e-05
3.81653e-05
5.63345e-05
3.43481e-05
9.93218e-05
2.87375e-05
0.000164637
7.58171e-06
0.000219964
-1.14176e-05
7.8107e-05
-8.43152e-06
7.15849e-05
-2.16322e-05
0.000117298
0.00013105
1.23979e-06
-1.21905e-05
3.33742e-06
-8.27112e-06
5.95942e-06
-4.86952e-06
9.27863e-06
-3.25956e-06
1.36011e-05
-6.91129e-06
1.92623e-05
-1.81673e-05
2.55794e-05
-3.21789e-05
3.05105e-05
-3.74787e-05
3.19727e-05
-2.69733e-05
3.10658e-05
-6.81651e-06
3.17755e-05
1.77515e-05
3.32544e-05
5.48555e-05
3.16488e-05
0.000100928
3.22515e-05
0.000164035
1.4623e-05
0.000237592
-3.17954e-05
0.000124525
-1.62878e-05
5.60773e-05
-3.85376e-05
0.000139547
9.25121e-05
4.35355e-06
-1.38327e-05
6.26488e-06
-1.01825e-05
8.5824e-06
-7.18703e-06
1.13611e-05
-6.03832e-06
1.5063e-05
-1.06132e-05
1.98439e-05
-2.2948e-05
2.41676e-05
-3.65024e-05
2.55234e-05
-3.88345e-05
2.28297e-05
-2.42796e-05
1.84445e-05
-2.43131e-06
1.76396e-05
1.85563e-05
1.90627e-05
5.34325e-05
1.80017e-05
0.000101989
2.04217e-05
0.000161615
2.73776e-05
0.000230636
8.66006e-06
0.000143243
-5.724e-06
7.04613e-05
-1.18864e-06
0.000135012
9.13234e-05
7.32381e-06
-1.53702e-05
9.07642e-06
-1.19352e-05
1.1139e-05
-9.24971e-06
1.33193e-05
-8.21853e-06
1.60958e-05
-1.33897e-05
1.94024e-05
-2.62546e-05
2.09354e-05
-3.80354e-05
1.74983e-05
-3.53973e-05
8.50698e-06
-1.52882e-05
-1.27472e-06
7.35043e-06
-8.17481e-06
2.54562e-05
-9.44933e-06
5.4707e-05
-1.42543e-05
0.000106793
-1.9274e-05
0.000166635
-9.23528e-06
0.000220597
-1.79588e-05
0.000151967
-1.13928e-05
6.38953e-05
2.24722e-05
0.000101147
0.000113796
1.02249e-05
-1.68658e-05
1.19051e-05
-1.36156e-05
1.382e-05
-1.11646e-05
1.54739e-05
-9.87243e-06
1.72878e-05
-1.52035e-05
1.87569e-05
-2.77237e-05
1.68729e-05
-3.61514e-05
8.53052e-06
-2.70549e-05
-7.59091e-06
8.33187e-07
-2.69755e-05
2.6735e-05
-4.48095e-05
4.32901e-05
-5.83796e-05
6.82771e-05
-6.88352e-05
0.000117249
-7.48677e-05
0.000172667
-6.85638e-05
0.000214293
-8.25654e-05
0.000165968
-6.34024e-05
4.47321e-05
5.13243e-06
3.26122e-05
0.000118928
1.31697e-05
-1.843e-05
1.49443e-05
-1.53903e-05
1.67769e-05
-1.29973e-05
1.79972e-05
-1.10927e-05
1.91117e-05
-1.6318e-05
1.92836e-05
-2.78956e-05
1.44802e-05
-3.13481e-05
2.1753e-06
-1.475e-05
-1.99033e-05
2.29117e-05
-5.19605e-05
5.87921e-05
-8.65476e-05
7.78772e-05
-0.000111593
9.3323e-05
-0.000119877
0.000125533
-0.000111471
0.000164261
-8.56603e-05
0.000188483
-8.63744e-05
0.000166682
-2.61246e-05
-1.55177e-05
5.05037e-06
1.43718e-06
0.000123978
1.63046e-05
-2.02321e-05
1.83404e-05
-1.74261e-05
2.01907e-05
-1.48476e-05
2.12114e-05
-1.21133e-05
2.19814e-05
-1.70882e-05
2.22427e-05
-2.81568e-05
1.74619e-05
-2.65673e-05
4.57498e-06
-1.863e-06
-1.753e-05
4.50166e-05
-5.49207e-05
9.61829e-05
-9.94998e-05
0.000122457
-0.000127685
0.000121508
-0.000123756
0.000121604
-9.45217e-05
0.000135027
-4.94666e-05
0.000143428
-1.49925e-05
0.000132208
2.70256e-05
-5.75356e-05
2.06522e-05
7.80997e-06
0.000144631
1.97793e-05
-2.24454e-05
2.21623e-05
-1.98091e-05
2.42736e-05
-1.69589e-05
2.55351e-05
-1.33748e-05
2.65249e-05
-1.80781e-05
2.86511e-05
-3.0283e-05
2.72118e-05
-2.5128e-05
1.91801e-05
6.16849e-06
5.38254e-06
5.88141e-05
-2.19954e-05
0.000123561
-5.56831e-05
0.000156144
-7.08622e-05
0.000136687
-4.64615e-05
9.72032e-05
-9.85898e-07
8.95517e-05
4.1358e-05
0.000101083
6.66879e-05
0.000106878
3.03012e-05
-2.11478e-05
2.70675e-05
1.10434e-05
0.000171698
2.37845e-05
-2.52134e-05
2.65603e-05
-2.2585e-05
2.91403e-05
-1.95389e-05
3.08745e-05
-1.5109e-05
3.26846e-05
-1.98883e-05
3.86377e-05
-3.62361e-05
4.27215e-05
-2.9212e-05
4.06662e-05
8.22375e-06
4.00096e-05
5.94709e-05
4.37674e-05
0.000119803
4.65875e-05
0.000153324
6.51394e-05
0.000118136
0.000111564
5.07785e-05
0.000149609
5.15067e-05
0.000169125
8.15675e-05
0.000178338
9.76634e-05
9.34016e-05
6.3789e-05
4.61147e-05
5.83303e-05
0.000217813
2.85262e-05
-2.87252e-05
3.19407e-05
-2.59994e-05
3.51675e-05
-2.27658e-05
3.75553e-05
-1.74969e-05
3.98758e-05
-2.22088e-05
4.75621e-05
-4.39226e-05
5.34113e-05
-3.50613e-05
4.79337e-05
1.37014e-05
5.3438e-05
5.39668e-05
9.20087e-05
8.12324e-05
0.00016392
8.14127e-05
0.000234643
4.74136e-05
0.00025966
2.57614e-05
0.000247667
6.34995e-05
0.000240161
8.90736e-05
0.000222961
0.000114863
0.000163961
0.000122789
8.19422e-05
0.000140349
0.000299755
3.3872e-05
-3.32317e-05
3.84348e-05
-3.05622e-05
4.28678e-05
-2.7199e-05
4.68371e-05
-2.14663e-05
4.91526e-05
-2.45242e-05
5.21635e-05
-4.69337e-05
5.52164e-05
-3.81144e-05
5.42087e-05
1.47092e-05
6.22099e-05
4.59656e-05
0.000108158
3.52841e-05
0.000183437
6.13353e-06
0.000224786
6.06508e-06
0.000198815
5.17327e-05
0.000194527
6.77873e-05
0.000194099
8.95015e-05
0.000196178
0.000112785
0.000189739
0.000129228
0.000109764
0.000220324
0.000409519
3.9046e-05
-3.89039e-05
4.52109e-05
-3.67271e-05
5.17165e-05
-3.37046e-05
5.85692e-05
-2.8319e-05
6.24787e-05
-2.84336e-05
6.01648e-05
-4.46198e-05
6.38197e-05
-4.17692e-05
8.25334e-05
-4.00449e-06
0.000116427
1.20721e-05
0.000170155
-1.8444e-05
0.000199188
-2.28995e-05
0.000181717
2.35359e-05
0.000167136
6.6314e-05
0.000167577
6.73459e-05
0.000166144
9.09341e-05
0.000170543
0.000108386
0.000201903
9.78679e-05
0.000116029
0.000306198
0.000525548
4.28789e-05
-4.56956e-05
5.07621e-05
-4.46104e-05
5.98494e-05
-4.27919e-05
7.04317e-05
-3.89013e-05
7.92676e-05
-3.72696e-05
8.07714e-05
-4.61237e-05
8.9759e-05
-5.07567e-05
0.000117984
-3.223e-05
0.000174231
-4.4174e-05
0.000226085
-7.02982e-05
0.000223235
-2.00495e-05
0.00021131
3.54613e-05
0.000197999
7.96241e-05
0.000177437
8.79085e-05
0.000162017
0.000106354
0.000247141
2.32621e-05
0.00023718
0.000107829
9.8503e-05
0.000444875
0.000624051
4.44155e-05
-5.33009e-05
5.36412e-05
-5.38362e-05
6.48487e-05
-5.39992e-05
7.89509e-05
-5.30034e-05
9.38283e-05
-5.21469e-05
0.000105631
-5.79262e-05
0.000124994
-7.01193e-05
0.000160261
-6.74971e-05
0.000219819
-0.000103733
0.000258506
-0.000108986
0.000245994
-7.53704e-06
0.000234192
4.72636e-05
0.000242059
7.17563e-05
0.000277397
5.25714e-05
0.000393636
-9.88428e-06
0.000445183
-2.82857e-05
0.000220609
0.000332403
5.87173e-05
0.000606767
0.000682768
4.34348e-05
-6.12391e-05
5.32674e-05
-6.36689e-05
6.54547e-05
-6.61864e-05
8.13571e-05
-6.89058e-05
9.99871e-05
-7.0777e-05
0.000119606
-7.75452e-05
0.000145675
-9.61885e-05
0.000176865
-9.86869e-05
0.000226122
-0.00015299
0.000222379
-0.000105243
0.000207061
7.78112e-06
0.000187662
6.66623e-05
0.000200665
5.87533e-05
0.000291374
-3.81377e-05
0.000427249
-0.00014576
0.000322192
7.67722e-05
0.000121299
0.000533296
6.69498e-06
0.000721371
0.000689463
4.03703e-05
-6.89803e-05
5.00452e-05
-7.33438e-05
6.21426e-05
-7.8284e-05
7.78249e-05
-8.45881e-05
9.75855e-05
-9.05375e-05
0.000120015
-9.99743e-05
0.000145108
-0.000121282
0.00017058
-0.000124159
0.000182263
-0.000164673
0.000192092
-0.000115073
0.000179309
2.05638e-05
0.000156582
8.939e-05
0.000164284
5.10511e-05
0.000234855
-0.000108707
0.00026317
-0.000174076
0.00011085
0.000229092
2.52493e-05
0.000618896
-4.07021e-05
0.000787323
0.000648761
3.57942e-05
-7.60365e-05
4.4644e-05
-8.21936e-05
5.57779e-05
-8.9418e-05
7.00076e-05
-9.88178e-05
8.87412e-05
-0.000109271
0.000111002
-0.000122235
0.000133909
-0.000144189
0.000168243
-0.000158493
0.00017736
-0.000173789
0.000185266
-0.000122979
0.000161978
4.3852e-05
0.000136361
0.000115006
0.000148866
3.8546e-05
0.000153105
-0.000112947
8.98855e-05
-0.000110857
-1.3463e-05
0.000332441
-7.56667e-05
0.0006811
-7.29146e-05
0.000784571
0.000575847
3.0163e-05
-8.20559e-05
3.76445e-05
-8.96751e-05
4.70187e-05
-9.87923e-05
5.87754e-05
-0.000110574
7.41307e-05
-0.000124626
9.36568e-05
-0.000141761
0.000115703
-0.000166235
0.000158321
-0.000201112
0.000194787
-0.000210254
0.000183416
-0.000111608
0.000145412
8.18555e-05
0.00011274
0.000147679
0.000123135
2.81506e-05
8.27665e-05
-7.25776e-05
-3.29081e-05
4.81701e-06
-9.52346e-05
0.000394767
-0.000160679
0.000746545
-0.000107704
0.000731596
0.000468142
2.38713e-05
-8.68709e-05
2.97814e-05
-9.55853e-05
3.7092e-05
-0.000106103
4.57836e-05
-0.000119266
5.6181e-05
-0.000135024
6.86975e-05
-0.000154278
8.48335e-05
-0.000182371
0.000118591
-0.000234871
0.000166026
-0.000257689
0.000154689
-0.000100272
0.000131092
0.000105453
0.000108841
0.00016993
0.000112391
2.46006e-05
5.97756e-05
-1.99618e-05
-3.65144e-05
0.000101108
-8.24128e-05
0.000440665
-0.000136766
0.000800897
-0.000124357
0.000719188
0.000343785
1.72517e-05
-9.03872e-05
2.16604e-05
-9.99941e-05
2.72401e-05
-0.000111683
3.38957e-05
-0.000125922
4.13594e-05
-0.000142487
4.82488e-05
-0.000161168
5.35834e-05
-0.000187705
3.59302e-05
-0.000217218
6.44186e-05
-0.000286177
0.000116069
-0.000151922
0.000117444
0.000104078
0.00013062
0.000156753
0.000191572
-3.63514e-05
0.000117614
5.39964e-05
3.03031e-05
0.00018842
-3.78637e-06
0.000474755
-5.24358e-05
0.000849546
-8.64462e-05
0.000753199
0.000257339
1.05499e-05
-9.25107e-05
1.33691e-05
-0.000102813
1.71657e-05
-0.000115479
2.2325e-05
-0.000131081
2.96016e-05
-0.000149764
3.96052e-05
-0.000171171
4.82792e-05
-0.000196379
1.93417e-05
-0.00018828
2.20634e-05
-0.000288899
0.000184166
-0.000314025
0.000114973
0.000173271
-1.48992e-05
0.000286625
5.48129e-05
-0.000106063
0.000144116
-3.53071e-05
0.000127825
0.000204711
0.000100124
0.000502455
6.53316e-05
0.000884339
-8.12811e-06
0.000826659
0.00024921
3.76257e-06
4.75597e-06
6.12092e-06
8.12823e-06
1.16397e-05
1.93204e-05
3.77355e-05
8.27164e-05
0.000186894
0.000440425
0.000129861
-0.000287927
-0.000131546
3.16826e-05
9.6583e-05
0.000136583
0.000131329
3.79665e-05
)
;

boundaryField
{
    leftWall
    {
        type            calculated;
        value           uniform 0;
    }
    rightWall
    {
        type            calculated;
        value           uniform 0;
    }
    lowerWall
    {
        type            calculated;
        value           uniform 0;
    }
    atmosphere
    {
        type            calculated;
        value           nonuniform List<scalar> 
46
(
-4.0396e-05
-4.18767e-05
-4.16807e-05
-4.19596e-05
-4.21502e-05
-4.2378e-05
-4.26394e-05
-4.2942e-05
-4.32951e-05
-4.37106e-05
-4.42024e-05
-4.47872e-05
-4.54848e-05
-4.63181e-05
-4.73138e-05
-4.85023e-05
-4.99201e-05
-5.16108e-05
-5.36264e-05
-5.60293e-05
-5.88959e-05
-6.23201e-05
-6.64143e-05
-3.30998e-05
-3.43022e-05
-3.56158e-05
-3.70532e-05
-9.32487e-05
-0.000103807
-0.000116844
-0.000133088
-0.000153275
-0.000178852
-0.000214795
-0.000233261
-0.000393076
-0.000567556
0.000483835
0.000704414
-0.000262445
-0.000198537
0.00013981
0.000462456
0.000889592
0.000920021
0.000287177
)
;
    }
    defaultFaces
    {
        type            empty;
        value           nonuniform List<scalar> 0();
    }
}


// ************************************************************************* //
