/*--------------------------------*- C++ -*----------------------------------*\
| =========                 |                                                 |
| \\      /  F ield         | OpenFOAM: The Open Source CFD Toolbox           |
|  \\    /   O peration     | Version:  2206                                  |
|   \\  /    A nd           | Website:  www.openfoam.com                      |
|    \\/     M anipulation  |                                                 |
\*---------------------------------------------------------------------------*/
FoamFile
{
    version     2.0;
    format      ascii;
    arch        "LSB;label=32;scalar=64";
    class       volVectorField;
    location    "0.65";
    object      U;
}
// * * * * * * * * * * * * * * * * * * * * * * * * * * * * * * * * * * * * * //

dimensions      [0 1 -1 0 0 0 0];

internalField   nonuniform List<vector> 
2268
(
(-0.00944108 0.00562182 0)
(-0.0152429 0.000829899 0)
(-0.0109277 -0.0032427 0)
(-0.00113046 -0.00526586 0)
(0.0114549 -0.00574718 0)
(0.0236465 -0.00506891 0)
(0.03379 -0.00376269 0)
(0.0409069 -0.00230751 0)
(0.0449125 -0.00102285 0)
(0.0463595 -3.53489e-05 0)
(0.0459819 0.000703407 0)
(0.0443632 0.00129451 0)
(0.0418726 0.00193298 0)
(0.0384066 0.00285838 0)
(0.0334843 0.00423622 0)
(0.0263928 0.00606929 0)
(0.0163533 0.00809211 0)
(0.00287516 0.00961293 0)
(-0.0134702 0.00928731 0)
(-0.0310746 0.00351333 0)
(-0.0415959 -0.00767434 0)
(-0.0346756 -0.0182504 0)
(-0.0138196 -0.0201653 0)
(-0.0113184 0.0173215 0)
(-0.0159034 0.00198609 0)
(-0.012435 -0.00990296 0)
(-0.00261792 -0.0162012 0)
(0.0102173 -0.0179205 0)
(0.022938 -0.0160536 0)
(0.0337514 -0.0121959 0)
(0.041554 -0.00779483 0)
(0.0461925 -0.00387471 0)
(0.0482244 -0.000918289 0)
(0.0485459 0.00106621 0)
(0.0480196 0.00237741 0)
(0.0471733 0.00344971 0)
(0.0463343 0.0047791 0)
(0.0455928 0.00680522 0)
(0.0446564 0.00981916 0)
(0.0427269 0.013869 0)
(0.0385441 0.0183873 0)
(0.0310149 0.0217198 0)
(0.0198483 0.0201398 0)
(0.0108578 0.0106962 0)
(-0.00271475 -0.00713848 0)
(-0.00350245 -0.0321614 0)
(-0.0112828 0.0299977 0)
(-0.0174702 0.00396703 0)
(-0.0148267 -0.0159047 0)
(-0.00551204 -0.0270187 0)
(0.00732803 -0.0303543 0)
(0.0205373 -0.0274546 0)
(0.0319362 -0.0211056 0)
(0.0404019 -0.0137175 0)
(0.0456633 -0.00705725 0)
(0.048154 -0.00206354 0)
(0.0487191 0.00111994 0)
(0.0482186 0.00293848 0)
(0.0472859 0.00403687 0)
(0.046342 0.00507463 0)
(0.0456581 0.00666303 0)
(0.0455378 0.00934998 0)
(0.0463572 0.0135223 0)
(0.0480862 0.0189864 0)
(0.0497043 0.0242588 0)
(0.0482317 0.0257485 0)
(0.0417798 0.0191752 0)
(0.0283277 0.0015829 0)
(0.0131912 -0.020729 0)
(-0.0117018 0.0436925 0)
(-0.0197529 0.00732211 0)
(-0.0185762 -0.0212268 0)
(-0.0117081 -0.0375736 0)
(0.000998416 -0.0434237 0)
(0.0159273 -0.0398135 0)
(0.0285109 -0.0309231 0)
(0.0377766 -0.0205016 0)
(0.0438418 -0.0110086 0)
(0.0471551 -0.00378058 0)
(0.0484512 0.000893689 0)
(0.048553 0.00348502 0)
(0.048144 0.00487899 0)
(0.0476791 0.00593743 0)
(0.0473863 0.00733089 0)
(0.0473536 0.00949488 0)
(0.0477004 0.0126498 0)
(0.0486971 0.0168672 0)
(0.0505383 0.021881 0)
(0.0519702 0.0262095 0)
(0.049717 0.0270469 0)
(0.0378272 0.0201068 0)
(0.0164343 0.00280746 0)
(-0.0125844 0.058967 0)
(-0.0231435 0.0127253 0)
(-0.0274167 -0.0230188 0)
(-0.026625 -0.044935 0)
(-0.0141965 -0.0566857 0)
(0.00509212 -0.0536947 0)
(0.0214606 -0.0418163 0)
(0.0326017 -0.028132 0)
(0.0397773 -0.0158587 0)
(0.0441933 -0.00644098 0)
(0.0466401 -0.000220691 0)
(0.0478264 0.00324675 0)
(0.0483962 0.00496065 0)
(0.0488165 0.00597315 0)
(0.0493629 0.00717181 0)
(0.0500949 0.00913142 0)
(0.0508803 0.0121021 0)
(0.0514526 0.0160563 0)
(0.0515999 0.0209113 0)
(0.0510139 0.0266512 0)
(0.0488663 0.0327976 0)
(0.0393524 0.0353408 0)
(0.0193999 0.0265593 0)
(-0.0136578 0.0766924 0)
(-0.0287869 0.0234135 0)
(-0.0434055 -0.0166832 0)
(-0.0489688 -0.0481671 0)
(-0.0375316 -0.0717543 0)
(-0.0150696 -0.0718517 0)
(0.0073887 -0.0558072 0)
(0.0227936 -0.0374045 0)
(0.0323685 -0.0219228 0)
(0.0384802 -0.0103663 0)
(0.0425721 -0.00267281 0)
(0.0453912 0.00177886 0)
(0.0474593 0.00395886 0)
(0.0492067 0.00507063 0)
(0.0509614 0.00616775 0)
(0.0528394 0.00804191 0)
(0.0547343 0.0111836 0)
(0.0562473 0.0157935 0)
(0.0566483 0.0218562 0)
(0.0548864 0.0294949 0)
(0.0503534 0.0397441 0)
(0.0404033 0.0525706 0)
(0.0194082 0.0585791 0)
(-0.0137569 0.0965755 0)
(-0.0345732 0.0401455 0)
(-0.0570928 -0.00412929 0)
(-0.0637921 -0.0513777 0)
(-0.055483 -0.0908482 0)
(-0.0368798 -0.0967001 0)
(-0.0129728 -0.076958 0)
(0.00740329 -0.0512527 0)
(0.0208747 -0.0307815 0)
(0.0296864 -0.016352 0)
(0.0359529 -0.00697125 0)
(0.0408311 -0.00148268 0)
(0.0448924 0.001261 0)
(0.0485299 0.00255212 0)
(0.0520168 0.00360722 0)
(0.0555314 0.00541132 0)
(0.0590527 0.00870021 0)
(0.0622985 0.0139985 0)
(0.0646573 0.0216988 0)
(0.064785 0.0317373 0)
(0.0615665 0.0450413 0)
(0.0519205 0.061033 0)
(0.0319588 0.0797431 0)
(-0.0129202 0.11788 0)
(-0.0331502 0.0632868 0)
(-0.0518136 0.0102952 0)
(-0.0537234 -0.0534914 0)
(-0.0508795 -0.106165 0)
(-0.0429607 -0.119885 0)
(-0.0277257 -0.101667 0)
(-0.00809114 -0.070163 0)
(0.00812563 -0.0432158 0)
(0.0196741 -0.0247564 0)
(0.0280425 -0.0132426 0)
(0.0348099 -0.00663687 0)
(0.0408355 -0.00319322 0)
(0.0465488 -0.00148575 0)
(0.0521995 -0.000243842 0)
(0.0579163 0.00161397 0)
(0.0636964 0.00507578 0)
(0.0694143 0.0110284 0)
(0.07434 0.020735 0)
(0.0777526 0.0352956 0)
(0.0745306 0.0579289 0)
(0.0701811 0.091612 0)
(0.0243796 0.149808 0)
(0.271891 -0.106819 0)
(0.208671 0.0155757 0)
(-0.578947 0.0633367 0)
(-0.97645 0.00768072 0)
(-0.964491 -0.00112884 0)
(-0.885734 -0.00534657 0)
(-0.733081 -0.0126949 0)
(-0.388105 -0.0388453 0)
(0.0904871 -0.0584527 0)
(0.299087 0.00324329 0)
(0.322862 0.0588778 0)
(0.0806735 0.0628847 0)
(-0.294428 -0.0169959 0)
(-0.196121 -0.0736757 0)
(0.00203027 -0.0292681 0)
(-0.334989 0.0632417 0)
(-0.783277 0.0517242 0)
(-0.718187 -0.0433368 0)
(-0.264961 -0.0992661 0)
(-0.0361058 -0.0819649 0)
(-0.243884 0.210502 0)
(-1.10113 0.255027 0)
(-1.12812 0.100961 0)
(-0.822927 -0.0575308 0)
(-0.598509 -0.0882134 0)
(-0.120808 -0.149251 0)
(0.558147 -0.239564 0)
(0.80614 -0.184082 0)
(0.900672 -0.0695449 0)
(0.869941 0.0568206 0)
(0.63474 0.152061 0)
(0.136195 0.124326 0)
(-0.199408 -0.0179806 0)
(-0.357577 0.0474725 0)
(-0.650443 0.169976 0)
(-0.900801 0.104508 0)
(-0.650891 -0.127648 0)
(-0.234999 -0.267894 0)
(-0.22392 0.0337159 0)
(-0.516386 0.36576 0)
(-0.784169 0.35446 0)
(-0.00454076 0.0300681 0)
(0.126065 -0.168552 0)
(0.456228 -0.24451 0)
(0.790789 -0.311103 0)
(0.996154 -0.321394 0)
(1.09105 -0.216672 0)
(1.12891 -0.0474778 0)
(1.09894 0.115408 0)
(0.963504 0.244066 0)
(0.588117 0.262892 0)
(0.0764894 0.117904 0)
(-0.386792 0.114247 0)
(-0.639698 0.232919 0)
(-0.784513 0.105439 0)
(-0.616302 -0.233124 0)
(-0.176829 -0.424392 0)
(-0.220482 0.12513 0)
(-0.399039 0.410583 0)
(-0.0545051 0.216613 0)
(0.570882 -0.155691 0)
(0.744888 -0.25055 0)
(0.898636 -0.313322 0)
(1.02698 -0.351883 0)
(1.11417 -0.34082 0)
(1.17209 -0.235103 0)
(1.20172 -0.0483462 0)
(1.17661 0.159555 0)
(1.09615 0.332255 0)
(0.867584 0.398543 0)
(0.414823 0.29304 0)
(-0.229379 0.220004 0)
(-0.481839 0.286752 0)
(-0.625005 0.134897 0)
(-0.528504 -0.310225 0)
(-0.123772 -0.567894 0)
(-0.135997 0.176925 0)
(0.0379151 0.300232 0)
(0.67061 0.0416859 0)
(0.919892 -0.187202 0)
(0.932074 -0.274535 0)
(0.991789 -0.340142 0)
(1.07433 -0.37689 0)
(1.14899 -0.367952 0)
(1.19335 -0.274716 0)
(1.21638 -0.108875 0)
(1.20123 0.0895527 0)
(1.13761 0.33058 0)
(0.999605 0.489331 0)
(0.677784 0.462934 0)
(0.0631619 0.360692 0)
(-0.263277 0.342974 0)
(-0.414533 0.15945 0)
(-0.371566 -0.358642 0)
(-0.0624512 -0.681768 0)
(-0.0682032 0.145722 0)
(0.411984 0.131914 0)
(0.873532 -0.0817065 0)
(0.872217 -0.197589 0)
(0.921324 -0.299642 0)
(1.01087 -0.368134 0)
(1.09537 -0.405388 0)
(1.13115 -0.386094 0)
(1.08101 -0.258088 0)
(0.935038 -0.0518232 0)
(1.07029 0.163142 0)
(1.10791 0.353391 0)
(1.04289 0.537943 0)
(0.846964 0.593535 0)
(0.379364 0.509556 0)
(0.00967796 0.417477 0)
(-0.163724 0.190217 0)
(-0.154815 -0.364704 0)
(0.00658666 -0.748097 0)
(-0.056333 0.116253 0)
(0.401586 0.00328338 0)
(0.65576 -0.125348 0)
(0.815586 -0.238039 0)
(0.944538 -0.337568 0)
(1.03762 -0.398512 0)
(1.06781 -0.419033 0)
(1.0061 -0.364396 0)
(0.814515 -0.218827 0)
(0.611848 0.0168734 0)
(0.726942 0.155642 0)
(0.909805 0.354294 0)
(1.01434 0.564915 0)
(0.937998 0.67879 0)
(0.635281 0.62979 0)
(0.29673 0.503985 0)
(0.108393 0.226528 0)
(0.0953072 -0.347879 0)
(0.076866 -0.753582 0)
(0.217661 -0.0437451 0)
(0.506251 -0.106757 0)
(0.725134 -0.193549 0)
(0.874311 -0.284989 0)
(0.977726 -0.369476 0)
(1.00181 -0.411022 0)
(0.933705 -0.393529 0)
(0.758974 -0.277329 0)
(0.510295 -0.0894387 0)
(0.297388 -0.0162642 0)
(0.265252 0.130986 0)
(0.472602 0.304667 0)
(0.848806 0.520902 0)
(0.962166 0.708489 0)
(0.822772 0.715131 0)
(0.580175 0.588977 0)
(0.397183 0.275562 0)
(0.31789 -0.296455 0)
(0.139872 -0.703609 0)
(0.00245717 0.141132 0)
(0.0084961 0.0772303 0)
(-0.00298907 0.0127746 0)
(0.00962117 -0.0512028 0)
(0.00440197 -0.0981045 0)
(-0.00849345 -0.117837 0)
(-0.0180575 -0.113705 0)
(-0.0134747 -0.0900085 0)
(-0.00326691 -0.0616323 0)
(0.00801386 -0.0391615 0)
(0.018224 -0.0245171 0)
(0.0272807 -0.0164906 0)
(0.0358434 -0.0128108 0)
(0.0444061 -0.0113596 0)
(0.0531908 -0.0106131 0)
(0.0624649 -0.00942253 0)
(0.0724351 -0.00683586 0)
(0.0838393 -0.00202978 0)
(0.0965761 0.00622211 0)
(0.114382 0.018486 0)
(0.132402 0.0392229 0)
(0.170779 0.0610694 0)
(0.19351 0.129164 0)
(0.0235722 0.0892926 0)
(0.0531244 0.0844742 0)
(0.101905 0.0152013 0)
(0.124053 -0.0378651 0)
(0.1133 -0.0546367 0)
(0.0718534 -0.0618309 0)
(0.0289674 -0.0782915 0)
(0.00765315 -0.0856946 0)
(-0.00189956 -0.0761608 0)
(-4.51649e-07 -0.061448 0)
(0.00887059 -0.0477426 0)
(0.0200514 -0.0383129 0)
(0.0310009 -0.0334614 0)
(0.0426565 -0.0317282 0)
(0.054826 -0.0315713 0)
(0.0675971 -0.0317903 0)
(0.081267 -0.0316483 0)
(0.0963566 -0.0308488 0)
(0.113596 -0.029139 0)
(0.133682 -0.0269441 0)
(0.158653 -0.0224634 0)
(0.187522 -0.0234338 0)
(0.230413 -0.00799295 0)
(0.0250712 -0.0199678 0)
(0.099863 -0.0745598 0)
(0.112519 -0.114435 0)
(0.10134 -0.0905377 0)
(0.0961814 -0.026493 0)
(0.0674116 0.0138098 0)
(0.0608576 -0.00347222 0)
(0.0600402 -0.0373134 0)
(0.0411 -0.0603009 0)
(0.0267957 -0.0682867 0)
(0.0201852 -0.0674486 0)
(0.0177455 -0.0654248 0)
(0.0223503 -0.0648055 0)
(0.0313973 -0.0651826 0)
(0.0436753 -0.0656359 0)
(0.0579737 -0.066029 0)
(0.0737048 -0.0663894 0)
(0.0906839 -0.0668174 0)
(0.109301 -0.0675207 0)
(0.130417 -0.0688888 0)
(0.154932 -0.0711748 0)
(0.183603 -0.076565 0)
(0.22038 -0.0815089 0)
(0.00336593 -0.0896001 0)
(-0.324272 -0.0265496 0)
(-0.398111 0.0207076 0)
(-0.286713 -0.00479784 0)
(-0.124184 0.0481034 0)
(0.0378219 -0.00594137 0)
(0.144542 -0.0702288 0)
(0.199372 -0.033928 0)
(0.21371 -2.3108e-05 0)
(0.192904 0.00147862 0)
(0.126711 -0.000956373 0)
(0.0322732 -0.0116341 0)
(-0.00319877 -0.0349728 0)
(-0.0202955 -0.0637881 0)
(-0.0186292 -0.0851641 0)
(-0.00540403 -0.0983377 0)
(0.0167241 -0.108363 0)
(0.0435761 -0.11657 0)
(0.0726708 -0.125561 0)
(0.108402 -0.139547 0)
(0.145616 -0.149971 0)
(0.18497 -0.168955 0)
(0.225945 -0.192588 0)
(0.0714262 0.388076 0)
(-0.151293 0.348108 0)
(-0.0913688 -0.0155786 0)
(-0.0463178 -0.517162 0)
(-0.124314 -0.649032 0)
(-0.10316 -0.506414 0)
(-0.134256 -0.237053 0)
(-0.104352 -0.0922813 0)
(-0.085594 -0.0574563 0)
(-0.0358845 0.0818061 0)
(0.00229907 0.144057 0)
(0.0248014 0.107969 0)
(0.0550955 0.0246043 0)
(0.0746714 -0.0477282 0)
(0.0858504 -0.090889 0)
(0.0905195 -0.116293 0)
(0.0920974 -0.133405 0)
(0.0931261 -0.146562 0)
(0.0951586 -0.159411 0)
(0.0966257 -0.181776 0)
(0.0987807 -0.193745 0)
(0.101809 -0.212785 0)
(0.108833 -0.192917 0)
(0.0653015 0.280925 0)
(0.0373167 0.424156 0)
(0.119893 0.0869098 0)
(0.0976715 -0.12475 0)
(-0.0128029 -0.131759 0)
(-0.0645811 -0.15861 0)
(-0.082851 -0.162067 0)
(-0.0790443 -0.137289 0)
(-0.0729898 -0.113818 0)
(-0.0555231 -0.0990997 0)
(-0.0134811 -0.0821655 0)
(0.0311197 -0.0857967 0)
(0.058775 -0.092601 0)
(0.067413 -0.0984374 0)
(0.0665266 -0.106371 0)
(0.0637962 -0.117077 0)
(0.0621327 -0.130269 0)
(0.0624421 -0.145561 0)
(0.0649425 -0.162022 0)
(0.0695982 -0.178198 0)
(0.0771828 -0.194404 0)
(0.0871299 -0.206122 0)
(0.099197 -0.219713 0)
(-0.0155178 0.127855 0)
(0.0559051 0.194476 0)
(0.112088 -0.0362931 0)
(0.110589 -0.176455 0)
(0.081684 -0.200512 0)
(0.0537754 -0.184034 0)
(0.0273515 -0.156087 0)
(0.00662019 -0.12839 0)
(-0.0027681 -0.105538 0)
(-0.00224011 -0.0838063 0)
(0.00473924 -0.0704874 0)
(0.0132519 -0.0697058 0)
(0.0199291 -0.078076 0)
(0.0242437 -0.0895999 0)
(0.0264803 -0.101975 0)
(0.0273239 -0.115704 0)
(0.027728 -0.131803 0)
(0.0281201 -0.149575 0)
(0.0280497 -0.168505 0)
(0.0299136 -0.192189 0)
(0.0364473 -0.219675 0)
(0.0471815 -0.242073 0)
(0.0591486 -0.256708 0)
(-0.025997 0.13609 0)
(0.0303647 0.038389 0)
(0.0589196 -0.0687106 0)
(0.058093 -0.113473 0)
(0.0423744 -0.113717 0)
(0.0251391 -0.104306 0)
(0.0126524 -0.0999503 0)
(0.00589174 -0.0983075 0)
(0.00321182 -0.0956961 0)
(0.00336326 -0.0923281 0)
(0.00562946 -0.0899476 0)
(0.00866071 -0.0896166 0)
(0.0108368 -0.0914967 0)
(0.0114766 -0.0958971 0)
(0.0107428 -0.103596 0)
(0.00910643 -0.115281 0)
(0.00656157 -0.130411 0)
(0.00260211 -0.145815 0)
(-0.00370155 -0.164681 0)
(-0.00648064 -0.198968 0)
(-0.00383837 -0.235948 0)
(0.000438835 -0.258746 0)
(5.78146e-05 -0.259842 0)
(-0.00262428 0.143133 0)
(0.0199456 0.0241042 0)
(0.029315 -0.0677012 0)
(0.0304887 -0.0946231 0)
(0.0249828 -0.097831 0)
(0.0193191 -0.0992409 0)
(0.0154725 -0.0995286 0)
(0.0125664 -0.0978 0)
(0.010332 -0.0950507 0)
(0.00888004 -0.0922823 0)
(0.00805429 -0.0901725 0)
(0.00743843 -0.0892543 0)
(0.00654829 -0.0899067 0)
(0.00501556 -0.092721 0)
(0.00254879 -0.0986081 0)
(-0.00108891 -0.10791 0)
(-0.0067286 -0.119259 0)
(-0.0145799 -0.129616 0)
(-0.0246123 -0.149133 0)
(-0.0320672 -0.19328 0)
(-0.0401594 -0.231436 0)
(-0.0489942 -0.246348 0)
(-0.0641392 -0.232289 0)
(0.00532169 0.11594 0)
(0.0171448 -0.0157698 0)
(0.0246827 -0.0869557 0)
(0.024807 -0.0983131 0)
(0.0224909 -0.0941416 0)
(0.0196765 -0.0915737 0)
(0.0167232 -0.0910852 0)
(0.0140723 -0.0907518 0)
(0.0119602 -0.089927 0)
(0.0103253 -0.0887251 0)
(0.00898869 -0.0874361 0)
(0.00773849 -0.0864294 0)
(0.00635405 -0.0861983 0)
(0.00456569 -0.0874289 0)
(0.00195827 -0.0908186 0)
(-0.00197879 -0.0964335 0)
(-0.00805894 -0.103225 0)
(-0.0156821 -0.109945 0)
(-0.0243579 -0.127613 0)
(-0.0366744 -0.16671 0)
(-0.0549292 -0.200973 0)
(-0.0731541 -0.210908 0)
(-0.0945095 -0.192437 0)
(0.00549836 0.0965653 0)
(0.0143315 -0.0304618 0)
(0.0188662 -0.0868361 0)
(0.0181001 -0.0914225 0)
(0.0163343 -0.0876964 0)
(0.0150541 -0.0869262 0)
(0.0139713 -0.0874412 0)
(0.0128847 -0.0876272 0)
(0.0118468 -0.0872257 0)
(0.0109123 -0.0863629 0)
(0.0100776 -0.0852436 0)
(0.0093062 -0.0841695 0)
(0.00853123 -0.0835016 0)
(0.00758825 -0.0836125 0)
(0.00615347 -0.0848288 0)
(0.00377429 -0.0873095 0)
(1.37708e-05 -0.0909334 0)
(-0.00455188 -0.0957097 0)
(-0.00976185 -0.106876 0)
(-0.0216443 -0.129271 0)
(-0.0400413 -0.158935 0)
(-0.0611291 -0.171259 0)
(-0.0814383 -0.159239 0)
(0.00475453 0.0798714 0)
(0.0113762 -0.0455514 0)
(0.0144869 -0.0894811 0)
(0.0140206 -0.0900382 0)
(0.013261 -0.0864355 0)
(0.0128559 -0.0857399 0)
(0.0124806 -0.086047 0)
(0.0120539 -0.086146 0)
(0.0116515 -0.0858385 0)
(0.0113374 -0.0851679 0)
(0.0111395 -0.0842559 0)
(0.0110551 -0.0833349 0)
(0.0110575 -0.0826633 0)
(0.0110815 -0.0824093 0)
(0.0109938 -0.082672 0)
(0.0105557 -0.0836275 0)
(0.00954388 -0.0855451 0)
(0.00793533 -0.0888446 0)
(0.0052276 -0.0944599 0)
(-0.0006204 -0.103914 0)
(-0.0123683 -0.120498 0)
(-0.0291475 -0.133281 0)
(-0.0448593 -0.133683 0)
(0.00407753 0.0660574 0)
(0.00879844 -0.0556624 0)
(0.0110526 -0.0902396 0)
(0.0108829 -0.0888422 0)
(0.0107288 -0.0858271 0)
(0.0108632 -0.0854142 0)
(0.0110133 -0.0857192 0)
(0.0111297 -0.0858518 0)
(0.0112667 -0.0856905 0)
(0.0114787 -0.0852527 0)
(0.0117994 -0.0846068 0)
(0.0122306 -0.0839309 0)
(0.0127477 -0.0834565 0)
(0.0133262 -0.0833297 0)
(0.0139458 -0.0835693 0)
(0.0145417 -0.0841856 0)
(0.0149784 -0.0852983 0)
(0.0149779 -0.0872147 0)
(0.0141122 -0.0900251 0)
(0.0119788 -0.0938121 0)
(0.00727375 -0.100069 0)
(-0.000995834 -0.106866 0)
(-0.0113155 -0.111502 0)
(0.00316376 0.0554206 0)
(0.00655878 -0.0632627 0)
(0.00840591 -0.0912911 0)
(0.00863019 -0.0889721 0)
(0.00895458 -0.0864099 0)
(0.00946956 -0.0861306 0)
(0.00998531 -0.0863984 0)
(0.0104799 -0.0865343 0)
(0.0109885 -0.0864664 0)
(0.0115482 -0.0862019 0)
(0.0121875 -0.0857649 0)
(0.0129074 -0.0852686 0)
(0.0136726 -0.0849174 0)
(0.0144383 -0.0848967 0)
(0.0151838 -0.0852545 0)
(0.0159094 -0.0858981 0)
(0.0165761 -0.0867154 0)
(0.0170247 -0.0877116 0)
(0.0169998 -0.0889903 0)
(0.0162768 -0.090561 0)
(0.0145642 -0.0925296 0)
(0.0112943 -0.0947207 0)
(0.00638632 -0.0971438 0)
(0.0022898 0.0475819 0)
(0.00482768 -0.0689962 0)
(0.00651116 -0.0926441 0)
(0.00710838 -0.0899124 0)
(0.0077974 -0.0876649 0)
(0.00860001 -0.0874573 0)
(0.00938951 -0.0876956 0)
(0.0101594 -0.0878289 0)
(0.0109308 -0.0878143 0)
(0.0117251 -0.0876591 0)
(0.0125628 -0.0873592 0)
(0.0134479 -0.0869605 0)
(0.0143463 -0.086601 0)
(0.0151905 -0.086466 0)
(0.0159175 -0.0866729 0)
(0.0165058 -0.0871817 0)
(0.016967 -0.0878177 0)
(0.0172934 -0.0883939 0)
(0.0174038 -0.0888372 0)
(0.0171349 -0.0891905 0)
(0.0163667 -0.0894764 0)
(0.0148958 -0.0896598 0)
(0.0127654 -0.0900033 0)
(0.0015722 0.0419491 0)
(0.00359698 -0.0736979 0)
(0.00527677 -0.0945086 0)
(0.00620254 -0.0915543 0)
(0.00717456 -0.0894789 0)
(0.00820758 -0.0892896 0)
(0.00921856 -0.0894906 0)
(0.0102054 -0.0896008 0)
(0.0111801 -0.0895913 0)
(0.0121526 -0.0894744 0)
(0.0131356 -0.0892373 0)
(0.0141368 -0.0888792 0)
(0.015138 -0.0884584 0)
(0.0160819 -0.088104 0)
(0.0168874 -0.08796 0)
(0.0174915 -0.0880868 0)
(0.0178843 -0.0883954 0)
(0.0181001 -0.088679 0)
(0.0181704 -0.0887309 0)
(0.0180607 -0.0884666 0)
(0.0177139 -0.0879346 0)
(0.0170016 -0.0871949 0)
(0.016074 -0.0864494 0)
(0.00104153 0.0378791 0)
(0.0028149 -0.0779168 0)
(0.00457584 -0.0968957 0)
(0.00577345 -0.0937552 0)
(0.00697599 -0.0917443 0)
(0.00820337 -0.0915358 0)
(0.00940282 -0.0916877 0)
(0.010573 -0.0917553 0)
(0.01172 -0.0917152 0)
(0.0128474 -0.0915832 0)
(0.0139613 -0.0913499 0)
(0.0150697 -0.090997 0)
(0.0161705 -0.0905278 0)
(0.0172352 -0.0899984 0)
(0.0182019 -0.0895176 0)
(0.0189955 -0.0891925 0)
(0.0195681 -0.0890447 0)
(0.0199258 -0.0889625 0)
(0.0201203 -0.0887423 0)
(0.0201974 -0.0882066 0)
(0.0201752 -0.0873057 0)
(0.0199716 -0.0860969 0)
(0.0196903 -0.084767 0)
(0.000693358 0.0347993 0)
(0.0023985 -0.0820002 0)
(0.00427249 -0.0997592 0)
(0.00568553 -0.0964121 0)
(0.00708016 -0.0943983 0)
(0.00847809 -0.0941475 0)
(0.00984321 -0.0942388 0)
(0.0111753 -0.0942484 0)
(0.012478 -0.0941551 0)
(0.0137525 -0.0939756 0)
(0.0150011 -0.0937055 0)
(0.0162288 -0.0933272 0)
(0.0174406 -0.0928232 0)
(0.0186311 -0.0921981 0)
(0.0197705 -0.0915022 0)
(0.0208033 -0.090826 0)
(0.0216703 -0.0902485 0)
(0.0223432 -0.0897641 0)
(0.0228449 -0.0892521 0)
(0.0232307 -0.0885308 0)
(0.0235579 -0.087467 0)
(0.0238071 -0.0860402 0)
(0.0240464 -0.084391 0)
(0.000510842 0.032222 0)
(0.0022577 -0.0861412 0)
(0.00423976 -0.103011 0)
(0.00582065 -0.0994328 0)
(0.00737355 -0.0973834 0)
(0.00892268 -0.0970811 0)
(0.0104376 -0.0971066 0)
(0.0119182 -0.0970511 0)
(0.0133681 -0.0968958 0)
(0.0147883 -0.0966567 0)
(0.0161801 -0.0963317 0)
(0.0175462 -0.0959084 0)
(0.0188915 -0.0953681 0)
(0.0202205 -0.0946942 0)
(0.0215267 -0.0938923 0)
(0.0227826 -0.0930104 0)
(0.0239424 -0.0921283 0)
(0.0249648 -0.0913035 0)
(0.0258428 -0.0905065 0)
(0.0266117 -0.089611 0)
(0.0273308 -0.088461 0)
(0.0280264 -0.0869656 0)
(0.0287535 -0.0851877 0)
(0.000461936 0.0297738 0)
(0.00230376 -0.0904322 0)
(0.00437435 -0.106558 0)
(0.00608451 -0.102743 0)
(0.00776864 -0.100654 0)
(0.00945128 -0.100303 0)
(0.011103 -0.100264 0)
(0.0127231 -0.100145 0)
(0.0143151 -0.0999301 0)
(0.0158812 -0.0996345 0)
(0.0174231 -0.0992562 0)
(0.0189428 -0.0987858 0)
(0.020444 -0.0982093 0)
(0.0219326 -0.097507 0)
(0.023413 -0.0966629 0)
(0.0248779 -0.0956872 0)
(0.0263022 -0.0946328 0)
(0.02765 -0.0935752 0)
(0.0288984 -0.0925514 0)
(0.0300612 -0.0915077 0)
(0.0311821 -0.0903115 0)
(0.0323126 -0.088834 0)
(0.033492 -0.0870664 0)
(0.000502406 0.0272063 0)
(0.00246137 -0.094898 0)
(0.00459458 -0.110315 0)
(0.00640101 -0.10628 0)
(0.00819729 -0.104173 0)
(0.00999981 -0.103784 0)
(0.0117776 -0.10369 0)
(0.0135294 -0.103517 0)
(0.0152593 -0.103253 0)
(0.0169703 -0.102913 0)
(0.018665 -0.102495 0)
(0.0203461 -0.10199 0)
(0.0220168 -0.101389 0)
(0.0236824 -0.100674 0)
(0.0253502 -0.0998241 0)
(0.0270244 -0.0988275 0)
(0.0286967 -0.097706 0)
(0.0303444 -0.0965239 0)
(0.0319412 -0.0953517 0)
(0.0334854 -0.0942009 0)
(0.0349988 -0.0929877 0)
(0.0365449 -0.0915795 0)
(0.0381411 -0.0899191 0)
(0.000594416 0.0243691 0)
(0.00267261 -0.0995262 0)
(0.00483503 -0.114218 0)
(0.00671298 -0.110005 0)
(0.00860697 -0.107913 0)
(0.0105187 -0.107504 0)
(0.0124127 -0.107368 0)
(0.0142881 -0.107155 0)
(0.0161498 -0.106858 0)
(0.0180018 -0.106492 0)
(0.0198475 -0.106054 0)
(0.0216906 -0.105535 0)
(0.0235348 -0.104928 0)
(0.0253851 -0.10422 0)
(0.0272491 -0.103393 0)
(0.0291358 -0.102426 0)
(0.0310485 -0.101317 0)
(0.032978 -0.100107 0)
(0.034903 -0.0988713 0)
(0.0368141 -0.0976649 0)
(0.0387108 -0.0964609 0)
(0.0406589 -0.0951508 0)
(0.0426483 -0.0936585 0)
(0.000719266 0.0211862 0)
(0.00289281 -0.104263 0)
(0.00504835 -0.118205 0)
(0.00698452 -0.113885 0)
(0.00896516 -0.111851 0)
(0.0109746 -0.111442 0)
(0.0129733 -0.111279 0)
(0.014961 -0.111043 0)
(0.0169444 -0.110732 0)
(0.0189283 -0.110361 0)
(0.0209173 -0.109925 0)
(0.0229159 -0.109418 0)
(0.0249288 -0.10883 0)
(0.0269615 -0.108155 0)
(0.0290217 -0.107378 0)
(0.0311195 -0.106479 0)
(0.0332646 -0.105444 0)
(0.035459 -0.104289 0)
(0.0376905 -0.103075 0)
(0.0399493 -0.101876 0)
(0.0422166 -0.100714 0)
(0.0445552 -0.0995197 0)
(0.0469222 -0.0982262 0)
(0.000860997 0.0176397 0)
(0.00308576 -0.109029 0)
(0.00521845 -0.122231 0)
(0.00721065 -0.1179 0)
(0.00926954 -0.115966 0)
(0.0113623 -0.115571 0)
(0.01345 -0.115396 0)
(0.0155345 -0.115155 0)
(0.0176239 -0.114851 0)
(0.0197244 -0.114496 0)
(0.0218416 -0.114087 0)
(0.0239811 -0.113617 0)
(0.0261488 -0.113079 0)
(0.0283511 -0.112466 0)
(0.0305961 -0.111769 0)
(0.0328941 -0.110972 0)
(0.0352571 -0.110058 0)
(0.0376949 -0.109026 0)
(0.0402041 -0.107914 0)
(0.0427807 -0.106794 0)
(0.0453939 -0.105716 0)
(0.0481028 -0.104658 0)
(0.0508296 -0.103576 0)
(0.000984998 0.0137614 0)
(0.0032324 -0.11377 0)
(0.00537663 -0.126302 0)
(0.00743283 -0.122047 0)
(0.00955995 -0.120231 0)
(0.0117179 -0.119858 0)
(0.0138747 -0.119683 0)
(0.0160361 -0.119453 0)
(0.0182109 -0.119176 0)
(0.0204067 -0.11886 0)
(0.0226302 -0.118502 0)
(0.0248879 -0.118096 0)
(0.0271871 -0.117636 0)
(0.0295355 -0.117116 0)
(0.0319417 -0.116531 0)
(0.0344161 -0.11587 0)
(0.0369713 -0.115116 0)
(0.0396209 -0.11426 0)
(0.0423692 -0.113319 0)
(0.0452202 -0.112348 0)
(0.0481384 -0.11141 0)
(0.0511816 -0.110515 0)
(0.0542383 -0.109655 0)
(0.00104484 0.00962755 0)
(0.00334954 -0.118539 0)
(0.00560085 -0.130499 0)
(0.00773214 -0.126331 0)
(0.00990924 -0.124615 0)
(0.0121089 -0.124262 0)
(0.0143117 -0.124097 0)
(0.0165269 -0.123895 0)
(0.0187635 -0.123661 0)
(0.0210294 -0.123403 0)
(0.0233325 -0.123119 0)
(0.0256803 -0.122801 0)
(0.0280812 -0.122444 0)
(0.0305439 -0.122047 0)
(0.0330777 -0.121604 0)
(0.0356934 -0.121108 0)
(0.0384031 -0.120547 0)
(0.041222 -0.119908 0)
(0.0441594 -0.119194 0)
(0.0472282 -0.118439 0)
(0.0503935 -0.117699 0)
(0.0537167 -0.117008 0)
(0.0570563 -0.116385 0)
(0.0010102 0.00533775 0)
(0.00348802 -0.123545 0)
(0.00597708 -0.134959 0)
(0.00818048 -0.130741 0)
(0.010376 -0.129063 0)
(0.0125877 -0.128729 0)
(0.0148107 -0.12859 0)
(0.0170557 -0.128429 0)
(0.019329 -0.128254 0)
(0.0216389 -0.128072 0)
(0.0239938 -0.127878 0)
(0.0264021 -0.127668 0)
(0.0288726 -0.127438 0)
(0.0314148 -0.127186 0)
(0.0340387 -0.12691 0)
(0.0367548 -0.126604 0)
(0.0395749 -0.12626 0)
(0.0425139 -0.125868 0)
(0.0455841 -0.125422 0)
(0.0488056 -0.124937 0)
(0.0521482 -0.124454 0)
(0.055681 -0.124016 0)
(0.0592397 -0.123657 0)
(0.000887568 0.000963181 0)
(0.00369957 -0.129109 0)
(0.00653124 -0.139794 0)
(0.00877387 -0.135221 0)
(0.0109432 -0.133502 0)
(0.013136 -0.133202 0)
(0.0153514 -0.13311 0)
(0.0176012 -0.133007 0)
(0.0198859 -0.132905 0)
(0.0222139 -0.132812 0)
(0.0245937 -0.132724 0)
(0.0270335 -0.132638 0)
(0.0295427 -0.132551 0)
(0.0321308 -0.132462 0)
(0.0348078 -0.132369 0)
(0.0375838 -0.13227 0)
(0.0404702 -0.132159 0)
(0.043481 -0.13203 0)
(0.046629 -0.131875 0)
(0.049939 -0.131699 0)
(0.0533868 -0.131524 0)
(0.0570517 -0.131389 0)
(0.0607541 -0.131329 0)
(0.000720608 -0.00348999 0)
(0.00400215 -0.135516 0)
(0.00718306 -0.145005 0)
(0.00940386 -0.139668 0)
(0.0114979 -0.13785 0)
(0.0136478 -0.137619 0)
(0.0158279 -0.137602 0)
(0.0180567 -0.137576 0)
(0.0203266 -0.137561 0)
(0.0226454 -0.13757 0)
(0.0250222 -0.1376 0)
(0.0274647 -0.13765 0)
(0.0299817 -0.137718 0)
(0.0325826 -0.137803 0)
(0.0352769 -0.137905 0)
(0.0380743 -0.138022 0)
(0.0409855 -0.138153 0)
(0.0440232 -0.138293 0)
(0.0472 -0.13844 0)
(0.0505418 -0.138592 0)
(0.0540294 -0.138757 0)
(0.0577513 -0.138966 0)
(0.0615204 -0.139243 0)
(0.000582238 -0.00807813 0)
(0.00438104 -0.142847 0)
(0.00777444 -0.150435 0)
(0.00990563 -0.143964 0)
(0.0118833 -0.142043 0)
(0.0139795 -0.14193 0)
(0.0160999 -0.142014 0)
(0.0182798 -0.14208 0)
(0.0205068 -0.142164 0)
(0.0227863 -0.142287 0)
(0.0251288 -0.142446 0)
(0.0275412 -0.142642 0)
(0.0300319 -0.142873 0)
(0.0326098 -0.143139 0)
(0.0352837 -0.143442 0)
(0.0380628 -0.143781 0)
(0.0409571 -0.144156 0)
(0.0439783 -0.144568 0)
(0.0471381 -0.145017 0)
(0.050461 -0.145501 0)
(0.0539313 -0.146022 0)
(0.0576426 -0.1466 0)
(0.0614052 -0.147245 0)
(0.000578484 -0.0129409 0)
(0.00483357 -0.150906 0)
(0.00816574 -0.15579 0)
(0.0101591 -0.148014 0)
(0.0119941 -0.146063 0)
(0.0140336 -0.146109 0)
(0.016074 -0.146302 0)
(0.018175 -0.146466 0)
(0.0203286 -0.146659 0)
(0.0225355 -0.146903 0)
(0.0248082 -0.147199 0)
(0.0271534 -0.147547 0)
(0.0295787 -0.147946 0)
(0.0320928 -0.148399 0)
(0.0347041 -0.148906 0)
(0.037421 -0.149469 0)
(0.0402531 -0.15009 0)
(0.0432112 -0.150772 0)
(0.046306 -0.151518 0)
(0.0495594 -0.152329 0)
(0.0529574 -0.153206 0)
(0.0565938 -0.154162 0)
(0.0602795 -0.155191 0)
(0.00084548 -0.0183602 0)
(0.00540513 -0.15923 0)
(0.00831873 -0.1607 0)
(0.0101601 -0.151751 0)
(0.0118363 -0.149902 0)
(0.0138067 -0.150118 0)
(0.0157465 -0.150407 0)
(0.0177366 -0.150665 0)
(0.019784 -0.150968 0)
(0.0218835 -0.151336 0)
(0.0240487 -0.151772 0)
(0.0262867 -0.152274 0)
(0.0286049 -0.152843 0)
(0.0310115 -0.153483 0)
(0.0335145 -0.154194 0)
(0.0361221 -0.15498 0)
(0.0388429 -0.155845 0)
(0.0416869 -0.156792 0)
(0.0446639 -0.157828 0)
(0.0477926 -0.158955 0)
(0.0510603 -0.160176 0)
(0.054555 -0.161501 0)
(0.0580927 -0.162914 0)
(0.00151482 -0.0248086 0)
(0.00617493 -0.167198 0)
(0.00829885 -0.16479 0)
(0.0100004 -0.155107 0)
(0.0115004 -0.15352 0)
(0.0133638 -0.153882 0)
(0.0151744 -0.154243 0)
(0.0170192 -0.154587 0)
(0.0189251 -0.154997 0)
(0.0208821 -0.155489 0)
(0.0229024 -0.156062 0)
(0.0249943 -0.156716 0)
(0.0271644 -0.157453 0)
(0.0294207 -0.158276 0)
(0.0317706 -0.159187 0)
(0.0342215 -0.160191 0)
(0.0367813 -0.161292 0)
(0.0394586 -0.162496 0)
(0.0422624 -0.163809 0)
(0.0452076 -0.165235 0)
(0.0482845 -0.16678 0)
(0.0515697 -0.168453 0)
(0.0548907 -0.170235 0)
(0.00264016 -0.0330185 0)
(0.00717874 -0.174227 0)
(0.00820024 -0.167837 0)
(0.0097762 -0.158092 0)
(0.0110744 -0.156912 0)
(0.0127686 -0.157377 0)
(0.0144105 -0.157793 0)
(0.0160739 -0.158221 0)
(0.0178015 -0.158738 0)
(0.0195809 -0.15935 0)
(0.021421 -0.160057 0)
(0.0233304 -0.160859 0)
(0.0253149 -0.161758 0)
(0.0273814 -0.162758 0)
(0.0295367 -0.163862 0)
(0.0317872 -0.165074 0)
(0.0341392 -0.1664 0)
(0.0365996 -0.167845 0)
(0.0391761 -0.169417 0)
(0.04188 -0.171121 0)
(0.0447061 -0.172966 0)
(0.0477162 -0.17496 0)
(0.0507558 -0.177088 0)
(0.00407652 -0.0437833 0)
(0.00828429 -0.179788 0)
(0.00804377 -0.169726 0)
(0.00950511 -0.160702 0)
(0.0105721 -0.160021 0)
(0.0120339 -0.160554 0)
(0.0134642 -0.161026 0)
(0.014912 -0.161545 0)
(0.0164264 -0.16217 0)
(0.0179949 -0.162903 0)
(0.0196227 -0.163741 0)
(0.0213169 -0.164685 0)
(0.0230824 -0.165738 0)
(0.0249246 -0.166905 0)
(0.0268491 -0.168187 0)
(0.0288606 -0.169591 0)
(0.0309637 -0.171121 0)
(0.0331629 -0.172783 0)
(0.0354643 -0.174586 0)
(0.0378755 -0.176536 0)
(0.0403956 -0.178642 0)
(0.0430686 -0.180915 0)
(0.045762 -0.183347 0)
(0.00546869 -0.0571285 0)
(0.0092081 -0.183225 0)
(0.00775128 -0.17023 0)
(0.00912871 -0.162636 0)
(0.00993831 -0.162457 0)
(0.0111244 -0.16304 0)
(0.0123097 -0.163585 0)
(0.0135157 -0.164207 0)
(0.0147893 -0.164945 0)
(0.0161198 -0.165796 0)
(0.0175085 -0.16676 0)
(0.0189605 -0.167837 0)
(0.0204793 -0.169032 0)
(0.0220686 -0.170348 0)
(0.0237321 -0.17179 0)
(0.0254728 -0.173361 0)
(0.0272932 -0.175065 0)
(0.0291959 -0.176911 0)
(0.0311846 -0.178905 0)
(0.033264 -0.181056 0)
(0.0354358 -0.183373 0)
(0.0377227 -0.185862 0)
(0.0400245 -0.188528 0)
(0.00655945 -0.0725123 0)
(0.00977461 -0.184353 0)
(0.00723613 -0.169607 0)
(0.00856781 -0.163912 0)
(0.00909416 -0.164154 0)
(0.00998138 -0.164791 0)
(0.0109019 -0.165433 0)
(0.0118506 -0.166171 0)
(0.0128653 -0.167027 0)
(0.0139378 -0.167997 0)
(0.0150663 -0.169083 0)
(0.0162533 -0.170287 0)
(0.017501 -0.171614 0)
(0.0188112 -0.173067 0)
(0.0201858 -0.174651 0)
(0.0216257 -0.176369 0)
(0.0231316 -0.178224 0)
(0.0247039 -0.180226 0)
(0.0263449 -0.182382 0)
(0.028057 -0.184701 0)
(0.0298423 -0.18719 0)
(0.0317097 -0.189855 0)
(0.0335963 -0.192701 0)
(0.00733516 -0.090416 0)
(0.00992027 -0.183978 0)
(0.00641157 -0.169159 0)
(0.00769697 -0.165566 0)
(0.00792563 -0.16612 0)
(0.00850686 -0.166831 0)
(0.00915066 -0.167594 0)
(0.00983011 -0.168458 0)
(0.0105692 -0.169435 0)
(0.0113624 -0.170526 0)
(0.0122061 -0.171733 0)
(0.0131011 -0.173062 0)
(0.014048 -0.174515 0)
(0.015047 -0.176095 0)
(0.0160976 -0.177808 0)
(0.0171983 -0.179655 0)
(0.0183473 -0.181644 0)
(0.0195435 -0.183781 0)
(0.0207871 -0.186076 0)
(0.0220791 -0.188539 0)
(0.0234206 -0.191173 0)
(0.0248176 -0.193985 0)
(0.0262205 -0.196985 0)
(0.00748646 -0.109737 0)
(0.00928232 -0.18137 0)
(0.00516723 -0.168532 0)
(0.00635793 -0.16694 0)
(0.0063173 -0.167694 0)
(0.00660737 -0.1685 0)
(0.0069684 -0.169382 0)
(0.00736832 -0.170361 0)
(0.00781714 -0.171443 0)
(0.00831143 -0.172635 0)
(0.00884818 -0.173941 0)
(0.00942673 -0.175364 0)
(0.0100464 -0.176909 0)
(0.0107055 -0.178578 0)
(0.0114009 -0.180373 0)
(0.0121288 -0.1823 0)
(0.0128855 -0.184365 0)
(0.0136685 -0.186577 0)
(0.014477 -0.188945 0)
(0.0153109 -0.191475 0)
(0.0161684 -0.19417 0)
(0.0170501 -0.197035 0)
(0.0178999 -0.200088 0)
(0.00645928 -0.124706 0)
(0.00751076 -0.17343 0)
(0.00364249 -0.164328 0)
(0.00462556 -0.164238 0)
(0.00439226 -0.16511 0)
(0.00443793 -0.166015 0)
(0.00454549 -0.166995 0)
(0.0046934 -0.168056 0)
(0.00488141 -0.169204 0)
(0.00510602 -0.17045 0)
(0.00536397 -0.171799 0)
(0.00565306 -0.173257 0)
(0.00597114 -0.174827 0)
(0.00631526 -0.176511 0)
(0.00668163 -0.178312 0)
(0.00706617 -0.180234 0)
(0.00746548 -0.182285 0)
(0.00787751 -0.184476 0)
(0.00830168 -0.186812 0)
(0.00873786 -0.189297 0)
(0.00918306 -0.191934 0)
(0.00963167 -0.194725 0)
(0.0100506 -0.197682 0)
(0.00448046 -0.134814 0)
(0.00509853 -0.163736 0)
(0.00227307 -0.15895 0)
(0.00284813 -0.15975 0)
(0.00255286 -0.160754 0)
(0.00246492 -0.161783 0)
(0.00243063 -0.162861 0)
(0.00243707 -0.163995 0)
(0.00247701 -0.165199 0)
(0.00254479 -0.166485 0)
(0.0026358 -0.167862 0)
(0.00274647 -0.169338 0)
(0.00287394 -0.170917 0)
(0.00301582 -0.172602 0)
(0.00317008 -0.174396 0)
(0.00333504 -0.176304 0)
(0.00350934 -0.178335 0)
(0.00369197 -0.180497 0)
(0.0038825 -0.182799 0)
(0.00408101 -0.185243 0)
(0.00428747 -0.187833 0)
(0.00450176 -0.190573 0)
(0.00472168 -0.193469 0)
(0.00220529 -0.149969 0)
(0.00244342 -0.166224 0)
(0.000927345 -0.164699 0)
(0.00108078 -0.165987 0)
(0.00092858 -0.167167 0)
(0.000874367 -0.168344 0)
(0.000850481 -0.169543 0)
(0.000849521 -0.170783 0)
(0.000865202 -0.172085 0)
(0.000893571 -0.173463 0)
(0.000931657 -0.174931 0)
(0.000977129 -0.176498 0)
(0.00102828 -0.17817 0)
(0.00108415 -0.179954 0)
(0.00114451 -0.181852 0)
(0.00120959 -0.183873 0)
(0.00127961 -0.186023 0)
(0.0013544 -0.188312 0)
(0.00143356 -0.190747 0)
(0.00151689 -0.193335 0)
(0.00160494 -0.196081 0)
(0.00169859 -0.198991 0)
(0.0017959 -0.202073 0)
(0.30074 0.0463927 0)
(0.340175 0.00648614 0)
(0.415265 -0.000292859 0)
(0.520202 -0.0123254 0)
(0.310694 -0.0954661 0)
(0.411188 -0.11735 0)
(0.49917 -0.107318 0)
(0.583333 -0.116702 0)
(0.315263 -0.108264 0)
(0.422693 -0.115778 0)
(0.472948 -0.104021 0)
(0.483408 -0.1156 0)
(0.285399 -0.212424 0)
(0.265763 -0.176217 0)
(0.131796 -0.108318 0)
(-0.00896167 -0.090899 0)
(0.132197 -0.163329 0)
(0.115233 -0.0594086 0)
(0.00122308 0.0170527 0)
(0.0610064 -0.0929685 0)
(0.119444 -0.192783 0)
(0.129619 -0.0854063 0)
(0.121631 -0.039365 0)
(0.154598 -0.133036 0)
(0.0626566 -0.21202 0)
(0.0833324 -0.0808131 0)
(0.113209 -0.0180343 0)
(0.0647123 -0.0727746 0)
(-0.0244486 -0.206056 0)
(-0.019631 -0.0909316 0)
(0.00175579 -0.0203658 0)
(-0.0592202 -0.0302807 0)
(-0.103686 -0.1823 0)
(-0.118287 -0.0855597 0)
(-0.105894 -0.00860204 0)
(-0.113922 -0.0087031 0)
(-0.131617 -0.157101 0)
(-0.15425 -0.0813976 0)
(-0.136042 -0.0206916 0)
(-0.100371 -0.0263721 0)
(-0.108745 -0.138706 0)
(-0.128259 -0.0836416 0)
(-0.104853 -0.0433639 0)
(-0.0713998 -0.0428685 0)
(-0.0669132 -0.123709 0)
(-0.0821124 -0.0867082 0)
(-0.0657378 -0.0581493 0)
(-0.0507713 -0.0487356 0)
(-0.0302347 -0.108893 0)
(-0.0446517 -0.0855421 0)
(-0.039766 -0.0630738 0)
(-0.0374822 -0.0473953 0)
(-0.00662858 -0.0964374 0)
(-0.0197657 -0.0809378 0)
(-0.0226468 -0.0622035 0)
(-0.0263494 -0.043454 0)
(0.00554584 -0.0882388 0)
(-0.00403378 -0.0759176 0)
(-0.00943765 -0.0590725 0)
(-0.0147624 -0.03923 0)
(0.0123558 -0.0833631 0)
(0.0063964 -0.0721743 0)
(0.00191951 -0.0560211 0)
(-0.00215059 -0.0359254 0)
(0.0180147 -0.0807275 0)
(0.0150377 -0.0698872 0)
(0.0127619 -0.0541709 0)
(0.0110839 -0.0340788 0)
(0.0239129 -0.0797421 0)
(0.0235155 -0.0690678 0)
(0.0236676 -0.0537751 0)
(0.0245929 -0.0338945 0)
(0.0300007 -0.080188 0)
(0.0319938 -0.0696545 0)
(0.0345497 -0.0548126 0)
(0.0380453 -0.035307 0)
(0.0359888 -0.0819479 0)
(0.040236 -0.0716146 0)
(0.0451683 -0.0572681 0)
(0.051246 -0.0382894 0)
(0.0417541 -0.0849068 0)
(0.0481085 -0.0749185 0)
(0.0553852 -0.0611639 0)
(0.0640953 -0.042879 0)
(0.0472656 -0.0889566 0)
(0.0555714 -0.0795159 0)
(0.0651235 -0.0665099 0)
(0.0764941 -0.0491235 0)
(0.0524539 -0.0940011 0)
(0.0625534 -0.0853349 0)
(0.0742773 -0.0732848 0)
(0.0883 -0.0570526 0)
(0.0571951 -0.0999542 0)
(0.0689282 -0.0922938 0)
(0.0826957 -0.0814483 0)
(0.0993299 -0.0666834 0)
(0.0613522 -0.106732 0)
(0.0745464 -0.100303 0)
(0.0901993 -0.0909438 0)
(0.10936 -0.0780146 0)
(0.0648132 -0.114238 0)
(0.0792637 -0.109256 0)
(0.0965944 -0.101685 0)
(0.118123 -0.0910093 0)
(0.067506 -0.122355 0)
(0.0829598 -0.119014 0)
(0.10169 -0.113542 0)
(0.125317 -0.105576 0)
(0.0693735 -0.130935 0)
(0.0855335 -0.129404 0)
(0.105307 -0.126326 0)
(0.130636 -0.121542 0)
(0.0703267 -0.139807 0)
(0.086872 -0.140217 0)
(0.107268 -0.139787 0)
(0.133777 -0.138627 0)
(0.0702337 -0.148802 0)
(0.0868347 -0.151229 0)
(0.107391 -0.153635 0)
(0.134432 -0.15644 0)
(0.0689662 -0.157755 0)
(0.0852808 -0.162213 0)
(0.105501 -0.167533 0)
(0.132281 -0.17448 0)
(0.0664669 -0.16646 0)
(0.0821257 -0.17288 0)
(0.101472 -0.181044 0)
(0.127044 -0.192094 0)
(0.0627749 -0.174702 0)
(0.0773853 -0.18294 0)
(0.0952832 -0.193719 0)
(0.118605 -0.208573 0)
(0.0579781 -0.182397 0)
(0.0711711 -0.192249 0)
(0.0870704 -0.205262 0)
(0.107164 -0.22324 0)
(0.0521776 -0.189345 0)
(0.0636666 -0.200493 0)
(0.0771474 -0.215144 0)
(0.0933055 -0.23506 0)
(0.045524 -0.194964 0)
(0.0551032 -0.20698 0)
(0.0659483 -0.222522 0)
(0.077916 -0.242894 0)
(0.0380703 -0.199428 0)
(0.0455707 -0.212 0)
(0.0537627 -0.227845 0)
(0.0619046 -0.247523 0)
(0.0295439 -0.203974 0)
(0.0348903 -0.21693 0)
(0.0406135 -0.232749 0)
(0.04599 -0.251323 0)
(0.020046 -0.207081 0)
(0.0234073 -0.220075 0)
(0.0270991 -0.235589 0)
(0.0310179 -0.253275 0)
(0.0112318 -0.204357 0)
(0.013082 -0.217005 0)
(0.0154006 -0.232063 0)
(0.0187159 -0.249443 0)
(0.00532191 -0.200055 0)
(0.00631013 -0.212616 0)
(0.00782388 -0.227729 0)
(0.0105116 -0.245826 0)
(0.00206 -0.209176 0)
(0.002532 -0.222649 0)
(0.00324084 -0.238998 0)
(0.00444266 -0.259014 0)
(0.635692 -0.0820173 0)
(0.72974 -0.150772 0)
(0.814976 -0.234054 0)
(0.869635 -0.30456 0)
(0.875873 -0.375733 0)
(0.766314 -0.369257 0)
(0.617237 -0.281615 0)
(0.397445 -0.130024 0)
(0.163672 -0.0104516 0)
(-0.0138102 0.0203834 0)
(-0.1206 0.057071 0)
(-0.104566 0.292052 0)
(0.291583 0.37357 0)
(0.787266 0.658142 0)
(0.924908 0.751097 0)
(0.861861 0.667581 0)
(0.737423 0.391378 0)
(0.534946 -0.137813 0)
(0.214805 -0.555297 0)
(0.643209 -0.157637 0)
(0.685851 -0.207253 0)
(0.702543 -0.291418 0)
(0.651112 -0.294261 0)
(0.49447 -0.328256 0)
(0.355004 -0.247738 0)
(0.308286 -0.120337 0)
(0.191576 -0.0387942 0)
(0.0193245 0.0762442 0)
(-0.204756 0.178037 0)
(-0.584628 0.178924 0)
(-0.965761 0.0914414 0)
(-0.985767 0.106081 0)
(0.0445312 0.337985 0)
(0.703418 0.634825 0)
(0.946232 0.676748 0)
(0.928196 0.50406 0)
(0.694653 0.0914284 0)
(0.286488 -0.296475 0)
(0.400471 -0.150558 0)
(0.318491 -0.182853 0)
(0.260125 -0.304609 0)
(0.278734 -0.122218 0)
(0.335995 -0.286303 0)
(0.297726 -0.23907 0)
(0.18302 -0.1209 0)
(0.0262774 0.036797 0)
(-0.179177 0.231483 0)
(-0.450595 0.425407 0)
(-1.10632 0.606673 0)
(-2.07062 0.577077 0)
(-2.58719 0.0431975 0)
(-1.91007 -0.451491 0)
(-0.267912 -0.000350227 0)
(0.612034 0.486236 0)
(0.861646 0.553283 0)
(0.691966 0.326397 0)
(0.26454 0.00445169 0)
(0.0425805 -0.0936383 0)
(0.183438 -0.136481 0)
(0.229353 -0.278443 0)
(0.206518 -0.289685 0)
(0.133025 -0.268937 0)
(-0.00633641 -0.155627 0)
(-0.169894 0.0233716 0)
(-0.293346 0.203239 0)
(-0.386817 0.401684 0)
(-0.60477 0.743396 0)
(-1.35925 1.13534 0)
(-2.16418 0.756506 0)
(-1.75538 -0.44965 0)
(-1.25902 -1.22416 0)
(-0.797154 -1.13777 0)
(-0.151406 -0.138524 0)
(0.485584 0.440801 0)
(0.517859 0.495913 0)
(0.171493 0.259864 0)
(0.129049 -0.203137 0)
(0.142141 -0.256226 0)
(0.0733726 -0.250747 0)
(-0.0566225 -0.200162 0)
(-0.203597 -0.128688 0)
(-0.340838 -0.0109544 0)
(-0.406796 0.0865818 0)
(-0.412738 0.215998 0)
(-0.438172 0.505968 0)
(-0.576342 1.04134 0)
(-1.07658 1.47858 0)
(-1.41781 0.83715 0)
(-0.811653 -0.739767 0)
(-0.565306 -1.15791 0)
(-0.556942 -1.07837 0)
(-0.435746 -0.515006 0)
(-0.0724608 0.176191 0)
(0.26083 0.535825 0)
(0.0528683 0.416492 0)
(0.0860675 -0.186987 0)
(-0.0231572 -0.159411 0)
(-0.152484 -0.12126 0)
(-0.26702 -0.104738 0)
(-0.35337 -0.0533825 0)
(-0.398804 0.00687913 0)
(-0.401242 0.065378 0)
(-0.395713 0.206711 0)
(-0.395645 0.577057 0)
(-0.426112 1.2169 0)
(-0.681247 1.63752 0)
(-0.982288 1.00282 0)
(-0.670991 -0.557349 0)
(-0.41194 -1.16549 0)
(-0.431185 -1.03705 0)
(-0.457549 -0.577585 0)
(-0.287447 0.0586731 0)
(0.0633807 0.470774 0)
(-0.0468412 0.470581 0)
(-0.0540557 -0.101439 0)
(-0.16291 -0.07719 0)
(-0.211424 -0.0727526 0)
(-0.257942 -0.0713995 0)
(-0.304507 -0.0331924 0)
(-0.334465 0.0211673 0)
(-0.347666 0.0741116 0)
(-0.348434 0.205686 0)
(-0.316681 0.594082 0)
(-0.238142 1.26486 0)
(-0.286715 1.67386 0)
(-0.488431 1.0221 0)
(-0.336932 -1.007 0)
(-0.303634 -1.27441 0)
(-0.378247 -1.01434 0)
(-0.420085 -0.604001 0)
(-0.332988 -0.0197271 0)
(-0.0620464 0.368858 0)
(-0.0978471 0.435282 0)
(-0.123482 -0.0481279 0)
(-0.148219 -0.0547293 0)
(-0.163413 -0.0553842 0)
(-0.199381 -0.04631 0)
(-0.240927 -0.00780019 0)
(-0.27094 0.0425729 0)
(-0.289535 0.0848958 0)
(-0.289591 0.191671 0)
(-0.2343 0.546398 0)
(-0.0802708 1.20003 0)
(0.0601485 1.6384 0)
(0.013218 0.9832 0)
(-0.0536607 -0.702519 0)
(-0.255924 -1.29539 0)
(-0.367998 -0.98463 0)
(-0.390169 -0.660271 0)
(-0.333694 -0.11163 0)
(-0.128197 0.273031 0)
(-0.116937 0.349835 0)
(-0.100908 -0.0400359 0)
(-0.107075 -0.0462395 0)
(-0.12911 -0.0365032 0)
(-0.165678 -0.0180705 0)
(-0.201233 0.0184884 0)
(-0.225768 0.0605546 0)
(-0.240714 0.0948485 0)
(-0.238006 0.172242 0)
(-0.174168 0.463647 0)
(0.00638905 1.05368 0)
(0.272772 1.53142 0)
(0.321115 1.0195 0)
(0.143761 -0.452478 0)
(-0.222432 -1.25577 0)
(-0.373519 -0.916719 0)
(-0.376292 -0.668806 0)
(-0.315315 -0.181708 0)
(-0.164234 0.190427 0)
(-0.120639 0.249289 0)
(-0.0798826 -0.0439936 0)
(-0.0918704 -0.0350091 0)
(-0.115286 -0.0163276 0)
(-0.143702 0.00508596 0)
(-0.170555 0.0364049 0)
(-0.189941 0.0743566 0)
(-0.20338 0.103109 0)
(-0.205212 0.155208 0)
(-0.151131 0.380785 0)
(0.0160495 0.880034 0)
(0.329948 1.3615 0)
(0.426862 1.04588 0)
(0.387507 -0.191516 0)
(-0.15651 -1.04812 0)
(-0.360487 -0.891031 0)
(-0.37803 -0.670034 0)
(-0.29998 -0.258545 0)
(-0.185348 0.115164 0)
(-0.116967 0.147399 0)
(-0.0673246 -0.041876 0)
(-0.0829579 -0.0225861 0)
(-0.101383 -0.000263767 0)
(-0.1222 0.0218645 0)
(-0.143576 0.0514865 0)
(-0.160262 0.0863862 0)
(-0.174184 0.112982 0)
(-0.186661 0.146038 0)
(-0.157342 0.312003 0)
(-0.0234729 0.720276 0)
(0.271427 1.17517 0)
(0.399049 1.0135 0)
(0.422197 0.00906183 0)
(-0.0329936 -0.739993 0)
(-0.369536 -0.829761 0)
(-0.381334 -0.662404 0)
(-0.307632 -0.330088 0)
(-0.197116 0.0387022 0)
(-0.109234 0.0463047 0)
(-0.0568321 -0.035289 0)
(-0.0716444 -0.0118909 0)
(-0.0855874 0.0118794 0)
(-0.101467 0.0354996 0)
(-0.119098 0.0643896 0)
(-0.134417 0.0977018 0)
(-0.149014 0.125474 0)
(-0.171181 0.14862 0)
(-0.171963 0.263123 0)
(-0.0750456 0.58954 0)
(0.170412 1.00738 0)
(0.316965 0.94053 0)
(0.327883 0.163125 0)
(-0.0104759 -0.494385 0)
(-0.378194 -0.721243 0)
(-0.378837 -0.650052 0)
(-0.317571 -0.387151 0)
(-0.207566 -0.0510546 0)
(-0.096279 -0.0527581 0)
(-0.046471 -0.0277973 0)
(-0.0583225 -0.00302769 0)
(-0.0689045 0.0214017 0)
(-0.0810437 0.0462526 0)
(-0.0952291 0.0752784 0)
(-0.109319 0.108194 0)
(-0.123911 0.139327 0)
(-0.149305 0.16275 0)
(-0.175494 0.237161 0)
(-0.114205 0.487294 0)
(0.0895496 0.864803 0)
(0.250057 0.867463 0)
(0.237058 0.298737 0)
(0.014849 -0.270028 0)
(-0.359632 -0.623425 0)
(-0.381889 -0.640905 0)
(-0.317588 -0.437046 0)
(-0.212614 -0.158303 0)
(-0.0779508 -0.147337 0)
(-0.0346751 -0.0213588 0)
(-0.0432383 0.00336648 0)
(-0.0508612 0.0283315 0)
(-0.0598895 0.0545052 0)
(-0.07102 0.0842955 0)
(-0.083345 0.117661 0)
(-0.0969792 0.152286 0)
(-0.118705 0.18281 0)
(-0.155024 0.232895 0)
(-0.133127 0.408012 0)
(0.0444934 0.732971 0)
(0.220294 0.805755 0)
(0.209832 0.413954 0)
(0.0604175 -0.0910158 0)
(-0.335293 -0.501847 0)
(-0.401095 -0.623042 0)
(-0.316355 -0.482475 0)
(-0.204946 -0.279071 0)
(-0.0672617 -0.234135 0)
(-0.0211055 -0.0165055 0)
(-0.0265653 0.00781959 0)
(-0.0316254 0.0333705 0)
(-0.0381073 0.0607932 0)
(-0.0464501 0.091419 0)
(-0.0562574 0.125849 0)
(-0.0677093 0.162769 0)
(-0.0836329 0.200729 0)
(-0.112145 0.243782 0)
(-0.124304 0.35365 0)
(0.015288 0.603032 0)
(0.205446 0.733098 0)
(0.237499 0.487937 0)
(0.109721 0.0685836 0)
(-0.219374 -0.316751 0)
(-0.467396 -0.61591 0)
(-0.337105 -0.537282 0)
(-0.2039 -0.383253 0)
(-0.0688436 -0.319408 0)
(-0.00599333 -0.0133479 0)
(-0.00898559 0.0105889 0)
(-0.0117579 0.0365987 0)
(-0.0158524 0.0649414 0)
(-0.0213895 0.0966605 0)
(-0.0282319 0.132236 0)
(-0.0366516 0.170484 0)
(-0.0477559 0.212169 0)
(-0.0617148 0.257993 0)
(-0.0845493 0.327239 0)
(-0.00432562 0.490294 0)
(0.179975 0.63702 0)
(0.260885 0.509535 0)
(0.206243 0.20854 0)
(-0.0652579 -0.110145 0)
(-0.493869 -0.553871 0)
(-0.359376 -0.625411 0)
(-0.217356 -0.486526 0)
(-0.070682 -0.416539 0)
(0.00986133 -0.0119035 0)
(0.00919124 0.0117911 0)
(0.00855638 0.0382201 0)
(0.00698181 0.0672809 0)
(0.00430116 0.100002 0)
(0.000363048 0.136314 0)
(-0.00473861 0.175469 0)
(-0.0115919 0.218093 0)
(-0.0159871 0.266451 0)
(-0.0288561 0.31949 0)
(0.00255657 0.413748 0)
(0.144632 0.532429 0)
(0.259925 0.484633 0)
(0.266452 0.293246 0)
(0.188854 0.0915314 0)
(-0.291811 -0.382664 0)
(-0.330172 -0.732019 0)
(-0.226703 -0.632284 0)
(-0.0623818 -0.526001 0)
(0.0259826 -0.0120028 0)
(0.02762 0.0115834 0)
(0.0292362 0.0383303 0)
(0.0302303 0.0680586 0)
(0.030364 0.101344 0)
(0.0293443 0.13819 0)
(0.0274278 0.178 0)
(0.0243912 0.22055 0)
(0.0240807 0.268185 0)
(0.0225138 0.31653 0)
(0.035859 0.371905 0)
(0.118998 0.444692 0)
(0.235927 0.434049 0)
(0.289578 0.309791 0)
(0.284332 0.180084 0)
(0.137834 -0.0100119 0)
(-0.201445 -0.698006 0)
(-0.212245 -0.720727 0)
(-0.0363301 -0.634963 0)
(0.0419997 -0.0137227 0)
(0.0460861 0.00972991 0)
(0.0501981 0.0366237 0)
(0.0538494 0.0668872 0)
(0.0568165 0.100743 0)
(0.0586861 0.138146 0)
(0.0595968 0.178537 0)
(0.0593692 0.220888 0)
(0.0609888 0.266511 0)
(0.06373 0.312025 0)
(0.0751247 0.350872 0)
(0.113847 0.386993 0)
(0.20029 0.380327 0)
(0.26346 0.290472 0)
(0.240613 0.173398 0)
(0.241738 0.0400992 0)
(-0.0348065 -0.544474 0)
(-0.191425 -0.715151 0)
(0.00412745 -0.724989 0)
(0.0578166 -0.0171194 0)
(0.0644355 0.00614018 0)
(0.0713046 0.0330965 0)
(0.0778902 0.0637326 0)
(0.0837794 0.0981577 0)
(0.0884865 0.136263 0)
(0.0918966 0.177387 0)
(0.0936129 0.220048 0)
(0.0958975 0.264229 0)
(0.0984915 0.307035 0)
(0.10766 0.340016 0)
(0.122741 0.356057 0)
(0.168767 0.341028 0)
(0.215884 0.272388 0)
(0.196544 0.164467 0)
(0.235518 0.137814 0)
(0.0957269 -0.439519 0)
(-0.181977 -0.684128 0)
(0.0506641 -0.790214 0)
(0.0733831 -0.0222855 0)
(0.0827444 0.000636868 0)
(0.092573 0.0275926 0)
(0.10227 0.0585318 0)
(0.111299 0.0935823 0)
(0.118952 0.132652 0)
(0.124699 0.174921 0)
(0.127935 0.218634 0)
(0.129866 0.262622 0)
(0.130642 0.30398 0)
(0.134083 0.33542 0)
(0.136606 0.34403 0)
(0.150688 0.322653 0)
(0.168285 0.268876 0)
(0.165304 0.152704 0)
(0.143342 0.179754 0)
(0.227218 -0.312682 0)
(-0.185788 -0.636005 0)
(0.103325 -0.835643 0)
(0.0886024 -0.0293153 0)
(0.100855 -0.00692511 0)
(0.113917 0.019784 0)
(0.127078 0.0509113 0)
(0.139572 0.0868083 0)
(0.150444 0.127249 0)
(0.158617 0.171289 0)
(0.163223 0.216979 0)
(0.164243 0.262273 0)
(0.162217 0.304133 0)
(0.158743 0.336385 0)
(0.151562 0.344944 0)
(0.145871 0.321551 0)
(0.12606 0.2799 0)
(0.147762 0.14438 0)
(0.00632628 0.188627 0)
(0.296617 -0.275171 0)
(-0.204513 -0.564806 0)
(0.163423 -0.863816 0)
(0.103312 -0.0382947 0)
(0.118632 -0.0166901 0)
(0.135184 0.00959851 0)
(0.152301 0.0408414 0)
(0.16883 0.0775617 0)
(0.183369 0.119762 0)
(0.194364 0.166404 0)
(0.200396 0.215247 0)
(0.200403 0.263567 0)
(0.194672 0.307973 0)
(0.184323 0.342873 0)
(0.167244 0.355095 0)
(0.150692 0.333027 0)
(0.0924868 0.302648 0)
(0.148512 0.165655 0)
(-0.12208 0.172362 0)
(0.365337 -0.288151 0)
(-0.240897 -0.482058 0)
(0.2316 -0.877183 0)
(0.11731 -0.04931 0)
(0.1359 -0.0288324 0)
(0.156365 -0.00328131 0)
(0.177893 0.0278704 0)
(0.199107 0.0654802 0)
(0.218234 0.109809 0)
(0.232853 0.159984 0)
(0.240599 0.213456 0)
(0.239646 0.266747 0)
(0.229521 0.315778 0)
(0.212053 0.355022 0)
(0.18461 0.372592 0)
(0.161359 0.354215 0)
(0.0736325 0.331447 0)
(0.16696 0.214622 0)
(-0.183169 0.135388 0)
(0.407723 -0.314212 0)
(-0.28936 -0.400903 0)
(0.305306 -0.877403 0)
(0.130326 -0.0624425 0)
(0.152372 -0.0435591 0)
(0.177079 -0.0192434 0)
(0.203741 0.011388 0)
(0.230721 0.0496923 0)
(0.255636 0.0966269 0)
(0.274999 0.151505 0)
(0.28502 0.211466 0)
(0.283169 0.272019 0)
(0.268261 0.327939 0)
(0.242861 0.373164 0)
(0.204621 0.396603 0)
(0.174449 0.382551 0)
(0.0706187 0.360321 0)
(0.191071 0.267531 0)
(-0.163299 0.109402 0)
(0.432674 -0.333488 0)
(-0.331612 -0.342274 0)
(0.377061 -0.868733 0)
(0.142016 -0.0777457 0)
(0.167651 -0.0610563 0)
(0.19699 -0.0386612 0)
(0.229524 -0.00912434 0)
(0.263698 0.0292534 0)
(0.296179 0.0791718 0)
(0.321762 0.140291 0)
(0.334833 0.209068 0)
(0.332153 0.279522 0)
(0.312259 0.344976 0)
(0.277698 0.398187 0)
(0.227325 0.42783 0)
(0.186925 0.416884 0)
(0.072122 0.388066 0)
(0.200582 0.299714 0)
(-0.126942 0.0804525 0)
(0.469092 -0.326522 0)
(-0.362803 -0.298807 0)
(0.429292 -0.854861 0)
(0.151963 -0.0952103 0)
(0.181194 -0.081462 0)
(0.215522 -0.0619488 0)
(0.254843 -0.0346815 0)
(0.297968 0.00324041 0)
(0.340071 0.0562245 0)
(0.373743 0.125684 0)
(0.391439 0.206401 0)
(0.388719 0.289618 0)
(0.364024 0.367495 0)
(0.31895 0.431305 0)
(0.253305 0.468059 0)
(0.197463 0.458811 0)
(0.0674168 0.419722 0)
(0.179804 0.322525 0)
(-0.121899 0.0542553 0)
(0.416995 -0.279562 0)
(-0.389342 -0.264476 0)
(0.422412 -0.825065 0)
(0.159694 -0.114722 0)
(0.192306 -0.104844 0)
(0.231953 -0.0895595 0)
(0.278999 -0.066099 0)
(0.332551 -0.0299524 0)
(0.387509 0.025458 0)
(0.433198 0.105682 0)
(0.458815 0.202057 0)
(0.458283 0.301819 0)
(0.429455 0.396009 0)
(0.372158 0.474685 0)
(0.286024 0.520898 0)
(0.207628 0.512921 0)
(0.0551996 0.463261 0)
(0.122032 0.363587 0)
(-0.166986 0.0316842 0)
(0.166387 -0.287086 0)
(-0.404412 -0.264071 0)
(0.299379 -0.797805 0)
(0.164674 -0.136035 0)
(0.200221 -0.131142 0)
(0.245292 -0.121916 0)
(0.300552 -0.103827 0)
(0.365555 -0.0724379 0)
(0.440402 -0.0156498 0)
(0.506387 0.0771955 0)
(0.54423 0.193375 0)
(0.548222 0.31412 0)
(0.516242 0.430268 0)
(0.444271 0.531127 0)
(0.330196 0.591919 0)
(0.220151 0.586261 0)
(0.0435242 0.526476 0)
(0.029585 0.432228 0)
(-0.128323 0.0561265 0)
(-0.285313 -0.196365 0)
(-0.367584 -0.316899 0)
(0.0136811 -0.917652 0)
(0.16633 -0.158772 0)
(0.204089 -0.160033 0)
(0.254163 -0.159197 0)
(0.317459 -0.148336 0)
(0.397248 -0.128333 0)
(0.502052 -0.0756892 0)
(0.598765 0.0338723 0)
(0.653001 0.17999 0)
(0.662302 0.327036 0)
(0.628235 0.471108 0)
(0.538961 0.603129 0)
(0.387458 0.684879 0)
(0.235433 0.68276 0)
(0.0389258 0.609628 0)
(-0.0311004 0.512129 0)
(-0.075234 0.137548 0)
(-0.314099 -0.102193 0)
(-0.333035 -0.357995 0)
(-0.0441905 -1.11395 0)
(0.164103 -0.182331 0)
(0.202835 -0.190797 0)
(0.25673 -0.200791 0)
(0.325893 -0.200358 0)
(0.427714 -0.201598 0)
(0.57319 -0.162936 0)
(0.714908 -0.0280453 0)
(0.791486 0.160052 0)
(0.805727 0.339081 0)
(0.772191 0.523668 0)
(0.667891 0.706109 0)
(0.472329 0.815109 0)
(0.259784 0.809684 0)
(0.0294596 0.712351 0)
(-0.0844668 0.58103 0)
(-0.106167 0.207461 0)
(-0.233182 -0.11408 0)
(-0.304166 -0.405445 0)
(0.145048 -1.22408 0)
(0.157484 -0.205732 0)
(0.195212 -0.222344 0)
(0.250503 -0.245168 0)
(0.321743 -0.2607 0)
(0.456288 -0.297564 0)
(0.658803 -0.288555 0)
(0.869703 -0.116236 0)
(0.971699 0.134121 0)
(0.986782 0.343022 0)
(0.951903 0.557679 0)
(0.826512 0.805889 0)
(0.577582 0.975944 0)
(0.290001 0.977181 0)
(0.00711746 0.842531 0)
(-0.136034 0.647605 0)
(-0.15305 0.219191 0)
(-0.252002 -0.0171547 0)
(-0.227526 -0.530679 0)
(0.26511 -1.24312 0)
(0.146005 -0.22768 0)
(0.179951 -0.253129 0)
(0.231697 -0.289814 0)
(0.300641 -0.330645 0)
(0.469939 -0.43894 0)
(0.739542 -0.479565 0)
(1.02738 -0.247682 0)
(1.1833 0.070654 0)
(1.16958 0.325727 0)
(1.10686 0.622476 0)
(0.966774 0.947134 0)
(0.660707 1.18173 0)
(0.293942 1.18813 0)
(-0.0409503 0.996831 0)
(-0.196147 0.727941 0)
(-0.17074 0.275342 0)
(-0.180702 -0.0960061 0)
(-0.107341 -0.689176 0)
(0.263499 -1.13106 0)
(0.129483 -0.246696 0)
(0.156159 -0.280148 0)
(0.195871 -0.328355 0)
(0.245799 -0.406479 0)
(0.431099 -0.622277 0)
(0.689604 -0.715121 0)
(0.949838 -0.388691 0)
(1.21007 0.161372 0)
(1.27945 0.475485 0)
(1.19352 0.812068 0)
(1.03499 1.16809 0)
(0.690564 1.45609 0)
(0.241317 1.44295 0)
(-0.149589 1.17637 0)
(-0.293774 0.784294 0)
(-0.113822 0.0965095 0)
(-0.21122 -0.105578 0)
(0.0262696 -0.834455 0)
(0.161231 -1.08943 0)
(0.108739 -0.260819 0)
(0.12535 -0.298155 0)
(0.142557 -0.34995 0)
(0.135645 -0.461885 0)
(0.301159 -0.752376 0)
(0.349994 -0.914418 0)
(0.508595 -0.621325 0)
(0.784071 -0.199621 0)
(1.15345 0.232832 0)
(1.27949 0.747608 0)
(1.06591 1.37237 0)
(0.675525 1.80199 0)
(0.119985 1.74295 0)
(-0.303941 1.34477 0)
(-0.226652 0.749416 0)
(-0.246232 0.176049 0)
(-0.260405 -0.127039 0)
(0.167393 -1.01502 0)
(-0.222718 -1.10941 0)
(0.0860953 -0.268271 0)
(0.0928432 -0.302608 0)
(0.0827432 -0.347511 0)
(0.00140034 -0.462074 0)
(0.101566 -0.809753 0)
(0.00934889 -0.967755 0)
(0.188628 -0.741491 0)
(0.413045 -0.409482 0)
(0.748771 0.0567157 0)
(1.00829 0.718644 0)
(0.958208 1.33068 0)
(0.539868 2.16512 0)
(-0.132452 2.08353 0)
(-0.519554 1.48895 0)
(-0.256457 0.634158 0)
(-0.296114 0.161101 0)
(-0.231534 -0.300597 0)
(0.205358 -0.901263 0)
(-0.220577 -1.11468 0)
(0.0646807 -0.270067 0)
(0.0651103 -0.294947 0)
(0.030397 -0.320507 0)
(-0.0634182 -0.395449 0)
(-0.111554 -0.848357 0)
(-0.243933 -0.929289 0)
(-0.186735 -0.732102 0)
(0.0118514 -0.484109 0)
(0.520222 -0.0704195 0)
(0.648374 0.796548 0)
(0.68423 1.52449 0)
(0.120701 2.61224 0)
(-0.563772 2.41437 0)
(-0.681716 1.45217 0)
(-0.304577 0.489444 0)
(-0.333275 0.15072 0)
(-0.135072 -0.44954 0)
(0.198817 -0.838435 0)
(0.0908717 -1.08627 0)
(0.0472099 -0.270237 0)
(0.0497525 -0.284674 0)
(0.00771109 -0.289165 0)
(0.00982203 -0.304473 0)
(-0.25337 -0.775868 0)
(-0.398088 -0.895604 0)
(-0.373872 -0.881857 0)
(-0.0862645 -0.971785 0)
(0.660833 -0.492119 0)
(0.227828 0.864155 0)
(0.445185 1.7222 0)
(-0.508545 3.09033 0)
(-1.1065 2.64871 0)
(-0.738559 1.2604 0)
(-0.31305 0.346538 0)
(-0.300076 0.0788079 0)
(0.119935 -0.660976 0)
(0.0176211 -0.932171 0)
(0.108021 -1.02802 0)
(0.0338506 -0.270124 0)
(0.0432364 -0.280193 0)
(0.0246649 -0.280165 0)
(0.131684 -0.226635 0)
(-0.138161 -0.610973 0)
(-0.35306 -0.83748 0)
(-0.370229 -0.950643 0)
(0.0828935 -1.17762 0)
(0.263112 -0.581106 0)
(-0.0386794 1.08614 0)
(0.107566 1.98165 0)
(-1.36907 3.75165 0)
(-1.47189 2.71943 0)
(-0.566946 0.790295 0)
(-0.37797 0.325837 0)
(-0.245201 -0.115105 0)
(0.274301 -0.76584 0)
(-0.104695 -0.988131 0)
(0.0457141 -1.00346 0)
(0.0236152 -0.266885 0)
(0.0376773 -0.280438 0)
(0.0503221 -0.293169 0)
(0.159809 -0.252548 0)
(0.230185 -0.40984 0)
(0.0887774 -0.788204 0)
(-0.140515 -1.05909 0)
(0.291231 -1.1534 0)
(0.0427127 -0.566782 0)
(-0.306561 1.37591 0)
(-0.531524 2.53569 0)
(-1.7551 4.0011 0)
(-1.05539 2.07943 0)
(-0.568356 0.516719 0)
(-0.374598 0.0599301 0)
(-0.0228024 -0.255421 0)
(0.31993 -0.547103 0)
(0.311187 -0.786604 0)
(0.0581308 -0.92786 0)
(0.0153857 -0.265935 0)
(0.027782 -0.28689 0)
(0.0449281 -0.317293 0)
(0.117251 -0.336223 0)
(0.18371 -0.475685 0)
(0.297525 -0.705574 0)
(0.0841298 -1.21963 0)
(0.478469 -1.13761 0)
(-0.0973461 -0.128078 0)
(-0.69287 1.81116 0)
(-0.989664 2.99946 0)
(-1.69593 3.93438 0)
(-0.860269 1.30701 0)
(-0.665932 0.271389 0)
(-0.478887 -0.0526768 0)
(0.420652 -0.500126 0)
(-0.0816876 -0.870159 0)
(0.0293478 -0.858877 0)
(0.000429955 -0.884881 0)
(0.00649137 -0.282325 0)
(0.0110382 -0.309137 0)
(0.017603 -0.349877 0)
(0.0434325 -0.395552 0)
(0.0678838 -0.541495 0)
(0.164511 -0.696073 0)
(0.0220781 -1.13847 0)
(0.233539 -1.29632 0)
(0.354512 0.118345 0)
(-0.690845 2.16718 0)
(-0.835176 3.14383 0)
(0.507083 3.41499 0)
(-1.01298 2.92515 0)
(-2.39765 0.515562 0)
(-2.22386 -1.39801 0)
(-0.223343 -0.892751 0)
(-0.235457 -0.749844 0)
(-0.015827 -0.885646 0)
(-0.010518 -0.889849 0)
)
;

boundaryField
{
    leftWall
    {
        type            noSlip;
    }
    rightWall
    {
        type            noSlip;
    }
    lowerWall
    {
        type            noSlip;
    }
    atmosphere
    {
        type            pressureInletOutletVelocity;
        value           nonuniform List<vector> 
46
(
(0 -0.149969 0)
(0 -0.166224 0)
(0 -0.164699 0)
(0 -0.165987 0)
(0 -0.167167 0)
(0 -0.168344 0)
(0 -0.169543 0)
(0 -0.170783 0)
(0 -0.172085 0)
(0 -0.173463 0)
(0 -0.174931 0)
(0 -0.176498 0)
(0 -0.17817 0)
(0 -0.179954 0)
(0 -0.181852 0)
(0 -0.183873 0)
(0 -0.186023 0)
(0 -0.188312 0)
(0 -0.190747 0)
(0 -0.193335 0)
(0 -0.196081 0)
(0 -0.198991 0)
(0 -0.202073 0)
(0 -0.209176 0)
(0 -0.222649 0)
(0 -0.238998 0)
(0 -0.259014 0)
(0 -0.282325 0)
(0 -0.309137 0)
(0 -0.349877 0)
(0 -0.395552 0)
(0 -0.541495 0)
(0 -0.696073 0)
(0 -1.13847 0)
(0 -1.29632 0)
(0.354512 0.118345 0)
(-0.690845 2.16718 0)
(-0.835176 3.14383 0)
(0.507083 3.41499 0)
(-1.01298 2.92515 0)
(-2.39765 0.515562 0)
(0 -1.39801 0)
(0 -0.892751 0)
(0 -0.749844 0)
(0 -0.885646 0)
(0 -0.889849 0)
)
;
    }
    defaultFaces
    {
        type            empty;
    }
}


// ************************************************************************* //
