/*--------------------------------*- C++ -*----------------------------------*\
| =========                 |                                                 |
| \\      /  F ield         | OpenFOAM: The Open Source CFD Toolbox           |
|  \\    /   O peration     | Version:  2206                                  |
|   \\  /    A nd           | Website:  www.openfoam.com                      |
|    \\/     M anipulation  |                                                 |
\*---------------------------------------------------------------------------*/
FoamFile
{
    version     2.0;
    format      ascii;
    arch        "LSB;label=32;scalar=64";
    class       surfaceScalarField;
    location    "0.325";
    object      phi;
}
// * * * * * * * * * * * * * * * * * * * * * * * * * * * * * * * * * * * * * //

dimensions      [0 3 -1 0 0 0 0];

oriented        oriented;

internalField   nonuniform List<scalar> 
4432
(
4.04697e-07
-4.04697e-07
1.79265e-06
-1.38796e-06
3.4524e-06
-1.65975e-06
5.01519e-06
-1.56279e-06
6.38145e-06
-1.36626e-06
7.57128e-06
-1.18983e-06
8.62911e-06
-1.05783e-06
9.58408e-06
-9.5496e-07
1.04428e-05
-8.58758e-07
1.11946e-05
-7.51813e-07
1.18173e-05
-6.22668e-07
1.22754e-05
-4.58111e-07
1.25217e-05
-2.46223e-07
1.2493e-05
2.86295e-08
1.20437e-05
4.49329e-07
1.10975e-05
9.46229e-07
9.59923e-06
1.49826e-06
7.56639e-06
2.03285e-06
5.17334e-06
2.39305e-06
2.76143e-06
2.41191e-06
8.30392e-07
1.93104e-06
-9.64144e-08
9.26812e-07
-9.64091e-08
3.91398e-07
-7.96097e-07
1.78659e-06
-2.78315e-06
3.47551e-06
-3.34867e-06
5.07757e-06
-3.16485e-06
6.48029e-06
-2.76898e-06
7.6992e-06
-2.40874e-06
8.78077e-06
-2.1394e-06
9.75824e-06
-1.93243e-06
1.06419e-05
-1.74246e-06
1.14244e-05
-1.53424e-06
1.20876e-05
-1.2859e-06
1.26144e-05
-9.84848e-07
1.29909e-05
-6.2272e-07
1.32023e-05
-1.8282e-07
1.3296e-05
3.55638e-07
1.32247e-05
1.01757e-06
1.28725e-05
1.85043e-06
1.20624e-05
2.843e-06
1.05965e-05
3.85897e-06
8.38787e-06
4.62052e-06
5.58354e-06
4.73539e-06
2.60465e-06
3.90571e-06
2.50824e-06
3.5511e-07
-1.15121e-06
1.74694e-06
-4.17498e-06
3.46956e-06
-5.07129e-06
5.12227e-06
-4.81756e-06
6.57133e-06
-4.21803e-06
7.82391e-06
-3.66132e-06
8.92944e-06
-3.24493e-06
9.9283e-06
-2.93128e-06
1.08374e-05
-2.65151e-06
1.16536e-05
-2.35047e-06
1.23619e-05
-1.99422e-06
1.29401e-05
-1.56306e-06
1.3359e-05
-1.04156e-06
1.35906e-05
-4.14403e-07
1.36216e-05
3.24569e-07
1.34482e-05
1.19107e-06
1.30938e-05
2.20476e-06
1.2547e-05
3.38987e-06
1.16721e-05
4.73382e-06
1.01725e-05
6.12014e-06
7.70036e-06
7.20752e-06
4.15724e-06
7.44882e-06
6.66549e-06
3.04217e-07
-1.45542e-06
1.69392e-06
-5.56468e-06
3.46477e-06
-6.84213e-06
5.18906e-06
-6.54186e-06
6.70479e-06
-5.73376e-06
8.00755e-06
-4.96408e-06
9.14994e-06
-4.38732e-06
1.01816e-05
-3.96296e-06
1.11283e-05
-3.59815e-06
1.19925e-05
-3.21472e-06
1.27618e-05
-2.76349e-06
1.34147e-05
-2.216e-06
1.39262e-05
-1.55306e-06
1.42691e-05
-7.57262e-07
1.44011e-05
1.92588e-07
1.42871e-05
1.30502e-06
1.38895e-05
2.60243e-06
1.31947e-05
4.08463e-06
1.21754e-05
5.75313e-06
1.06875e-05
7.60806e-06
8.35218e-06
9.54281e-06
4.72488e-06
1.10761e-05
1.13904e-05
2.43285e-07
-1.69871e-06
1.63132e-06
-6.95272e-06
3.4607e-06
-8.67151e-06
5.27077e-06
-8.35192e-06
6.86749e-06
-7.33048e-06
8.23362e-06
-6.33021e-06
9.42497e-06
-5.57866e-06
1.05013e-05
-5.03933e-06
1.14985e-05
-4.59528e-06
1.24259e-05
-4.14219e-06
1.32749e-05
-3.61243e-06
1.40259e-05
-2.96698e-06
1.46535e-05
-2.18071e-06
1.51277e-05
-1.23143e-06
1.54126e-05
-9.2348e-08
1.54599e-05
1.25773e-06
1.52037e-05
2.85866e-06
1.45571e-05
4.73116e-06
1.3428e-05
6.88231e-06
1.17181e-05
9.31788e-06
9.20475e-06
1.20562e-05
5.37807e-06
1.49028e-05
1.67684e-05
1.73105e-07
-1.87181e-06
1.56208e-06
-8.34169e-06
3.45952e-06
-1.0569e-05
5.36331e-06
-1.02557e-05
7.0477e-06
-9.01488e-06
8.48506e-06
-7.76756e-06
9.7353e-06
-6.82891e-06
1.08682e-05
-6.17222e-06
1.19294e-05
-5.65644e-06
1.29357e-05
-5.14852e-06
1.38829e-05
-4.55958e-06
1.47539e-05
-3.83806e-06
1.5525e-05
-2.95175e-06
1.61668e-05
-1.87323e-06
1.66451e-05
-5.70686e-07
1.69096e-05
9.93208e-07
1.68934e-05
2.87486e-06
1.64846e-05
5.14001e-06
1.55101e-05
7.85682e-06
1.37449e-05
1.1083e-05
1.09001e-05
1.4901e-05
6.43439e-06
1.93686e-05
2.32028e-05
9.85917e-08
-1.9704e-06
1.49686e-06
-9.73997e-06
3.46886e-06
-1.2541e-05
5.46356e-06
-1.22504e-05
7.23127e-06
-1.07826e-05
8.74061e-06
-9.27691e-06
1.00569e-05
-8.14524e-06
1.12582e-05
-7.37347e-06
1.23978e-05
-6.79604e-06
1.3499e-05
-6.24969e-06
1.45623e-05
-5.62289e-06
1.5575e-05
-4.85081e-06
1.65175e-05
-3.89422e-06
1.73653e-05
-2.72103e-06
1.80874e-05
-1.29282e-06
1.86398e-05
4.40804e-07
1.89625e-05
2.55221e-06
1.89511e-05
5.15141e-06
1.84199e-05
8.38803e-06
1.71023e-05
1.24006e-05
1.4493e-05
1.75104e-05
1.01102e-05
2.37513e-05
3.3313e-05
4.305e-08
-2.01345e-06
1.46364e-06
-1.11606e-05
3.50557e-06
-1.45829e-05
5.5716e-06
-1.43164e-05
7.4052e-06
-1.26162e-05
8.9799e-06
-1.08516e-05
1.0367e-05
-9.5323e-06
1.16488e-05
-8.65532e-06
1.28824e-05
-8.02966e-06
1.40946e-05
-7.4619e-06
1.52903e-05
-6.8186e-06
1.64623e-05
-6.02279e-06
1.75979e-05
-5.02981e-06
1.86815e-05
-3.80461e-06
1.96932e-05
-2.30453e-06
2.06076e-05
-4.73642e-07
2.13789e-05
1.78097e-06
2.19267e-05
4.60362e-06
2.20536e-05
8.26112e-06
2.14094e-05
1.30448e-05
1.89755e-05
1.99442e-05
1.3456e-05
2.92709e-05
4.6769e-05
-0.000110289
0.000110289
-0.000148336
3.8047e-05
-0.000146074
-2.26154e-06
-0.000130382
-1.56922e-05
-0.000114039
-1.63428e-05
-8.97194e-05
-2.43201e-05
-5.85317e-05
-3.11876e-05
3.45501e-06
-6.19867e-05
6.49487e-05
-6.14937e-05
0.000102637
-3.76882e-05
0.000123121
-2.04842e-05
0.000132953
-9.83143e-06
0.000130126
2.8269e-06
0.000104957
2.51685e-05
5.2388e-05
5.25691e-05
-1.91939e-05
7.15819e-05
-5.8448e-05
3.92541e-05
-9.59291e-05
3.74812e-05
-9.59292e-05
-0.000163976
0.000274265
-0.000177308
5.13782e-05
-0.000153322
-2.62472e-05
-0.000122835
-4.61796e-05
-8.72001e-05
-5.19768e-05
-5.04245e-05
-6.10958e-05
2.00312e-05
-0.000101643
8.82317e-05
-0.000130187
0.000125473
-9.87351e-05
0.000147729
-5.99443e-05
0.00016079
-3.35448e-05
0.000167254
-1.62959e-05
0.000168645
1.43585e-06
0.000163132
3.06821e-05
0.000137123
7.85775e-05
7.49058e-05
0.000133799
-9.17806e-06
0.000123338
-4.45431e-05
7.28462e-05
-0.000140472
-2.95609e-05
0.000303826
-2.6041e-05
4.7858e-05
-3.18938e-05
-2.03935e-05
-6.84908e-06
-7.12244e-05
2.61833e-05
-8.50089e-05
7.16781e-05
-0.000106591
0.000111153
-0.000141118
0.000129291
-0.000148326
0.000145446
-0.00011489
0.000159196
-7.3694e-05
0.000168737
-4.30858e-05
0.000174039
-2.15983e-05
0.000175002
4.73132e-07
0.000172028
3.36558e-05
0.000164061
8.65444e-05
0.000136826
0.000161034
6.84816e-05
0.000191683
9.02145e-06
0.000132306
-0.000131451
2.35697e-05
0.000280257
6.00421e-05
1.13852e-05
7.35283e-05
-3.38789e-05
8.40062e-05
-8.17025e-05
0.000104355
-0.000105358
0.000124816
-0.000127052
0.00013537
-0.000151672
0.000141686
-0.000154641
0.000152435
-0.000125639
0.000163985
-8.52443e-05
0.000172699
-5.18e-05
0.000178106
-2.70049e-05
0.000180145
-1.56662e-06
0.000177275
3.65267e-05
0.000171467
9.23521e-05
0.000161615
0.000170886
0.000118846
0.000234452
5.31415e-05
0.000198011
-7.83092e-05
4.6484e-05
0.000233773
8.43126e-05
-2.64438e-05
0.000108405
-5.79712e-05
0.000117755
-9.10522e-05
0.000125148
-0.00011275
0.000135776
-0.000137679
0.000142378
-0.000158274
0.000148343
-0.000160606
0.000157498
-0.000134794
0.000166789
-9.45353e-05
0.00017374
-5.87506e-05
0.000178604
-3.18689e-05
0.000181739
-4.70222e-06
0.000181111
3.71549e-05
0.000175771
9.76926e-05
0.000170147
0.00017651
0.000145088
0.00025951
8.66165e-05
0.000256482
8.30723e-06
8.23136e-05
0.00015146
0.000104058
-4.81883e-05
0.000114959
-6.88726e-05
0.000120657
-9.67497e-05
0.000130996
-0.00012309
0.000140719
-0.000147402
0.000146736
-0.000164291
0.000151853
-0.000165723
0.000157768
-0.00014071
0.000162519
-9.92864e-05
0.00016536
-6.15916e-05
0.000168013
-3.45216e-05
0.000171549
-8.23821e-06
0.000174826
3.38776e-05
0.000174107
9.84123e-05
0.000170847
0.00017977
0.000154336
0.000276022
0.000102051
0.000308767
0.000110358
0.000115058
3.64015e-05
0.000103925
-3.70555e-05
0.000113523
-7.84708e-05
0.000125727
-0.000108953
0.000136324
-0.000133687
0.00014354
-0.000154618
0.000147487
-0.000168238
0.000149946
-0.000168182
0.000149861
-0.000140625
0.000146558
-9.59826e-05
0.000140206
-5.52399e-05
0.000134025
-2.83402e-05
0.00013417
-8.3835e-06
0.000146124
2.19239e-05
0.000158145
8.63907e-05
0.000162507
0.000175408
0.000152234
0.000286295
0.000104956
0.000356045
0.000215314
7.5473e-05
-3.90713e-05
0.000104712
-6.62944e-05
0.000121016
-9.47747e-05
0.00013151
-0.000119447
0.000138092
-0.000140269
0.000142479
-0.000159005
0.00014405
-0.000169808
0.000141502
-0.000165634
0.000132254
-0.000131377
0.000116351
-8.00798e-05
9.41872e-05
-3.30759e-05
7.05877e-05
-4.74074e-06
7.1743e-05
-9.53875e-06
9.92048e-05
-5.538e-06
0.000123482
6.21135e-05
0.000142018
0.000156871
0.000142643
0.00028567
0.000101848
0.00039684
0.000317162
8.0097e-08
-2.09356e-06
3.23776e-06
-1.43182e-05
7.75163e-06
-1.90968e-05
1.22789e-05
-1.88437e-05
1.63002e-05
-1.66375e-05
1.9814e-05
-1.43654e-05
2.2999e-05
-1.27172e-05
2.60294e-05
-1.16858e-05
2.90173e-05
-1.10176e-05
3.20159e-05
-1.04604e-05
3.50419e-05
-9.84463e-06
3.80975e-05
-9.07835e-06
4.11844e-05
-8.11677e-06
4.43128e-05
-6.93304e-06
4.7508e-05
-5.4997e-06
5.08133e-05
-3.77894e-06
5.43234e-05
-1.72911e-06
5.82377e-05
6.8924e-07
6.28098e-05
3.68909e-06
6.87424e-05
7.11214e-06
7.73584e-05
1.13282e-05
9.20882e-05
1.45411e-05
2.35757e-05
0.000115282
3.02383e-07
-2.39594e-06
3.68611e-06
-1.7702e-05
8.35166e-06
-2.37623e-05
1.29213e-05
-2.34134e-05
1.69846e-05
-2.07008e-05
2.06535e-05
-1.80343e-05
2.41467e-05
-1.62104e-05
2.76178e-05
-1.51569e-05
3.11402e-05
-1.454e-05
3.47403e-05
-1.40605e-05
3.84296e-05
-1.3534e-05
4.2225e-05
-1.28738e-05
4.61585e-05
-1.20503e-05
5.02838e-05
-1.10583e-05
5.46832e-05
-9.89911e-06
5.94792e-05
-8.57493e-06
6.48387e-05
-7.08858e-06
7.09815e-05
-5.45354e-06
7.83279e-05
-3.65737e-06
8.72251e-05
-1.78503e-06
9.80919e-05
4.61314e-07
0.000110958
1.67488e-06
5.99136e-06
0.000128542
7.50221e-07
-3.14616e-06
4.41609e-06
-2.13678e-05
9.20858e-06
-2.85548e-05
1.36977e-05
-2.79025e-05
1.76557e-05
-2.46588e-05
2.13825e-05
-2.17611e-05
2.5141e-05
-1.99688e-05
2.90296e-05
-1.90455e-05
3.30484e-05
-1.85588e-05
3.71748e-05
-1.8187e-05
4.14017e-05
-1.77608e-05
4.57463e-05
-1.72183e-05
5.02479e-05
-1.65519e-05
5.49633e-05
-1.57737e-05
5.99641e-05
-1.48999e-05
6.53354e-05
-1.39462e-05
7.11767e-05
-1.29299e-05
7.7599e-05
-1.18759e-05
8.47549e-05
-1.08133e-05
9.27883e-05
-9.81841e-06
0.000102169
-8.91919e-06
0.000112363
-8.51905e-06
-8.00461e-06
0.000126359
1.26111e-06
-4.40727e-06
5.1998e-06
-2.53065e-05
1.01571e-05
-3.35121e-05
1.45524e-05
-3.22978e-05
1.83934e-05
-2.84998e-05
2.22032e-05
-2.5571e-05
2.62511e-05
-2.40167e-05
3.05371e-05
-2.33315e-05
3.49761e-05
-2.29978e-05
3.95054e-05
-2.27162e-05
4.41086e-05
-2.2364e-05
4.88059e-05
-2.19156e-05
5.36391e-05
-2.13851e-05
5.86606e-05
-2.07952e-05
6.39281e-05
-2.01674e-05
6.95033e-05
-1.95215e-05
7.54514e-05
-1.88779e-05
8.18367e-05
-1.82613e-05
8.87296e-05
-1.77062e-05
9.6178e-05
-1.72668e-05
0.000104247
-1.6988e-05
0.000112727
-1.69991e-05
-1.71254e-05
0.000121848
2.39615e-06
-6.80342e-06
6.91776e-06
-2.98281e-05
1.16836e-05
-3.8278e-05
1.56151e-05
-3.62293e-05
1.9275e-05
-3.21597e-05
2.32577e-05
-2.95536e-05
2.76539e-05
-2.84129e-05
3.23049e-05
-2.79825e-05
3.70588e-05
-2.77518e-05
4.18485e-05
-2.75059e-05
4.66704e-05
-2.7186e-05
5.1552e-05
-2.67973e-05
5.65349e-05
-2.6368e-05
6.16598e-05
-2.592e-05
6.69707e-05
-2.54783e-05
7.25069e-05
-2.50577e-05
7.83001e-05
-2.46712e-05
8.43754e-05
-2.43365e-05
9.07521e-05
-2.40829e-05
9.74408e-05
-2.39554e-05
0.000104458
-2.40055e-05
0.000111757
-2.42978e-05
-2.48598e-05
0.000119491
6.83928e-06
-1.36427e-05
1.37675e-05
-3.67563e-05
1.56546e-05
-4.01651e-05
1.70813e-05
-3.76561e-05
2.00166e-05
-3.50949e-05
2.41109e-05
-3.36479e-05
2.87468e-05
-3.30488e-05
3.35601e-05
-3.27958e-05
3.83873e-05
-3.2579e-05
4.31983e-05
-3.23168e-05
4.80135e-05
-3.20012e-05
5.28821e-05
-3.16658e-05
5.78112e-05
-3.12972e-05
6.28489e-05
-3.09576e-05
6.80227e-05
-3.06521e-05
7.33529e-05
-3.03879e-05
7.88486e-05
-3.0167e-05
8.45204e-05
-3.00083e-05
9.03618e-05
-2.99242e-05
9.63969e-05
-2.99905e-05
0.000102757
-3.03657e-05
0.000109711
-3.1252e-05
-3.15843e-05
0.000116436
1.82175e-05
-3.18602e-05
2.8358e-05
-4.68968e-05
2.04907e-05
-3.22978e-05
1.66767e-05
-3.38421e-05
1.86105e-05
-3.70288e-05
2.25324e-05
-3.75698e-05
2.68127e-05
-3.73291e-05
3.10988e-05
-3.70819e-05
3.53721e-05
-3.68523e-05
3.96836e-05
-3.66283e-05
4.39159e-05
-3.62335e-05
4.83572e-05
-3.61071e-05
5.28075e-05
-3.57475e-05
5.74497e-05
-3.55999e-05
6.22435e-05
-3.54459e-05
6.72384e-05
-3.53828e-05
7.24569e-05
-3.53855e-05
7.79311e-05
-3.54825e-05
8.36335e-05
-3.56267e-05
8.95399e-05
-3.58969e-05
9.63971e-05
-3.72228e-05
0.00010664
-4.14946e-05
-3.4634e-05
0.000109689
3.14979e-05
-6.33581e-05
3.23002e-05
-4.76991e-05
1.62501e-05
-1.62477e-05
1.1555e-05
-2.91469e-05
1.2948e-05
-3.84218e-05
1.51158e-05
-3.97376e-05
1.72818e-05
-3.94951e-05
1.89091e-05
-3.87091e-05
2.07278e-05
-3.8671e-05
2.34022e-05
-3.93027e-05
2.61476e-05
-3.89788e-05
2.98873e-05
-3.98466e-05
3.37525e-05
-3.96125e-05
3.85107e-05
-4.0358e-05
4.37326e-05
-4.06678e-05
4.93825e-05
-4.10327e-05
5.54853e-05
-4.14884e-05
6.22018e-05
-4.21991e-05
6.96013e-05
-4.30264e-05
7.76181e-05
-4.39138e-05
8.53271e-05
-4.49318e-05
8.99444e-05
-4.61118e-05
-4.68257e-05
0.000102136
-7.01957e-06
-5.63385e-05
-1.37509e-05
-4.09676e-05
-6.79813e-07
-2.93185e-05
6.5739e-06
-3.64007e-05
8.97954e-06
-4.08275e-05
1.09284e-05
-4.16865e-05
1.30356e-05
-4.16027e-05
1.60193e-05
-4.16931e-05
1.94044e-05
-4.20562e-05
2.24578e-05
-4.23563e-05
2.63973e-05
-4.29185e-05
3.01737e-05
-4.36232e-05
3.4851e-05
-4.42901e-05
3.94957e-05
-4.5003e-05
4.46602e-05
-4.58326e-05
5.03061e-05
-4.66788e-05
5.65439e-05
-4.77262e-05
6.34328e-05
-4.9088e-05
7.10174e-05
-5.06108e-05
7.90298e-05
-5.19261e-05
8.70725e-05
-5.29743e-05
9.37631e-05
-5.28023e-05
-5.24924e-05
9.94298e-05
-1.47829e-05
-4.15556e-05
-1.54248e-05
-4.03257e-05
-2.23783e-06
-4.25055e-05
5.36547e-06
-4.4004e-05
8.44767e-06
-4.39096e-05
1.06836e-05
-4.39224e-05
1.32081e-05
-4.41271e-05
1.60015e-05
-4.44863e-05
1.89283e-05
-4.49828e-05
2.21856e-05
-4.56134e-05
2.56298e-05
-4.63624e-05
2.92318e-05
-4.72251e-05
3.31242e-05
-4.81824e-05
3.73119e-05
-4.91908e-05
4.19062e-05
-5.04271e-05
4.72595e-05
-5.20324e-05
5.35797e-05
-5.40467e-05
6.07215e-05
-5.623e-05
6.81017e-05
-5.7991e-05
7.48119e-05
-5.86362e-05
7.96892e-05
-5.78514e-05
8.06264e-05
-5.37395e-05
-5.42418e-05
8.23759e-05
-4.73804e-06
-3.68174e-05
5.52124e-07
-4.56159e-05
4.23333e-06
-4.61869e-05
5.76116e-06
-4.5532e-05
7.34768e-06
-4.54965e-05
9.1301e-06
-4.57052e-05
1.11284e-05
-4.61257e-05
1.33093e-05
-4.66673e-05
1.5669e-05
-4.73425e-05
1.82134e-05
-4.81579e-05
2.09435e-05
-4.90925e-05
2.38775e-05
-5.01592e-05
2.7081e-05
-5.13861e-05
3.08068e-05
-5.29168e-05
3.53572e-05
-5.49777e-05
4.10243e-05
-5.76996e-05
4.77182e-05
-6.07408e-05
5.46827e-05
-6.31945e-05
6.06171e-05
-6.39254e-05
6.40538e-05
-6.20728e-05
6.37015e-05
-5.74989e-05
5.8173e-05
-4.82108e-05
-5.63405e-05
6.02717e-05
9.00585e-07
-3.77179e-05
2.08365e-06
-4.67988e-05
2.5852e-06
-4.66883e-05
3.45818e-06
-4.64049e-05
4.60722e-06
-4.66457e-05
5.92946e-06
-4.70275e-05
7.32377e-06
-4.752e-05
8.83447e-06
-4.81781e-05
1.04871e-05
-4.89953e-05
1.22985e-05
-4.99693e-05
1.43095e-05
-5.11035e-05
1.65849e-05
-5.24347e-05
1.929e-05
-5.40915e-05
2.27383e-05
-5.63654e-05
2.72834e-05
-5.95231e-05
3.29256e-05
-6.33421e-05
3.89983e-05
-6.68137e-05
4.42415e-05
-6.84379e-05
4.73376e-05
-6.70216e-05
4.7336e-05
-6.20712e-05
4.42129e-05
-5.43758e-05
3.95995e-05
-4.35974e-05
-6.38963e-05
4.71554e-05
9.43459e-07
-3.86615e-05
8.22407e-07
-4.66779e-05
8.97108e-07
-4.67631e-05
1.431e-06
-4.69392e-05
2.02131e-06
-4.72362e-05
2.66565e-06
-4.76718e-05
3.3937e-06
-4.82481e-05
4.20621e-06
-4.89908e-05
5.12398e-06
-4.99131e-05
6.17851e-06
-5.10238e-05
7.40676e-06
-5.23318e-05
8.89188e-06
-5.39199e-05
1.08517e-05
-5.60515e-05
1.35896e-05
-5.91035e-05
1.72249e-05
-6.31586e-05
2.13555e-05
-6.7473e-05
2.50585e-05
-7.0517e-05
2.73589e-05
-7.07384e-05
2.77925e-05
-6.74552e-05
2.67186e-05
-6.09972e-05
2.57733e-05
-5.34305e-05
2.9209e-05
-4.7033e-05
-6.82341e-05
3.35468e-05
5.14788e-07
-3.91762e-05
1.62171e-07
-4.63252e-05
-4.51033e-08
-4.6556e-05
-1.55681e-07
-4.68289e-05
-2.14918e-07
-4.7177e-05
-2.29914e-07
-4.76571e-05
-1.99534e-07
-4.82788e-05
-1.28278e-07
-4.90621e-05
-1.99748e-08
-5.00215e-05
1.19582e-07
-5.11634e-05
3.08501e-07
-5.25208e-05
6.3922e-07
-5.42508e-05
1.26845e-06
-5.66808e-05
2.30717e-06
-6.01424e-05
3.61246e-06
-6.44641e-05
4.72292e-06
-6.85838e-05
5.12529e-06
-7.09197e-05
4.7247e-06
-7.03381e-05
4.05978e-06
-6.67904e-05
4.4286e-06
-6.13661e-05
7.62187e-06
-5.66237e-05
1.46169e-05
-5.40279e-05
-6.32113e-05
9.59421e-06
6.08691e-09
-3.91823e-05
-5.70106e-07
-4.57492e-05
-1.15266e-06
-4.59737e-05
-1.75405e-06
-4.62275e-05
-2.35375e-06
-4.65774e-05
-2.96862e-06
-4.70425e-05
-3.61422e-06
-4.76333e-05
-4.31412e-06
-4.83622e-05
-5.09692e-06
-4.92387e-05
-5.98673e-06
-5.02737e-05
-6.98471e-06
-5.1523e-05
-8.07611e-06
-5.31594e-05
-9.2712e-06
-5.54858e-05
-1.0679e-05
-5.87346e-05
-1.25036e-05
-6.26398e-05
-1.48911e-05
-6.61965e-05
-1.76849e-05
-6.81262e-05
-2.02852e-05
-6.77379e-05
-2.17369e-05
-6.53389e-05
-2.10691e-05
-6.2034e-05
-1.88796e-05
-5.88132e-05
-1.64667e-05
-5.64406e-05
-5.5258e-05
-2.44199e-05
-4.17051e-07
-3.87653e-05
-1.31518e-06
-4.48512e-05
-2.2899e-06
-4.49989e-05
-3.3076e-06
-4.52097e-05
-4.37923e-06
-4.5506e-05
-5.52884e-06
-4.58929e-05
-6.78235e-06
-4.63798e-05
-8.17439e-06
-4.69702e-05
-9.74755e-06
-4.76656e-05
-1.1545e-05
-4.84763e-05
-1.36095e-05
-4.94585e-05
-1.60239e-05
-5.0745e-05
-1.89693e-05
-5.25404e-05
-2.26959e-05
-5.50082e-05
-2.73539e-05
-5.79819e-05
-3.27923e-05
-6.07582e-05
-3.84869e-05
-6.24317e-05
-4.36909e-05
-6.25339e-05
-4.78117e-05
-6.1218e-05
-5.09505e-05
-5.88951e-05
-5.37628e-05
-5.60006e-05
-5.73096e-05
-5.28936e-05
-4.90491e-05
-6.35183e-05
-7.87241e-07
-3.79781e-05
-2.02155e-06
-4.36171e-05
-3.32638e-06
-4.36942e-05
-4.69461e-06
-4.38417e-05
-6.14729e-06
-4.40534e-05
-7.70974e-06
-4.43304e-05
-9.41416e-06
-4.46754e-05
-1.12999e-05
-4.50845e-05
-1.34151e-05
-4.55505e-05
-1.58136e-05
-4.60779e-05
-1.85664e-05
-4.67056e-05
-2.18062e-05
-4.75051e-05
-2.57773e-05
-4.85692e-05
-3.07877e-05
-4.99978e-05
-3.70052e-05
-5.17645e-05
-4.42391e-05
-5.35244e-05
-5.19566e-05
-5.47143e-05
-5.95698e-05
-5.49208e-05
-6.67235e-05
-5.40642e-05
-7.33107e-05
-5.23078e-05
-7.93897e-05
-4.99213e-05
-8.53699e-05
-4.69131e-05
-4.29503e-05
-9.14685e-05
-1.10941e-06
-3.68688e-05
-2.60402e-06
-4.21224e-05
-4.16364e-06
-4.21347e-05
-5.78909e-06
-4.22163e-05
-7.50236e-06
-4.234e-05
-9.32866e-06
-4.25041e-05
-1.12985e-05
-4.27056e-05
-1.34468e-05
-4.29362e-05
-1.58151e-05
-4.31823e-05
-1.8453e-05
-4.34399e-05
-2.14268e-05
-4.37318e-05
-2.48417e-05
-4.40901e-05
-2.88843e-05
-4.45266e-05
-3.38267e-05
-4.50553e-05
-3.98906e-05
-4.57005e-05
-4.7028e-05
-4.63869e-05
-5.48736e-05
-4.68687e-05
-6.29334e-05
-4.68608e-05
-7.07775e-05
-4.62199e-05
-7.80985e-05
-4.49866e-05
-8.47106e-05
-4.3309e-05
-9.04753e-05
-4.11482e-05
-3.81372e-05
-9.52882e-05
-1.35744e-06
-3.55114e-05
-3.03527e-06
-4.04446e-05
-4.76318e-06
-4.04069e-05
-6.54699e-06
-4.04324e-05
-8.40722e-06
-4.04797e-05
-1.03651e-05
-4.05462e-05
-1.24444e-05
-4.06264e-05
-1.46698e-05
-4.07108e-05
-1.70687e-05
-4.07834e-05
-1.9675e-05
-4.08335e-05
-2.25326e-05
-4.08742e-05
-2.56921e-05
-4.09307e-05
-2.92272e-05
-4.09915e-05
-3.32765e-05
-4.1006e-05
-3.80255e-05
-4.09515e-05
-4.35648e-05
-4.08476e-05
-4.97591e-05
-4.06743e-05
-5.6287e-05
-4.03328e-05
-6.27864e-05
-3.97204e-05
-6.89539e-05
-3.88189e-05
-7.45923e-05
-3.76704e-05
-7.9507e-05
-3.62333e-05
-3.42766e-05
-8.33676e-05
-1.52816e-06
-3.39832e-05
-3.31561e-06
-3.86573e-05
-5.13337e-06
-3.85891e-05
-6.99246e-06
-3.85733e-05
-8.90952e-06
-3.85627e-05
-1.09008e-05
-3.8555e-05
-1.29826e-05
-3.85446e-05
-1.51701e-05
-3.85232e-05
-1.74772e-05
-3.84763e-05
-1.99214e-05
-3.83894e-05
-2.25289e-05
-3.82668e-05
-2.5323e-05
-3.81365e-05
-2.83065e-05
-3.8008e-05
-3.14826e-05
-3.78299e-05
-3.49087e-05
-3.75255e-05
-3.86828e-05
-3.70735e-05
-4.28415e-05
-3.65156e-05
-4.7285e-05
-3.58894e-05
-5.18161e-05
-3.51892e-05
-5.62369e-05
-3.43981e-05
-6.03912e-05
-3.35161e-05
-6.41287e-05
-3.24957e-05
-3.11818e-05
-6.72235e-05
-1.62433e-06
-3.23589e-05
-3.45706e-06
-3.68247e-05
-5.30048e-06
-3.67457e-05
-7.17004e-06
-3.67038e-05
-9.07786e-06
-3.66549e-05
-1.10357e-05
-3.6597e-05
-1.30543e-05
-3.6526e-05
-1.51424e-05
-3.64352e-05
-1.73053e-05
-3.63136e-05
-1.95479e-05
-3.6147e-05
-2.18842e-05
-3.59306e-05
-2.43353e-05
-3.56854e-05
-2.69019e-05
-3.54414e-05
-2.95437e-05
-3.51882e-05
-3.22135e-05
-3.48559e-05
-3.4915e-05
-3.43721e-05
-3.77013e-05
-3.37295e-05
-4.06065e-05
-3.29842e-05
-4.3594e-05
-3.22017e-05
-4.65717e-05
-3.14204e-05
-4.94432e-05
-3.06447e-05
-5.21143e-05
-2.98245e-05
-2.88322e-05
-5.44641e-05
-1.65318e-06
-3.07059e-05
-3.47524e-06
-3.50028e-05
-5.29351e-06
-3.49275e-05
-7.12528e-06
-3.4872e-05
-8.97881e-06
-3.48012e-05
-1.08619e-05
-3.47139e-05
-1.27812e-05
-3.46068e-05
-1.47415e-05
-3.44751e-05
-1.67441e-05
-3.43112e-05
-1.87869e-05
-3.41044e-05
-2.08721e-05
-3.38456e-05
-2.30154e-05
-3.35421e-05
-2.52349e-05
-3.3222e-05
-2.75159e-05
-3.29073e-05
-2.97981e-05
-3.25739e-05
-3.20158e-05
-3.21547e-05
-3.41514e-05
-3.15939e-05
-3.62377e-05
-3.08979e-05
-3.83103e-05
-3.01291e-05
-4.03719e-05
-2.93589e-05
-4.23979e-05
-2.86188e-05
-4.43496e-05
-2.78729e-05
-2.70247e-05
-4.61573e-05
-1.62701e-06
-2.90789e-05
-3.39356e-06
-3.32365e-05
-5.14842e-06
-3.31728e-05
-6.90822e-06
-3.31122e-05
-8.67837e-06
-3.3031e-05
-1.04634e-05
-3.29289e-05
-1.2267e-05
-3.28033e-05
-1.40916e-05
-3.26506e-05
-1.59372e-05
-3.24657e-05
-1.78e-05
-3.22417e-05
-1.96751e-05
-3.19705e-05
-2.1567e-05
-3.16502e-05
-2.34936e-05
-3.12955e-05
-2.54682e-05
-3.09328e-05
-2.74693e-05
-3.05729e-05
-2.94381e-05
-3.01859e-05
-3.1317e-05
-2.97151e-05
-3.30888e-05
-2.9126e-05
-3.47775e-05
-2.84404e-05
-3.64167e-05
-2.77198e-05
-3.80245e-05
-2.70113e-05
-3.95939e-05
-2.63035e-05
-2.55334e-05
-4.10852e-05
-1.56019e-06
-2.75188e-05
-3.23995e-06
-3.15568e-05
-4.90506e-06
-3.15076e-05
-6.57039e-06
-3.14468e-05
-8.23906e-06
-3.13623e-05
-9.91342e-06
-3.12546e-05
-1.15953e-05
-3.11216e-05
-1.32856e-05
-3.09604e-05
-1.49839e-05
-3.07675e-05
-1.66871e-05
-3.05386e-05
-1.83895e-05
-3.02682e-05
-2.00879e-05
-2.99518e-05
-2.17899e-05
-2.95935e-05
-2.35114e-05
-2.92112e-05
-2.52582e-05
-2.88262e-05
-2.7006e-05
-2.84381e-05
-2.87086e-05
-2.80124e-05
-3.03285e-05
-2.7506e-05
-3.18597e-05
-2.69091e-05
-3.33206e-05
-2.6259e-05
-3.47309e-05
-2.5601e-05
-3.60932e-05
-2.49412e-05
-2.42408e-05
-3.73858e-05
-1.46627e-06
-2.60527e-05
-3.04101e-06
-2.99822e-05
-4.60036e-06
-2.99482e-05
-6.15806e-06
-2.9889e-05
-7.71517e-06
-2.98051e-05
-9.27293e-06
-2.96967e-05
-1.08322e-05
-2.95623e-05
-1.2393e-05
-2.93997e-05
-1.39543e-05
-2.92063e-05
-1.55137e-05
-2.89793e-05
-1.70664e-05
-2.87154e-05
-1.86076e-05
-2.84105e-05
-2.01372e-05
-2.80639e-05
-2.1664e-05
-2.76843e-05
-2.3199e-05
-2.72913e-05
-2.47374e-05
-2.68995e-05
-2.62526e-05
-2.64971e-05
-2.7712e-05
-2.60465e-05
-2.91017e-05
-2.55194e-05
-3.04313e-05
-2.49294e-05
-3.17151e-05
-2.43173e-05
-3.29524e-05
-2.37038e-05
-2.30666e-05
-3.41264e-05
-1.35757e-06
-2.46952e-05
-2.81882e-06
-2.85211e-05
-4.26456e-06
-2.85026e-05
-5.70849e-06
-2.84451e-05
-7.15036e-06
-2.83632e-05
-8.59082e-06
-2.82561e-05
-1.00301e-05
-2.81231e-05
-1.14675e-05
-2.79624e-05
-1.29016e-05
-2.77722e-05
-1.43304e-05
-2.75506e-05
-1.575e-05
-2.72957e-05
-1.71555e-05
-2.70049e-05
-1.85434e-05
-2.66758e-05
-1.99171e-05
-2.63105e-05
-2.12869e-05
-2.59215e-05
-2.26581e-05
-2.55283e-05
-2.40172e-05
-2.51379e-05
-2.53354e-05
-2.47281e-05
-2.65923e-05
-2.42625e-05
-2.77912e-05
-2.37304e-05
-2.89486e-05
-2.31599e-05
-3.00706e-05
-2.25818e-05
-2.19905e-05
-3.11466e-05
-1.24437e-06
-2.34509e-05
-2.58982e-06
-2.71757e-05
-3.92068e-06
-2.71718e-05
-5.25034e-06
-2.71154e-05
-6.57817e-06
-2.70353e-05
-7.90424e-06
-2.69301e-05
-9.2281e-06
-2.67994e-05
-1.05487e-05
-2.6642e-05
-1.18646e-05
-2.64565e-05
-1.31737e-05
-2.62416e-05
-1.44731e-05
-2.59963e-05
-1.57585e-05
-2.57194e-05
-1.70254e-05
-2.54089e-05
-1.82725e-05
-2.50633e-05
-1.95064e-05
-2.46876e-05
-2.07371e-05
-2.42975e-05
-2.19644e-05
-2.39105e-05
-2.31687e-05
-2.35237e-05
-2.43246e-05
-2.31064e-05
-2.54241e-05
-2.2631e-05
-2.64785e-05
-2.21056e-05
-2.74995e-05
-2.15609e-05
-2.10053e-05
-2.84847e-05
-1.13335e-06
-2.23176e-05
-2.36509e-06
-2.59441e-05
-3.58444e-06
-2.59524e-05
-4.80325e-06
-2.58964e-05
-6.02119e-06
-2.58173e-05
-7.2375e-06
-2.57139e-05
-8.45137e-06
-2.55857e-05
-9.66161e-06
-2.54319e-05
-1.08667e-05
-2.52515e-05
-1.20647e-05
-2.50437e-05
-1.32533e-05
-2.48078e-05
-1.44294e-05
-2.45433e-05
-1.55891e-05
-2.42493e-05
-1.67288e-05
-2.39236e-05
-1.78498e-05
-2.35666e-05
-1.89603e-05
-2.31869e-05
-2.00674e-05
-2.28033e-05
-2.11637e-05
-2.24272e-05
-2.22274e-05
-2.20427e-05
-2.32421e-05
-2.16163e-05
-2.42113e-05
-2.11365e-05
-2.51474e-05
-2.06249e-05
-2.00995e-05
-2.60533e-05
-1.02833e-06
-2.12894e-05
-2.15113e-06
-2.48215e-05
-3.26391e-06
-2.48396e-05
-4.37687e-06
-2.47835e-05
-5.48967e-06
-2.47046e-05
-6.60112e-06
-2.46025e-05
-7.71022e-06
-2.44766e-05
-8.81584e-06
-2.43263e-05
-9.91642e-06
-2.4151e-05
-1.10102e-05
-2.395e-05
-1.20951e-05
-2.37229e-05
-1.3169e-05
-2.34695e-05
-1.42289e-05
-2.31894e-05
-1.52712e-05
-2.28814e-05
-1.62942e-05
-2.25436e-05
-1.73019e-05
-2.21791e-05
-1.83027e-05
-2.18023e-05
-1.92983e-05
-2.14316e-05
-2.02743e-05
-2.10667e-05
-2.12116e-05
-2.06792e-05
-2.21053e-05
-2.02429e-05
-2.29654e-05
-1.97648e-05
-1.92663e-05
-2.37988e-05
-9.29916e-07
-2.03595e-05
-1.94962e-06
-2.38019e-05
-2.96077e-06
-2.38286e-05
-3.97287e-06
-2.37715e-05
-4.98498e-06
-2.36925e-05
-5.99614e-06
-2.35914e-05
-7.00525e-06
-2.34676e-05
-8.01122e-06
-2.33205e-05
-9.01261e-06
-2.31498e-05
-1.00078e-05
-2.2955e-05
-1.0995e-05
-2.27358e-05
-1.19726e-05
-2.2492e-05
-1.29384e-05
-2.22237e-05
-1.38898e-05
-2.19301e-05
-1.48237e-05
-2.16096e-05
-1.57407e-05
-2.1262e-05
-1.66471e-05
-2.08959e-05
-1.75487e-05
-2.053e-05
-1.84396e-05
-2.01759e-05
-1.93024e-05
-1.98165e-05
-2.01261e-05
-1.94192e-05
-2.09161e-05
-1.89748e-05
-1.85013e-05
-2.16812e-05
-8.3838e-07
-1.95213e-05
-1.76066e-06
-2.28797e-05
-2.67486e-06
-2.29145e-05
-3.5906e-06
-2.28558e-05
-4.50632e-06
-2.27768e-05
-5.42143e-06
-2.26763e-05
-6.33492e-06
-2.25542e-05
-7.24564e-06
-2.24099e-05
-8.15232e-06
-2.22432e-05
-9.05359e-06
-2.20538e-05
-9.94801e-06
-2.18414e-05
-1.08341e-05
-2.1606e-05
-1.17103e-05
-2.13476e-05
-1.25744e-05
-2.10661e-05
-1.34239e-05
-2.07602e-05
-1.4257e-05
-2.04288e-05
-1.50771e-05
-2.00758e-05
-1.58909e-05
-1.97163e-05
-1.66989e-05
-1.93681e-05
-1.74885e-05
-1.90271e-05
-1.82456e-05
-1.8662e-05
-1.89702e-05
-1.82501e-05
-1.78004e-05
-1.9671e-05
-7.56306e-07
-1.87651e-05
-1.58652e-06
-2.20497e-05
-2.40853e-06
-2.20926e-05
-3.2319e-06
-2.20325e-05
-4.05545e-06
-2.19533e-05
-4.87856e-06
-2.18533e-05
-5.70038e-06
-2.17325e-05
-6.51978e-06
-2.15906e-05
-7.33564e-06
-2.14274e-05
-8.14682e-06
-2.12426e-05
-8.95213e-06
-2.10362e-05
-9.75027e-06
-2.0808e-05
-1.05398e-05
-2.05582e-05
-1.13192e-05
-2.02869e-05
-1.2086e-05
-1.99934e-05
-1.28382e-05
-1.96766e-05
-1.35767e-05
-1.93373e-05
-1.43071e-05
-1.89859e-05
-1.5034e-05
-1.86414e-05
-1.57507e-05
-1.83104e-05
-1.64431e-05
-1.79697e-05
-1.71055e-05
-1.75874e-05
-1.71607e-05
-1.77451e-05
-6.85709e-07
-1.80794e-05
-1.429e-06
-2.13065e-05
-2.16335e-06
-2.13583e-05
-2.89845e-06
-2.12975e-05
-3.63404e-06
-2.12178e-05
-4.36924e-06
-2.11183e-05
-5.10327e-06
-2.09986e-05
-5.83509e-06
-2.08589e-05
-6.56366e-06
-2.06989e-05
-7.28797e-06
-2.05183e-05
-8.00703e-06
-2.03172e-05
-8.71973e-06
-2.00955e-05
-9.42482e-06
-1.98534e-05
-1.01209e-05
-1.9591e-05
-1.08061e-05
-1.93083e-05
-1.14783e-05
-1.90043e-05
-1.2137e-05
-1.86786e-05
-1.27863e-05
-1.83367e-05
-1.34328e-05
-1.7995e-05
-1.4076e-05
-1.76674e-05
-1.47039e-05
-1.73418e-05
-1.53066e-05
-1.69845e-05
-1.65796e-05
-1.58875e-05
-6.22198e-07
-1.74573e-05
-1.28285e-06
-2.0646e-05
-1.93319e-06
-2.0708e-05
-2.58435e-06
-2.06464e-05
-3.23623e-06
-2.05661e-05
-3.88793e-06
-2.04667e-05
-4.53845e-06
-2.03482e-05
-5.18677e-06
-2.02106e-05
-5.83188e-06
-2.00538e-05
-6.47281e-06
-1.98775e-05
-7.10869e-06
-1.96814e-05
-7.73854e-06
-1.94658e-05
-8.36132e-06
-1.92308e-05
-8.97584e-06
-1.89767e-05
-9.5807e-06
-1.87035e-05
-1.01741e-05
-1.84109e-05
-1.07546e-05
-1.8098e-05
-1.13245e-05
-1.77668e-05
-1.18911e-05
-1.74286e-05
-1.24588e-05
-1.70998e-05
-1.30205e-05
-1.67802e-05
-1.3564e-05
-1.64411e-05
-1.60559e-05
-1.40876e-05
-5.51707e-07
-1.69057e-05
-1.13194e-06
-2.00658e-05
-1.70164e-06
-2.01384e-05
-2.27332e-06
-2.00748e-05
-2.84605e-06
-1.99935e-05
-3.419e-06
-1.98939e-05
-3.99085e-06
-1.97765e-05
-4.56041e-06
-1.96412e-05
-5.12663e-06
-1.94877e-05
-5.68859e-06
-1.93156e-05
-6.24543e-06
-1.91247e-05
-6.79627e-06
-1.8915e-05
-7.34019e-06
-1.8687e-05
-7.87626e-06
-1.84407e-05
-8.40344e-06
-1.81764e-05
-8.92039e-06
-1.7894e-05
-9.4256e-06
-1.75928e-05
-9.9196e-06
-1.72729e-05
-1.04081e-05
-1.69402e-05
-1.0899e-05
-1.66091e-05
-1.13912e-05
-1.6288e-05
-1.18737e-05
-1.59588e-05
-1.55899e-05
-1.23399e-05
-4.51511e-07
-1.64542e-05
-9.50281e-07
-1.95671e-05
-1.44471e-06
-1.96441e-05
-1.94227e-06
-1.95774e-05
-2.44125e-06
-1.94947e-05
-2.94054e-06
-1.93948e-05
-3.43866e-06
-1.92786e-05
-3.93434e-06
-1.91458e-05
-4.42655e-06
-1.89957e-05
-4.91444e-06
-1.88278e-05
-5.39719e-06
-1.86419e-05
-5.87401e-06
-1.84382e-05
-6.34408e-06
-1.82169e-05
-6.80661e-06
-1.79782e-05
-7.26081e-06
-1.77222e-05
-7.7058e-06
-1.74489e-05
-8.14037e-06
-1.71582e-05
-8.5639e-06
-1.68495e-05
-8.97953e-06
-1.65247e-05
-9.39533e-06
-1.61934e-05
-9.81606e-06
-1.58672e-05
-1.02348e-05
-1.55402e-05
-1.5183e-05
-1.06421e-05
-3.03402e-07
-1.61508e-05
-7.13225e-07
-1.91575e-05
-1.14013e-06
-1.92174e-05
-1.57021e-06
-1.91476e-05
-2.00075e-06
-1.90644e-05
-2.4304e-06
-1.89655e-05
-2.85804e-06
-1.88513e-05
-3.28281e-06
-1.87212e-05
-3.70407e-06
-1.85745e-05
-4.12121e-06
-1.84107e-05
-4.53362e-06
-1.82295e-05
-4.94067e-06
-1.80312e-05
-5.3417e-06
-1.78159e-05
-5.73605e-06
-1.75839e-05
-6.12305e-06
-1.73352e-05
-6.50206e-06
-1.70699e-05
-6.87226e-06
-1.6788e-05
-7.23268e-06
-1.64892e-05
-7.584e-06
-1.61736e-05
-7.93178e-06
-1.58457e-05
-8.28346e-06
-1.55155e-05
-8.63809e-06
-1.51856e-05
-1.48351e-05
-8.98636e-06
-1.1367e-07
-1.60372e-05
-4.23279e-07
-1.88482e-05
-7.91231e-07
-1.88497e-05
-1.15884e-06
-1.87803e-05
-1.52287e-06
-1.87007e-05
-1.88296e-06
-1.86056e-05
-2.23924e-06
-1.84951e-05
-2.59186e-06
-1.83686e-05
-2.94088e-06
-1.82255e-05
-3.28619e-06
-1.80653e-05
-3.62755e-06
-1.78882e-05
-3.96469e-06
-1.76941e-05
-4.29729e-06
-1.74834e-05
-4.62496e-06
-1.72563e-05
-4.94726e-06
-1.70129e-05
-5.26373e-06
-1.67534e-05
-5.57386e-06
-1.64779e-05
-5.87683e-06
-1.61864e-05
-6.17194e-06
-1.58788e-05
-6.46135e-06
-1.55565e-05
-6.7515e-06
-1.52253e-05
-7.04624e-06
-1.48909e-05
-1.45425e-05
-7.33917e-06
9.17767e-08
-1.61292e-05
-1.36085e-07
-1.86207e-05
-4.48232e-07
-1.85379e-05
-7.51551e-07
-1.84772e-05
-1.04645e-06
-1.84059e-05
-1.3342e-06
-1.83179e-05
-1.61616e-06
-1.82131e-05
-1.89328e-06
-1.80915e-05
-2.16616e-06
-1.79526e-05
-2.43518e-06
-1.77964e-05
-2.70059e-06
-1.76229e-05
-2.96263e-06
-1.74322e-05
-3.2215e-06
-1.72247e-05
-3.4773e-06
-1.70006e-05
-3.73002e-06
-1.67602e-05
-3.97957e-06
-1.65038e-05
-4.2258e-06
-1.62317e-05
-4.46836e-06
-1.5944e-05
-4.70653e-06
-1.56409e-05
-4.94036e-06
-1.53228e-05
-5.17343e-06
-1.4992e-05
-5.41114e-06
-1.4653e-05
-1.43025e-05
-5.65144e-06
2.77288e-07
-1.64067e-05
7.76154e-08
-1.84212e-05
-1.7281e-07
-1.82876e-05
-4.0951e-07
-1.82405e-05
-6.35243e-07
-1.81801e-05
-8.51073e-07
-1.8102e-05
-1.0589e-06
-1.80053e-05
-1.26009e-06
-1.78903e-05
-1.45572e-06
-1.77571e-05
-1.64662e-06
-1.76057e-05
-1.83353e-06
-1.74361e-05
-2.0171e-06
-1.72488e-05
-2.19792e-06
-1.70441e-05
-2.37644e-06
-1.68223e-05
-2.553e-06
-1.65838e-05
-2.72787e-06
-1.6329e-05
-2.90131e-06
-1.60582e-05
-3.07357e-06
-1.57718e-05
-3.24464e-06
-1.547e-05
-3.41444e-06
-1.51531e-05
-3.58435e-06
-1.48221e-05
-3.7585e-06
-1.44788e-05
-1.41229e-05
-3.93834e-06
3.70466e-07
-1.67773e-05
1.86411e-07
-1.82371e-05
-5.21539e-09
-1.80958e-05
-1.72655e-07
-1.80729e-05
-3.26909e-07
-1.80257e-05
-4.69314e-07
-1.79595e-05
-6.02216e-07
-1.78724e-05
-7.27739e-07
-1.77649e-05
-8.47492e-07
-1.76375e-05
-9.6266e-07
-1.74906e-05
-1.07414e-06
-1.73248e-05
-1.18261e-06
-1.71405e-05
-1.28863e-06
-1.69383e-05
-1.39257e-06
-1.67186e-05
-1.49475e-06
-1.64818e-05
-1.59547e-06
-1.62283e-05
-1.69511e-06
-1.59585e-05
-1.79409e-06
-1.56727e-05
-1.89286e-06
-1.53712e-05
-1.9917e-06
-1.50543e-05
-2.09127e-06
-1.47224e-05
-2.194e-06
-1.4376e-05
-1.40148e-05
-2.30221e-06
3.22289e-07
1.44243e-07
4.01674e-08
-3.72655e-08
-1.00301e-07
-1.54257e-07
-2.02445e-07
-2.46771e-07
-2.88382e-07
-3.2799e-07
-3.6605e-07
-4.02854e-07
-4.38585e-07
-4.73356e-07
-5.07246e-07
-5.40339e-07
-5.72767e-07
-6.04728e-07
-6.36453e-07
-6.68161e-07
-7.00141e-07
-7.3322e-07
-7.68597e-07
0.000111461
3.82061e-06
0.000141564
-3.01028e-05
0.000170467
-2.89034e-05
-4.10091e-05
0.000211476
0.000151633
-1.92702e-05
0.000171521
-4.99908e-05
0.000197426
-5.48086e-05
-6.50707e-05
0.000221488
0.000151149
-4.406e-05
0.000168246
-6.7088e-05
0.000188839
-7.54023e-05
-8.58275e-05
0.000209596
0.00014567
-6.78828e-05
0.000165524
-8.69413e-05
0.000184672
-9.45509e-05
-0.000103547
0.000202392
0.000142636
-9.10272e-05
0.000163214
-0.000107519
0.000175809
-0.000107146
-0.000116897
0.000189159
0.000136428
-0.000111019
0.000158469
-0.00012956
0.000153133
-0.00010181
-0.00012219
0.000158427
0.000122185
-0.000123515
0.00013529
-0.000142666
0.000161053
-0.000127573
-0.000130578
0.000169441
0.000137443
-0.000158821
0.000149921
-0.000155144
0.00015479
-0.000132442
-0.000115108
0.00013932
0.000123508
-0.000182899
0.000132279
-0.000163915
0.000112861
-0.000113024
-7.25006e-05
7.02541e-05
9.83016e-05
-0.000198825
9.94607e-05
-0.000165074
6.1008e-05
-7.45709e-05
-2.30749e-05
1.15824e-05
7.22237e-05
-0.000210777
6.43599e-05
-0.00015721
2.02345e-05
-3.04454e-05
1.11062e-05
-1.39463e-05
5.11551e-05
-0.000214776
3.2404e-05
-0.000138459
-7.4074e-06
9.36611e-06
3.07571e-05
-2.7058e-05
2.61039e-05
-0.000207333
-1.11819e-06
-0.000111237
-3.63392e-05
4.45872e-05
3.20838e-05
-3.76656e-05
-1.23396e-05
-0.000185399
-4.59894e-05
-7.75871e-05
-5.9074e-05
5.76719e-05
1.91822e-05
-4.61722e-05
-5.58761e-05
-0.000153943
-8.54985e-05
-4.79645e-05
-7.15691e-05
4.37428e-05
-1.8711e-08
-5.2368e-05
-9.29127e-05
-0.000124549
-0.000103693
-3.71836e-05
-7.5785e-05
1.58347e-05
-1.92347e-05
-5.65688e-05
-0.000107396
-0.000108621
-0.000102014
-4.25657e-05
-7.32534e-05
-1.29253e-05
-3.38266e-05
-5.86614e-05
-0.000102289
-0.00010162
-9.10544e-05
-5.38006e-05
-6.76657e-05
-3.63139e-05
-4.249e-05
-5.90024e-05
-8.77985e-05
-9.71894e-05
-7.74375e-05
-6.41617e-05
-6.23019e-05
-5.14495e-05
-4.67002e-05
-5.8092e-05
-7.15121e-05
-9.29007e-05
-6.54585e-05
-7.02153e-05
-5.79964e-05
-5.89116e-05
-4.84561e-05
-5.62405e-05
-5.86117e-05
-8.87531e-05
-5.6693e-05
-7.21339e-05
-5.44248e-05
-6.11799e-05
-4.90835e-05
-5.37975e-05
-5.01844e-05
-8.4726e-05
-5.08267e-05
-7.14915e-05
-5.1176e-05
-6.08308e-05
-4.92021e-05
-5.10573e-05
-4.48953e-05
-8.09159e-05
-4.66827e-05
-6.9704e-05
-4.79612e-05
-5.95524e-05
-4.89591e-05
-4.82041e-05
-4.09376e-05
-7.73641e-05
-4.31257e-05
-6.75157e-05
-4.47226e-05
-5.79555e-05
-4.83104e-05
-4.53712e-05
-3.7476e-05
-7.40142e-05
-3.98207e-05
-6.5171e-05
-4.15796e-05
-5.61963e-05
-4.7266e-05
-4.26236e-05
-3.43437e-05
-7.08169e-05
-3.67699e-05
-6.27451e-05
-3.86284e-05
-5.43375e-05
-4.59363e-05
-3.9958e-05
-3.14999e-05
-6.78014e-05
-3.39241e-05
-6.03212e-05
-3.58407e-05
-5.24209e-05
-4.44261e-05
-3.73509e-05
-2.88797e-05
-6.49749e-05
-3.12435e-05
-5.79574e-05
-3.31771e-05
-5.04873e-05
-4.28136e-05
-3.47896e-05
-2.64339e-05
-6.234e-05
-2.87017e-05
-5.56896e-05
-3.06138e-05
-4.8575e-05
-4.116e-05
-3.22673e-05
-2.41255e-05
-5.98962e-05
-2.62759e-05
-5.3539e-05
-2.81358e-05
-4.67151e-05
-3.95154e-05
-2.97803e-05
-2.19262e-05
-5.76416e-05
-2.39448e-05
-5.15201e-05
-2.57271e-05
-4.49328e-05
-3.79167e-05
-2.73258e-05
-1.98136e-05
-5.55733e-05
-2.16903e-05
-4.96432e-05
-2.33744e-05
-4.32487e-05
-3.63898e-05
-2.49012e-05
-1.77712e-05
-5.36896e-05
-1.94975e-05
-4.79168e-05
-2.10675e-05
-4.16786e-05
-3.49542e-05
-2.25028e-05
-1.57875e-05
-5.19896e-05
-1.73565e-05
-4.63476e-05
-1.87991e-05
-4.02358e-05
-3.36251e-05
-2.0128e-05
-1.38535e-05
-5.04759e-05
-1.52581e-05
-4.49429e-05
-1.65623e-05
-3.89316e-05
-3.24135e-05
-1.77737e-05
-1.19627e-05
-4.9155e-05
-1.31945e-05
-4.3711e-05
-1.43507e-05
-3.77756e-05
-3.13285e-05
-1.54356e-05
-1.01112e-05
-4.80298e-05
-1.11618e-05
-4.26604e-05
-1.21585e-05
-3.67789e-05
-3.03789e-05
-1.3108e-05
-8.2842e-06
-4.70842e-05
-9.15614e-06
-4.17885e-05
-9.98355e-06
-3.59515e-05
-2.95762e-05
-1.0786e-05
-6.43611e-06
-4.62991e-05
-7.15047e-06
-4.10742e-05
-7.81763e-06
-3.52843e-05
-2.89272e-05
-8.46628e-06
-4.53912e-06
-4.56979e-05
-5.10013e-06
-4.05132e-05
-5.62714e-06
-3.47572e-05
-2.84196e-05
-6.13444e-06
-2.66587e-06
-4.5334e-05
-3.02435e-06
-4.01547e-05
-3.38409e-06
-3.43976e-05
-2.8055e-05
-3.74856e-06
-8.80862e-07
-9.94714e-07
-1.12034e-06
-1.26879e-06
0.000233007
-6.06026e-05
0.00025286
-8.6147e-05
0.000266429
-0.000108343
0.000277022
-0.000130041
0.000284239
-0.000147486
0.000287217
-0.000161983
0.00027794
-0.000160531
0.000253075
-0.00014077
0.000215107
-9.34089e-05
0.00016428
-2.92527e-05
0.000131159
4.5248e-08
0.000122763
3.65511e-06
0.000125454
-1.22293e-05
0.000140236
-2.03205e-05
0.000179638
2.27122e-05
0.000205345
0.000131164
0.000228139
0.000262877
0.000172645
0.000452334
0.000489808
0.000234824
-7.39381e-05
0.000246419
-9.77421e-05
0.000256107
-0.000118032
0.0002629
-0.000136833
0.000261241
-0.000145827
0.000251746
-0.000152488
0.000223762
-0.000132547
0.000185738
-0.000102746
0.000158771
-6.64413e-05
0.000148545
-1.90271e-05
0.00014592
2.67152e-06
0.000143839
5.73607e-06
0.000122205
9.40425e-06
7.67789e-05
2.51062e-05
7.51726e-05
2.43187e-05
8.88752e-05
0.000117462
9.2803e-05
0.000258949
0.000113698
0.000431439
0.000603506
0.000222579
-8.69209e-05
0.00023315
-0.000108313
0.000237588
-0.00012247
0.000236786
-0.000136031
0.00022257
-0.000131611
0.000194115
-0.000124033
0.000171125
-0.000109558
0.000151517
-8.31377e-05
0.000135444
-5.03687e-05
0.000131778
-1.53601e-05
0.00012405
1.03987e-05
0.000103862
2.59248e-05
7.51842e-05
3.8082e-05
4.77493e-05
5.25414e-05
1.9454e-05
5.26138e-05
-5.9931e-07
0.000137515
1.98872e-05
0.000238462
5.96883e-05
0.000391637
0.000663194
0.000209531
-9.40602e-05
0.000215073
-0.000113854
0.000210595
-0.000117992
0.000193998
-0.000119434
0.000184182
-0.000121795
0.000172109
-0.00011196
0.000155834
-9.32826e-05
0.000137047
-6.43505e-05
0.000115028
-2.83494e-05
9.48471e-05
4.82111e-06
7.92359e-05
2.60097e-05
6.95969e-05
3.55639e-05
6.26972e-05
4.49822e-05
5.78222e-05
5.74165e-05
3.75258e-05
7.29099e-05
5.97082e-07
0.000174443
1.49173e-05
0.000224142
2.41287e-05
0.000382426
0.000687323
0.000185696
-9.05976e-05
0.000179629
-0.000107788
0.000182823
-0.000121185
0.000188117
-0.000124729
0.00018172
-0.000115398
0.00016363
-9.38709e-05
0.000132782
-6.2434e-05
9.66163e-05
-2.81851e-05
6.61226e-05
2.14427e-06
5.2402e-05
1.85416e-05
5.53281e-05
2.30836e-05
6.63204e-05
2.45716e-05
7.70173e-05
3.42851e-05
8.74176e-05
4.7016e-05
8.5551e-05
7.47764e-05
9.23435e-05
0.00016765
0.000129047
0.000187438
-1.6342e-07
0.000511636
0.000687159
0.00017575
-0.00010792
0.000187359
-0.000119397
0.000189947
-0.000123773
0.000177844
-0.000112626
0.000149846
-8.7399e-05
0.000111177
-5.52019e-05
7.02024e-05
-2.14591e-05
3.88893e-05
3.12799e-06
2.90557e-05
1.19775e-05
3.80006e-05
9.59665e-06
5.64192e-05
4.6652e-06
7.67589e-05
4.23176e-06
9.71553e-05
1.38883e-05
0.000119963
2.42083e-05
0.000138708
5.6031e-05
0.000168306
0.000138052
0.000178558
0.000177186
-9.30424e-06
0.000699498
0.000677855
0.000173272
-0.000111752
0.000161605
-0.00010773
0.00013484
-9.7008e-05
9.97226e-05
-7.75081e-05
6.21264e-05
-4.98025e-05
2.88207e-05
-2.18959e-05
8.67119e-06
-1.30944e-06
6.92499e-06
4.87407e-06
1.92743e-05
-3.72028e-07
3.93376e-05
-1.04667e-05
6.19166e-05
-1.79139e-05
8.62007e-05
-2.00527e-05
0.000116336
-1.6247e-05
0.000152904
-1.23605e-05
0.000179125
2.98108e-05
0.000175396
0.000141781
9.82571e-05
0.000254324
-1.1305e-05
0.00080906
0.00066655
0.00011172
-8.41514e-05
7.66053e-05
-7.26149e-05
4.06672e-05
-6.10697e-05
1.05702e-05
-4.74109e-05
-9.88113e-06
-2.93509e-05
-1.85676e-05
-1.32092e-05
-1.45018e-05
-5.37514e-06
-6.39517e-07
-8.98817e-06
1.87022e-05
-1.97139e-05
3.96349e-05
-3.13997e-05
6.35288e-05
-4.18082e-05
9.34065e-05
-4.99304e-05
0.0001358
-5.86402e-05
0.000185331
-6.18918e-05
0.000206874
8.26776e-06
0.000167564
0.000181091
4.86798e-05
0.000373208
-1.03376e-05
0.000868078
0.000656213
3.09444e-05
-4.48417e-05
1.21168e-06
-4.28819e-05
-1.76862e-05
-4.21714e-05
-2.99436e-05
-3.51531e-05
-3.44448e-05
-2.48496e-05
-3.02695e-05
-1.73843e-05
-1.81142e-05
-1.75304e-05
-1.72741e-06
-2.53748e-05
1.60653e-05
-3.75065e-05
3.59322e-05
-5.12668e-05
6.1458e-05
-6.73342e-05
9.80035e-05
-8.64758e-05
0.000152746
-0.000113382
0.000210471
-0.000119617
0.000223115
-4.37655e-06
0.000163977
0.000240228
2.86597e-05
0.000508525
-8.45222e-06
0.00090519
0.000647761
-1.23318e-05
-2.09273e-05
-2.50793e-05
-3.01341e-05
-3.53458e-05
-3.19047e-05
-4.05129e-05
-2.99858e-05
-3.8807e-05
-2.65554e-05
-3.07312e-05
-2.54599e-05
-1.87654e-05
-2.9496e-05
-5.27198e-06
-3.88681e-05
9.81416e-06
-5.25928e-05
2.87481e-05
-7.02014e-05
5.51398e-05
-9.3726e-05
9.66337e-05
-0.00012797
0.000159134
-0.000175883
0.000218124
-0.000178607
0.000223645
-9.89715e-06
0.000162751
0.000301122
2.36036e-05
0.000647672
-5.96777e-06
0.000934761
0.000641793
-2.54915e-05
-9.38186e-06
-3.47909e-05
-2.08344e-05
-3.99503e-05
-2.67451e-05
-4.07841e-05
-2.91519e-05
-3.73888e-05
-2.99505e-05
-3.05431e-05
-3.23054e-05
-2.16745e-05
-3.83646e-05
-1.14633e-05
-4.90794e-05
9.8829e-07
-6.50448e-05
1.80718e-05
-8.72852e-05
4.27052e-05
-0.000118359
8.3892e-05
-0.000169157
0.000144517
-0.000236508
0.000196127
-0.000230217
0.000200105
-1.38758e-05
0.000139854
0.000361374
1.14905e-05
0.000776036
-7.67329e-06
0.000953925
0.000634119
-3.32856e-05
-3.15384e-06
-3.74856e-05
-1.66341e-05
-3.96043e-05
-2.46262e-05
-3.95005e-05
-2.92557e-05
-3.7027e-05
-3.24239e-05
-3.25144e-05
-3.68179e-05
-2.65477e-05
-4.43312e-05
-1.92509e-05
-5.63764e-05
-1.0051e-05
-7.42451e-05
2.6505e-06
-9.99866e-05
2.33454e-05
-0.000139055
5.67845e-05
-0.000202596
0.000101253
-0.000280977
0.000132626
-0.00026159
0.000133458
-1.47081e-05
6.87484e-05
0.000426083
-2.31403e-05
0.000867924
-6.00357e-06
0.000936788
0.000628116
-3.79777e-05
-2.84135e-06
-3.92306e-05
-1.5381e-05
-4.00247e-05
-2.38319e-05
-4.00044e-05
-2.92759e-05
-3.86376e-05
-3.37905e-05
-3.6012e-05
-3.94433e-05
-3.24007e-05
-4.79425e-05
-2.79885e-05
-6.07891e-05
-2.26373e-05
-7.95964e-05
-1.54925e-05
-0.000107132
-3.81279e-06
-0.000150735
1.6086e-05
-0.000222495
3.11963e-05
-0.000296087
2.46811e-05
-0.000255074
-5.48853e-07
1.05213e-05
-8.57985e-05
0.000511333
-0.000109965
0.000892091
-3.08618e-05
0.000857685
0.000597254
-4.27888e-05
-6.22461e-06
-4.20323e-05
-1.61372e-05
-4.2002e-05
-2.38621e-05
-4.19879e-05
-2.92899e-05
-4.13751e-05
-3.44031e-05
-4.01764e-05
-4.06417e-05
-3.86473e-05
-4.94716e-05
-3.71488e-05
-6.22878e-05
-3.59402e-05
-8.08046e-05
-3.50998e-05
-0.000107972
-3.48219e-05
-0.000151012
-3.72092e-05
-0.000220108
-4.6639e-05
-0.000286658
-8.28112e-05
-0.000218902
-0.00015352
8.12301e-05
-0.000191396
0.000549208
-0.000161689
0.000862384
-5.86332e-05
0.000754628
0.000538621
-4.74722e-05
-1.11204e-05
-4.53802e-05
-1.82291e-05
-4.47063e-05
-2.45358e-05
-4.45713e-05
-2.94248e-05
-4.44859e-05
-3.44885e-05
-4.44785e-05
-4.0649e-05
-4.48466e-05
-4.91036e-05
-4.60955e-05
-6.10388e-05
-4.89138e-05
-7.79863e-05
-5.43833e-05
-0.000102503
-6.50364e-05
-0.000140359
-8.49503e-05
-0.000200194
-0.000116546
-0.000255062
-0.000167797
-0.000167652
-0.000247083
0.000160517
-0.000245848
0.000547973
-0.000177141
0.000793677
-7.01005e-05
0.000647588
0.000468521
-5.13416e-05
-1.63476e-05
-4.83965e-05
-2.11741e-05
-4.73011e-05
-2.5631e-05
-4.71191e-05
-2.96067e-05
-4.75208e-05
-3.40867e-05
-4.8557e-05
-3.96128e-05
-5.05738e-05
-4.70869e-05
-5.42186e-05
-5.73935e-05
-6.05116e-05
-7.16936e-05
-7.13352e-05
-9.16794e-05
-9.07554e-05
-0.000120939
-0.000125103
-0.000165846
-0.000174925
-0.000205241
-0.000220736
-0.00012184
-0.000263211
0.000202991
-0.000244196
0.000528958
-0.00016419
0.000713671
-7.55267e-05
0.000558924
0.000392994
-5.37644e-05
-2.12446e-05
-5.05942e-05
-2.43442e-05
-4.93952e-05
-2.68297e-05
-4.93226e-05
-2.9679e-05
-5.02124e-05
-3.31967e-05
-5.21338e-05
-3.76914e-05
-5.5481e-05
-4.37396e-05
-6.09801e-05
-5.18941e-05
-6.98516e-05
-6.28223e-05
-8.43062e-05
-7.72245e-05
-0.000108887
-9.63578e-05
-0.000151531
-0.000123202
-0.000213041
-0.00014373
-0.000261661
-7.32192e-05
-0.000259156
0.000200486
-0.000218442
0.000488244
-0.000135988
0.000631217
-7.17547e-05
0.000494691
0.000321239
-5.47151e-05
-2.55319e-05
-5.18652e-05
-2.71941e-05
-5.08526e-05
-2.7842e-05
-5.10331e-05
-2.94982e-05
-5.23814e-05
-3.1848e-05
-5.50037e-05
-3.50689e-05
-5.93158e-05
-3.94272e-05
-6.60524e-05
-4.51579e-05
-7.64395e-05
-5.24349e-05
-9.25394e-05
-6.11246e-05
-0.000118117
-7.07801e-05
-0.000160132
-8.1187e-05
-0.00022201
-8.18517e-05
-0.00027525
-1.99794e-05
-0.000255693
0.000180929
-0.000192351
0.000424901
-0.000107734
0.0005466
-5.41491e-05
0.000441107
0.00026709
-5.44934e-05
-2.91305e-05
-5.23106e-05
-2.93769e-05
-5.16542e-05
-2.84985e-05
-5.21679e-05
-2.89844e-05
-5.39129e-05
-3.01028e-05
-5.70414e-05
-3.19402e-05
-6.19576e-05
-3.45106e-05
-6.93347e-05
-3.77808e-05
-8.02439e-05
-4.15253e-05
-9.63237e-05
-4.50447e-05
-0.000120134
-4.69698e-05
-0.000156216
-4.51048e-05
-0.000207438
-3.06301e-05
-0.00025533
2.79125e-05
-0.000242644
0.000168243
-0.000171232
0.000353489
-8.45216e-05
0.00045989
-3.27135e-05
0.000389298
0.000234376
-5.34798e-05
-3.18911e-05
-5.20682e-05
-3.07885e-05
-5.18338e-05
-2.8733e-05
-5.27e-05
-2.81183e-05
-5.47611e-05
-2.80417e-05
-5.82068e-05
-2.84943e-05
-6.34017e-05
-2.93158e-05
-7.09109e-05
-3.02715e-05
-8.15683e-05
-3.08676e-05
-9.6511e-05
-3.01025e-05
-0.000117218
-2.62627e-05
-0.000145886
-1.64368e-05
-0.000183124
6.60812e-06
-0.000215395
6.01834e-05
-0.000208868
0.000161716
-0.000147755
0.000292376
-6.55848e-05
0.00037772
-1.82212e-05
0.000341934
0.000216155
-5.19039e-05
-3.37844e-05
-5.12597e-05
-3.14324e-05
-5.14585e-05
-2.85341e-05
-5.26432e-05
-2.69336e-05
-5.49309e-05
-2.5754e-05
-5.85257e-05
-2.48996e-05
-6.37324e-05
-2.41097e-05
-7.09886e-05
-2.30154e-05
-8.08753e-05
-2.09812e-05
-9.40837e-05
-1.6894e-05
-0.000111242
-9.10489e-06
-0.000133046
5.36825e-06
-0.000157945
3.1507e-05
-0.00017642
7.86589e-05
-0.000168813
0.000154109
-0.000122304
0.000245866
-5.55868e-05
0.000311002
-1.31797e-05
0.000299527
0.000202975
-5.00255e-05
-3.48161e-05
-5.00114e-05
-3.14463e-05
-5.05908e-05
-2.79545e-05
-5.20343e-05
-2.54899e-05
-5.44675e-05
-2.33209e-05
-5.80703e-05
-2.12967e-05
-6.30869e-05
-1.90931e-05
-6.98294e-05
-1.62729e-05
-7.86458e-05
-1.2165e-05
-8.98443e-05
-5.69571e-06
-0.000103635
4.68547e-06
-0.00011953
2.12637e-05
-0.000135447
4.74238e-05
-0.000144616
8.78271e-05
-0.000135364
0.000144857
-9.99326e-05
0.000210435
-4.92682e-05
0.000260338
-1.29498e-05
0.000263209
0.000190025
-4.79392e-05
-3.5081e-05
-4.84037e-05
-3.09819e-05
-4.93161e-05
-2.70421e-05
-5.09516e-05
-2.38542e-05
-5.34413e-05
-2.08312e-05
-5.69395e-05
-1.77986e-05
-6.16271e-05
-1.44054e-05
-6.76993e-05
-1.02009e-05
-7.53325e-05
-4.53181e-06
-8.45861e-05
3.55776e-06
-9.52352e-05
1.53346e-05
-0.000106476
3.25035e-05
-0.000116192
5.71409e-05
-0.000119683
9.13172e-05
-0.000109972
0.000135146
-8.27341e-05
0.000183197
-4.45428e-05
0.000222146
-1.36693e-05
0.000232335
0.000176356
-4.57264e-05
-3.47258e-05
-4.65355e-05
-3.01729e-05
-4.76964e-05
-2.58812e-05
-4.94574e-05
-2.20931e-05
-5.19319e-05
-1.83568e-05
-5.52451e-05
-1.44856e-05
-5.95194e-05
-1.01309e-05
-6.48571e-05
-4.86319e-06
-7.13052e-05
1.91627e-06
-7.87328e-05
1.0985e-05
-8.6745e-05
2.33472e-05
-9.44224e-05
4.01805e-05
-9.99365e-05
6.2655e-05
-0.000100076
9.14567e-05
-9.06868e-05
0.000125757
-6.9423e-05
0.000161933
-4.01433e-05
0.000192866
-1.38176e-05
0.000206009
0.000162538
-4.34167e-05
-3.39326e-05
-4.44674e-05
-2.91222e-05
-4.58e-05
-2.45485e-05
-4.76224e-05
-2.02704e-05
-5.00223e-05
-1.5957e-05
-5.30971e-05
-1.14109e-05
-5.6916e-05
-6.31218e-06
-6.15189e-05
-2.59982e-07
-6.684e-05
7.23725e-06
-7.26694e-05
1.68142e-05
-7.85346e-05
2.92127e-05
-8.35541e-05
4.52001e-05
-8.62552e-05
6.5356e-05
-8.44628e-05
8.9664e-05
-7.57057e-05
0.000117
-5.87118e-05
0.000144939
-3.56942e-05
0.000169848
-1.32641e-05
0.000183579
0.000149274
-4.10247e-05
-3.28657e-05
-4.22408e-05
-2.79061e-05
-4.36841e-05
-2.31049e-05
-4.55126e-05
-1.84417e-05
-4.77928e-05
-1.36769e-05
-5.06e-05
-8.60363e-06
-5.39569e-05
-2.95567e-06
-5.78521e-05
3.63568e-06
-6.21645e-05
1.15493e-05
-6.6639e-05
2.1289e-05
-7.08015e-05
3.3375e-05
-7.38747e-05
4.82733e-05
-7.47161e-05
6.61973e-05
-7.1856e-05
8.68035e-05
-6.38189e-05
0.000108962
-4.99111e-05
0.000131032
-3.13788e-05
0.000151316
-1.22974e-05
0.000164498
0.000136977
-3.85812e-05
-3.16352e-05
-3.98981e-05
-2.65892e-05
-4.13956e-05
-2.16073e-05
-4.31841e-05
-1.66529e-05
-4.53182e-05
-1.15429e-05
-4.78406e-05
-6.08116e-06
-5.07606e-05
-3.59464e-08
-5.40023e-05
6.87784e-06
-5.74362e-05
1.4983e-05
-6.07926e-05
2.46455e-05
-6.36322e-05
3.62146e-05
-6.53027e-05
4.99434e-05
-6.49362e-05
6.58307e-05
-6.15382e-05
8.34057e-05
-5.42243e-05
0.000101648
-4.26157e-05
0.000119423
-2.74043e-05
0.000136105
-1.11604e-05
0.000148254
0.000125816
-3.61057e-05
-3.0319e-05
-3.74735e-05
-2.52213e-05
-3.89778e-05
-2.01028e-05
-4.06971e-05
-1.49335e-05
-4.266e-05
-9.57972e-06
-4.49064e-05
-3.83475e-06
-4.74055e-05
2.46308e-06
-5.00738e-05
9.54649e-06
-5.27632e-05
1.76722e-05
-5.52166e-05
2.70989e-05
-5.7047e-05
3.80451e-05
-5.77227e-05
5.06191e-05
-5.65936e-05
6.47014e-05
-5.29845e-05
7.9797e-05
-4.63638e-05
9.50268e-05
-3.65274e-05
0.000109587
-2.38515e-05
0.000123429
-9.99016e-06
0.000134392
0.000115826
-3.36134e-05
-2.89726e-05
-3.49922e-05
-2.38424e-05
-3.64625e-05
-1.86323e-05
-3.80808e-05
-1.33151e-05
-3.98864e-05
-7.77381e-06
-4.18575e-05
-1.86387e-06
-4.39755e-05
4.58126e-06
-4.61452e-05
1.17162e-05
-4.8216e-05
1.97432e-05
-4.99535e-05
2.88363e-05
-5.10273e-05
3.91189e-05
-5.10123e-05
5.06044e-05
-4.94253e-05
6.31139e-05
-4.58062e-05
7.6178e-05
-3.98359e-05
8.90562e-05
-3.14088e-05
0.00010116
-2.0722e-05
0.000112742
-8.85903e-06
0.000122529
0.000106967
-3.11163e-05
-2.76365e-05
-3.24701e-05
-2.24885e-05
-3.38824e-05
-1.72201e-05
-3.53933e-05
-1.18043e-05
-3.70157e-05
-6.15136e-06
-3.87476e-05
-1.32294e-07
-4.05261e-05
6.36011e-06
-4.22711e-05
1.3461e-05
-4.38373e-05
2.13096e-05
-4.50171e-05
3.00162e-05
-4.55349e-05
3.96362e-05
-4.50545e-05
5.01244e-05
-4.32186e-05
6.12775e-05
-3.97126e-05
7.2672e-05
-3.43468e-05
8.36903e-05
-2.70722e-05
9.3885e-05
-1.79841e-05
0.000103654
-7.80276e-06
0.000112348
9.91643e-05
-2.86228e-05
-2.63394e-05
-2.99254e-05
-2.1186e-05
-3.12606e-05
-1.58851e-05
-3.26526e-05
-1.04124e-05
-3.41094e-05
-4.6947e-06
-3.56098e-05
1.36796e-06
-3.70972e-05
7.84773e-06
-3.84875e-05
1.48512e-05
-3.96495e-05
2.24714e-05
-4.04029e-05
3.077e-05
-4.05218e-05
3.97546e-05
-3.97429e-05
4.93458e-05
-3.78017e-05
5.93363e-05
-3.44835e-05
6.93538e-05
-2.96777e-05
7.88847e-05
-2.33687e-05
8.75761e-05
-1.55938e-05
9.58788e-05
-6.83562e-06
0.00010359
9.23287e-05
-2.61362e-05
-2.51043e-05
-2.73703e-05
-1.9952e-05
-2.86166e-05
-1.46391e-05
-2.98859e-05
-9.14289e-06
-3.11861e-05
-3.39473e-06
-3.2481e-05
2.66295e-06
-3.37186e-05
9.08533e-06
-3.48173e-05
1.59501e-05
-3.56608e-05
2.33146e-05
-3.60956e-05
3.12051e-05
-3.59379e-05
3.95967e-05
-3.49833e-05
4.83913e-05
-3.30362e-05
5.73893e-05
-2.99497e-05
6.62674e-05
-2.56629e-05
7.45981e-05
-2.01796e-05
8.20928e-05
-1.35043e-05
8.92036e-05
-5.95946e-06
9.60451e-05
8.63692e-05
-2.36608e-05
-2.39462e-05
-2.48139e-05
-1.87988e-05
-2.59604e-05
-1.34926e-05
-2.71205e-05
-7.98243e-06
-2.82678e-05
-2.24767e-06
-2.93829e-05
3.77841e-06
-3.04097e-05
1.0112e-05
-3.12726e-05
1.68132e-05
-3.18701e-05
2.39118e-05
-3.20734e-05
3.14085e-05
-3.1734e-05
3.92573e-05
-3.06943e-05
4.73515e-05
-2.88095e-05
5.55045e-05
-2.59796e-05
6.34375e-05
-2.21747e-05
7.07932e-05
-1.74099e-05
7.73279e-05
-1.16712e-05
8.34648e-05
-5.16931e-06
8.95432e-05
8.11999e-05
-2.11994e-05
-2.28745e-05
-2.22598e-05
-1.77384e-05
-2.33138e-05
-1.24386e-05
-2.43565e-05
-6.93939e-06
-2.53719e-05
-1.23262e-06
-2.63312e-05
4.73797e-06
-2.71826e-05
1.09631e-05
-2.78581e-05
1.74887e-05
-2.82699e-05
2.43234e-05
-2.83116e-05
3.14498e-05
-2.78637e-05
3.88094e-05
-2.68054e-05
4.62928e-05
-2.50299e-05
5.37288e-05
-2.24693e-05
6.08767e-05
-1.91132e-05
6.74369e-05
-1.49828e-05
7.31974e-05
-1.00541e-05
7.85361e-05
-4.45697e-06
8.3946e-05
7.67429e-05
-1.87508e-05
-2.18972e-05
-1.97172e-05
-1.67721e-05
-2.06731e-05
-1.14827e-05
-2.16064e-05
-6.006e-06
-2.25114e-05
-3.28076e-07
-2.33353e-05
5.56175e-06
-2.40431e-05
1.16704e-05
-2.45727e-05
1.80178e-05
-2.48487e-05
2.45992e-05
-2.47843e-05
3.13847e-05
-2.42842e-05
3.83091e-05
-2.32562e-05
4.52643e-05
-2.16217e-05
5.2094e-05
-1.93356e-05
5.85903e-05
-1.63987e-05
6.44999e-05
-1.2836e-05
6.96347e-05
-8.61789e-06
7.4318e-05
-3.8131e-06
7.91412e-05
7.29298e-05
-1.6313e-05
-2.10197e-05
-1.7184e-05
-1.59015e-05
-1.80464e-05
-1.06202e-05
-1.88863e-05
-5.16636e-06
-1.96842e-05
4.6949e-07
-2.03989e-05
6.27609e-06
-2.09921e-05
1.22633e-05
-2.14111e-05
1.84361e-05
-2.15923e-05
2.47801e-05
-2.14657e-05
3.12575e-05
-2.09563e-05
3.77996e-05
-1.99942e-05
4.43018e-05
-1.85222e-05
5.06219e-05
-1.65107e-05
5.65787e-05
-1.39674e-05
6.19566e-05
-1.09186e-05
6.65859e-05
-7.33191e-06
7.07314e-05
-3.22838e-06
7.50377e-05
6.97014e-05
-1.38833e-05
-2.02443e-05
-1.46588e-05
-1.51261e-05
-1.54341e-05
-9.84487e-06
-1.61911e-05
-4.40951e-06
-1.68993e-05
1.17754e-06
-1.75242e-05
6.90055e-06
-1.80278e-05
1.27669e-05
-1.83655e-05
1.87733e-05
-1.84849e-05
2.48995e-05
-1.83304e-05
3.11027e-05
-1.78442e-05
3.73134e-05
-1.69739e-05
4.34314e-05
-1.56784e-05
4.93265e-05
-1.39389e-05
5.48394e-05
-1.17668e-05
5.97847e-05
-9.18816e-06
6.40073e-05
-6.17005e-06
6.77133e-05
-2.69414e-06
7.15617e-05
6.70072e-05
-1.14534e-05
-1.95767e-05
-1.21359e-05
-1.44436e-05
-1.28376e-05
-9.14282e-06
-1.35211e-05
-3.72606e-06
-1.41568e-05
1.81333e-06
-1.47101e-05
7.45352e-06
-1.51454e-05
1.32024e-05
-1.54259e-05
1.90534e-05
-1.55096e-05
2.49834e-05
-1.53539e-05
3.09469e-05
-1.49152e-05
3.68747e-05
-1.41549e-05
4.26712e-05
-1.30447e-05
4.82163e-05
-1.15731e-05
5.3368e-05
-9.75312e-06
5.79648e-05
-7.60934e-06
6.18636e-05
-5.10966e-06
6.52136e-05
-2.20282e-06
6.86549e-05
6.48045e-05
-9.01942e-06
-1.90232e-05
-9.6131e-06
-1.38497e-05
-1.02477e-05
-8.50791e-06
-1.08753e-05
-3.09845e-06
-1.1456e-05
2.39422e-06
-1.1955e-05
7.95218e-06
-1.23406e-05
1.35881e-05
-1.25836e-05
1.92961e-05
-1.26523e-05
2.50522e-05
-1.25156e-05
3.08101e-05
-1.21421e-05
3.65013e-05
-1.15048e-05
4.2034e-05
-1.05848e-05
4.72963e-05
-9.37614e-06
5.21594e-05
-7.89165e-06
5.64803e-05
-6.15393e-06
6.01259e-05
-4.13245e-06
6.31922e-05
-1.74841e-06
6.6271e-05
6.30562e-05
-6.57156e-06
-1.8586e-05
-7.07843e-06
-1.33427e-05
-7.66123e-06
-7.92504e-06
-8.25013e-06
-2.50964e-06
-8.78828e-06
2.93236e-06
-9.24381e-06
8.40735e-06
-9.59031e-06
1.39346e-05
-9.80741e-06
1.95129e-05
-9.87414e-06
2.51189e-05
-9.76984e-06
3.07057e-05
-9.47396e-06
3.62053e-05
-8.969e-06
4.15289e-05
-8.24328e-06
4.65706e-05
-7.29465e-06
5.12108e-05
-6.13488e-06
5.53206e-05
-4.78356e-06
5.87747e-05
-3.21282e-06
6.16216e-05
-1.325e-06
6.43833e-05
6.17312e-05
-4.07683e-06
-1.82578e-05
-4.50789e-06
-1.29117e-05
-5.0849e-06
-7.34816e-06
-5.69732e-06
-1.89744e-06
-6.24766e-06
3.48258e-06
-6.70095e-06
8.86027e-06
-7.03838e-06
1.42719e-05
-7.25105e-06
1.97253e-05
-7.33027e-06
2.51979e-05
-7.26685e-06
3.06421e-05
-7.05093e-06
3.59892e-05
-6.67387e-06
4.11518e-05
-6.13047e-06
4.60271e-05
-5.42145e-06
5.05017e-05
-4.55767e-06
5.44568e-05
-3.55675e-06
5.77738e-05
-2.38813e-06
6.04531e-05
-9.48657e-07
6.2944e-05
6.07826e-05
-1.42795e-06
-1.6727e-06
-2.02812e-06
-2.45709e-06
-2.8825e-06
-3.24885e-06
-3.53802e-06
-3.74049e-06
-3.85092e-06
-3.866e-06
-3.78334e-06
-3.60152e-06
-3.32083e-06
-2.94426e-06
-2.47978e-06
-1.9412e-06
-1.30008e-06
-5.05978e-07
)
;

boundaryField
{
    leftWall
    {
        type            calculated;
        value           uniform 0;
    }
    rightWall
    {
        type            calculated;
        value           uniform 0;
    }
    lowerWall
    {
        type            calculated;
        value           uniform 0;
    }
    atmosphere
    {
        type            calculated;
        value           nonuniform List<scalar> 
46
(
-1.70995e-05
-1.80589e-05
-1.79917e-05
-1.79954e-05
-1.79627e-05
-1.79056e-05
-1.78243e-05
-1.77206e-05
-1.75959e-05
-1.7451e-05
-1.72868e-05
-1.71039e-05
-1.69028e-05
-1.66841e-05
-1.64481e-05
-1.61952e-05
-1.59259e-05
-1.56405e-05
-1.53393e-05
-1.50225e-05
-1.46903e-05
-1.43428e-05
-1.39798e-05
-4.52217e-05
-4.00409e-05
-3.42722e-05
-2.79065e-05
-1.80988e-05
-1.2667e-05
-6.99288e-06
-1.46872e-06
3.90785e-06
9.22635e-06
1.45609e-05
1.99276e-05
2.53082e-05
3.06571e-05
3.59064e-05
4.09699e-05
4.57464e-05
5.01252e-05
5.39924e-05
5.72353e-05
5.9812e-05
6.21499e-05
6.02766e-05
)
;
    }
    defaultFaces
    {
        type            empty;
        value           nonuniform List<scalar> 0();
    }
}


// ************************************************************************* //
