/*--------------------------------*- C++ -*----------------------------------*\
| =========                 |                                                 |
| \\      /  F ield         | OpenFOAM: The Open Source CFD Toolbox           |
|  \\    /   O peration     | Version:  2206                                  |
|   \\  /    A nd           | Website:  www.openfoam.com                      |
|    \\/     M anipulation  |                                                 |
\*---------------------------------------------------------------------------*/
FoamFile
{
    version     2.0;
    format      ascii;
    arch        "LSB;label=32;scalar=64";
    class       surfaceScalarField;
    location    "0.85";
    object      phi;
}
// * * * * * * * * * * * * * * * * * * * * * * * * * * * * * * * * * * * * * //

dimensions      [0 3 -1 0 0 0 0];

oriented        oriented;

internalField   nonuniform List<scalar> 
4432
(
-4.8045e-06
4.8045e-06
-1.06997e-05
5.8952e-06
-1.72151e-05
6.51542e-06
-2.36373e-05
6.42216e-06
-2.75775e-05
3.9402e-06
-2.76116e-05
3.4166e-08
-2.56502e-05
-1.96145e-06
-2.37429e-05
-1.90725e-06
-2.22255e-05
-1.51743e-06
-2.07727e-05
-1.45284e-06
-1.93725e-05
-1.40018e-06
-1.82001e-05
-1.17237e-06
-1.72679e-05
-9.32267e-07
-1.62552e-05
-1.0127e-06
-1.48688e-05
-1.38634e-06
-1.4608e-05
-2.60793e-07
-1.8214e-05
3.60599e-06
-2.41713e-05
5.9573e-06
-2.69148e-05
2.74346e-06
-2.32708e-05
-3.64394e-06
-1.59098e-05
-7.36104e-06
-7.24038e-06
-8.66941e-06
-7.24038e-06
-9.06287e-06
1.38674e-05
-1.75712e-05
1.44036e-05
-2.47074e-05
1.36516e-05
-2.9365e-05
1.10798e-05
-3.04775e-05
5.05268e-06
-2.89301e-05
-1.5132e-06
-2.63875e-05
-4.5041e-06
-2.41821e-05
-4.11265e-06
-2.24889e-05
-3.21061e-06
-2.08136e-05
-3.12816e-06
-1.89404e-05
-3.27342e-06
-1.71027e-05
-3.01006e-06
-1.57941e-05
-2.2408e-06
-1.5604e-05
-1.20284e-06
-1.70402e-05
4.98107e-08
-1.98897e-05
2.58876e-06
-2.26983e-05
6.41454e-06
-2.3185e-05
6.444e-06
-1.97837e-05
-6.578e-07
-1.46416e-05
-8.7861e-06
-9.57005e-06
-1.24325e-05
-4.182e-06
-1.40575e-05
-1.14224e-05
-9.57977e-06
2.34471e-05
-1.78041e-05
2.26279e-05
-2.447e-05
2.03176e-05
-2.91624e-05
1.57722e-05
-3.10391e-05
6.92929e-06
-2.99409e-05
-2.61133e-06
-2.74992e-05
-6.94584e-06
-2.52234e-05
-6.38847e-06
-2.33221e-05
-5.11187e-06
-2.13245e-05
-5.12579e-06
-1.89462e-05
-5.65173e-06
-1.6321e-05
-5.63521e-06
-1.38614e-05
-4.70046e-06
-1.21129e-05
-2.95136e-06
-1.17363e-05
-3.26698e-07
-1.25564e-05
3.40884e-06
-1.2715e-05
6.57309e-06
-1.07696e-05
4.49862e-06
-7.49874e-06
-3.92861e-06
-4.3946e-06
-1.18902e-05
-2.25111e-06
-1.4576e-05
-4.69941e-07
-1.58386e-05
-1.18923e-05
-8.70892e-06
3.21561e-05
-1.62725e-05
3.01915e-05
-2.27704e-05
2.68155e-05
-2.77311e-05
2.07329e-05
-3.00148e-05
9.213e-06
-2.95781e-05
-3.04804e-06
-2.80181e-05
-8.50588e-06
-2.64243e-05
-7.9823e-06
-2.46998e-05
-6.83631e-06
-2.26032e-05
-7.22242e-06
-2.00444e-05
-8.21049e-06
-1.71807e-05
-8.49899e-06
-1.43354e-05
-7.54575e-06
-1.17099e-05
-5.57677e-06
-9.30043e-06
-2.73621e-06
-6.85723e-06
9.6563e-07
-4.03155e-06
3.74741e-06
-1.50802e-06
1.97509e-06
8.8926e-08
-5.52556e-06
9.24063e-07
-1.27254e-05
1.13161e-06
-1.47836e-05
1.20776e-06
-1.59148e-05
-1.06845e-05
-7.42064e-06
3.95767e-05
-1.41681e-05
3.69389e-05
-2.00223e-05
3.26697e-05
-2.43971e-05
2.51076e-05
-2.65768e-05
1.13927e-05
-2.71485e-05
-2.47633e-06
-2.74233e-05
-8.23107e-06
-2.73622e-05
-8.04344e-06
-2.62797e-05
-7.91871e-06
-2.41174e-05
-9.38479e-06
-2.12055e-05
-1.11224e-05
-1.79845e-05
-1.17199e-05
-1.49035e-05
-1.06268e-05
-1.21385e-05
-8.34173e-06
-9.45683e-06
-5.4179e-06
-6.39089e-06
-2.10031e-06
-2.9706e-06
3.27125e-07
-4.61349e-07
-5.34165e-07
1.73417e-07
-6.16032e-06
3.49693e-07
-1.29016e-05
7.24494e-07
-1.51584e-05
1.35973e-06
-1.655e-05
-9.3248e-06
-5.81822e-06
4.53949e-05
-1.14159e-05
4.25366e-05
-1.61063e-05
3.73601e-05
-1.94434e-05
2.84448e-05
-2.1486e-05
1.34353e-05
-2.33563e-05
-6.06069e-07
-2.6089e-05
-5.49834e-06
-2.80837e-05
-6.04875e-06
-2.79642e-05
-8.03824e-06
-2.57743e-05
-1.15746e-05
-2.22073e-05
-1.46894e-05
-1.81592e-05
-1.57681e-05
-1.44987e-05
-1.42873e-05
-1.15569e-05
-1.12835e-05
-9.0236e-06
-7.95117e-06
-6.50467e-06
-4.61923e-06
-4.05221e-06
-2.12534e-06
-2.39788e-06
-2.1885e-06
-1.97672e-06
-6.58148e-06
-1.27117e-06
-1.36072e-05
3.26257e-07
-1.67558e-05
1.91175e-06
-1.81355e-05
-7.41306e-06
-4.00208e-06
4.9397e-05
-8.50153e-06
4.7036e-05
-1.20102e-05
4.08688e-05
-1.40147e-05
3.04493e-05
-1.56397e-05
1.50603e-05
-1.92046e-05
2.95879e-06
-2.50211e-05
3.18116e-07
-2.89994e-05
-2.07037e-06
-2.95435e-05
-7.49421e-06
-2.67306e-05
-1.43875e-05
-2.16334e-05
-1.97866e-05
-1.61173e-05
-2.12842e-05
-1.17463e-05
-1.86583e-05
-8.829e-06
-1.42009e-05
-6.67312e-06
-1.0107e-05
-4.78883e-06
-6.50352e-06
-3.34261e-06
-3.57157e-06
-2.63236e-06
-2.89874e-06
-2.34779e-06
-6.86604e-06
-9.53409e-07
-1.50016e-05
2.00127e-06
-1.97105e-05
3.88817e-06
-2.00224e-05
-3.52488e-06
-1.9268e-06
5.13238e-05
-4.56736e-06
4.96766e-05
-5.85017e-06
4.21516e-05
-5.64099e-06
3.02402e-05
-7.7221e-06
1.71414e-05
-1.55335e-05
1.07702e-05
-2.47739e-05
9.55853e-06
-2.9911e-05
3.06676e-06
-3.012e-05
-7.28525e-06
-2.58283e-05
-1.86792e-05
-1.93716e-05
-2.62433e-05
-1.32674e-05
-2.73884e-05
-8.81126e-06
-2.31144e-05
-6.03617e-06
-1.6976e-05
-4.00237e-06
-1.21408e-05
-2.31423e-06
-8.19167e-06
-1.59243e-06
-4.29337e-06
-1.48507e-06
-3.0061e-06
-1.29849e-06
-7.05261e-06
5.14098e-07
-1.68142e-05
4.6581e-06
-2.38545e-05
7.05718e-06
-2.24215e-05
3.5323e-06
-1.24296e-05
1.24296e-05
-3.56973e-05
2.32677e-05
-4.08169e-05
5.11958e-06
-2.33203e-05
-1.74966e-05
1.07963e-06
-2.43999e-05
1.37513e-05
-1.26716e-05
2.2907e-06
1.14606e-05
-2.30876e-05
2.53783e-05
-2.14441e-05
-1.6435e-06
3.00338e-07
-2.17444e-05
1.12748e-05
-1.09745e-05
1.56475e-05
-4.37269e-06
1.32099e-05
2.43758e-06
4.02313e-06
9.18681e-06
-1.36745e-05
1.76977e-05
-2.84072e-05
1.47327e-05
-3.1135e-05
2.72778e-06
-2.19483e-05
-9.18677e-06
-2.19483e-05
-2.47843e-05
3.72139e-05
-4.01489e-05
3.86323e-05
-3.48462e-05
-1.83204e-07
-1.80297e-05
-3.4313e-05
-2.94426e-06
-3.94854e-05
-1.14293e-05
-4.18662e-06
-3.20526e-05
3.20839e-05
-2.96302e-05
2.29559e-05
-1.05267e-05
-2.0747e-05
1.85654e-06
-3.41277e-05
1.07418e-05
-1.98597e-05
1.57367e-05
-9.36762e-06
1.8848e-05
-6.73669e-07
1.62799e-05
1.17549e-05
3.09876e-06
3.08788e-05
-1.98018e-05
3.76333e-05
-3.33257e-05
1.62517e-05
-2.30092e-05
-1.95032e-05
-4.49575e-05
-2.23738e-05
5.95877e-05
-3.04768e-05
4.67353e-05
-2.62517e-05
-4.40826e-06
-1.70619e-05
-4.35029e-05
-1.67098e-05
-3.98375e-05
-3.47457e-05
1.38492e-05
-4.27882e-05
4.01264e-05
-2.97963e-05
9.96403e-06
-2.7945e-05
-2.25983e-05
-2.91317e-05
-3.2941e-05
-1.64941e-05
-3.24974e-05
-4.98512e-06
-2.08765e-05
3.01027e-06
-8.66907e-06
5.17561e-06
9.58951e-06
5.21231e-06
3.08421e-05
-1.57063e-06
4.44162e-05
-1.12379e-05
2.59189e-05
-2.9123e-06
-2.78289e-05
-4.78698e-05
-1.59714e-05
7.55591e-05
-2.14845e-05
5.22484e-05
-1.92044e-05
-6.68841e-06
-1.49872e-05
-4.772e-05
-2.4267e-05
-3.05577e-05
-4.01289e-05
2.97112e-05
-4.2407e-05
4.24045e-05
-4.64997e-05
1.40567e-05
-6.66357e-05
-2.46232e-06
-7.23322e-05
-2.72445e-05
-6.14709e-05
-4.33587e-05
-4.05072e-05
-4.18402e-05
-2.02811e-05
-2.88952e-05
-1.03564e-05
-3.35216e-07
-5.46787e-06
2.59536e-05
-2.4467e-07
3.9193e-05
3.03823e-06
2.2636e-05
7.91627e-06
-3.27069e-05
-3.99535e-05
-9.31882e-06
8.4878e-05
-1.24072e-05
5.53368e-05
-9.2456e-06
-9.85005e-06
-9.76949e-06
-4.71962e-05
-2.39813e-05
-1.63459e-05
-3.65214e-05
4.22513e-05
-4.53342e-05
5.12174e-05
-6.94246e-05
3.81471e-05
-9.32616e-05
2.13747e-05
-0.000104199
-1.63069e-05
-0.000107302
-4.02555e-05
-9.37347e-05
-5.54079e-05
-6.32452e-05
-5.93847e-05
-3.73764e-05
-2.6204e-05
-2.51917e-05
1.37689e-05
-1.50922e-05
2.90935e-05
-2.48865e-06
1.00325e-05
7.30045e-07
-3.59256e-05
-3.92235e-05
-2.96644e-06
8.78444e-05
-1.60981e-06
5.39802e-05
2.55044e-06
-1.40103e-05
-4.05274e-06
-4.0593e-05
-2.21749e-05
1.77634e-06
-3.36268e-05
5.37031e-05
-5.24829e-05
7.00735e-05
-8.67042e-05
7.23683e-05
-0.000102859
3.75291e-05
-0.000108547
-1.06184e-05
-0.000117914
-3.08884e-05
-0.000124988
-4.83343e-05
-0.000110527
-7.38457e-05
-7.9983e-05
-5.67477e-05
-5.3879e-05
-1.23352e-05
-3.75015e-05
1.2716e-05
-2.2084e-05
-5.38501e-06
-1.06638e-05
-4.73458e-05
-4.98873e-05
4.50522e-06
8.33392e-05
1.01801e-05
4.83053e-05
1.31569e-05
-1.69872e-05
-5.24748e-07
-2.69113e-05
-2.26032e-05
2.38547e-05
-3.77931e-05
6.8893e-05
-7.05852e-05
0.000102866
-0.000103672
0.000105455
-0.000107285
4.11419e-05
-9.91098e-05
-1.87932e-05
-0.000103206
-2.67922e-05
-0.000124777
-2.67633e-05
-0.000137679
-6.09439e-05
-0.000130105
-6.43216e-05
-0.000108867
-3.3573e-05
-8.13624e-05
-1.47887e-05
-4.27856e-05
-4.39618e-05
-7.68243e-06
-8.24489e-05
-5.75697e-05
1.06527e-05
7.26865e-05
1.98298e-05
3.91282e-05
2.15301e-05
-1.86874e-05
8.5578e-07
-6.23698e-06
-2.50466e-05
4.97572e-05
-4.9535e-05
9.33814e-05
-9.54862e-05
0.000148817
-0.000114761
0.00012473
-0.000102989
2.93696e-05
-8.98458e-05
-3.19363e-05
-8.67517e-05
-2.98863e-05
-9.76597e-05
-1.58553e-05
-0.000116079
-4.2525e-05
-0.000119988
-6.04123e-05
-0.000101806
-5.1755e-05
-6.68664e-05
-4.97284e-05
-3.08328e-05
-7.99953e-05
-3.71386e-06
-0.000109568
-6.12836e-05
6.33094e-06
4.49929e-05
3.02472e-06
5.29828e-05
-3.48907e-06
4.86654e-05
-1.53036e-05
4.20547e-05
-3.32691e-05
3.51068e-05
-5.23905e-05
2.98917e-05
-6.5543e-05
2.2711e-05
-7.16357e-05
9.15948e-06
-7.12875e-05
-7.63341e-06
-6.64255e-05
-2.35412e-05
-5.95191e-05
-3.31497e-05
-4.96382e-05
-3.72693e-05
-3.82156e-05
-3.45371e-05
-2.8197e-05
-2.69945e-05
-1.89699e-05
-2.1368e-05
-9.66837e-06
-1.74932e-05
-5.19637e-06
-8.76537e-06
-5.22063e-06
-2.98182e-06
-8.26426e-06
-4.009e-06
-6.65566e-06
-1.84228e-05
1.03587e-05
-4.08688e-05
3.15063e-05
-4.35691e-05
8.46651e-06
2.6572e-05
-1.95431e-05
6.4536e-05
-3.91805e-05
7.26202e-05
-5.78456e-05
6.73305e-05
-7.03538e-05
5.45629e-05
-7.58586e-05
4.06116e-05
-8.03845e-05
3.44176e-05
-8.88984e-05
3.12249e-05
-0.000102722
2.29835e-05
-0.00012079
1.04341e-05
-0.000138056
-6.27512e-06
-0.000144019
-2.71869e-05
-0.000131161
-5.01275e-05
-0.000109192
-5.65053e-05
-8.88402e-05
-4.73467e-05
-6.99059e-05
-4.03023e-05
-5.0284e-05
-3.7115e-05
-4.20303e-05
-1.70191e-05
-5.44896e-05
9.47749e-06
-7.14676e-05
1.2969e-05
-5.7251e-05
-3.26393e-05
-3.41013e-06
-9.47096e-05
4.76708e-05
-9.46501e-05
1.75167e-06
5.43857e-05
-0.000140324
0.00020486
-0.000193797
0.000126093
-0.000212731
8.62641e-05
-0.000218172
6.00046e-05
-0.000222781
4.52205e-05
-0.000230682
4.23183e-05
-0.000247665
4.82079e-05
-0.00027306
4.83789e-05
-0.000297382
3.47554e-05
-0.000306133
2.47612e-06
-0.00029371
-3.96093e-05
-0.000264593
-7.92451e-05
-0.000233646
-8.74523e-05
-0.000213928
-6.70642e-05
-0.000223098
-3.11319e-05
-0.000254489
-5.72411e-06
-0.00028862
1.71115e-05
-0.000275747
-3.39495e-06
-0.000214892
-4.78864e-05
-0.000129963
-0.000117569
-4.71013e-05
-0.000177571
5.22189e-06
-0.000146973
1.56609e-05
-8.68731e-06
-0.000305706
0.000510566
-0.000370754
0.000191141
-0.000378004
9.35141e-05
-0.00036749
4.94906e-05
-0.000357798
3.55288e-05
-0.000352787
3.73069e-05
-0.000362315
5.77363e-05
-0.000386116
7.21797e-05
-0.000396769
4.54087e-05
-0.000387314
-6.97975e-06
-0.000348133
-7.87901e-05
-0.000310449
-0.000116929
-0.000282294
-0.000115607
-0.000256242
-9.31166e-05
-0.000233167
-5.42064e-05
-0.000222669
-1.62223e-05
-0.00021759
1.20319e-05
-0.0001933
-2.76847e-05
-0.000143308
-9.78781e-05
-0.000102892
-0.000157985
-9.35998e-05
-0.000186863
-9.71029e-05
-0.00014347
5.18265e-05
-0.000133269
-0.00028513
0.000795696
-0.000386153
0.000292164
-0.000418717
0.000126078
-0.00041453
4.5304e-05
-0.000401839
2.28384e-05
-0.000396591
3.20583e-05
-0.000401325
6.24704e-05
-0.000395592
6.6447e-05
-0.000380731
3.05478e-05
-0.00036793
-1.97813e-05
-0.000349578
-9.71421e-05
-0.000332959
-0.000133548
-0.000312834
-0.000135732
-0.000280958
-0.000124992
-0.000238151
-9.70142e-05
-0.000185801
-6.85718e-05
-0.000130286
-4.34835e-05
-0.000109272
-4.86986e-05
-0.000109249
-9.79008e-05
-0.000117712
-0.000149521
-0.000128052
-0.000176524
-0.000149942
-0.00012158
8.58257e-05
-0.000183941
-0.000171081
0.000966777
-0.000266963
0.000388046
-0.000320171
0.000179285
-0.000360897
8.60304e-05
-0.000383366
4.53069e-05
-0.000390321
3.90136e-05
-0.000377318
4.94675e-05
-0.000356236
4.53644e-05
-0.000342342
1.66537e-05
-0.000329423
-3.27005e-05
-0.000329531
-9.70335e-05
-0.00033268
-0.000130399
-0.000324508
-0.000143904
-0.000298297
-0.000151203
-0.000267238
-0.000128073
-0.000227188
-0.000108622
-0.000184101
-8.6571e-05
-0.000157642
-7.51576e-05
-0.000153426
-0.000102117
-0.000155295
-0.000147652
-0.000161946
-0.000169873
-0.000175423
-0.000108103
0.00010245
-0.000192047
-9.07896e-05
0.00105757
-0.000187637
0.000484894
-0.000239372
0.00023102
-0.000271314
0.000117972
-0.000294526
6.85189e-05
-0.000309397
5.38857e-05
-0.000307983
4.80532e-05
-0.000298682
3.60638e-05
-0.00029263
1.0601e-05
-0.000297939
-2.73912e-05
-0.000319904
-7.50685e-05
-0.000337135
-0.000113168
-0.000336923
-0.000144116
-0.00033172
-0.000156406
-0.000313349
-0.000146444
-0.000281006
-0.000140965
-0.000253062
-0.000114515
-0.000235668
-9.25517e-05
-0.00021439
-0.000123394
-0.000195244
-0.000166798
-0.000196582
-0.000168534
-0.000195821
-0.000108864
6.4045e-05
-0.000157416
-3.92806e-05
0.00109685
-0.000141252
0.000586865
-0.000167943
0.000257711
-0.000185245
0.000135274
-0.000191754
7.50279e-05
-0.00019202
5.41519e-05
-0.00019003
4.60632e-05
-0.000191445
3.74782e-05
-0.000200565
1.97209e-05
-0.00022095
-7.00559e-06
-0.000255676
-4.03427e-05
-0.000295329
-7.35155e-05
-0.000333019
-0.000106426
-0.000364874
-0.000124551
-0.000379299
-0.000132019
-0.000384221
-0.000136043
-0.00036119
-0.000137546
-0.000298171
-0.000155571
-0.000235462
-0.000186104
-0.000209904
-0.000192356
-0.000220762
-0.000157676
-0.000217284
-0.000112342
-2.57878e-06
-0.00015066
2.48754e-05
0.00107197
-8.81898e-05
0.00069993
-0.000113888
0.000283409
-0.000130696
0.000152083
-0.000133904
7.82354e-05
-0.000121075
4.13229e-05
-0.000101797
2.67854e-05
-8.80563e-05
2.37372e-05
-8.76959e-05
1.93605e-05
-0.000102725
8.02327e-06
-0.000134086
-8.98173e-06
-0.00017374
-3.38607e-05
-0.000220213
-5.99535e-05
-0.000263021
-8.17428e-05
-0.000296919
-9.81214e-05
-0.000321543
-0.000111418
-0.000328505
-0.000130584
-0.000314101
-0.000169975
-0.000282576
-0.00021763
-0.000251292
-0.00022364
-0.000245309
-0.000163659
-0.000253323
-0.000104328
-3.46006e-05
-0.000221301
8.64941e-05
0.000985478
-1.0594e-05
0.000797018
-7.50911e-05
0.000347906
-9.6213e-05
0.000173205
-0.000104576
8.65981e-05
-9.28318e-05
2.95789e-05
-6.60569e-05
1.04554e-08
-3.72765e-05
-5.04322e-06
-2.03113e-05
2.39545e-06
-2.04013e-05
8.11345e-06
-3.48506e-05
5.46753e-06
-6.41057e-05
-4.60571e-06
-0.000104087
-1.99727e-05
-0.000149311
-3.6519e-05
-0.000194507
-5.2925e-05
-0.000238959
-6.69663e-05
-0.000281568
-8.79751e-05
-0.000313519
-0.000138024
-0.000321355
-0.000209794
-0.000303777
-0.000241218
-0.000279591
-0.000187845
-0.00026766
-0.00011626
-3.99048e-05
-0.000262355
0.000134021
0.000851457
8.12967e-05
0.000849742
-2.09107e-05
0.000450114
-6.20407e-05
0.000214335
-7.58866e-05
0.000100444
-7.11272e-05
2.48196e-05
-5.00677e-05
-2.10491e-05
-2.00937e-05
-3.50171e-05
7.76134e-06
-2.54596e-05
2.28574e-05
-6.98277e-06
2.11336e-05
7.19138e-06
4.99455e-06
1.15332e-05
-2.21422e-05
7.16382e-06
-5.83066e-05
-3.54735e-07
-0.000101024
-1.02074e-05
-0.000145584
-2.2407e-05
-0.000196983
-3.65753e-05
-0.00025914
-7.58669e-05
-0.000314452
-0.000154482
-0.0003338
-0.00022187
-0.000304606
-0.000217038
-0.000270239
-0.000150627
-9.11793e-05
-0.000218965
0.00017521
0.000676247
0.000181337
0.000843615
6.97244e-05
0.000561726
-3.33249e-06
0.000287392
-3.05211e-05
0.000127633
-3.34138e-05
2.77124e-05
-2.16667e-05
-3.27964e-05
2.7426e-07
-5.6958e-05
2.31557e-05
-4.8341e-05
4.0622e-05
-2.44491e-05
4.87606e-05
-9.473e-07
4.53147e-05
1.49788e-05
3.01355e-05
2.23428e-05
5.81635e-06
2.39642e-05
-2.74761e-05
2.3085e-05
-6.4987e-05
1.51044e-05
-0.000101693
1.31071e-07
-0.000157009
-2.0551e-05
-0.000238213
-7.32782e-05
-0.000315121
-0.000144962
-0.000351211
-0.000180948
-0.000333636
-0.000168203
-0.000115413
-0.000309402
0.00019349
0.000482758
0.00026235
0.000774755
0.000192857
0.000631219
0.000102234
0.000378014
4.95035e-05
0.000180364
2.83195e-05
4.88964e-05
2.6907e-05
-3.13836e-05
3.61256e-05
-6.61766e-05
4.72701e-05
-5.94857e-05
5.64423e-05
-3.36215e-05
6.30345e-05
-7.53951e-06
6.5288e-05
1.27252e-05
6.05308e-05
2.71e-05
4.8321e-05
3.61739e-05
2.98669e-05
4.15392e-05
2.83651e-06
4.2135e-05
-2.35174e-05
2.6485e-05
-4.6407e-05
2.33854e-06
-9.60555e-05
-2.36298e-05
-0.000171783
-6.92349e-05
-0.000237196
-0.000115535
-0.000271936
-0.000133463
-0.000124938
-0.000262411
0.000179798
0.000302959
0.000298666
0.000655887
0.000291588
0.000638298
0.000223245
0.000446357
0.000159529
0.00024408
0.000118827
8.95984e-05
9.64362e-05
-8.99234e-06
8.65506e-05
-5.62911e-05
8.14748e-05
-5.441e-05
7.82949e-05
-3.04419e-05
7.67053e-05
-5.95001e-06
7.68287e-05
1.26018e-05
7.64944e-05
2.74343e-05
7.31081e-05
3.95599e-05
6.62626e-05
4.83849e-05
5.32791e-05
5.51184e-05
2.81999e-05
5.15642e-05
6.1152e-06
2.44231e-05
-1.14617e-05
-6.05311e-06
-4.82663e-05
-3.24304e-05
-0.000100988
-6.28127e-05
-0.000145304
-8.91475e-05
-0.000104325
-0.000165917
0.000136094
0.000166865
0.000274109
0.000517873
0.000323594
0.000588813
0.000300834
0.000469117
0.000251767
0.000293147
0.000204919
0.000136446
0.000169038
2.68896e-05
0.000139534
-2.67871e-05
0.000117915
-3.2792e-05
0.000102446
-1.49728e-05
9.24629e-05
4.03306e-06
8.73095e-05
1.77552e-05
8.6031e-05
2.8713e-05
8.63812e-05
3.92098e-05
8.64809e-05
4.82851e-05
8.54191e-05
5.61801e-05
7.55137e-05
6.14694e-05
4.9581e-05
5.03556e-05
2.51886e-05
1.83391e-05
9.63279e-06
-1.68746e-05
-1.27464e-05
-4.04335e-05
-4.13433e-05
-6.05508e-05
-8.0876e-05
-6.47919e-05
7.6498e-05
9.03672e-05
0.000203048
0.000391323
0.000287248
0.000504614
0.000309157
0.000447208
0.000290414
0.000311891
0.000255217
0.000171643
0.000215695
6.64116e-05
0.00017727
1.16375e-05
0.000145093
-6.14527e-07
0.000122194
7.92579e-06
0.000107153
1.90744e-05
9.80925e-05
2.68151e-05
9.41409e-05
3.26643e-05
9.44168e-05
3.89339e-05
9.71685e-05
4.55334e-05
0.000101791
5.15571e-05
0.000105338
5.79229e-05
9.71795e-05
5.85138e-05
7.19857e-05
4.3533e-05
4.61711e-05
8.93997e-06
3.04383e-05
-2.47007e-05
2.21196e-05
-5.22323e-05
-7.12303e-05
1.24738e-05
2.04678e-05
6.98996e-05
0.000118291
0.0002935
0.000210914
0.000411991
0.000262998
0.000395123
0.00027502
0.000299869
0.000259356
0.000187306
0.000227302
9.84662e-05
0.000189746
4.91928e-05
0.000156716
3.24157e-05
0.000132974
3.16674e-05
0.00011738
3.46679e-05
0.000107388
3.68075e-05
0.000101882
3.817e-05
0.000100761
4.00545e-05
0.000103347
4.29478e-05
0.000108914
4.59895e-05
0.000117695
4.91426e-05
0.000124614
5.15945e-05
0.000121071
4.70755e-05
0.000100674
2.93376e-05
7.81986e-05
-2.22565e-06
6.04438e-05
-3.44775e-05
-6.3338e-05
5.25515e-05
-1.60729e-05
8.59725e-05
4.70853e-05
0.000230342
0.000130717
0.00032836
0.000195904
0.000329936
0.000228578
0.000267196
0.000230207
0.000185677
0.000209938
0.000118735
0.000180932
7.81982e-05
0.000154369
5.89792e-05
0.000134882
5.11538e-05
0.000121821
4.77288e-05
0.000113165
4.5463e-05
0.000107847
4.3488e-05
0.000105857
4.2045e-05
0.000107286
4.15183e-05
0.000111717
4.15586e-05
0.000119565
4.12946e-05
0.000130812
4.03478e-05
0.000140431
3.74566e-05
0.000141971
2.77969e-05
0.000131321
8.42433e-06
0.000112713
-1.58697e-05
-4.79982e-05
9.73735e-05
-2.73025e-05
0.000113275
6.33912e-06
0.0001967
7.27255e-05
0.000261974
0.000136077
0.000266585
0.000175708
0.000227564
0.000187338
0.000174047
0.00017841
0.000127663
0.000160823
9.57854e-05
0.000143586
7.62155e-05
0.000130275
6.44653e-05
0.000120924
5.70791e-05
0.00011454
5.18472e-05
0.000110432
4.7596e-05
0.000108509
4.3968e-05
0.000109028
4.09989e-05
0.000112012
3.85746e-05
0.000117388
3.59183e-05
0.000125868
3.18677e-05
0.000136986
2.63387e-05
0.000146964
1.78188e-05
0.000150578
4.81039e-06
0.00014827
-1.35618e-05
-3.82826e-05
0.000138554
-2.00179e-05
0.000133293
-4.48993e-06
0.000181173
4.33613e-05
0.000214122
9.5186e-05
0.00021476
0.000131182
0.000191568
0.000146323
0.000158907
0.000146025
0.000127961
0.000138526
0.000103284
0.000129641
8.51008e-05
0.00012194
7.2166e-05
0.000116072
6.29466e-05
0.000111915
5.60048e-05
0.000109205
5.03059e-05
0.000107855
4.53179e-05
0.000108026
4.08271e-05
0.000109929
3.66722e-05
0.000113458
3.23884e-05
0.000118467
2.68586e-05
0.00012538
1.94259e-05
0.000133325
9.87403e-06
0.000140242
-2.10627e-06
0.000143452
-1.67718e-05
-3.52347e-05
0.000140404
-7.17486e-06
0.000140468
1.03854e-06
0.000172959
3.40703e-05
0.000181091
7.16406e-05
0.00017719
9.97392e-05
0.000163469
0.000114709
0.000143936
0.000119551
0.00012312
0.000118752
0.000104082
0.000115611
8.82419e-05
0.000111997
7.57799e-05
0.000108835
6.61085e-05
0.000106465
5.8375e-05
0.000104926
5.1845e-05
0.000104209
4.60346e-05
0.000104397
4.06394e-05
0.00010566
3.54091e-05
0.000108015
3.00329e-05
0.000111024
2.38496e-05
0.000114382
1.60676e-05
0.000117829
6.42685e-06
0.000120985
-5.26158e-06
0.000121908
-1.76948e-05
-3.16538e-05
0.000118327
2.43017e-06
0.000138038
1.09123e-05
0.000164477
3.34337e-05
0.00015857
5.9045e-05
0.000151579
7.96219e-05
0.000142893
9.28312e-05
0.000130727
9.97894e-05
0.000116162
0.000102497
0.000101375
0.000102719
8.80203e-05
0.000101777
7.67213e-05
0.000100551
6.73352e-05
9.9512e-05
5.94136e-05
9.88563e-05
5.25008e-05
9.866e-05
4.62308e-05
9.89876e-05
4.03117e-05
9.99223e-05
3.44742e-05
0.000101495
2.84605e-05
0.000103417
2.19268e-05
0.00010513
1.43547e-05
0.000106127
5.43067e-06
0.000105879
-5.01441e-06
0.000103948
-1.57634e-05
-2.69063e-05
9.92002e-05
6.48272e-06
0.000131556
1.70207e-05
0.00015394
3.36714e-05
0.000141919
5.14679e-05
0.000133782
6.65737e-05
0.000127787
7.76965e-05
0.000119604
8.50055e-05
0.000108853
8.9229e-05
9.71511e-05
9.12732e-05
8.59762e-05
9.20123e-05
7.59822e-05
9.21323e-05
6.72153e-05
9.20759e-05
5.94701e-05
9.20876e-05
5.24893e-05
9.22944e-05
4.60241e-05
9.27656e-05
3.98403e-05
9.35305e-05
3.37091e-05
9.45733e-05
2.74176e-05
9.57365e-05
2.07636e-05
9.66077e-05
1.34836e-05
9.66628e-05
5.37563e-06
9.52604e-05
-3.6121e-06
9.23475e-05
-1.28506e-05
-2.20886e-05
8.75299e-05
7.2983e-06
0.000124257
1.87863e-05
0.000142452
3.23147e-05
0.00012839
4.55695e-05
0.000120528
5.71554e-05
0.000116201
6.65094e-05
0.000110251
7.34818e-05
0.00010188
7.82461e-05
9.2387e-05
8.12432e-05
8.29792e-05
8.30186e-05
7.42068e-05
8.40604e-05
6.61736e-05
8.47264e-05
5.88041e-05
8.52493e-05
5.19664e-05
8.5767e-05
4.55064e-05
8.63488e-05
3.92585e-05
8.7004e-05
3.30539e-05
8.76875e-05
2.67343e-05
8.82843e-05
2.0167e-05
8.85417e-05
1.32262e-05
8.80798e-05
5.83745e-06
8.6531e-05
-2.06331e-06
8.37249e-05
-1.00446e-05
-1.78898e-05
7.9526e-05
7.08488e-06
0.000117173
1.82684e-05
0.000131269
2.97724e-05
0.000116887
4.03208e-05
0.00010998
4.96826e-05
0.000106839
5.77018e-05
0.000102231
6.41612e-05
9.54207e-05
6.90175e-05
8.75308e-05
7.2472e-05
7.95248e-05
7.48565e-05
7.1822e-05
7.65039e-05
6.45263e-05
7.76823e-05
5.76258e-05
7.8584e-05
5.10648e-05
7.93323e-05
4.47582e-05
7.99894e-05
3.86014e-05
8.05616e-05
3.24818e-05
8.1004e-05
2.6292e-05
8.12249e-05
1.99462e-05
8.10718e-05
1.33793e-05
8.03362e-05
6.57295e-06
7.87634e-05
-4.9067e-07
7.6303e-05
-7.58429e-06
-1.44422e-05
7.28554e-05
6.66323e-06
0.000110509
1.69612e-05
0.000120971
2.68657e-05
0.000106982
3.56231e-05
0.000101222
4.34963e-05
9.89657e-05
5.05033e-05
9.52244e-05
5.64284e-05
8.94957e-05
6.11557e-05
8.28036e-05
6.47698e-05
7.59107e-05
6.74724e-05
6.91194e-05
6.94848e-05
6.25139e-05
7.09984e-05
5.61124e-05
7.21593e-05
4.99039e-05
7.30668e-05
4.38508e-05
7.37742e-05
3.78941e-05
7.42906e-05
3.19654e-05
7.4585e-05
2.59978e-05
7.45922e-05
1.9939e-05
7.42153e-05
1.37561e-05
7.33354e-05
7.45274e-06
7.17952e-05
1.04948e-06
6.95709e-05
-5.36005e-06
-1.1479e-05
6.66075e-05
6.19005e-06
0.000104319
1.54554e-05
0.000111705
2.40204e-05
9.84173e-05
3.14774e-05
9.37656e-05
3.82734e-05
9.21697e-05
4.44763e-05
8.90217e-05
4.98855e-05
8.40866e-05
5.43719e-05
7.83173e-05
5.79654e-05
7.23172e-05
6.07893e-05
6.62956e-05
6.29885e-05
6.03148e-05
6.46949e-05
5.44061e-05
6.60146e-05
4.85843e-05
6.70237e-05
4.28418e-05
6.77664e-05
3.71515e-05
6.82555e-05
3.14765e-05
6.84735e-05
2.57798e-05
6.83785e-05
2.0034e-05
6.79076e-05
1.42269e-05
6.69859e-05
8.37437e-06
6.55273e-05
2.50802e-06
6.35065e-05
-3.33927e-06
-8.89567e-06
6.09231e-05
5.69815e-06
9.86213e-05
1.3946e-05
0.000103458
2.13812e-05
9.09824e-05
2.78351e-05
8.73118e-05
3.37987e-05
8.62061e-05
3.93348e-05
8.34858e-05
4.42599e-05
7.91617e-05
4.84533e-05
7.41238e-05
5.19211e-05
6.88494e-05
5.47388e-05
6.3478e-05
5.70002e-05
5.80535e-05
5.87942e-05
5.26122e-05
6.0196e-05
4.71825e-05
6.12628e-05
4.17751e-05
6.20302e-05
3.63841e-05
6.25122e-05
3.09946e-05
6.27011e-05
2.55908e-05
6.25718e-05
2.01633e-05
6.20851e-05
1.47136e-05
6.1196e-05
9.26348e-06
5.98601e-05
3.84403e-06
5.80337e-05
-1.51292e-06
-6.64026e-06
5.57782e-05
5.21684e-06
9.34046e-05
1.25148e-05
9.61597e-05
1.89905e-05
8.45069e-05
2.46358e-05
8.16666e-05
2.99216e-05
8.09204e-05
3.48864e-05
7.85214e-05
3.93623e-05
7.46859e-05
4.32443e-05
7.02418e-05
4.65284e-05
6.55654e-05
4.9261e-05
6.07455e-05
5.15021e-05
5.58125e-05
5.33106e-05
5.08037e-05
5.47391e-05
4.57541e-05
5.58296e-05
4.06848e-05
5.66102e-05
3.56036e-05
5.70942e-05
3.05107e-05
5.72804e-05
2.54047e-05
5.71551e-05
2.02885e-05
5.66963e-05
1.51725e-05
5.58789e-05
1.0081e-05
5.46801e-05
5.04296e-06
5.30673e-05
9.98339e-08
-4.6687e-06
5.10957e-05
4.7692e-06
8.86354e-05
1.11995e-05
8.97294e-05
1.68546e-05
7.88521e-05
2.18254e-05
7.66956e-05
2.65367e-05
7.62093e-05
3.09993e-05
7.4059e-05
3.50599e-05
7.06253e-05
3.86293e-05
6.66723e-05
4.17002e-05
6.24948e-05
4.43008e-05
5.81451e-05
4.64686e-05
5.36448e-05
4.8242e-05
4.90304e-05
4.96571e-05
4.43391e-05
5.07442e-05
3.95978e-05
5.15251e-05
3.48227e-05
5.20122e-05
3.00237e-05
5.22078e-05
2.52091e-05
5.2107e-05
2.03895e-05
5.16991e-05
1.55804e-05
5.09722e-05
1.08079e-05
4.99156e-05
6.09964e-06
4.85153e-05
1.50008e-06
-2.96191e-06
4.68084e-05
4.36961e-06
8.42658e-05
1.00126e-05
8.40864e-05
1.496e-05
7.39047e-05
1.93548e-05
7.23007e-05
2.35659e-05
7.19983e-05
2.75797e-05
7.00453e-05
3.12561e-05
6.69489e-05
3.4521e-05
6.34077e-05
3.73658e-05
5.96503e-05
3.98074e-05
5.57037e-05
4.18685e-05
5.15838e-05
4.35733e-05
4.73256e-05
4.4946e-05
4.29665e-05
4.60085e-05
3.85355e-05
4.67776e-05
3.40536e-05
4.72647e-05
2.95368e-05
4.74748e-05
2.4999e-05
4.74087e-05
2.04556e-05
4.7064e-05
1.59251e-05
4.64383e-05
1.14337e-05
4.55302e-05
7.00767e-06
4.43417e-05
2.6885e-06
-1.5133e-06
4.2893e-05
4.02698e-06
8.02388e-05
8.95315e-06
7.91603e-05
1.32825e-05
6.95753e-05
1.71767e-05
6.84066e-05
2.09463e-05
6.82289e-05
2.45556e-05
6.64362e-05
2.78771e-05
6.36274e-05
3.08499e-05
6.04351e-05
3.34659e-05
5.70345e-05
3.57346e-05
5.34351e-05
3.76689e-05
4.96495e-05
3.92834e-05
4.57111e-05
4.05943e-05
4.16557e-05
4.1617e-05
3.75128e-05
4.23652e-05
3.33054e-05
4.28492e-05
2.90527e-05
4.30764e-05
2.47719e-05
4.30516e-05
2.04805e-05
4.27786e-05
1.61982e-05
4.22625e-05
1.19498e-05
4.15106e-05
7.75958e-06
4.05346e-05
3.66441e-06
-3.3714e-07
3.93582e-05
3.74536e-06
7.64934e-05
8.0165e-06
7.48891e-05
1.17944e-05
6.57975e-05
1.52474e-05
6.49537e-05
1.86243e-05
6.48521e-05
2.18671e-05
6.31933e-05
2.4861e-05
6.06335e-05
2.75566e-05
5.77397e-05
2.99472e-05
5.46439e-05
3.20378e-05
5.13445e-05
3.3835e-05
4.78524e-05
3.5347e-05
4.41992e-05
3.65842e-05
4.04186e-05
3.75582e-05
3.65389e-05
3.828e-05
3.25837e-05
3.87595e-05
2.85732e-05
3.90053e-05
2.4526e-05
3.90256e-05
2.04603e-05
3.88285e-05
1.63952e-05
3.8425e-05
1.23533e-05
3.78292e-05
8.35535e-06
3.70616e-05
4.43185e-06
5.87676e-07
3.61366e-05
3.52092e-06
7.29724e-05
7.19892e-06
7.1211e-05
1.04724e-05
6.25241e-05
1.35289e-05
6.18972e-05
1.6552e-05
6.18288e-05
1.94603e-05
6.02849e-05
2.21506e-05
5.79433e-05
2.45839e-05
5.53064e-05
2.67557e-05
5.24722e-05
2.86683e-05
4.94319e-05
3.03241e-05
4.61966e-05
3.17272e-05
4.27963e-05
3.28841e-05
3.92618e-05
3.38032e-05
3.56199e-05
3.44936e-05
3.18934e-05
3.49643e-05
2.81025e-05
3.52247e-05
2.42657e-05
3.5284e-05
2.0401e-05
3.51529e-05
1.65263e-05
3.48449e-05
1.26612e-05
3.43767e-05
8.82351e-06
3.37697e-05
5.03879e-06
1.30805e-06
3.30492e-05
3.33992e-06
6.96323e-05
6.4951e-06
6.80558e-05
9.2997e-06
5.97196e-05
1.19891e-05
5.92076e-05
1.46852e-05
5.91324e-05
1.72829e-05
5.76872e-05
1.96884e-05
5.55379e-05
2.18717e-05
5.31231e-05
2.38307e-05
5.05132e-05
2.55662e-05
4.76965e-05
2.70776e-05
4.46854e-05
2.83658e-05
4.15084e-05
2.94342e-05
3.81935e-05
3.02886e-05
3.47656e-05
3.09356e-05
3.12463e-05
3.13829e-05
2.76552e-05
3.16386e-05
2.40101e-05
3.17112e-05
2.03284e-05
3.16108e-05
1.66266e-05
3.13503e-05
1.29218e-05
3.09451e-05
9.22876e-06
3.04145e-05
5.56941e-06
1.94e-06
2.97826e-05
3.18165e-06
6.64506e-05
5.89195e-06
6.53456e-05
8.25793e-06
5.73534e-05
1.05963e-05
5.6869e-05
1.29804e-05
5.67481e-05
1.52819e-05
5.53857e-05
1.74139e-05
5.3406e-05
1.9354e-05
5.11831e-05
2.1102e-05
4.87653e-05
2.26574e-05
4.61413e-05
2.40168e-05
4.33262e-05
2.51784e-05
4.03469e-05
2.61429e-05
3.72291e-05
2.69127e-05
3.39957e-05
2.74919e-05
3.06671e-05
2.78854e-05
2.72617e-05
2.80985e-05
2.3797e-05
2.81374e-05
2.02895e-05
2.80096e-05
1.67545e-05
2.77253e-05
1.32062e-05
2.72973e-05
9.65689e-06
2.67424e-05
6.12439e-06
2.59985e-06
2.60828e-05
3.02549e-06
6.34252e-05
5.36773e-06
6.30033e-05
7.32245e-06
5.53985e-05
9.3173e-06
5.4874e-05
1.13945e-05
5.46708e-05
1.34048e-05
5.33755e-05
1.52667e-05
5.1544e-05
1.69633e-05
4.94866e-05
1.84959e-05
4.72328e-05
1.98618e-05
4.47754e-05
2.10549e-05
4.21331e-05
2.20708e-05
3.9331e-05
2.29073e-05
3.63925e-05
2.35637e-05
3.33392e-05
2.40411e-05
3.01897e-05
2.4341e-05
2.69618e-05
2.44658e-05
2.36722e-05
2.44189e-05
2.03364e-05
2.42059e-05
1.69676e-05
2.38355e-05
1.35767e-05
2.33199e-05
1.01726e-05
2.26779e-05
6.76654e-06
3.34287e-06
2.1935e-05
2.85403e-06
6.05712e-05
4.89229e-06
6.09649e-05
6.46243e-06
5.38282e-05
8.1192e-06
5.32172e-05
9.88824e-06
5.29017e-05
1.16049e-05
5.16587e-05
1.31941e-05
4.99547e-05
1.46422e-05
4.80385e-05
1.59507e-05
4.59243e-05
1.71138e-05
4.36123e-05
1.81231e-05
4.11238e-05
1.89719e-05
3.8482e-05
1.96557e-05
3.57087e-05
2.01712e-05
3.28236e-05
2.05168e-05
2.98441e-05
2.06918e-05
2.67868e-05
2.0697e-05
2.36672e-05
2.05348e-05
2.04987e-05
2.02114e-05
1.72913e-05
1.97372e-05
1.40511e-05
1.91276e-05
1.07823e-05
1.84091e-05
7.48509e-06
4.13802e-06
1.76138e-05
2.65865e-06
5.79124e-05
4.44297e-06
5.91803e-05
5.65453e-06
5.26165e-05
6.98091e-06
5.18907e-05
8.43908e-06
5.14434e-05
9.85919e-06
5.02384e-05
1.11731e-05
4.86406e-05
1.2369e-05
4.68425e-05
1.34468e-05
4.48463e-05
1.43974e-05
4.26616e-05
1.52108e-05
4.03103e-05
1.58793e-05
3.78134e-05
1.63967e-05
3.51913e-05
1.67586e-05
3.24617e-05
1.69621e-05
2.96406e-05
1.70062e-05
2.67428e-05
1.6892e-05
2.37815e-05
1.66235e-05
2.07672e-05
1.62098e-05
1.7705e-05
1.56643e-05
1.45966e-05
1.50076e-05
1.1439e-05
1.42721e-05
8.22046e-06
4.91984e-06
1.34901e-05
2.40915e-06
5.55031e-05
3.95442e-06
5.76349e-05
4.84334e-06
5.17276e-05
5.85659e-06
5.08774e-05
7.00193e-06
5.02979e-05
8.12272e-06
4.91174e-05
9.16025e-06
4.76029e-05
1.01026e-05
4.59e-05
1.09475e-05
4.40014e-05
1.16827e-05
4.19263e-05
1.22988e-05
3.96942e-05
1.2788e-05
3.73243e-05
1.31439e-05
3.48354e-05
1.33625e-05
3.22432e-05
1.34414e-05
2.95617e-05
1.33807e-05
2.68035e-05
1.31834e-05
2.39788e-05
1.28558e-05
2.10949e-05
1.24089e-05
1.81519e-05
1.18571e-05
1.51483e-05
1.12218e-05
1.20743e-05
1.05325e-05
8.90969e-06
5.63928e-06
9.8129e-06
2.20398e-06
5.32991e-05
3.54432e-06
5.62947e-05
4.14131e-06
5.11306e-05
4.88233e-06
5.01363e-05
5.74996e-06
4.94301e-05
6.61392e-06
4.82532e-05
7.41169e-06
4.6805e-05
8.13694e-06
4.51747e-05
8.78286e-06
4.33554e-05
9.33611e-06
4.1373e-05
9.78887e-06
3.92414e-05
1.01336e-05
3.69796e-05
1.0365e-05
3.46041e-05
1.04797e-05
3.21286e-05
1.04761e-05
2.95654e-05
1.03546e-05
2.6925e-05
1.01183e-05
2.42151e-05
9.77268e-06
2.14405e-05
9.32527e-06
1.85993e-05
8.78518e-06
1.56884e-05
8.1639e-06
1.26956e-05
7.47656e-06
9.59702e-06
6.38026e-06
6.73559e-06
1.67909e-06
2.57666e-06
2.91429e-06
3.31181e-06
3.78829e-06
4.28377e-06
4.73574e-06
5.15059e-06
5.51123e-06
5.81017e-06
6.04044e-06
6.19652e-06
6.27477e-06
6.27254e-06
6.18839e-06
6.02233e-06
5.77579e-06
5.4521e-06
5.05481e-06
4.59072e-06
4.06831e-06
3.50521e-06
2.93071e-06
1.69043e-05
9.66775e-06
9.61138e-06
7.29291e-06
5.27211e-06
4.33928e-06
2.56829e-06
2.70382e-06
4.18806e-05
2.21728e-05
2.75545e-05
2.1619e-05
1.54827e-05
1.64111e-05
1.08703e-05
7.18061e-06
-2.59595e-05
3.94451e-05
-3.79609e-05
3.36203e-05
-4.68466e-05
2.52968e-05
1.60407e-05
-5.20169e-05
-0.000147757
5.39335e-05
-0.000144634
3.04973e-05
-0.000140302
2.0965e-05
1.00305e-05
-0.000134292
-0.00019851
6.85028e-05
-0.000196235
2.82215e-05
-0.000189432
1.4162e-05
-6.62732e-07
-0.000178738
-0.000207789
8.42448e-05
-0.00020815
2.85823e-05
-0.000204274
1.02867e-05
-6.99082e-06
-0.000197946
-0.000169974
9.68022e-05
-0.000199115
5.77239e-05
-0.00020444
1.56119e-05
-1.05628e-05
-0.000200869
-0.000125921
7.20625e-05
-0.0001517
8.35036e-05
-0.000173024
3.69356e-05
2.13378e-06
-0.000185721
-0.000181347
3.2108e-05
-0.000150638
5.27948e-05
-0.00014784
3.41378e-05
1.04084e-05
-0.000156115
-0.000233914
3.66642e-06
-0.000187867
6.74769e-06
-0.000157443
3.71415e-06
-2.56276e-08
-0.000147009
-0.000198301
-1.69969e-05
-0.000177434
-1.41191e-05
-0.00016131
-1.24101e-05
-1.34549e-05
-0.000147881
-0.000295782
-3.06166e-05
-0.000285691
-2.42096e-05
-0.000274112
-2.39891e-05
-2.19628e-05
-0.000265605
-0.000239235
-5.37924e-05
-0.00021374
-4.97052e-05
-0.000188895
-4.88342e-05
-5.90634e-05
-0.000151794
-0.000163492
-5.62181e-05
-0.000152869
-6.03276e-05
-0.000138694
-6.30089e-05
-6.71376e-05
-0.00013062
-7.38481e-05
-4.71621e-05
-8.08585e-05
-5.33172e-05
-8.2844e-05
-6.10233e-05
-6.68164e-05
-8.31652e-05
7.22439e-06
-4.19128e-05
-1.08154e-07
-4.59847e-05
-6.72297e-06
-5.44086e-05
-6.08236e-05
-1.27157e-05
5.05176e-05
-3.9879e-05
4.936e-05
-4.48272e-05
4.5886e-05
-5.09346e-05
-5.68122e-05
4.18746e-05
9.20302e-05
-3.45356e-05
8.85587e-05
-4.13558e-05
8.47743e-05
-4.71502e-05
-5.28523e-05
8.08143e-05
0.000131667
-2.76481e-05
0.000123741
-3.34303e-05
0.000115037
-3.84459e-05
-4.34436e-05
0.000105628
0.000136011
-2.32551e-05
0.000129838
-2.72579e-05
0.000122144
-3.07519e-05
-3.41287e-05
0.000112829
0.000115168
-2.00967e-05
0.000110911
-2.3001e-05
0.000105683
-2.55241e-05
-2.75853e-05
9.914e-05
9.5769e-05
-1.66656e-05
9.15771e-05
-1.8809e-05
8.6711e-05
-2.06581e-05
-2.22964e-05
8.14221e-05
8.45028e-05
-1.36386e-05
8.11227e-05
-1.54289e-05
7.74635e-05
-1.69989e-05
-1.83921e-05
7.35592e-05
7.70681e-05
-1.11807e-05
7.43765e-05
-1.27373e-05
7.15258e-05
-1.41483e-05
-1.54538e-05
6.85875e-05
7.08832e-05
-9.20854e-06
6.87404e-05
-1.05945e-05
6.64652e-05
-1.18731e-05
-1.30764e-05
6.40876e-05
6.49514e-05
-7.55256e-06
6.31635e-05
-8.80671e-06
6.1272e-05
-9.98168e-06
-1.11039e-05
5.92993e-05
5.9504e-05
-6.13356e-06
5.79811e-05
-7.28392e-06
5.63718e-05
-8.37247e-06
-9.41838e-06
5.46861e-05
5.45489e-05
-4.9044e-06
5.32332e-05
-5.9683e-06
5.18419e-05
-6.98128e-06
-7.95627e-06
5.03796e-05
5.00289e-05
-3.83779e-06
4.8888e-05
-4.82745e-06
4.76797e-05
-5.77302e-06
-6.68177e-06
4.64051e-05
4.58909e-05
-2.92034e-06
4.49109e-05
-3.84756e-06
4.38727e-05
-4.73492e-06
-5.58607e-06
4.27769e-05
4.21242e-05
-2.15175e-06
4.13051e-05
-3.02854e-06
4.04412e-05
-3.87119e-06
-4.67805e-06
3.95331e-05
3.8736e-05
-1.52975e-06
3.80803e-05
-2.37303e-06
3.7394e-05
-3.18501e-06
-3.96361e-06
3.66796e-05
3.56554e-05
-1.04872e-06
3.51517e-05
-1.86931e-06
3.46279e-05
-2.66128e-06
-3.423e-06
3.40873e-05
3.26708e-05
-6.70249e-07
3.2275e-05
-1.47343e-06
3.18643e-05
-2.2506e-06
-2.99853e-06
3.14399e-05
2.94495e-05
-3.36937e-07
2.9097e-05
-1.12088e-06
2.87269e-05
-1.88043e-06
-2.6114e-06
2.83398e-05
2.57373e-05
8.61821e-09
2.53696e-05
-7.53151e-07
2.49818e-05
-1.49258e-06
-2.20218e-06
2.45725e-05
2.15529e-05
3.90743e-07
2.1152e-05
-3.52443e-07
2.07323e-05
-1.07299e-06
-1.76788e-06
2.02978e-05
1.72151e-05
7.89325e-07
1.67998e-05
6.26716e-08
1.6382e-05
-6.55449e-07
-1.35959e-06
1.59735e-05
1.3106e-05
1.1732e-06
1.2718e-05
4.50521e-07
1.2345e-05
-2.82589e-07
-1.02671e-06
1.20121e-05
9.4635e-06
1.52256e-06
9.12474e-06
7.89243e-07
8.81289e-06
2.924e-08
-7.669e-07
8.55307e-06
6.37484e-06
1.88337e-06
6.03619e-06
1.12795e-06
5.73736e-06
3.28125e-07
-5.21054e-07
5.49154e-06
2.68114e-06
2.46221e-06
2.28296e-06
2.15471e-06
2.95208e-05
4.58695e-05
5.52971e-05
1.33519e-05
3.40597e-05
2.54998e-06
-2.4234e-05
5.20567e-05
-8.28482e-05
0.000108371
-0.000167355
0.000177889
-0.000241181
0.000222643
-0.000222853
0.000106402
-0.000189393
-4.08997e-06
-0.000172151
-4.91782e-05
-0.000152816
-4.92213e-05
-0.000142291
-2.63805e-05
-0.000151477
-3.3339e-05
-0.000158077
-5.38123e-05
-0.000144525
-6.53074e-05
-0.000117257
-7.69963e-05
-7.6434e-05
-0.000120818
-1.69791e-05
-0.000169023
-7.82627e-05
2.60396e-05
2.70105e-05
2.52914e-05
1.41e-05
-2.28326e-05
5.0674e-05
-8.12606e-05
0.000110485
-0.000154812
0.000181923
-0.00024474
0.000267816
-0.000245565
0.000223468
-0.000206409
6.72452e-05
-0.000178261
-3.22379e-05
-0.000171203
-5.62366e-05
-0.000160312
-6.01118e-05
-0.000137387
-4.93059e-05
-0.000137343
-3.33829e-05
-0.000175405
-1.57502e-05
-0.0002119
-2.88119e-05
-0.000222504
-6.63926e-05
-0.000155867
-0.000187455
-5.25337e-05
-0.000272356
-0.000130796
-4.89964e-05
2.399e-05
-5.95068e-05
2.46104e-05
-8.62053e-05
7.73726e-05
-0.000135779
0.000160058
-0.000204716
0.00025086
-0.000254065
0.000317166
-0.000227065
0.000196468
-0.000220871
6.10516e-05
-0.000270915
1.78061e-05
-0.000313242
-1.39099e-05
-0.000305493
-6.78613e-05
-0.000298813
-5.59854e-05
-0.000422349
9.01533e-05
-0.000596723
0.000158623
-0.000630385
4.85023e-06
-0.000471239
-0.000225539
-0.000277192
-0.000381502
-0.000109905
-0.000439643
-0.000240702
-0.000114817
4.51531e-06
-0.000107014
1.68071e-05
-0.000122466
9.28248e-05
-0.000158466
0.000196058
-0.000208256
0.00030065
-0.000219345
0.000328255
-0.000205794
0.000182917
-0.000228174
8.3431e-05
-0.000379246
0.000168878
-0.000484973
9.18175e-05
-0.000559302
6.46788e-06
-0.000638122
2.28348e-05
-0.000658108
0.000110139
-0.000609416
0.000109931
-0.000545143
-5.94224e-05
-0.000496101
-0.000274582
-0.000386093
-0.00049151
-0.000176153
-0.000649583
-0.000416854
-0.000150501
-2.37224e-05
-0.000133093
-6.00262e-07
-0.000133093
9.28244e-05
-0.000146955
0.00020992
-0.000176558
0.000330253
-0.000190404
0.000342101
-0.000213087
0.000205599
-0.000302596
0.000172941
-0.000361479
0.000227761
-0.000415687
0.000146026
-0.000464566
5.53465e-05
-0.000469129
2.73977e-05
-0.000412779
5.37887e-05
-0.000316318
1.34694e-05
-0.000241136
-0.000134604
-0.000239966
-0.000275751
-0.000230369
-0.000501107
-0.000101573
-0.000778379
-0.000518427
-0.000171871
-4.97977e-05
-0.00014854
-2.39317e-05
-0.000127375
7.16595e-05
-0.000110143
0.000192688
-9.51262e-05
0.000315236
-0.000123049
0.000370024
-0.000191791
0.000274341
-0.000228813
0.000209964
-0.000196761
0.000195708
-0.00019054
0.000139805
-0.000200466
6.52729e-05
-0.000192459
1.93906e-05
-0.000129706
-8.96374e-06
-3.54827e-05
-8.07539e-05
3.74093e-06
-0.000173828
-2.43381e-05
-0.000247672
-8.32274e-05
-0.000442218
-3.67029e-05
-0.000824904
-0.00055513
-0.000180661
-7.00054e-05
-0.000156377
-4.82159e-05
-0.000121149
3.64322e-05
-7.35722e-05
0.000145111
-1.22107e-05
0.000253874
3.12048e-05
0.000326609
-4.84467e-05
0.000353992
-0.000111978
0.000273496
-6.48209e-05
0.000148551
-3.44459e-05
0.00010943
-4.34273e-05
7.4254e-05
-3.67297e-05
1.26931e-05
5.19415e-07
-4.62127e-05
6.14276e-05
-0.000141662
8.33331e-05
-0.000195733
5.07159e-05
-0.000215055
-1.505e-05
-0.000376452
-2.17936e-05
-0.00081816
-0.000576924
-0.000186307
-6.94198e-05
-0.000168437
-6.60859e-05
-0.00012413
-7.87446e-06
-6.589e-05
8.68709e-05
-4.31069e-06
0.000192295
3.35914e-05
0.000288707
4.79786e-05
0.000339605
4.28553e-06
0.000317189
-1.11674e-05
0.000164004
-4.53908e-06
0.000102802
-7.31388e-08
6.97882e-05
3.85562e-05
-2.59361e-05
9.45029e-05
-0.000102159
0.000130395
-0.000177555
0.000115009
-0.000180347
7.72245e-05
-0.000177271
1.98713e-05
-0.000319099
-3.54005e-06
-0.000794749
-0.000580464
-0.00019059
-3.49439e-05
-0.000180906
-7.57699e-05
-0.000145865
-4.29156e-05
-7.63671e-05
1.73729e-05
-7.67368e-06
0.000123602
6.32735e-05
0.00021776
9.50854e-05
0.000307793
0.000101708
0.000310567
6.72519e-05
0.00019846
5.25768e-05
0.000117476
6.86899e-05
5.36749e-05
0.000134884
-9.21301e-05
0.000188839
-0.000156114
0.000165388
-0.000154104
0.000113339
-0.000128298
8.10072e-05
-0.000144939
5.82092e-05
-0.000296301
1.12365e-05
-0.000747776
-0.000569227
-0.000151517
-3.04363e-05
-0.000177428
-4.98586e-05
-0.000159564
-6.07802e-05
-0.000109806
-3.23848e-05
-2.27661e-05
3.65616e-05
5.71314e-05
0.000137862
0.000119991
0.000244933
0.00017971
0.000250848
0.000177762
0.000200408
0.000155067
0.000140172
0.00017184
3.69014e-05
0.000201363
-0.000121654
0.000186995
-0.000141746
0.000135858
-0.000102967
0.000107601
-0.000100042
0.000111649
-0.000148986
0.000115717
-0.00030037
2.15218e-05
-0.00065358
-0.000547705
-0.000126201
-5.21157e-05
-0.00010985
-6.62101e-05
-0.000109594
-6.10358e-05
-0.000102461
-3.9518e-05
-5.7111e-05
-8.78858e-06
2.02506e-05
6.05004e-05
0.000103873
0.000161311
0.00018244
0.000172281
0.000236164
0.000146685
0.000232447
0.000143889
0.000238091
3.12569e-05
0.000207124
-9.06865e-05
0.000137737
-7.23585e-05
0.00010648
-7.17097e-05
0.000114148
-0.00010771
0.000146207
-0.000181045
0.000150951
-0.000305114
2.14655e-05
-0.000524095
-0.00052624
-0.00018902
-0.0001287
-0.000138274
-0.000116956
-0.000107604
-9.17061e-05
-9.3292e-05
-5.38301e-05
-7.8089e-05
-2.39915e-05
-3.41727e-05
1.65841e-05
4.66844e-05
8.04537e-05
0.000127348
9.16175e-05
0.000186543
8.74896e-05
0.000233919
9.65131e-05
0.000234222
3.09536e-05
0.000154412
-1.0876e-05
0.000107983
-2.59296e-05
0.000113917
-7.76443e-05
0.000141786
-0.000135579
0.000155468
-0.000194727
0.000139937
-0.000289583
1.31412e-05
-0.000397299
-0.000513098
-0.000136899
-0.000143595
-0.000136586
-0.000117268
-0.000139104
-8.91878e-05
-0.000125061
-6.78732e-05
-8.47154e-05
-6.43372e-05
-6.04074e-05
-7.72393e-06
-1.05405e-05
3.05868e-05
4.52414e-05
3.58356e-05
9.16073e-05
4.11237e-05
0.000127304
6.08161e-05
0.000112998
4.52596e-05
9.9e-05
3.12216e-06
0.000134463
-6.13927e-05
0.000141889
-8.50703e-05
0.00014926
-0.00014295
0.000150199
-0.000195666
0.000106704
-0.000246088
1.3409e-05
-0.000304004
-0.000499689
-0.000116949
-0.000157267
-0.00010659
-0.000127627
-9.37232e-05
-0.000102054
-8.82531e-05
-7.33433e-05
-0.00010827
-4.43199e-05
-0.000101241
-1.47531e-05
-5.24853e-05
-1.81692e-05
-1.6957e-05
3.07353e-07
1.62875e-05
7.87922e-06
4.25032e-05
3.46004e-05
6.99195e-05
1.78434e-05
0.000133571
-6.05297e-05
0.000123178
-5.09998e-05
0.000140747
-0.000102639
0.000134467
-0.00013667
0.000115625
-0.000176825
7.76172e-05
-0.000208079
1.75969e-05
-0.000243983
-0.000482093
-7.45803e-05
-0.000165852
-6.27623e-05
-0.000139446
-4.61428e-05
-0.000118674
-3.82307e-05
-8.12554e-05
-4.03437e-05
-4.22067e-05
-4.4519e-05
-1.05779e-05
-5.63962e-05
-6.29193e-06
-5.85327e-05
2.44387e-06
-1.71663e-05
-3.34872e-05
2.65082e-05
-9.07411e-06
6.77788e-05
-2.34272e-05
6.11206e-05
-5.38716e-05
9.1072e-05
-8.09511e-05
9.42313e-05
-0.000105798
9.71297e-05
-0.000139568
8.70451e-05
-0.00016674
6.26848e-05
-0.000183719
2.88573e-05
-0.000210155
-0.000453235
-2.09697e-05
-0.000157598
-1.88714e-05
-0.000141544
-7.37923e-06
-0.000130166
5.92093e-06
-9.45555e-05
1.99018e-05
-5.61876e-05
3.4492e-05
-2.51681e-05
3.91315e-05
-1.09313e-05
4.02205e-05
1.35481e-06
3.76989e-05
-3.09656e-05
5.90128e-05
-3.03881e-05
7.99262e-05
-4.43407e-05
9.19886e-05
-6.59339e-05
9.76879e-05
-8.66505e-05
9.66217e-05
-0.000104732
8.70612e-05
-0.000130007
7.31775e-05
-0.000152856
5.29228e-05
-0.000163464
3.37999e-05
-0.000191032
-0.000419435
3.15233e-05
-0.000147246
2.6227e-05
-0.000136247
2.16207e-05
-0.00012556
2.35966e-05
-9.65313e-05
3.17327e-05
-6.43236e-05
4.57052e-05
-3.91405e-05
6.00095e-05
-2.52357e-05
8.08302e-05
-1.94661e-05
7.96863e-05
-2.98218e-05
8.61334e-05
-3.68353e-05
9.07856e-05
-4.89928e-05
9.08799e-05
-6.60281e-05
8.72796e-05
-8.305e-05
8.26373e-05
-0.00010009
7.40689e-05
-0.000121439
6.05517e-05
-0.000139339
4.12015e-05
-0.000144114
3.33436e-05
-0.000183175
-0.000386092
6.66654e-05
-0.000133097
5.72011e-05
-0.000126783
4.48017e-05
-0.00011316
3.80848e-05
-8.98144e-05
3.82767e-05
-6.45155e-05
4.4859e-05
-4.57229e-05
5.48148e-05
-3.51917e-05
6.69678e-05
-3.16192e-05
7.28886e-05
-3.57426e-05
7.85284e-05
-4.2475e-05
8.15344e-05
-5.19987e-05
8.07007e-05
-6.51943e-05
7.80632e-05
-8.04125e-05
7.40607e-05
-9.60871e-05
6.48301e-05
-0.000112208
4.78102e-05
-0.000122319
2.53708e-05
-0.000121675
2.93712e-05
-0.000187175
-0.000356721
8.495e-05
-0.000112419
6.83738e-05
-0.000110207
5.26192e-05
-9.74058e-05
4.23593e-05
-7.95544e-05
3.99263e-05
-6.20826e-05
4.40255e-05
-4.98221e-05
5.15676e-05
-4.27339e-05
6.01086e-05
-4.01602e-05
6.65937e-05
-4.22278e-05
7.18152e-05
-4.76963e-05
7.5708e-05
-5.58913e-05
7.71614e-05
-6.66476e-05
7.54525e-05
-7.87034e-05
6.90767e-05
-8.97113e-05
5.54103e-05
-9.85421e-05
3.22616e-05
-9.91704e-05
6.70097e-06
-9.61145e-05
2.33251e-05
-0.000203799
-0.000333396
8.89008e-05
-8.84906e-05
6.76722e-05
-8.89784e-05
5.13633e-05
-8.10969e-05
4.2042e-05
-7.02331e-05
4.00934e-05
-6.01341e-05
4.32356e-05
-5.29645e-05
4.92292e-05
-4.87277e-05
5.64301e-05
-4.7361e-05
6.33933e-05
-4.91908e-05
6.96978e-05
-5.40007e-05
7.47409e-05
-6.09342e-05
7.69013e-05
-6.88078e-05
7.41317e-05
-7.59336e-05
6.41774e-05
-7.97571e-05
4.4922e-05
-7.92867e-05
1.41873e-05
-6.84358e-05
-7.33376e-06
-7.45935e-05
1.50781e-05
-0.000226211
-0.000318318
7.99578e-05
-6.93084e-05
6.1993e-05
-7.10136e-05
4.91891e-05
-6.82931e-05
4.25844e-05
-6.36285e-05
4.15715e-05
-5.91214e-05
4.43036e-05
-5.56967e-05
4.9169e-05
-5.35931e-05
5.52601e-05
-5.3452e-05
6.22247e-05
-5.61553e-05
6.96738e-05
-6.14495e-05
7.60392e-05
-6.72992e-05
7.84255e-05
-7.11939e-05
7.36738e-05
-7.1182e-05
5.95031e-05
-6.55864e-05
3.40763e-05
-5.38599e-05
-5.10838e-06
-2.9251e-05
-1.76977e-05
-6.20041e-05
3.65718e-06
-0.000247566
-0.00031466
6.86122e-05
-5.64985e-05
5.73019e-05
-5.97034e-05
4.92245e-05
-6.02158e-05
4.49294e-05
-5.93336e-05
4.39925e-05
-5.81845e-05
4.56032e-05
-5.73075e-05
4.91763e-05
-5.71662e-05
5.46777e-05
-5.89532e-05
6.25261e-05
-6.40035e-05
7.18514e-05
-7.07746e-05
7.93438e-05
-7.47915e-05
8.07452e-05
-7.25952e-05
7.28629e-05
-6.32996e-05
5.46362e-05
-4.73597e-05
2.52978e-05
-2.45215e-05
-1.16388e-05
7.68561e-06
-1.61773e-05
-5.74655e-05
-5.75446e-06
-0.000257989
-0.000320415
6.44055e-05
-4.73449e-05
5.63155e-05
-5.16135e-05
5.0311e-05
-5.42115e-05
4.66747e-05
-5.56975e-05
4.51959e-05
-5.67059e-05
4.56113e-05
-5.7723e-05
4.81593e-05
-5.97142e-05
5.38216e-05
-6.46154e-05
6.34212e-05
-7.36029e-05
7.4525e-05
-8.18783e-05
8.17571e-05
-8.20235e-05
8.04308e-05
-7.12688e-05
6.87413e-05
-5.16101e-05
4.7674e-05
-2.62925e-05
1.83952e-05
4.75731e-06
-8.50278e-06
3.45836e-05
-3.99378e-06
-6.19745e-05
-6.79502e-06
-0.000255188
-0.00032721
6.17181e-05
-4.04757e-05
5.53683e-05
-4.52638e-05
5.00957e-05
-4.8939e-05
4.63171e-05
-5.1919e-05
4.41158e-05
-5.45047e-05
4.36077e-05
-5.7215e-05
4.57205e-05
-6.18269e-05
5.21594e-05
-7.10543e-05
6.32476e-05
-8.4691e-05
7.423e-05
-9.28605e-05
7.86232e-05
-8.64167e-05
7.2981e-05
-6.56267e-05
5.78595e-05
-3.64887e-05
3.70849e-05
-5.51789e-06
1.15928e-05
3.02493e-05
1.39941e-06
4.4777e-05
1.66821e-05
-7.72572e-05
6.63289e-06
-0.000245138
-0.000320577
5.83954e-05
-3.47836e-05
5.28959e-05
-3.97645e-05
4.80635e-05
-4.41068e-05
4.42047e-05
-4.80603e-05
4.13821e-05
-5.16822e-05
4.00435e-05
-5.58764e-05
4.17687e-05
-6.35521e-05
4.82993e-05
-7.75849e-05
5.8561e-05
-9.49527e-05
6.59358e-05
-0.000100235
6.4852e-05
-8.5333e-05
5.45381e-05
-5.53129e-05
3.83046e-05
-2.02553e-05
1.97883e-05
1.29983e-05
8.24272e-06
4.17948e-05
2.10703e-05
3.19493e-05
3.91805e-05
-9.53673e-05
2.33854e-05
-0.000229343
-0.000297191
5.44783e-05
-2.99627e-05
4.96736e-05
-3.496e-05
4.51775e-05
-3.96108e-05
4.1131e-05
-4.40138e-05
3.75753e-05
-4.81266e-05
3.52276e-05
-5.35286e-05
3.58212e-05
-6.41457e-05
4.01869e-05
-8.19506e-05
4.58092e-05
-0.000100575
4.60327e-05
-0.000100459
3.82788e-05
-7.75791e-05
2.46753e-05
-4.17095e-05
9.46314e-06
-5.0433e-06
-1.21546e-06
2.36769e-05
5.94763e-06
3.46317e-05
3.9888e-05
-1.99107e-06
5.59662e-05
-0.000111446
3.59069e-05
-0.000209284
-0.000261284
5.0513e-05
-2.57896e-05
4.62059e-05
-3.06531e-05
4.19057e-05
-3.53106e-05
3.75935e-05
-3.97016e-05
3.32687e-05
-4.38017e-05
2.9629e-05
-4.98889e-05
2.77378e-05
-6.22544e-05
2.6988e-05
-8.12008e-05
2.45749e-05
-9.8162e-05
1.58257e-05
-9.17098e-05
2.6046e-06
-6.43581e-05
-1.1675e-05
-2.74299e-05
-2.31369e-05
6.4186e-06
-2.16395e-05
2.21796e-05
4.36737e-06
8.62485e-06
4.94282e-05
-4.70518e-05
6.10688e-05
-0.000123086
3.85116e-05
-0.000186727
-0.000222773
4.67108e-05
-2.21208e-05
4.28018e-05
-2.67441e-05
3.86732e-05
-3.1182e-05
3.42113e-05
-3.52397e-05
2.93615e-05
-3.89518e-05
2.43743e-05
-4.49017e-05
1.90275e-05
-5.69077e-05
1.13208e-05
-7.34941e-05
-9.04158e-07
-8.59371e-05
-1.61641e-05
-7.64498e-05
-3.13677e-05
-4.91544e-05
-4.26178e-05
-1.61796e-05
-4.35865e-05
7.38743e-06
-2.77587e-05
6.35189e-06
9.34505e-06
-2.84788e-05
4.55378e-05
-8.32444e-05
5.20629e-05
-0.000129611
3.26225e-05
-0.000167286
-0.00019015
4.31804e-05
-1.88961e-05
3.96699e-05
-2.32336e-05
3.58487e-05
-2.73609e-05
3.16047e-05
-3.09957e-05
2.68093e-05
-3.41564e-05
2.10216e-05
-3.9114e-05
1.28716e-05
-4.87577e-05
1.03562e-08
-6.06329e-05
-1.77683e-05
-6.81584e-05
-3.62867e-05
-5.79313e-05
-5.00427e-05
-3.53982e-05
-5.35162e-05
-1.2706e-05
-4.2048e-05
-4.08064e-06
-1.54503e-05
-2.02457e-05
1.62445e-05
-6.01736e-05
3.53163e-05
-0.000102316
3.72754e-05
-0.00013157
2.4107e-05
-0.000154117
-0.000166043
4.00078e-05
-1.61271e-05
3.69873e-05
-2.02133e-05
3.37129e-05
-2.40865e-05
3.01566e-05
-2.74394e-05
2.6152e-05
-3.01518e-05
2.07425e-05
-3.37045e-05
1.20332e-05
-4.00484e-05
-2.00905e-06
-4.65905e-05
-1.99294e-05
-5.0238e-05
-3.55575e-05
-4.23031e-05
-4.33988e-05
-2.75568e-05
-3.82413e-05
-1.78634e-05
-1.97048e-05
-2.26171e-05
4.47272e-06
-4.44231e-05
2.15725e-05
-7.72733e-05
2.83509e-05
-0.000109094
2.73151e-05
-0.000130534
1.81413e-05
-0.000144943
-0.000147902
3.72688e-05
-1.38629e-05
3.48504e-05
-1.77949e-05
3.2324e-05
-2.15602e-05
2.9765e-05
-2.48804e-05
2.70677e-05
-2.74545e-05
2.32576e-05
-2.98944e-05
1.67208e-05
-3.35116e-05
6.60068e-06
-3.64704e-05
-6.02578e-06
-3.76116e-05
-1.46737e-05
-3.36552e-05
-1.51923e-05
-2.70382e-05
-5.97024e-06
-2.70856e-05
9.82382e-06
-3.84112e-05
2.35047e-05
-5.8104e-05
2.90176e-05
-8.27861e-05
2.83505e-05
-0.000108427
2.41014e-05
-0.000126285
1.5234e-05
-0.000136076
-0.000132667
3.49423e-05
-1.21257e-05
3.31608e-05
-1.60133e-05
3.14177e-05
-1.98172e-05
2.98348e-05
-2.32974e-05
2.84399e-05
-2.60596e-05
2.66441e-05
-2.80987e-05
2.33904e-05
-3.0258e-05
1.89383e-05
-3.20184e-05
1.3899e-05
-3.25723e-05
1.19677e-05
-3.17241e-05
1.60569e-05
-3.11274e-05
2.51272e-05
-3.6156e-05
3.42995e-05
-4.75836e-05
3.87919e-05
-6.25964e-05
3.74461e-05
-8.14403e-05
3.17396e-05
-0.00010272
2.39182e-05
-0.000118463
1.36506e-05
-0.000125808
-0.000119017
3.28079e-05
-1.08463e-05
3.15601e-05
-1.47655e-05
3.04271e-05
-1.86841e-05
2.95051e-05
-2.23755e-05
2.89417e-05
-2.54963e-05
2.86273e-05
-2.77844e-05
2.80029e-05
-2.96337e-05
2.76065e-05
-3.16221e-05
2.84903e-05
-3.34562e-05
3.15559e-05
-3.47898e-05
3.73882e-05
-3.69598e-05
4.40333e-05
-4.28013e-05
4.78409e-05
-5.13914e-05
4.70982e-05
-6.18537e-05
4.20309e-05
-7.63731e-05
3.35993e-05
-9.42887e-05
2.34788e-05
-0.000108343
1.21098e-05
-0.000114439
-0.000106907
3.04403e-05
-9.84664e-06
2.95022e-05
-1.38274e-05
2.86846e-05
-1.78666e-05
2.803e-05
-2.17209e-05
2.77328e-05
-2.51992e-05
2.79562e-05
-2.80078e-05
2.85333e-05
-3.02109e-05
2.98281e-05
-3.2917e-05
3.31185e-05
-3.67467e-05
3.856e-05
-4.02314e-05
4.49237e-05
-4.33237e-05
4.96944e-05
-4.7572e-05
5.07864e-05
-5.24834e-05
4.79563e-05
-5.90236e-05
4.16569e-05
-7.00735e-05
3.23975e-05
-8.50292e-05
2.15943e-05
-9.75393e-05
1.01867e-05
-0.000103031
-9.67202e-05
2.74104e-05
-8.91727e-06
2.65613e-05
-1.29783e-05
2.58125e-05
-1.71179e-05
2.51765e-05
-2.1085e-05
2.48416e-05
-2.48643e-05
2.49834e-05
-2.81497e-05
2.56654e-05
-3.0893e-05
2.73792e-05
-3.46308e-05
3.11893e-05
-4.05568e-05
3.64967e-05
-4.55389e-05
4.18961e-05
-4.87231e-05
4.58935e-05
-5.15694e-05
4.67126e-05
-5.33024e-05
4.38765e-05
-5.61874e-05
3.74157e-05
-6.36126e-05
2.85885e-05
-7.62018e-05
1.8457e-05
-8.74077e-05
8.09041e-06
-9.26641e-05
-8.86298e-05
2.36027e-05
-7.94756e-06
2.27635e-05
-1.21393e-05
2.20243e-05
-1.63788e-05
2.13874e-05
-2.04482e-05
2.10521e-05
-2.45291e-05
2.11482e-05
-2.82459e-05
2.18103e-05
-3.15551e-05
2.35772e-05
-3.63978e-05
2.72142e-05
-4.41938e-05
3.12111e-05
-4.95358e-05
3.49095e-05
-5.24215e-05
3.86711e-05
-5.53308e-05
3.96395e-05
-5.42707e-05
3.65048e-05
-5.30525e-05
3.02977e-05
-5.74053e-05
2.31608e-05
-6.90647e-05
1.4805e-05
-7.90518e-05
6.26503e-06
-8.41241e-05
-8.23648e-05
1.93445e-05
-6.99443e-06
1.8587e-05
-1.13821e-05
1.79596e-05
-1.57516e-05
1.74494e-05
-1.99383e-05
1.73413e-05
-2.44212e-05
1.77765e-05
-2.86812e-05
1.88596e-05
-3.26383e-05
2.05112e-05
-3.80495e-05
2.28503e-05
-4.65329e-05
2.45813e-05
-5.12669e-05
2.66747e-05
-5.45148e-05
3.0289e-05
-5.8945e-05
3.0051e-05
-5.40324e-05
2.59387e-05
-4.894e-05
2.16795e-05
-5.31459e-05
1.73875e-05
-6.47726e-05
1.13911e-05
-7.30553e-05
4.95488e-06
-7.76879e-05
-7.74099e-05
1.51766e-05
-6.19771e-06
1.45805e-05
-1.07862e-05
1.41892e-05
-1.53605e-05
1.39692e-05
-1.97184e-05
1.4258e-05
-2.47102e-05
1.5081e-05
-2.95043e-05
1.64707e-05
-3.4028e-05
1.75407e-05
-3.91196e-05
1.79251e-05
-4.69174e-05
1.75638e-05
-5.09055e-05
1.82688e-05
-5.52197e-05
2.01038e-05
-6.07799e-05
1.72241e-05
-5.11525e-05
1.4243e-05
-4.59586e-05
1.40826e-05
-5.29854e-05
1.24865e-05
-6.31764e-05
8.56063e-06
-6.91294e-05
3.9979e-06
-7.31252e-05
-7.34121e-05
1.14387e-05
-5.62452e-06
1.10216e-05
-1.03692e-05
1.09442e-05
-1.52832e-05
1.11309e-05
-1.99052e-05
1.16819e-05
-2.52613e-05
1.23986e-05
-3.0221e-05
1.33241e-05
-3.49536e-05
1.35166e-05
-3.93122e-05
1.25462e-05
-4.5947e-05
1.12862e-05
-4.96456e-05
1.05296e-05
-5.4463e-05
9.17754e-06
-5.94276e-05
5.74137e-06
-4.77162e-05
6.82744e-06
-4.70445e-05
9.4202e-06
-5.55781e-05
8.74634e-06
-6.25025e-05
6.22696e-06
-6.66101e-05
3.0795e-06
-6.99778e-05
-7.03326e-05
8.1488e-06
-5.2203e-06
7.93812e-06
-1.01586e-05
8.15892e-06
-1.55041e-05
8.6e-06
-2.03463e-05
8.99825e-06
-2.56596e-05
9.18831e-06
-3.04112e-05
9.29591e-06
-3.50613e-05
9.01071e-06
-3.9027e-05
7.81136e-06
-4.47476e-05
6.49595e-06
-4.83301e-05
4.6127e-06
-5.25796e-05
1.40465e-06
-5.62195e-05
1.14542e-06
-4.74568e-05
4.838e-06
-5.0737e-05
6.58267e-06
-5.73227e-05
5.79468e-06
-6.17145e-05
4.21757e-06
-6.5033e-05
2.09843e-06
-6.78588e-05
-6.82342e-05
5.17154e-06
-4.90029e-06
5.16112e-06
-1.01482e-05
5.42203e-06
-1.5765e-05
5.69285e-06
-2.06171e-05
5.70343e-06
-2.56702e-05
5.53727e-06
-3.0245e-05
5.28259e-06
-3.48066e-05
5.11166e-06
-3.88561e-05
4.33188e-06
-4.39679e-05
3.3949e-06
-4.73931e-05
1.71725e-06
-5.09019e-05
-7.08726e-07
-5.37934e-05
1.17785e-06
-4.93433e-05
3.88881e-06
-5.34479e-05
3.979e-06
-5.74128e-05
3.34103e-06
-6.10765e-05
2.44553e-06
-6.41376e-05
1.16348e-06
-6.65768e-05
-6.70708e-05
2.02867e-06
2.06546e-06
2.05124e-06
2.04712e-06
1.92435e-06
1.82868e-06
1.72043e-06
1.74733e-06
1.44739e-06
1.19723e-06
6.40878e-07
-5.44128e-08
9.90353e-07
1.44862e-06
1.33695e-06
1.13027e-06
8.23086e-07
3.47966e-07
)
;

boundaryField
{
    leftWall
    {
        type            calculated;
        value           uniform 0;
    }
    rightWall
    {
        type            calculated;
        value           uniform 0;
    }
    lowerWall
    {
        type            calculated;
        value           uniform 0;
    }
    atmosphere
    {
        type            calculated;
        value           nonuniform List<scalar> 
46
(
5.16201e-05
5.53971e-05
5.0793e-05
4.97387e-05
4.89535e-05
4.77577e-05
4.6353e-05
4.47599e-05
4.29948e-05
4.10741e-05
3.90112e-05
3.68236e-05
3.45259e-05
3.21309e-05
2.96496e-05
2.7091e-05
2.44616e-05
2.17641e-05
1.89966e-05
1.61525e-05
1.3218e-05
1.01602e-05
6.95487e-06
2.13301e-06
1.34695e-06
5.07429e-07
-3.92783e-07
-4.77422e-06
-1.0185e-05
-1.57508e-05
-2.0613e-05
-2.55475e-05
-3.01494e-05
-3.46984e-05
-3.8883e-05
-4.36679e-05
-4.71429e-05
-5.03455e-05
-5.30981e-05
-5.0388e-05
-5.39061e-05
-5.73012e-05
-6.08699e-05
-6.38304e-05
-6.61017e-05
-6.67228e-05
)
;
    }
    defaultFaces
    {
        type            empty;
        value           nonuniform List<scalar> 0();
    }
}


// ************************************************************************* //
