/*--------------------------------*- C++ -*----------------------------------*\
| =========                 |                                                 |
| \\      /  F ield         | OpenFOAM: The Open Source CFD Toolbox           |
|  \\    /   O peration     | Version:  2206                                  |
|   \\  /    A nd           | Website:  www.openfoam.com                      |
|    \\/     M anipulation  |                                                 |
\*---------------------------------------------------------------------------*/
FoamFile
{
    version     2.0;
    format      ascii;
    arch        "LSB;label=32;scalar=64";
    class       surfaceScalarField;
    location    "0.075";
    object      phi;
}
// * * * * * * * * * * * * * * * * * * * * * * * * * * * * * * * * * * * * * //

dimensions      [0 3 -1 0 0 0 0];

oriented        oriented;

internalField   nonuniform List<scalar> 
4432
(
4.19024e-06
-4.19024e-06
8.89742e-06
-4.70719e-06
1.35283e-05
-4.63083e-06
1.82761e-05
-4.74785e-06
2.32482e-05
-4.97214e-06
2.85181e-05
-5.26988e-06
3.41733e-05
-5.65516e-06
4.03155e-05
-6.14226e-06
4.71151e-05
-6.79954e-06
5.46512e-05
-7.53616e-06
6.33613e-05
-8.71016e-06
7.34709e-05
-1.01095e-05
8.5181e-05
-1.17101e-05
9.68902e-05
-1.17093e-05
0.000106917
-1.00268e-05
0.000116909
-9.99184e-06
0.000129806
-1.28975e-05
0.000137472
-7.66524e-06
0.000122684
1.47874e-05
9.96596e-05
2.30246e-05
7.12003e-05
2.84596e-05
3.91754e-05
3.20242e-05
3.91759e-05
4.1966e-06
-8.3868e-06
8.89338e-06
-9.40401e-06
1.35203e-05
-9.25783e-06
1.82612e-05
-9.48865e-06
2.32216e-05
-9.93253e-06
2.84759e-05
-1.05242e-05
3.41097e-05
-1.1289e-05
4.02289e-05
-1.22616e-05
4.69728e-05
-1.35434e-05
5.44858e-05
-1.50491e-05
6.31162e-05
-1.73406e-05
7.2883e-05
-1.98763e-05
8.42492e-05
-2.30763e-05
9.71901e-05
-2.46501e-05
0.000110634
-2.34706e-05
0.000124027
-2.33846e-05
0.000137942
-2.68129e-05
0.000155583
-2.53059e-05
0.000166911
3.45879e-06
0.000157732
3.2204e-05
0.000131507
5.46847e-05
8.09624e-05
8.25689e-05
0.000120138
4.18342e-06
-1.25702e-05
8.84816e-06
-1.40688e-05
1.34467e-05
-1.38564e-05
1.81566e-05
-1.41985e-05
2.30796e-05
-1.48555e-05
2.82888e-05
-1.57334e-05
3.38666e-05
-1.68667e-05
3.9917e-05
-1.8312e-05
4.65608e-05
-2.01872e-05
5.39751e-05
-2.24635e-05
6.24345e-05
-2.58e-05
7.18921e-05
-2.93339e-05
8.34636e-05
-3.46478e-05
9.86873e-05
-3.98738e-05
0.00011594
-4.0723e-05
0.000129391
-3.6836e-05
0.000134599
-3.20207e-05
0.000137201
-2.79085e-05
0.000143018
-2.35727e-06
0.000139893
3.53284e-05
0.000117253
7.73246e-05
6.72118e-05
0.00013261
0.00018735
4.16033e-06
-1.67305e-05
8.78005e-06
-1.86885e-05
1.33363e-05
-1.84127e-05
1.80011e-05
-1.88632e-05
2.28708e-05
-1.97252e-05
2.80156e-05
-2.08783e-05
3.35136e-05
-2.23647e-05
3.94641e-05
-2.42624e-05
4.59758e-05
-2.66989e-05
5.32311e-05
-2.97188e-05
6.14802e-05
-3.40492e-05
7.06529e-05
-3.85066e-05
8.20159e-05
-4.60108e-05
9.76045e-05
-5.54623e-05
0.000115598
-5.87165e-05
0.000125684
-4.69225e-05
0.000125988
-3.23246e-05
0.000121391
-2.33113e-05
0.000116368
2.66568e-06
0.000105542
4.61549e-05
8.20616e-05
0.000100805
4.27505e-05
0.000171921
0.000230101
4.12767e-06
-2.08582e-05
8.68931e-06
-2.32501e-05
1.31902e-05
-2.29135e-05
1.77959e-05
-2.34689e-05
2.25967e-05
-2.4526e-05
2.76586e-05
-2.59403e-05
3.30544e-05
-2.77604e-05
3.88769e-05
-3.00849e-05
4.52204e-05
-3.30425e-05
5.22669e-05
-3.67652e-05
6.02182e-05
-4.20005e-05
6.90314e-05
-4.73198e-05
8.01343e-05
-5.71137e-05
9.55254e-05
-7.08533e-05
0.000113246
-7.6437e-05
0.000119227
-5.29035e-05
0.000115222
-2.832e-05
0.000104376
-1.2465e-05
8.85746e-05
1.84668e-05
6.77542e-05
6.69751e-05
4.39772e-05
0.000124582
1.95292e-05
0.00019637
0.00024963
4.08599e-06
-2.49442e-05
8.57805e-06
-2.77421e-05
1.30119e-05
-2.73473e-05
1.75463e-05
-2.80033e-05
2.22649e-05
-2.92446e-05
2.7229e-05
-3.09044e-05
3.2505e-05
-3.30364e-05
3.81792e-05
-3.5759e-05
4.43275e-05
-3.91909e-05
5.11299e-05
-4.35676e-05
5.87208e-05
-4.95915e-05
6.70537e-05
-5.56527e-05
7.77122e-05
-6.77722e-05
9.2257e-05
-8.53981e-05
0.000107948
-9.21277e-05
0.000111141
-5.60968e-05
0.000102315
-1.9494e-05
8.37179e-05
6.13176e-06
5.98333e-05
4.23512e-05
3.58357e-05
9.09725e-05
1.61835e-05
0.000144235
6.36547e-06
0.000206188
0.000255995
4.03922e-06
-2.89834e-05
8.45104e-06
-3.21539e-05
1.28094e-05
-3.17058e-05
1.72653e-05
-3.24591e-05
2.18945e-05
-3.38738e-05
2.67536e-05
-3.57635e-05
3.19037e-05
-3.81865e-05
3.74233e-05
-4.12786e-05
4.33767e-05
-4.51442e-05
4.99326e-05
-5.01235e-05
5.71358e-05
-5.67947e-05
6.488e-05
-6.33969e-05
7.47265e-05
-7.76187e-05
8.77214e-05
-9.8393e-05
9.87824e-05
-0.000103189
0.000100238
-5.75528e-05
8.65787e-05
-5.83458e-06
6.21064e-05
3.06037e-05
3.60974e-05
6.83608e-05
1.68469e-05
0.000110223
5.93648e-06
0.000155145
5.85099e-06
0.000206273
0.000261846
3.98993e-06
-3.29734e-05
8.30692e-06
-3.64709e-05
1.25836e-05
-3.59824e-05
1.69555e-05
-3.68311e-05
2.14904e-05
-3.84087e-05
2.62394e-05
-4.05126e-05
3.12588e-05
-4.32058e-05
3.66184e-05
-4.66383e-05
4.23725e-05
-5.08983e-05
4.86991e-05
-5.64501e-05
5.54949e-05
-6.35905e-05
6.25357e-05
-7.04377e-05
7.14007e-05
-8.64837e-05
8.25495e-05
-0.000109542
8.95912e-05
-0.000110231
8.71993e-05
-5.51612e-05
6.92027e-05
1.21618e-05
4.36252e-05
5.61816e-05
2.18062e-05
9.01804e-05
9.89714e-06
0.000122132
6.39753e-06
0.000158645
9.81275e-06
0.000202858
0.000271659
3.17505e-06
-3.17505e-06
6.64183e-06
-3.46745e-06
9.0664e-06
-2.42439e-06
1.03883e-05
-1.32177e-06
1.08692e-05
-4.81205e-07
1.07755e-05
9.39046e-08
1.03237e-05
4.52221e-07
9.65655e-06
6.66925e-07
8.8661e-06
7.9036e-07
8.00658e-06
8.59558e-07
7.11282e-06
8.93596e-07
6.20523e-06
9.07266e-07
5.29722e-06
9.08352e-07
4.39427e-06
9.02516e-07
3.49947e-06
8.94422e-07
2.61408e-06
8.85457e-07
1.73578e-06
8.77948e-07
8.64865e-07
8.71275e-07
8.6441e-07
3.2807e-06
-6.45542e-06
6.98052e-06
-7.1679e-06
9.52268e-06
-4.96683e-06
1.08635e-05
-2.66196e-06
1.13384e-05
-9.56032e-07
1.12493e-05
1.82829e-07
1.07987e-05
9.03293e-07
1.01133e-05
1.35221e-06
9.2902e-06
1.61316e-06
8.39099e-06
1.75858e-06
7.45442e-06
1.83019e-06
6.50272e-06
1.85801e-06
5.55057e-06
1.86055e-06
4.60411e-06
1.84884e-06
3.66626e-06
1.83161e-06
2.73866e-06
1.81338e-06
1.8184e-06
1.79764e-06
9.05371e-07
1.78558e-06
1.76938e-06
3.27397e-06
-9.72921e-06
7.26915e-06
-1.11634e-05
9.89154e-06
-7.58958e-06
1.11638e-05
-3.93371e-06
1.15386e-05
-1.33053e-06
1.13555e-05
3.6587e-07
1.08311e-05
1.42822e-06
1.01016e-05
2.0816e-06
9.25493e-06
2.45928e-06
8.34538e-06
2.66763e-06
7.40653e-06
2.76931e-06
6.45713e-06
2.80688e-06
5.50976e-06
2.80794e-06
4.56961e-06
2.78889e-06
3.63853e-06
2.76195e-06
2.71794e-06
2.73425e-06
1.80463e-06
2.71034e-06
8.98625e-07
2.69268e-06
2.66763e-06
3.22961e-06
-1.29588e-05
7.73741e-06
-1.56712e-05
1.04778e-05
-1.03303e-05
1.16234e-05
-5.0788e-06
1.18447e-05
-1.55151e-06
1.1546e-05
6.6444e-07
1.09407e-05
2.03375e-06
1.01595e-05
2.86274e-06
9.28097e-06
3.33763e-06
8.35265e-06
3.59566e-06
7.40354e-06
3.71879e-06
6.44913e-06
3.76076e-06
5.49978e-06
3.757e-06
4.55975e-06
3.72886e-06
3.62988e-06
3.69121e-06
2.71113e-06
3.65337e-06
1.80001e-06
3.62088e-06
8.96311e-07
3.59732e-06
3.56361e-06
3.07855e-06
-1.60375e-05
8.40868e-06
-2.10011e-05
1.13139e-05
-1.32358e-05
1.22519e-05
-6.0165e-06
1.22495e-05
-1.54874e-06
1.17943e-05
1.11954e-06
1.10853e-05
2.74289e-06
1.02392e-05
3.70908e-06
9.32066e-06
4.25623e-06
8.36838e-06
4.54764e-06
7.40554e-06
4.68183e-06
6.44397e-06
4.72184e-06
5.49128e-06
4.70933e-06
4.55049e-06
4.66967e-06
3.6214e-06
4.61983e-06
2.70424e-06
4.57088e-06
1.79529e-06
4.52927e-06
8.93875e-07
4.49954e-06
4.45721e-06
3.1534e-06
-1.91911e-05
9.43602e-06
-2.72834e-05
1.24423e-05
-1.62424e-05
1.30523e-05
-6.62642e-06
1.2745e-05
-1.24113e-06
1.20893e-05
1.77526e-06
1.12552e-05
3.57724e-06
1.03319e-05
4.63262e-06
9.36654e-06
5.22175e-06
8.38624e-06
5.5275e-06
7.40731e-06
5.66083e-06
6.43732e-06
5.69152e-06
5.48077e-06
5.66557e-06
4.53908e-06
5.61142e-06
3.61094e-06
5.54754e-06
2.69572e-06
5.4864e-06
1.78945e-06
5.43503e-06
8.90853e-07
5.39881e-06
5.34785e-06
6.15506e-06
-2.53464e-05
1.18728e-05
-3.30009e-05
1.39978e-05
-1.83674e-05
1.40088e-05
-6.63729e-06
1.33162e-05
-5.48003e-07
1.24183e-05
2.67335e-06
1.14418e-05
4.55401e-06
1.04324e-05
5.64221e-06
9.41516e-06
6.2391e-06
8.4041e-06
6.53809e-06
7.40755e-06
6.65739e-06
6.42839e-06
6.67055e-06
5.46775e-06
6.62594e-06
4.52521e-06
6.55397e-06
3.59833e-06
6.47405e-06
2.68548e-06
6.39951e-06
1.78245e-06
6.33765e-06
8.87244e-07
6.29454e-06
6.23497e-06
1.56139e-05
-4.09605e-05
1.71988e-05
-3.45856e-05
1.61679e-05
-1.73365e-05
1.50769e-05
-5.54608e-06
1.39214e-05
6.07936e-07
1.27642e-05
3.8308e-06
1.16362e-05
5.68233e-06
1.05363e-05
6.74226e-06
9.46458e-06
7.31097e-06
8.42128e-06
7.58112e-06
7.40624e-06
7.67242e-06
6.41743e-06
7.65936e-06
5.45258e-06
7.59055e-06
4.50925e-06
7.49726e-06
3.58386e-06
7.39917e-06
2.67373e-06
7.30987e-06
1.77441e-06
7.23671e-06
8.83114e-07
7.18616e-06
7.11804e-06
8.25168e-06
-4.12251e-05
1.71082e-05
-4.53274e-05
2.58765e-05
-4.47508e-05
3.4837e-05
-4.57915e-05
4.41004e-05
-4.76722e-05
5.37516e-05
-5.01637e-05
6.38874e-05
-5.33416e-05
7.46022e-05
-5.7353e-05
8.60539e-05
-6.235e-05
9.82689e-05
-6.86651e-05
0.000111495
-7.68166e-05
0.000125801
-8.4744e-05
0.000142859
-0.000103542
0.000160047
-0.00012673
0.000161238
-0.000111421
0.00013798
-3.19033e-05
9.62626e-05
5.38795e-05
5.68507e-05
9.55932e-05
3.3733e-05
0.000113298
2.73495e-05
0.000128515
3.76923e-05
0.000148302
7.23371e-05
0.000168213
0.000186429
0.000157567
7.88461e-06
-4.91097e-05
1.61983e-05
-5.36412e-05
2.44504e-05
-5.30029e-05
3.28625e-05
-5.42036e-05
4.15055e-05
-5.63152e-05
5.04345e-05
-5.90927e-05
5.97074e-05
-6.26146e-05
6.93759e-05
-6.70215e-05
7.94941e-05
-7.24682e-05
9.00717e-05
-7.92427e-05
0.000101042
-8.77874e-05
0.00011249
-9.61911e-05
0.000125638
-0.00011669
0.000135806
-0.000136898
0.000124352
-9.9967e-05
8.80025e-05
4.44689e-06
5.62015e-05
8.56805e-05
3.96859e-05
0.000112108
3.5617e-05
0.000117367
4.15592e-05
0.000122573
6.08591e-05
0.000129002
9.6229e-05
0.000132844
0.000135766
0.000146892
7.45829e-06
-5.6568e-05
1.51739e-05
-6.13568e-05
2.28537e-05
-6.06827e-05
3.06609e-05
-6.20108e-05
3.86276e-05
-6.42819e-05
4.67815e-05
-6.72466e-05
5.51469e-05
-7.098e-05
6.37337e-05
-7.56083e-05
7.25298e-05
-8.12643e-05
8.1488e-05
-8.82009e-05
9.04012e-05
-9.67005e-05
9.92692e-05
-0.000105059
0.000108525
-0.000125946
0.000112771
-0.000141144
9.63936e-05
-8.35897e-05
5.35651e-05
4.72753e-05
3.53067e-05
0.000103939
3.36049e-05
0.00011381
3.75807e-05
0.000113392
4.6072e-05
0.000114083
6.05809e-05
0.000114493
8.10693e-05
0.000112355
0.000105555
0.00011128
6.98164e-06
-6.35496e-05
1.40643e-05
-6.84395e-05
2.11365e-05
-6.77548e-05
2.83023e-05
-6.91767e-05
3.55609e-05
-7.15404e-05
4.2917e-05
-7.46027e-05
5.03676e-05
-7.84306e-05
5.7889e-05
-8.31296e-05
6.54276e-05
-8.88029e-05
7.28866e-05
-9.56599e-05
8.00142e-05
-0.000103828
8.68138e-05
-0.000111859
9.32757e-05
-0.000132408
9.42275e-05
-0.000142096
6.76619e-05
-5.70242e-05
3.3179e-05
8.17579e-05
2.69867e-05
0.000110131
3.10487e-05
0.000109749
3.69163e-05
0.000107525
4.48239e-05
0.000106175
5.54264e-05
0.00010389
6.88365e-05
9.89449e-05
8.94885e-05
8.49035e-05
6.46789e-06
-7.00175e-05
1.29013e-05
-7.48729e-05
1.93483e-05
-7.42019e-05
2.58565e-05
-7.56848e-05
3.23991e-05
-7.8083e-05
3.89636e-05
-8.11671e-05
4.55267e-05
-8.49937e-05
5.20422e-05
-8.96452e-05
5.84334e-05
-9.51941e-05
6.4579e-05
-0.000101805
7.02292e-05
-0.000109478
7.54198e-05
-0.00011705
7.98841e-05
-0.000136872
7.77646e-05
-0.000139977
3.8106e-05
-1.73656e-05
2.10646e-05
9.87995e-05
2.3517e-05
0.000107679
2.9141e-05
0.000104125
3.50282e-05
0.000101637
4.19824e-05
9.92201e-05
5.02013e-05
9.56711e-05
5.91324e-05
9.00137e-05
8.16061e-05
6.70145e-05
5.92936e-06
-7.59469e-05
1.17127e-05
-8.06563e-05
1.75319e-05
-8.0021e-05
2.33824e-05
-8.15353e-05
2.92196e-05
-8.39202e-05
3.50187e-05
-8.69663e-05
4.07436e-05
-9.07186e-05
4.63356e-05
-9.52373e-05
5.17087e-05
-0.000100567
5.67363e-05
-0.000106833
6.11938e-05
-0.000113936
6.51459e-05
-0.000121002
6.81029e-05
-0.000139829
6.21267e-05
-0.000134
1.81087e-05
2.66525e-05
1.52632e-05
0.000101645
2.12562e-05
0.000101686
2.69348e-05
9.8447e-05
3.23948e-05
9.61765e-05
3.82684e-05
9.33468e-05
4.44981e-05
8.94419e-05
5.04791e-05
8.40322e-05
7.68807e-05
5.52039e-05
5.37792e-06
-8.13248e-05
1.05225e-05
-8.58009e-05
1.57224e-05
-8.52209e-05
2.0928e-05
-8.67408e-05
2.60833e-05
-8.90754e-05
3.11565e-05
-9.20395e-05
3.61043e-05
-9.56664e-05
4.08638e-05
-9.99969e-05
4.53496e-05
-0.000105053
4.94427e-05
-0.000110926
5.29532e-05
-0.000117446
5.59683e-05
-0.000124017
5.78455e-05
-0.000141706
4.58005e-05
-0.000121955
1.11776e-05
6.12751e-05
1.41169e-05
9.87054e-05
1.97643e-05
9.60387e-05
2.46795e-05
9.3532e-05
2.94226e-05
9.14333e-05
3.42229e-05
8.85464e-05
3.89554e-05
8.47094e-05
4.32315e-05
7.97555e-05
7.36091e-05
4.65023e-05
4.82412e-06
-8.61489e-05
9.34962e-06
-9.03264e-05
1.39472e-05
-8.98185e-05
1.85296e-05
-9.13232e-05
2.30351e-05
-9.35809e-05
2.74285e-05
-9.64329e-05
3.16643e-05
-9.99022e-05
3.56808e-05
-0.000104013
3.93996e-05
-0.000108772
4.27168e-05
-0.000114243
4.5481e-05
-0.000120211
4.78081e-05
-0.000126344
4.89506e-05
-0.000142849
2.99067e-05
-0.000102912
1.16192e-05
7.95627e-05
1.43342e-05
9.59908e-05
1.85686e-05
9.18049e-05
2.25202e-05
8.95804e-05
2.6445e-05
8.75084e-05
3.02977e-05
8.46931e-05
3.39303e-05
8.10763e-05
3.70823e-05
7.66033e-05
7.1289e-05
3.94029e-05
4.27664e-06
-9.04256e-05
8.20881e-06
-9.42585e-05
1.22267e-05
-9.38364e-05
1.62135e-05
-9.531e-05
2.01059e-05
-9.74733e-05
2.38676e-05
-0.000100195
2.74542e-05
-0.000103489
3.0809e-05
-0.000107368
3.38642e-05
-0.000111827
3.65339e-05
-0.000116913
3.87038e-05
-0.00012238
4.05125e-05
-0.000128152
4.10759e-05
-0.000143412
1.77136e-05
-7.9549e-05
1.08073e-05
8.64689e-05
1.3725e-05
9.30731e-05
1.71082e-05
8.84215e-05
2.03549e-05
8.63334e-05
2.35683e-05
8.4295e-05
2.66306e-05
8.16304e-05
2.94147e-05
7.82916e-05
3.17514e-05
7.42665e-05
6.96097e-05
3.34309e-05
3.74266e-06
-9.41682e-05
7.11147e-06
-9.76273e-05
1.05758e-05
-9.73008e-05
1.39975e-05
-9.87316e-05
1.73152e-05
-0.000100791
2.04922e-05
-0.000103372
2.3487e-05
-0.000106484
2.62492e-05
-0.00011013
2.87233e-05
-0.000114301
3.08412e-05
-0.000119031
3.25294e-05
-0.000124069
3.39495e-05
-0.000129573
3.41067e-05
-0.000143569
1.08835e-05
-5.63256e-05
8.93498e-06
8.84172e-05
1.22249e-05
8.9783e-05
1.53388e-05
8.53071e-05
1.81929e-05
8.34788e-05
2.08448e-05
8.16427e-05
2.32486e-05
7.9227e-05
2.53512e-05
7.61889e-05
2.70713e-05
7.25462e-05
6.83871e-05
2.82939e-05
3.22746e-06
-9.73957e-05
6.0649e-06
-0.000100465
9.00357e-06
-0.000100239
1.18922e-05
-0.00010162
1.46725e-05
-0.000103571
1.73087e-05
-0.000106008
1.97622e-05
-0.000108937
2.19887e-05
-0.000112357
2.39427e-05
-0.000116255
2.55706e-05
-0.000120659
2.68471e-05
-0.000125345
2.79414e-05
-0.000130667
2.79429e-05
-0.000143571
4.80606e-06
-3.31888e-05
4.80933e-06
8.84135e-05
1.00431e-05
8.45494e-05
1.35492e-05
8.18008e-05
1.62142e-05
8.08135e-05
1.83702e-05
7.94857e-05
2.01686e-05
7.74284e-05
2.16741e-05
7.46835e-05
2.28841e-05
7.13362e-05
6.75262e-05
2.37449e-05
2.73021e-06
-0.000100126
5.06974e-06
-0.000102804
7.5109e-06
-0.000102681
9.89856e-06
-0.000104008
1.21758e-05
-0.000105849
1.43102e-05
-0.000108142
1.62656e-05
-0.000110892
1.80038e-05
-0.000114095
1.9486e-05
-0.000117737
2.06678e-05
-0.000121841
2.15729e-05
-0.00012625
2.22767e-05
-0.000131371
2.26542e-05
-0.000143949
-5.5059e-06
-5.02874e-06
1.0754e-06
8.18315e-05
8.50804e-06
7.71168e-05
1.24498e-05
7.78589e-05
1.47526e-05
7.85109e-05
1.62687e-05
7.79692e-05
1.73922e-05
7.63042e-05
1.83022e-05
7.37734e-05
1.90433e-05
7.05949e-05
6.69775e-05
1.95917e-05
2.26515e-06
-0.000102391
4.13559e-06
-0.000104675
6.10526e-06
-0.00010465
8.02266e-06
-0.000105925
9.83218e-06
-0.000107658
1.15031e-05
-0.000109813
1.2999e-05
-0.000112388
1.42848e-05
-0.000115381
1.5325e-05
-0.000118778
1.60737e-05
-0.000122589
1.65986e-05
-0.000126775
1.65906e-05
-0.000131363
1.8234e-05
-0.000145592
-9.32397e-06
2.25294e-05
2.78451e-06
6.97229e-05
9.97065e-06
6.99301e-05
1.30101e-05
7.48191e-05
1.41487e-05
7.73719e-05
1.45978e-05
7.75204e-05
1.48535e-05
7.60484e-05
1.51124e-05
7.35141e-05
1.54018e-05
7.03057e-05
6.67021e-05
1.56773e-05
1.87058e-06
-0.000104262
3.28026e-06
-0.000106084
4.81842e-06
-0.000106188
6.30434e-06
-0.000107411
7.69375e-06
-0.000109048
8.95196e-06
-0.000111071
1.00373e-05
-0.000113474
1.09015e-05
-0.000116245
1.14943e-05
-0.00011937
1.17013e-05
-0.000122796
1.15983e-05
-0.000126672
1.02686e-05
-0.000130033
1.14796e-05
-0.000146803
1.68138e-06
3.23276e-05
1.32312e-05
5.81733e-05
1.58056e-05
6.73554e-05
1.55332e-05
7.5091e-05
1.43528e-05
7.85517e-05
1.31809e-05
7.8692e-05
1.23501e-05
7.68793e-05
1.19098e-05
7.39542e-05
1.1782e-05
7.04335e-05
6.6637e-05
1.18472e-05
1.48069e-06
-0.000105742
2.47813e-06
-0.000107082
3.667e-06
-0.000107377
4.78802e-06
-0.000108532
5.82165e-06
-0.000110081
6.732e-06
-0.000111982
7.47345e-06
-0.000114215
7.97694e-06
-0.000116748
8.161e-06
-0.000119554
7.75118e-06
-0.000122386
6.50937e-06
-0.00012543
3.33562e-06
-0.000126859
-4.01802e-06
-0.00013945
2.22324e-05
6.07731e-06
2.93667e-05
5.10387e-05
2.47103e-05
7.2012e-05
1.91373e-05
8.0664e-05
1.46694e-05
8.30192e-05
1.14673e-05
8.1894e-05
9.4768e-06
7.88699e-05
8.40815e-06
7.50229e-05
7.97659e-06
7.08649e-05
6.66709e-05
7.94257e-06
1.10055e-06
-0.000106843
1.74981e-06
-0.000107731
2.58499e-06
-0.000108213
3.36723e-06
-0.000109314
4.06821e-06
-0.000110782
4.65804e-06
-0.000112571
5.09291e-06
-0.00011465
5.30933e-06
-0.000116965
5.23841e-06
-0.000119484
4.76151e-06
-0.000121909
3.3526e-06
-0.000124022
4.77988e-06
-0.000128286
-9.18195e-06
-0.000125488
4.52419e-05
-4.83467e-05
5.27819e-05
4.34983e-05
3.61533e-05
8.86404e-05
2.2481e-05
9.43367e-05
1.39308e-05
9.15695e-05
8.64904e-06
8.71757e-05
5.6918e-06
8.18273e-05
4.24692e-06
7.6468e-05
3.75347e-06
7.13584e-05
6.66081e-05
3.81622e-06
5.6664e-07
-0.00010741
8.61491e-07
-0.000108026
1.26871e-06
-0.00010862
1.62757e-06
-0.000109673
1.91533e-06
-0.00011107
2.10655e-06
-0.000112763
2.17908e-06
-0.000114722
2.14687e-06
-0.000116933
1.93221e-06
-0.000119269
2.76522e-06
-0.000122742
4.68153e-06
-0.000125938
2.13272e-05
-0.000144932
3.15581e-05
-0.000135718
8.37205e-05
-0.000100509
7.61058e-05
5.1113e-05
4.64423e-05
0.000118304
2.28777e-05
0.000117901
1.02097e-05
0.000104238
3.6133e-06
9.37722e-05
4.38243e-07
8.50025e-05
-8.08788e-07
7.77152e-05
-9.99797e-07
7.15496e-05
6.62302e-05
-6.21452e-07
-3.99629e-07
-0.00010701
-1.00256e-06
-0.000107423
-1.49947e-06
-0.000108123
-2.10812e-06
-0.000109065
-2.76492e-06
-0.000110413
-3.4961e-06
-0.000112032
-4.20008e-06
-0.000114019
-4.60238e-06
-0.00011653
-4.81113e-06
-0.00011906
-7.24589e-07
-0.000126829
1.41107e-05
-0.000140773
3.23076e-05
-0.000163129
7.193e-05
-0.000175341
6.41552e-05
-9.27342e-05
7.69863e-05
3.82823e-05
3.9874e-05
0.000155416
1.38456e-05
0.00014393
6.62245e-07
0.000117421
-4.81827e-06
9.92527e-05
-6.85769e-06
8.7042e-05
-7.1146e-06
7.79724e-05
-6.46224e-06
7.08977e-05
6.51608e-05
-5.3923e-06
-3.03674e-06
-0.000103973
-6.50174e-06
-0.000103958
-9.3969e-06
-0.000105228
-1.2074e-05
-0.000106388
-1.55258e-05
-0.00010696
-1.85648e-05
-0.000108993
-2.08678e-05
-0.000111716
-2.1802e-05
-0.000115597
-2.04328e-05
-0.00012043
-9.68639e-06
-0.000137576
1.34305e-05
-0.00016389
3.02064e-05
-0.000179905
3.90113e-05
-0.000184146
2.25217e-05
-7.62443e-05
1.91754e-05
4.16288e-05
6.54385e-07
0.000173937
-1.27549e-05
0.000157339
-1.65976e-05
0.000121264
-1.71482e-05
9.98035e-05
-1.61085e-05
8.60024e-05
-1.43504e-05
7.62146e-05
-1.23467e-05
6.88944e-05
6.3148e-05
-1.03334e-05
-4.35496e-06
-9.96188e-05
-8.34508e-06
-9.9967e-05
-1.28027e-05
-0.000100771
-1.75134e-05
-0.000101678
-2.16268e-05
-0.000102848
-2.5785e-05
-0.000104835
-2.96774e-05
-0.000107823
-3.32682e-05
-0.000112007
-3.42957e-05
-0.000119402
-3.55617e-05
-0.000136309
-3.78461e-05
-0.000161606
-4.30369e-05
-0.000174714
-6.36655e-05
-0.000163518
-8.40119e-05
-5.58979e-05
-9.45486e-05
5.21655e-05
-7.09561e-05
0.000150345
-5.04857e-05
0.000136868
-3.89303e-05
0.000109709
-3.17466e-05
9.26201e-05
-2.63503e-05
8.06063e-05
-2.19877e-05
7.18523e-05
-1.83253e-05
6.52322e-05
6.00185e-05
-1.51956e-05
-4.49897e-06
-9.51211e-05
-8.60369e-06
-9.5862e-05
-1.3069e-05
-9.63054e-05
-1.77558e-05
-9.69921e-05
-2.25545e-05
-9.80496e-05
-2.7762e-05
-9.96271e-05
-3.37559e-05
-0.00010183
-4.07894e-05
-0.000104973
-5.01629e-05
-0.000110028
-6.89182e-05
-0.000117554
-0.000101316
-0.000129208
-0.000132517
-0.000143513
-0.000167472
-0.000128562
-0.000175568
-4.78019e-05
-0.000169787
4.63838e-05
-0.000121382
0.000101939
-8.15694e-05
9.70561e-05
-5.90665e-05
8.72058e-05
-4.51937e-05
7.87477e-05
-3.58292e-05
7.12422e-05
-2.90376e-05
6.5061e-05
-2.38161e-05
6.0011e-05
5.58349e-05
-1.96322e-05
-4.69037e-06
-9.04308e-05
-9.32883e-06
-9.12243e-05
-1.42004e-05
-9.14337e-05
-1.92518e-05
-9.19413e-05
-2.46699e-05
-9.26316e-05
-3.06877e-05
-9.36088e-05
-3.76032e-05
-9.49148e-05
-4.58628e-05
-9.67135e-05
-5.69942e-05
-9.88972e-05
-7.37116e-05
-0.000100837
-9.90275e-05
-0.000103892
-0.000136914
-0.000105627
-0.000178912
-8.65638e-05
-0.000190797
-3.59174e-05
-0.000169071
2.46576e-05
-0.000125676
5.85454e-05
-9.18761e-05
6.32564e-05
-6.93794e-05
6.47094e-05
-5.37087e-05
6.30774e-05
-4.26153e-05
6.01491e-05
-3.44619e-05
5.69078e-05
-2.82319e-05
5.37812e-05
5.09036e-05
-2.33003e-05
-4.759e-06
-8.56717e-05
-9.61398e-06
-8.63696e-05
-1.46212e-05
-8.64263e-05
-1.99142e-05
-8.66484e-05
-2.56395e-05
-8.69062e-05
-3.20345e-05
-8.72142e-05
-3.9374e-05
-8.75751e-05
-4.81566e-05
-8.79308e-05
-5.91578e-05
-8.78961e-05
-7.30905e-05
-8.69043e-05
-9.19731e-05
-8.50098e-05
-0.000118907
-7.86926e-05
-0.000145611
-5.98597e-05
-0.000153925
-2.76034e-05
-0.000135773
6.50584e-06
-0.000108947
3.17194e-05
-8.74961e-05
4.18061e-05
-7.02063e-05
4.74199e-05
-5.65721e-05
4.94436e-05
-4.59957e-05
4.9573e-05
-3.77524e-05
4.86647e-05
-3.12361e-05
4.72651e-05
4.56518e-05
-2.59842e-05
-4.81134e-06
-8.0861e-05
-9.77626e-06
-8.14051e-05
-1.48238e-05
-8.13789e-05
-2.01968e-05
-8.12757e-05
-2.59913e-05
-8.11119e-05
-3.23842e-05
-8.08219e-05
-3.96191e-05
-8.034e-05
-4.80783e-05
-7.94722e-05
-5.81305e-05
-7.78439e-05
-6.99319e-05
-7.51024e-05
-8.41599e-05
-7.07816e-05
-0.000100574
-6.22781e-05
-0.000114192
-4.62424e-05
-0.000117895
-2.38998e-05
-0.000109804
-1.58494e-06
-9.42397e-05
1.61558e-05
-7.98765e-05
2.74432e-05
-6.69647e-05
3.45085e-05
-5.59398e-05
3.84189e-05
-4.67336e-05
4.0367e-05
-3.91313e-05
4.10626e-05
-3.28602e-05
4.0994e-05
4.04494e-05
-2.76579e-05
-4.77203e-06
-7.60889e-05
-9.65375e-06
-7.65228e-05
-1.46817e-05
-7.63508e-05
-1.99669e-05
-7.59905e-05
-2.56181e-05
-7.5461e-05
-3.17641e-05
-7.46754e-05
-3.85758e-05
-7.35284e-05
-4.62347e-05
-7.18137e-05
-5.48428e-05
-6.92356e-05
-6.4472e-05
-6.54734e-05
-7.52954e-05
-5.99581e-05
-8.6263e-05
-5.13103e-05
-9.40857e-05
-3.84196e-05
-9.5624e-05
-2.23612e-05
-9.10124e-05
-6.19618e-06
-8.22151e-05
7.35873e-06
-7.22996e-05
1.7528e-05
-6.25428e-05
2.47519e-05
-5.36648e-05
2.9541e-05
-4.58562e-05
3.25586e-05
-3.91178e-05
3.43242e-05
-3.33523e-05
3.52284e-05
3.55294e-05
-2.84326e-05
-4.66756e-06
-7.14216e-05
-9.37692e-06
-7.18135e-05
-1.42668e-05
-7.14612e-05
-1.93506e-05
-7.09068e-05
-2.47266e-05
-7.00851e-05
-3.04817e-05
-6.892e-05
-3.67149e-05
-6.72953e-05
-4.34888e-05
-6.50397e-05
-5.07917e-05
-6.19325e-05
-5.85654e-05
-5.76999e-05
-6.66103e-05
-5.1913e-05
-7.40035e-05
-4.39169e-05
-7.8982e-05
-3.34411e-05
-8.00505e-05
-2.12925e-05
-7.72042e-05
-9.04219e-06
-7.16557e-05
1.81039e-06
-6.47755e-05
1.0648e-05
-5.74991e-05
1.74757e-05
-5.04578e-05
2.24998e-05
-4.39605e-05
2.60614e-05
-3.81297e-05
2.84934e-05
-3.2977e-05
3.00756e-05
3.10165e-05
-2.84644e-05
-4.47724e-06
-6.69445e-05
-9.00292e-06
-6.72878e-05
-1.36514e-05
-6.68127e-05
-1.84546e-05
-6.6104e-05
-2.34728e-05
-6.50667e-05
-2.87563e-05
-6.36369e-05
-3.43438e-05
-6.17081e-05
-4.02342e-05
-5.9149e-05
-4.63661e-05
-5.58004e-05
-5.26121e-05
-5.14541e-05
-5.86768e-05
-4.58482e-05
-6.38779e-05
-3.87157e-05
-6.72474e-05
-3.00715e-05
-6.80766e-05
-2.04633e-05
-6.63319e-05
-1.07867e-05
-6.26467e-05
-1.87465e-06
-5.77519e-05
5.75338e-06
-5.22977e-05
1.20217e-05
-4.67571e-05
1.69594e-05
-4.14264e-05
2.07309e-05
-3.64694e-05
2.35363e-05
-3.19568e-05
2.55629e-05
2.69666e-05
-2.79071e-05
-4.21529e-06
-6.27295e-05
-8.51682e-06
-6.29867e-05
-1.28716e-05
-6.2458e-05
-1.73432e-05
-6.16325e-05
-2.19604e-05
-6.04496e-05
-2.67429e-05
-5.88548e-05
-3.1691e-05
-5.67598e-05
-3.67723e-05
-5.40675e-05
-4.19048e-05
-5.0668e-05
-4.69359e-05
-4.64231e-05
-5.15901e-05
-4.11939e-05
-5.54081e-05
-3.48976e-05
-5.7844e-05
-2.76355e-05
-5.85282e-05
-1.9779e-05
-5.74424e-05
-1.18723e-05
-5.49099e-05
-4.40698e-06
-5.13775e-05
2.22125e-06
-4.72519e-05
7.89634e-06
-4.28897e-05
1.25975e-05
-3.85428e-05
1.63841e-05
-3.4374e-05
1.93675e-05
-3.04767e-05
2.16656e-05
2.33896e-05
-2.68997e-05
-3.92077e-06
-5.88085e-05
-7.93218e-06
-5.89751e-05
-1.1969e-05
-5.84215e-05
-1.60818e-05
-5.75196e-05
-2.02812e-05
-5.62503e-05
-2.45667e-05
-5.45693e-05
-2.89174e-05
-5.24088e-05
-3.3286e-05
-4.96991e-05
-3.75856e-05
-4.63685e-05
-4.16718e-05
-4.23368e-05
-4.5323e-05
-3.75427e-05
-4.82352e-05
-3.19853e-05
-5.00904e-05
-2.57803e-05
-5.06833e-05
-1.91858e-05
-5.00075e-05
-1.25479e-05
-4.82199e-05
-6.19435e-06
-4.56337e-05
-3.64685e-07
-4.24827e-05
4.74558e-06
-3.90384e-05
9.15326e-06
-3.55016e-05
1.28474e-05
-3.20178e-05
1.58837e-05
-2.86836e-05
1.83315e-05
2.02665e-05
-2.55604e-05
-3.61847e-06
-5.51902e-05
-7.29678e-06
-5.52969e-05
-1.1e-05
-5.4718e-05
-1.4743e-05
-5.37765e-05
-1.85258e-05
-5.24677e-05
-2.23362e-05
-5.07586e-05
-2.61437e-05
-4.86013e-05
-2.98953e-05
-4.59477e-05
-3.35086e-05
-4.2755e-05
-3.68608e-05
-3.89842e-05
-3.97844e-05
-3.46191e-05
-4.20774e-05
-2.96923e-05
-4.35475e-05
-2.43101e-05
-4.40762e-05
-1.8657e-05
-4.366e-05
-1.29641e-05
-4.23924e-05
-7.46175e-06
-4.04528e-05
-2.30418e-06
-3.80283e-05
2.32121e-06
-3.52984e-05
6.42338e-06
-3.24219e-05
9.97094e-06
-2.95218e-05
1.29837e-05
-2.66884e-05
1.54982e-05
1.75636e-05
-2.39852e-05
-3.31302e-06
-5.1877e-05
-6.64971e-06
-5.19603e-05
-1.0011e-05
-5.13565e-05
-1.33845e-05
-5.04031e-05
-1.67629e-05
-4.90891e-05
-2.01286e-05
-4.73926e-05
-2.34474e-05
-4.52825e-05
-2.6667e-05
-4.27281e-05
-2.97142e-05
-3.97075e-05
-3.24901e-05
-3.62082e-05
-3.48711e-05
-3.22383e-05
-3.67216e-05
-2.78419e-05
-3.79216e-05
-2.311e-05
-3.83998e-05
-1.81788e-05
-3.81524e-05
-1.32115e-05
-3.72441e-05
-8.37004e-06
-3.57661e-05
-3.78212e-06
-3.38896e-05
4.44696e-07
-3.17171e-05
4.2508e-06
-2.93759e-05
7.62977e-06
-2.69677e-05
1.05757e-05
-2.4572e-05
1.31026e-05
1.52408e-05
-2.2249e-05
-3.00132e-06
-4.88757e-05
-6.00642e-06
-4.89547e-05
-9.02579e-06
-4.8337e-05
-1.20385e-05
-4.73901e-05
-1.50323e-05
-4.60951e-05
-1.79867e-05
-4.44381e-05
-2.0868e-05
-4.24013e-05
-2.3628e-05
-3.9968e-05
-2.62046e-05
-3.71309e-05
-2.852e-05
-3.3893e-05
-3.04838e-05
-3.02747e-05
-3.20037e-05
-2.63221e-05
-3.30023e-05
-2.21115e-05
-3.34348e-05
-1.77465e-05
-3.32999e-05
-1.33466e-05
-3.264e-05
-9.0301e-06
-3.152e-05
-4.90214e-06
-3.00515e-05
-1.02392e-06
-2.83119e-05
2.51119e-06
-2.64042e-05
5.72216e-06
-2.44086e-05
8.5802e-06
-2.2392e-05
1.10861e-05
1.32575e-05
-2.04084e-05
-2.68333e-06
-4.61923e-05
-5.36932e-06
-4.62682e-05
-8.05401e-06
-4.56523e-05
-1.07201e-05
-4.47236e-05
-1.33525e-05
-4.34627e-05
-1.59295e-05
-4.18613e-05
-1.84195e-05
-3.99112e-05
-2.07806e-05
-3.76069e-05
-2.29614e-05
-3.49504e-05
-2.49014e-05
-3.19534e-05
-2.65346e-05
-2.86417e-05
-2.77974e-05
-2.50595e-05
-2.86385e-05
-2.12706e-05
-2.90293e-05
-1.73559e-05
-2.89699e-05
-1.34061e-05
-2.84885e-05
-9.51164e-06
-2.76363e-05
-5.75443e-06
-2.64693e-05
-2.191e-06
-2.50802e-05
1.12209e-06
-2.35269e-05
4.16894e-06
-2.18773e-05
6.93075e-06
-2.01877e-05
9.39663e-06
1.1575e-05
-1.8505e-05
-2.36453e-06
-4.38274e-05
-4.74031e-06
-4.38923e-05
-7.10197e-06
-4.32906e-05
-9.43824e-06
-4.23872e-05
-1.17328e-05
-4.11684e-05
-1.39639e-05
-3.96304e-05
-1.61031e-05
-3.7772e-05
-1.81152e-05
-3.55952e-05
-1.99582e-05
-3.31078e-05
-2.15855e-05
-3.03264e-05
-2.2949e-05
-2.72785e-05
-2.40039e-05
-2.40047e-05
-2.47158e-05
-2.0559e-05
-2.50658e-05
-1.70061e-05
-2.50549e-05
-1.34172e-05
-2.47032e-05
-9.86337e-06
-2.40478e-05
-6.40989e-06
-2.3129e-05
-3.1098e-06
-2.20171e-05
1.026e-08
-2.07513e-05
2.90319e-06
-1.93923e-05
5.57183e-06
-1.79847e-05
7.98919e-06
1.01582e-05
-1.65679e-05
-2.05287e-06
-4.17745e-05
-4.12488e-06
-4.18203e-05
-6.17671e-06
-4.12387e-05
-8.20007e-06
-4.03638e-05
-1.01785e-05
-3.91901e-05
-1.20914e-05
-3.77175e-05
-1.3914e-05
-3.59496e-05
-1.5617e-05
-3.38927e-05
-1.71668e-05
-3.15584e-05
-1.85277e-05
-2.89657e-05
-1.96644e-05
-2.6142e-05
-2.05452e-05
-2.31241e-05
-2.11464e-05
-1.99579e-05
-2.14556e-05
-1.66969e-05
-2.14744e-05
-1.33984e-05
-2.12179e-05
-1.01199e-05
-2.07132e-05
-6.91453e-06
-1.99939e-05
-3.82912e-06
-1.90993e-05
-8.84199e-07
-1.8074e-05
1.87789e-06
-1.69615e-05
4.45939e-06
-1.57984e-05
6.82601e-06
8.97643e-06
-1.46167e-05
-1.75358e-06
-4.0021e-05
-3.52922e-06
-4.00445e-05
-5.28423e-06
-3.94836e-05
-7.01016e-06
-3.86379e-05
-8.6914e-06
-3.75088e-05
-1.03095e-05
-3.60996e-05
-1.18433e-05
-3.44162e-05
-1.32686e-05
-3.24678e-05
-1.45591e-05
-3.02682e-05
-1.56875e-05
-2.78374e-05
-1.6628e-05
-2.52016e-05
-1.73579e-05
-2.23943e-05
-1.78607e-05
-1.94551e-05
-1.81285e-05
-1.6429e-05
-1.81631e-05
-1.33637e-05
-1.79763e-05
-1.03066e-05
-1.75883e-05
-7.30256e-06
-1.7026e-05
-4.39126e-06
-1.63106e-05
-1.59959e-06
-1.5488e-05
1.05535e-06
-1.45867e-05
3.55792e-06
-1.36366e-05
5.87575e-06
8.00351e-06
-1.2664e-05
-1.4684e-06
-3.85524e-05
-2.95669e-06
-3.8556e-05
-4.42656e-06
-3.80136e-05
-5.86864e-06
-3.71956e-05
-7.26888e-06
-3.61085e-05
-8.61139e-06
-3.47573e-05
-9.87838e-06
-3.31495e-05
-1.10504e-05
-3.12959e-05
-1.21072e-05
-2.92116e-05
-1.30281e-05
-2.69165e-05
-1.37942e-05
-2.44356e-05
-1.43893e-05
-2.17992e-05
-1.48019e-05
-1.90423e-05
-1.50272e-05
-1.62036e-05
-1.50671e-05
-1.33236e-05
-1.49307e-05
-1.04429e-05
-1.46334e-05
-7.59987e-06
-1.41953e-05
-4.82926e-06
-1.36363e-05
-2.1586e-06
-1.29846e-05
4.03608e-07
-1.22647e-05
2.83783e-06
-1.1502e-05
5.11271e-06
7.21769e-06
-1.07165e-05
-1.19617e-06
-3.7356e-05
-2.40631e-06
-3.73456e-05
-3.60104e-06
-3.68187e-05
-4.77073e-06
-3.60258e-05
-5.9033e-06
-3.4976e-05
-6.98554e-06
-3.36753e-05
-8.00305e-06
-3.21321e-05
-8.94074e-06
-3.03583e-05
-9.78312e-06
-2.83693e-05
-1.0515e-05
-2.61847e-05
-1.11225e-05
-2.38282e-05
-1.15941e-05
-2.13275e-05
-1.19222e-05
-1.87139e-05
-1.21039e-05
-1.60217e-05
-1.21412e-05
-1.32862e-05
-1.20413e-05
-1.05427e-05
-1.18158e-05
-7.82525e-06
-1.14801e-05
-5.16491e-06
-1.10496e-05
-2.58911e-06
-1.05508e-05
-9.52893e-08
-9.98874e-06
2.27551e-06
-9.39306e-06
4.51675e-06
6.60164e-06
-8.77732e-06
-9.33891e-07
-3.64219e-05
-1.87453e-06
-3.64047e-05
-2.80346e-06
-3.58895e-05
-3.71101e-06
-3.51181e-05
-4.58726e-06
-3.40998e-05
-5.42172e-06
-3.28408e-05
-6.20343e-06
-3.13503e-05
-6.92109e-06
-2.96406e-05
-7.56334e-06
-2.77272e-05
-8.1192e-06
-2.5629e-05
-8.57887e-06
-2.33685e-05
-8.93465e-06
-2.09714e-05
-9.18164e-06
-1.84666e-05
-9.31832e-06
-1.58847e-05
-9.34675e-06
-1.32576e-05
-9.27262e-06
-1.06168e-05
-9.10503e-06
-7.99274e-06
-8.85609e-06
-5.41379e-06
-8.53972e-06
-2.90549e-06
-8.16327e-06
-4.71854e-07
-7.74816e-06
1.86021e-06
-7.30589e-06
4.07429e-06
6.14253e-06
-6.84696e-06
-6.73994e-07
-3.57477e-05
-1.35512e-06
-3.57232e-05
-2.028e-06
-3.52164e-05
-2.68293e-06
-3.4463e-05
-3.31286e-06
-3.34697e-05
-3.91035e-06
-3.22432e-05
-4.46763e-06
-3.0793e-05
-4.97674e-06
-2.91317e-05
-5.42973e-06
-2.72744e-05
-5.81911e-06
-2.52397e-05
-6.13848e-06
-2.30489e-05
-6.38306e-06
-2.07266e-05
-6.55014e-06
-1.82993e-05
-6.63932e-06
-1.57954e-05
-6.65273e-06
-1.32441e-05
-6.59501e-06
-1.06744e-05
-6.47326e-06
-8.11439e-06
-6.29682e-06
-5.59017e-06
-6.07669e-06
-3.12563e-06
-5.81732e-06
-7.31304e-07
-5.53534e-06
1.57812e-06
-5.23594e-06
3.77481e-06
5.83109e-06
-4.92451e-06
-4.0405e-07
-3.53434e-05
-8.2854e-07
-3.52984e-05
-1.24505e-06
-3.47997e-05
-1.64786e-06
-3.40601e-05
-2.03367e-06
-3.30838e-05
-2.39842e-06
-3.18784e-05
-2.73743e-06
-3.04541e-05
-3.04573e-06
-2.88235e-05
-3.31831e-06
-2.70019e-05
-3.55056e-06
-2.50073e-05
-3.73866e-06
-2.28606e-05
-3.87991e-06
-2.05851e-05
-3.97291e-06
-1.82061e-05
-4.01781e-06
-1.57504e-05
-4.01635e-06
-1.32455e-05
-3.97202e-06
-1.07186e-05
-3.89009e-06
-8.19625e-06
-3.77771e-06
-5.70252e-06
-3.6443e-06
-3.25904e-06
-3.49384e-06
-8.81805e-07
-3.3396e-06
1.42384e-06
-3.17804e-06
3.61325e-06
5.66178e-06
-3.00865e-06
-1.17804e-07
-2.64657e-07
-4.01984e-07
-5.33915e-07
-6.6069e-07
-7.81318e-07
-8.94262e-07
-9.97724e-07
-1.08984e-06
-1.16884e-06
-1.23325e-06
-1.28192e-06
-1.31415e-06
-1.32978e-06
-1.32927e-06
-1.3138e-06
-1.28546e-06
-1.24772e-06
-1.20691e-06
-1.1678e-06
-1.13003e-06
-1.08649e-06
-1.03903e-06
0.000100558
5.70088e-05
7.51673e-05
2.53909e-05
6.97038e-05
5.46345e-06
-4.94638e-06
7.46503e-05
0.000151425
5.2476e-05
0.000143666
3.31488e-05
0.000132013
1.71167e-05
7.93326e-06
0.000119134
0.000122101
4.16546e-05
0.000122448
3.2802e-05
0.000114994
2.45698e-05
1.86631e-05
0.000104265
8.96605e-05
3.68971e-05
9.02488e-05
3.22136e-05
8.73132e-05
2.75055e-05
2.34043e-05
8.25723e-05
6.92299e-05
3.46816e-05
6.9939e-05
3.15041e-05
6.91612e-05
2.82832e-05
2.53356e-05
6.723e-05
5.66661e-05
3.322e-05
5.73228e-05
3.08479e-05
5.71089e-05
2.84971e-05
2.63067e-05
5.61378e-05
4.74874e-05
3.22344e-05
4.79522e-05
3.03834e-05
4.78799e-05
2.85695e-05
2.68522e-05
4.73342e-05
4.00846e-05
3.15525e-05
4.04238e-05
3.00442e-05
4.04201e-05
2.85733e-05
2.71652e-05
4.01072e-05
3.39257e-05
3.10578e-05
3.41863e-05
2.97834e-05
3.4215e-05
2.85445e-05
2.73474e-05
3.40329e-05
2.86554e-05
3.06964e-05
2.8854e-05
2.95849e-05
2.88928e-05
2.85057e-05
2.74547e-05
2.87856e-05
2.4002e-05
3.04394e-05
2.41474e-05
2.94396e-05
2.41843e-05
2.84689e-05
2.75176e-05
2.41216e-05
1.97629e-05
3.02681e-05
1.98631e-05
2.93394e-05
1.98944e-05
2.84377e-05
2.75504e-05
1.98615e-05
1.57782e-05
3.01669e-05
1.58435e-05
2.92739e-05
1.58732e-05
2.84078e-05
2.75553e-05
1.58682e-05
1.19032e-05
3.01107e-05
1.19546e-05
2.92223e-05
1.19987e-05
2.83635e-05
2.7522e-05
1.20319e-05
7.99689e-06
3.00564e-05
8.07286e-06
2.91464e-05
8.164e-06
2.82724e-05
2.74245e-05
8.26158e-06
3.94007e-06
2.99328e-05
4.10147e-06
2.89853e-05
4.29008e-06
2.80841e-05
2.72216e-05
4.49322e-06
-3.35723e-07
2.96476e-05
-9.715e-09
2.86596e-05
3.41526e-07
2.77331e-05
2.68598e-05
7.03622e-07
-4.82502e-06
2.90807e-05
-4.24464e-06
2.80795e-05
-3.66159e-06
2.71504e-05
2.6282e-05
-3.08347e-06
-9.39924e-06
2.81468e-05
-8.49718e-06
2.71777e-05
-7.63008e-06
2.62836e-05
2.54495e-05
-6.79732e-06
-1.38524e-05
2.68039e-05
-1.26005e-05
2.59261e-05
-1.14312e-05
2.51145e-05
2.43554e-05
-1.03368e-05
-1.79103e-05
2.50823e-05
-1.63357e-05
2.43518e-05
-1.48891e-05
2.36681e-05
2.30237e-05
-1.35573e-05
-2.13017e-05
2.30838e-05
-1.94857e-05
2.25358e-05
-1.78282e-05
2.20107e-05
2.15089e-05
-1.63134e-05
-2.38492e-05
2.09488e-05
-2.19036e-05
2.05901e-05
-2.01259e-05
2.0233e-05
1.98839e-05
-1.8501e-05
-2.55158e-05
1.88063e-05
-2.35483e-05
1.86224e-05
-2.174e-05
1.84245e-05
1.82224e-05
-2.00788e-05
-2.63748e-05
1.67482e-05
-2.44668e-05
1.67141e-05
-2.26993e-05
1.66566e-05
1.65862e-05
-2.10633e-05
-2.65468e-05
1.48304e-05
-2.47518e-05
1.49188e-05
-2.30744e-05
1.4979e-05
1.50205e-05
-2.15088e-05
-2.61598e-05
1.30829e-05
-2.45088e-05
1.32678e-05
-2.29526e-05
1.34227e-05
1.35556e-05
-2.14877e-05
-2.53341e-05
1.15174e-05
-2.38419e-05
1.17756e-05
-2.24233e-05
1.20041e-05
1.22091e-05
-2.10768e-05
-2.41757e-05
1.01328e-05
-2.2845e-05
1.0445e-05
-2.15698e-05
1.0729e-05
1.09892e-05
-2.03499e-05
-2.27728e-05
8.92064e-06
-2.1599e-05
9.27133e-06
-2.04656e-05
9.59578e-06
9.89715e-06
-1.93734e-05
-2.11962e-05
7.86805e-06
-2.01699e-05
8.24526e-06
-1.91722e-05
8.59833e-06
8.92937e-06
-1.82043e-05
-1.95007e-05
6.96055e-06
-1.86105e-05
7.35526e-06
-1.77398e-05
7.7278e-06
8.07955e-06
-1.68898e-05
-1.77277e-05
6.18346e-06
-1.69614e-05
6.5891e-06
-1.62077e-05
6.97426e-06
7.33995e-06
-1.54681e-05
-1.59073e-05
5.52294e-06
-1.52531e-05
5.93488e-06
-1.46065e-05
6.32773e-06
6.70236e-06
-1.39689e-05
-1.40606e-05
4.96665e-06
-1.35076e-05
5.38175e-06
-1.29587e-05
5.77882e-06
6.15885e-06
-1.24153e-05
-1.22016e-05
4.50403e-06
-1.17403e-05
4.92027e-06
-1.12809e-05
5.31926e-06
5.70223e-06
-1.08243e-05
-1.03391e-05
4.12638e-06
-9.96157e-06
4.54256e-06
-9.58443e-06
4.94201e-06
5.32626e-06
-9.2085e-06
-8.47799e-06
3.82685e-06
-8.17785e-06
4.24232e-06
-7.87724e-06
4.64137e-06
5.02579e-06
-7.57672e-06
-6.62051e-06
3.60035e-06
-6.39297e-06
4.0148e-06
-6.16451e-06
4.41299e-06
4.79676e-06
-5.93535e-06
-4.76738e-06
3.44328e-06
-4.60912e-06
3.85665e-06
-4.44972e-06
4.25373e-06
4.63621e-06
-4.28901e-06
-2.91893e-06
3.35366e-06
-2.82819e-06
3.76604e-06
-2.7362e-06
4.16188e-06
4.54239e-06
-2.64225e-06
-1.01173e-06
-9.83888e-07
-9.55337e-07
-9.25564e-07
6.30097e-05
-2.932e-05
5.0769e-05
-2.23448e-05
4.14349e-05
-8.00211e-06
3.5637e-05
2.51966e-07
3.1661e-05
4.58416e-06
2.83634e-05
7.1285e-06
2.54641e-05
8.58186e-06
2.28259e-05
9.38059e-06
2.03643e-05
9.77272e-06
1.80326e-05
9.91273e-06
1.58032e-05
9.90169e-06
1.36573e-05
9.80529e-06
1.15807e-05
9.66705e-06
9.56213e-06
9.5158e-06
7.59085e-06
9.37029e-06
5.65773e-06
9.24316e-06
3.75227e-06
9.14203e-06
1.86619e-06
9.07241e-06
8.9842e-06
8.48088e-05
5.00496e-06
6.0822e-05
1.64218e-06
4.74604e-05
5.35984e-06
3.93534e-05
8.35916e-06
3.37981e-05
1.01398e-05
2.95877e-05
1.13395e-05
2.61329e-05
1.20372e-05
2.31496e-05
1.23641e-05
2.04772e-05
1.24452e-05
1.80206e-05
1.23692e-05
1.57216e-05
1.22006e-05
1.35421e-05
1.19848e-05
1.14555e-05
1.17536e-05
9.4423e-06
1.1529e-05
7.48648e-06
1.1326e-05
5.57506e-06
1.11547e-05
3.69554e-06
1.10215e-05
1.83739e-06
1.09306e-05
1.08216e-05
7.9191e-05
3.00784e-05
6.06679e-05
2.01654e-05
4.88192e-05
1.72087e-05
4.07279e-05
1.64505e-05
3.47554e-05
1.61126e-05
3.0142e-05
1.59533e-05
2.63919e-05
1.57877e-05
2.32065e-05
1.55497e-05
2.04048e-05
1.52469e-05
1.78727e-05
1.49013e-05
1.55362e-05
1.45371e-05
1.33457e-05
1.41754e-05
1.12661e-05
1.38332e-05
9.27189e-06
1.35233e-05
7.34322e-06
1.32547e-05
5.46405e-06
1.3034e-05
3.62019e-06
1.28653e-05
1.79939e-06
1.27515e-05
1.2621e-05
6.9416e-05
4.32348e-05
5.71355e-05
3.2446e-05
4.75619e-05
2.67823e-05
4.02698e-05
2.37427e-05
3.45505e-05
2.18322e-05
2.99633e-05
2.05409e-05
2.61735e-05
1.95778e-05
2.29423e-05
1.8781e-05
2.01088e-05
1.80803e-05
1.75635e-05
1.74466e-05
1.5231e-05
1.68698e-05
1.3058e-05
1.63485e-05
1.10064e-05
1.5885e-05
9.04749e-06
1.54822e-05
7.1592e-06
1.5143e-05
5.32371e-06
1.48695e-05
3.52575e-06
1.46632e-05
1.75198e-06
1.45253e-05
1.43731e-05
6.01235e-05
5.03414e-05
5.19912e-05
4.05782e-05
4.46577e-05
3.41158e-05
3.85163e-05
2.98844e-05
3.34013e-05
2.69477e-05
2.91203e-05
2.48223e-05
2.54883e-05
2.321e-05
2.23466e-05
2.19226e-05
1.95735e-05
2.08533e-05
1.70784e-05
1.99418e-05
1.4794e-05
1.91544e-05
1.26704e-05
1.84723e-05
1.06702e-05
1.78853e-05
8.76478e-06
1.73877e-05
6.93161e-06
1.69761e-05
5.15233e-06
1.66488e-05
3.4113e-06
1.64043e-05
1.69481e-06
1.62419e-05
1.60679e-05
5.18953e-05
5.45838e-05
4.64189e-05
4.60545e-05
4.09397e-05
3.95952e-05
3.59622e-05
3.48622e-05
3.15742e-05
3.1336e-05
2.77446e-05
2.86521e-05
2.43976e-05
2.65568e-05
2.14456e-05
2.48745e-05
1.88084e-05
2.34905e-05
1.64192e-05
2.23312e-05
1.42241e-05
2.13497e-05
1.21808e-05
2.05158e-05
1.02557e-05
1.98104e-05
8.42251e-06
1.92209e-05
6.65964e-06
1.87391e-05
4.94939e-06
1.83591e-05
3.27657e-06
1.80772e-05
1.62773e-06
1.78908e-05
1.76956e-05
4.47014e-05
5.72163e-05
4.09747e-05
4.97813e-05
3.69178e-05
4.36523e-05
3.29689e-05
3.88115e-05
2.93042e-05
3.50009e-05
2.59781e-05
3.19782e-05
2.29838e-05
2.95509e-05
2.02857e-05
2.75725e-05
1.78391e-05
2.59372e-05
1.56e-05
2.45705e-05
1.35293e-05
2.34205e-05
1.15938e-05
2.24514e-05
9.76576e-06
2.16385e-05
8.02236e-06
2.09644e-05
6.34439e-06
2.04171e-05
4.71564e-06
1.9988e-05
3.12202e-06
1.96709e-05
1.55096e-06
1.94619e-05
1.92465e-05
3.84382e-05
5.88854e-05
3.58689e-05
5.2351e-05
3.28694e-05
4.66521e-05
2.97759e-05
4.19052e-05
2.67722e-05
3.80046e-05
2.39467e-05
3.48036e-05
2.13302e-05
3.21672e-05
1.89207e-05
2.9982e-05
1.66997e-05
2.81583e-05
1.46425e-05
2.66279e-05
1.27234e-05
2.53397e-05
1.09185e-05
2.42564e-05
9.20637e-06
2.33506e-05
7.56851e-06
2.26024e-05
5.98874e-06
2.1997e-05
4.453e-06
2.15237e-05
2.94886e-06
2.1175e-05
1.46508e-06
2.09455e-05
2.07114e-05
3.29462e-05
5.99723e-05
3.11506e-05
5.4147e-05
2.89324e-05
4.88705e-05
2.65317e-05
4.43059e-05
2.41069e-05
4.04292e-05
2.17509e-05
3.71593e-05
1.95106e-05
3.44072e-05
1.7403e-05
3.20897e-05
1.5427e-05
3.01345e-05
1.35722e-05
2.84828e-05
1.18241e-05
2.70878e-05
1.01672e-05
2.59134e-05
8.58628e-06
2.49317e-05
7.06715e-06
2.41216e-05
5.59703e-06
2.34672e-05
4.16443e-06
2.29563e-05
2.75893e-06
2.25804e-05
1.371e-06
2.23332e-05
2.20823e-05
2.8062e-05
6.06962e-05
2.67985e-05
5.54108e-05
2.51642e-05
5.05048e-05
2.33215e-05
4.61484e-05
2.13947e-05
4.23557e-05
1.94663e-05
3.90873e-05
1.75862e-05
3.62873e-05
1.57797e-05
3.38963e-05
1.40562e-05
3.18581e-05
1.24152e-05
3.01238e-05
1.08508e-05
2.86523e-05
9.35427e-06
2.741e-05
7.91589e-06
2.63702e-05
6.52583e-06
2.55118e-05
5.17469e-06
2.48183e-05
3.85366e-06
2.42773e-05
2.55459e-06
2.38793e-05
1.26985e-06
2.36177e-05
2.3352e-05
2.36415e-05
6.11765e-05
2.27626e-05
5.62895e-05
2.15768e-05
5.16903e-05
2.01893e-05
4.75355e-05
1.86905e-05
4.38542e-05
1.71473e-05
4.06303e-05
1.56049e-05
3.78298e-05
1.40908e-05
3.54106e-05
1.26195e-05
3.33296e-05
1.11967e-05
3.15466e-05
9.82277e-06
3.00263e-05
8.49435e-06
2.87385e-05
7.20639e-06
2.76583e-05
5.95294e-06
2.67653e-05
4.72784e-06
2.60434e-05
3.52501e-06
2.548e-05
2.3386e-06
2.50655e-05
1.16298e-06
2.47932e-05
2.45149e-05
1.95641e-05
6.14738e-05
1.89837e-05
5.68696e-05
1.81593e-05
5.25143e-05
1.71535e-05
4.85411e-05
1.60275e-05
4.498e-05
1.48317e-05
4.18262e-05
1.36036e-05
3.90581e-05
1.23691e-05
3.66452e-05
1.11446e-05
3.45541e-05
9.93969e-06
3.27516e-05
8.75855e-06
3.12075e-05
7.60215e-06
2.9895e-05
6.46922e-06
2.87913e-05
5.35723e-06
2.78773e-05
4.26302e-06
2.71375e-05
3.18311e-06
2.65598e-05
2.1139e-06
2.61346e-05
1.05182e-06
2.58551e-05
2.55667e-05
1.57318e-05
6.161e-05
1.54064e-05
5.71948e-05
1.48919e-05
5.30286e-05
1.42189e-05
4.92141e-05
1.3425e-05
4.57738e-05
1.25456e-05
4.27057e-05
1.16101e-05
3.99937e-05
1.06413e-05
3.76141e-05
9.65568e-06
3.55396e-05
8.66465e-06
3.37426e-05
7.6753e-06
3.21968e-05
6.69165e-06
3.08787e-05
5.71555e-06
2.97674e-05
4.74745e-06
2.88454e-05
3.78685e-06
2.80981e-05
2.83268e-06
2.75139e-05
1.88354e-06
2.70837e-05
9.37865e-07
2.68007e-05
2.65046e-05
1.20666e-05
6.15751e-05
1.19838e-05
5.72775e-05
1.17541e-05
5.32582e-05
1.13846e-05
4.95836e-05
1.08947e-05
4.62637e-05
1.03078e-05
4.32927e-05
9.64608e-06
4.06555e-05
8.92917e-06
3.8331e-05
8.17298e-06
3.62958e-05
7.38977e-06
3.45258e-05
6.5886e-06
3.2998e-05
5.77589e-06
3.16914e-05
4.95605e-06
3.05872e-05
4.13206e-06
2.96693e-05
3.30581e-06
2.89243e-05
2.47844e-06
2.83413e-05
1.65058e-06
2.79115e-05
8.22595e-07
2.76287e-05
2.73272e-05
8.50754e-06
6.13292e-05
8.67979e-06
5.71054e-05
8.72993e-06
5.32082e-05
8.64938e-06
4.96643e-05
8.44552e-06
4.64676e-05
8.13303e-06
4.36053e-05
7.72922e-06
4.10593e-05
7.25115e-06
3.88091e-05
6.7141e-06
3.68328e-05
6.13103e-06
3.51089e-05
5.5125e-06
3.36166e-05
4.86685e-06
3.2337e-05
4.20066e-06
3.12533e-05
3.51909e-06
3.03508e-05
2.82612e-06
2.96173e-05
2.1249e-06
2.90425e-05
1.41796e-06
2.86185e-05
7.0746e-07
2.83393e-05
2.80347e-05
5.015e-06
6.08077e-05
5.47268e-06
5.6648e-05
5.81132e-06
5.28698e-05
6.01535e-06
4.94603e-05
6.08636e-06
4.63967e-05
6.03461e-06
4.3657e-05
5.87489e-06
4.1219e-05
5.62312e-06
3.90608e-05
5.29444e-06
3.71615e-05
4.90264e-06
3.55007e-05
4.45963e-06
3.40595e-05
3.97545e-06
3.28211e-05
3.45856e-06
3.17701e-05
2.91599e-06
3.08934e-05
2.3536e-06
3.01797e-05
1.77634e-06
2.96199e-05
1.18847e-06
2.92065e-05
5.93837e-07
2.8934e-05
2.86286e-05
1.5772e-06
5.99344e-05
2.35901e-06
5.58665e-05
3.00124e-06
5.22277e-05
3.49013e-06
4.89715e-05
3.8286e-06
4.60582e-05
4.02595e-06
4.34597e-05
4.09746e-06
4.11474e-05
4.05958e-06
3.90987e-05
3.92778e-06
3.72933e-05
3.71728e-06
3.57111e-05
3.44137e-06
3.43354e-05
3.11161e-06
3.31508e-05
2.73812e-06
3.21436e-05
2.32963e-06
3.13019e-05
1.89365e-06
3.06158e-05
1.43673e-06
3.00769e-05
9.64726e-07
2.96786e-05
4.83016e-07
2.94157e-05
2.91116e-05
-1.79055e-06
5.86417e-05
-6.50855e-07
5.4727e-05
3.1207e-07
5.12649e-05
1.08731e-06
4.81963e-05
1.68678e-06
4.54588e-05
2.12132e-06
4.30251e-05
2.41077e-06
4.0858e-05
2.57416e-06
3.89353e-05
2.62664e-06
3.72408e-05
2.58639e-06
3.57513e-05
2.46797e-06
3.44537e-05
2.28423e-06
3.33345e-05
2.0469e-06
3.23809e-05
1.76623e-06
3.15827e-05
1.45116e-06
3.0931e-05
1.1097e-06
3.04184e-05
7.49114e-07
3.00392e-05
3.76173e-07
2.97888e-05
2.94879e-05
-5.03131e-06
5.6876e-05
-3.50936e-06
5.32053e-05
-2.23193e-06
4.99876e-05
-1.17623e-06
4.71407e-05
-3.3212e-07
4.46147e-05
3.33351e-07
4.23596e-05
8.27646e-07
4.03637e-05
1.18009e-06
3.85828e-05
1.40212e-06
3.70187e-05
1.52017e-06
3.56332e-05
1.54865e-06
3.44252e-05
1.50125e-06
3.33818e-05
1.39162e-06
3.24906e-05
1.23134e-06
3.1743e-05
1.03052e-06
3.11319e-05
7.9853e-07
3.06505e-05
5.43781e-07
3.0294e-05
2.74352e-07
3.00583e-05
2.97623e-05
-8.07999e-06
5.46193e-05
-6.17359e-06
5.12991e-05
-4.57758e-06
4.83917e-05
-3.25842e-06
4.58216e-05
-2.18187e-06
4.35381e-05
-1.32395e-06
4.15017e-05
-6.42722e-07
3.96824e-05
-1.28928e-07
3.80689e-05
2.61699e-07
3.6628e-05
5.27147e-07
3.53676e-05
6.91621e-07
3.42606e-05
7.69512e-07
3.3304e-05
7.78078e-07
3.2482e-05
7.29834e-07
3.17913e-05
6.35562e-07
3.12262e-05
5.06131e-07
3.07799e-05
3.50612e-07
3.04496e-05
1.78411e-07
3.02306e-05
2.99408e-05
-1.0845e-05
5.19072e-05
-8.58622e-06
4.90404e-05
-6.70566e-06
4.65112e-05
-5.14557e-06
4.42615e-05
-3.85962e-06
4.22521e-05
-2.80984e-06
4.04518e-05
-1.96578e-06
3.88382e-05
-1.29472e-06
3.73977e-05
-7.78771e-07
3.61119e-05
-3.86911e-07
3.49757e-05
-1.04274e-07
3.3978e-05
9.29629e-08
3.31067e-05
2.10654e-07
3.23644e-05
2.65806e-07
3.17361e-05
2.69385e-07
3.12225e-05
2.35114e-07
3.08142e-05
1.71189e-07
3.05136e-05
8.89033e-08
3.0313e-05
3.00298e-05
-1.32351e-05
4.8829e-05
-1.06867e-05
4.6492e-05
-8.56836e-06
4.43929e-05
-6.80714e-06
4.25003e-05
-5.34572e-06
4.07907e-05
-4.13948e-06
3.92455e-05
-3.15102e-06
3.78497e-05
-2.34857e-06
3.65952e-05
-1.7072e-06
3.54705e-05
-1.2014e-06
3.44698e-05
-8.1074e-07
3.35872e-05
-5.19708e-07
3.28156e-05
-3.06582e-07
3.21512e-05
-1.61551e-07
3.1591e-05
-6.72086e-08
3.11281e-05
-1.66889e-08
3.07636e-05
6.02519e-09
3.04909e-05
5.65057e-09
3.03134e-05
3.00354e-05
-1.51815e-05
4.55094e-05
-1.24292e-05
4.37396e-05
-1.01358e-05
4.20994e-05
-8.22052e-06
4.05849e-05
-6.62104e-06
3.91912e-05
-5.28844e-06
3.79129e-05
-4.18388e-06
3.67451e-05
-3.27293e-06
3.56842e-05
-2.52826e-06
3.47257e-05
-1.92499e-06
3.38665e-05
-1.4416e-06
3.31038e-05
-1.06007e-06
3.2434e-05
-7.63339e-07
3.18543e-05
-5.35787e-07
3.13633e-05
-3.64903e-07
3.0957e-05
-2.36778e-07
3.06353e-05
-1.40734e-07
3.03948e-05
-7.01175e-08
3.02429e-05
2.99653e-05
-1.66513e-05
4.20818e-05
-1.37891e-05
4.08773e-05
-1.1389e-05
3.96993e-05
-9.37172e-06
3.85677e-05
-7.67528e-06
3.74948e-05
-6.25042e-06
3.64881e-05
-5.0567e-06
3.55514e-05
-4.0605e-06
3.4688e-05
-3.2334e-06
3.38985e-05
-2.5507e-06
3.31837e-05
-1.99064e-06
3.25436e-05
-1.5345e-06
3.19777e-05
-1.16533e-06
3.14849e-05
-8.67513e-07
3.10652e-05
-6.27564e-07
3.07168e-05
-4.32123e-07
3.04397e-05
-2.69933e-07
3.02325e-05
-1.35911e-07
3.01087e-05
2.98293e-05
-1.76472e-05
3.86655e-05
-1.47638e-05
3.79937e-05
-1.23242e-05
3.72597e-05
-1.0257e-05
3.65005e-05
-8.50477e-06
3.57428e-05
-7.02079e-06
3.50043e-05
-5.76648e-06
3.42972e-05
-4.70883e-06
3.36304e-05
-3.81992e-06
3.30096e-05
-3.07557e-06
3.24393e-05
-2.45445e-06
3.19224e-05
-1.9379e-06
3.1461e-05
-1.50909e-06
3.10558e-05
-1.15249e-06
3.07083e-05
-8.54422e-07
3.04185e-05
-6.01686e-07
3.01867e-05
-3.82504e-07
3.00131e-05
-1.91824e-07
2.99178e-05
2.96373e-05
-1.81989e-05
3.53555e-05
-1.53697e-05
3.51645e-05
-1.29504e-05
3.48405e-05
-1.08814e-05
3.44316e-05
-9.11263e-06
3.39742e-05
-7.60208e-06
3.34939e-05
-6.31412e-06
3.30093e-05
-5.21807e-06
3.25344e-05
-4.28746e-06
3.20791e-05
-3.49916e-06
3.1651e-05
-2.83272e-06
3.12559e-05
-2.26953e-06
3.08976e-05
-1.79358e-06
3.05796e-05
-1.3896e-06
3.0304e-05
-1.044e-06
3.00726e-05
-7.43817e-07
2.98862e-05
-4.77239e-07
2.97462e-05
-2.38157e-07
2.96784e-05
2.93988e-05
-1.83525e-05
3.22202e-05
-1.56363e-05
3.24484e-05
-1.3287e-05
3.24912e-05
-1.12578e-05
3.24025e-05
-9.50744e-06
3.2224e-05
-7.99992e-06
3.19865e-05
-6.70376e-06
3.17133e-05
-5.59125e-06
3.1422e-05
-4.63808e-06
3.11261e-05
-3.82265e-06
3.08357e-05
-3.12562e-06
3.05589e-05
-2.52969e-06
3.03016e-05
-2.01901e-06
3.00687e-05
-1.57908e-06
2.98638e-05
-1.19638e-06
2.96895e-05
-8.58576e-07
2.9548e-05
-5.53933e-07
2.94411e-05
-2.75373e-07
2.93993e-05
2.91231e-05
-1.81611e-05
2.93045e-05
-1.56005e-05
2.98879e-05
-1.33597e-05
3.02505e-05
-1.14044e-05
3.04473e-05
-9.7023e-06
3.0522e-05
-8.22386e-06
3.05082e-05
-6.94232e-06
3.04319e-05
-5.83348e-06
3.03134e-05
-4.8756e-06
3.01684e-05
-4.04902e-06
3.00092e-05
-3.3359e-06
2.98458e-05
-2.72001e-06
2.96856e-05
-2.18642e-06
2.95349e-05
-1.72133e-06
2.93984e-05
-1.31196e-06
2.92798e-05
-9.46241e-07
2.91818e-05
-6.12797e-07
2.91071e-05
-3.0373e-07
2.90896e-05
2.8819e-05
-1.76792e-05
2.66338e-05
-1.53023e-05
2.7511e-05
-1.31979e-05
2.81462e-05
-1.13429e-05
2.85923e-05
-9.71332e-06
2.88925e-05
-8.28602e-06
2.9081e-05
-7.03901e-06
2.91851e-05
-5.95179e-06
2.92264e-05
-5.0054e-06
2.92222e-05
-4.18235e-06
2.91863e-05
-3.46649e-06
2.913e-05
-2.84292e-06
2.9062e-05
-2.29776e-06
2.89896e-05
-1.8181e-06
2.89185e-05
-1.39185e-06
2.88532e-05
-1.00754e-06
2.8797e-05
-6.54276e-07
2.87532e-05
-3.23495e-07
2.87582e-05
2.84952e-05
-1.69583e-05
2.42187e-05
-1.47812e-05
2.53339e-05
-1.2832e-05
2.61969e-05
-1.10965e-05
2.68568e-05
-9.55844e-06
2.73544e-05
-8.20026e-06
2.77229e-05
-7.00461e-06
2.79896e-05
-5.95459e-06
2.81765e-05
-5.03408e-06
2.83018e-05
-4.22784e-06
2.83802e-05
-3.52151e-06
2.84237e-05
-2.90161e-06
2.84421e-05
-2.35548e-06
2.84434e-05
-1.87118e-06
2.8434e-05
-1.43744e-06
2.84191e-05
-1.04349e-06
2.84026e-05
-6.79026e-07
2.83883e-05
-3.35016e-07
2.84136e-05
2.816e-05
-1.60448e-05
2.20593e-05
-1.40744e-05
2.33635e-05
-1.22914e-05
2.44138e-05
-1.06888e-05
2.52542e-05
-9.25623e-06
2.59218e-05
-7.98134e-06
2.64481e-05
-6.85087e-06
2.68592e-05
-5.85128e-06
2.7177e-05
-4.96918e-06
2.74198e-05
-4.19152e-06
2.76025e-05
-3.50576e-06
2.77379e-05
-2.89993e-06
2.78361e-05
-2.3626e-06
2.79059e-05
-1.88292e-06
2.79541e-05
-1.45049e-06
2.79864e-05
-1.05534e-06
2.80071e-05
-6.87858e-07
2.80203e-05
-3.38708e-07
2.80641e-05
2.78211e-05
-1.49789e-05
2.01484e-05
-1.32156e-05
2.16001e-05
-1.16039e-05
2.28021e-05
-1.01423e-05
2.37924e-05
-8.82511e-06
2.46046e-05
-7.64426e-06
2.52672e-05
-6.59001e-06
2.58049e-05
-5.65181e-06
2.62388e-05
-4.81877e-06
2.65867e-05
-4.07996e-06
2.68636e-05
-3.42459e-06
2.70824e-05
-2.84218e-06
2.72536e-05
-2.32257e-06
2.73861e-05
-1.856e-06
2.74873e-05
-1.43304e-06
2.75632e-05
-1.04457e-06
2.76184e-05
-6.81731e-07
2.76572e-05
-3.35057e-07
2.77171e-05
2.7486e-05
-1.37944e-05
1.84747e-05
-1.22339e-05
2.00395e-05
-1.07944e-05
2.13624e-05
-9.47797e-06
2.24759e-05
-8.28272e-06
2.34092e-05
-7.20373e-06
2.41881e-05
-6.23425e-06
2.48353e-05
-5.36632e-06
2.53707e-05
-4.59129e-06
2.58115e-05
-3.90012e-06
2.61723e-05
-3.28372e-06
2.64658e-05
-2.73301e-06
2.67027e-05
-2.23913e-06
2.68921e-05
-1.79339e-06
2.70415e-05
-1.38736e-06
2.7157e-05
-1.01283e-06
2.72438e-05
-6.61722e-07
2.7306e-05
-3.24606e-07
2.73798e-05
2.71614e-05
-1.25189e-05
1.70246e-05
-1.11543e-05
1.86748e-05
-9.88486e-06
2.00929e-05
-8.71507e-06
2.1306e-05
-7.64549e-06
2.23395e-05
-6.67378e-06
2.32162e-05
-5.79552e-06
2.39569e-05
-5.00491e-06
2.45799e-05
-4.29521e-06
2.51015e-05
-3.65912e-06
2.55359e-05
-3.08906e-06
2.58955e-05
-2.57732e-06
2.61908e-05
-2.11624e-06
2.64309e-05
-1.69825e-06
2.66234e-05
-1.31591e-06
2.67747e-05
-9.61905e-07
2.68898e-05
-6.29008e-07
2.69731e-05
-3.07943e-07
2.70587e-05
2.68534e-05
-1.1175e-05
1.57843e-05
-9.99787e-06
1.74976e-05
-8.89447e-06
1.89894e-05
-7.87062e-06
2.02821e-05
-6.92851e-06
2.13973e-05
-6.06758e-06
2.23551e-05
-5.28524e-06
2.31743e-05
-4.57739e-06
2.38717e-05
-3.93895e-06
2.44627e-05
-3.3641e-06
2.49607e-05
-2.84664e-06
2.53777e-05
-2.38012e-06
2.57241e-05
-1.95805e-06
2.60088e-05
-1.57391e-06
2.62393e-05
-1.22125e-06
2.64222e-05
-8.93687e-07
2.65623e-05
-5.84837e-07
2.66643e-05
-2.85692e-07
2.67596e-05
2.65678e-05
-9.78014e-06
1.474e-05
-8.78174e-06
1.64992e-05
-7.83948e-06
1.80471e-05
-6.95966e-06
1.94022e-05
-6.14539e-06
2.05829e-05
-5.39732e-06
2.16069e-05
-4.71416e-06
2.24909e-05
-4.09322e-06
2.32505e-05
-3.5307e-06
2.38998e-05
-3.02211e-06
2.44518e-05
-2.56247e-06
2.49179e-05
-2.14649e-06
2.5308e-05
-1.76875e-06
2.5631e-05
-1.42377e-06
2.58945e-05
-1.10606e-06
2.61046e-05
-8.1015e-07
2.62666e-05
-5.30512e-07
2.63848e-05
-2.58497e-07
2.64876e-05
2.63093e-05
-8.34812e-06
1.38796e-05
-7.52003e-06
1.56711e-05
-6.73371e-06
1.72609e-05
-5.99532e-06
1.86639e-05
-5.30834e-06
1.9896e-05
-4.67414e-06
2.09726e-05
-4.09237e-06
2.1909e-05
-3.56134e-06
2.27192e-05
-3.07838e-06
2.34166e-05
-2.64007e-06
2.40133e-05
-2.24251e-06
2.45201e-05
-1.88148e-06
2.49469e-05
-1.55258e-06
2.53022e-05
-1.25129e-06
2.55934e-05
-9.73061e-07
2.58266e-05
-7.13311e-07
2.6007e-05
-4.67367e-07
2.61389e-05
-2.27016e-07
2.62473e-05
2.60822e-05
-6.8896e-06
1.31926e-05
-6.22425e-06
1.50059e-05
-5.58888e-06
1.66257e-05
-4.98907e-06
1.80643e-05
-4.42829e-06
1.93353e-05
-3.90826e-06
2.04526e-05
-3.42921e-06
2.14298e-05
-2.99025e-06
2.22801e-05
-2.58956e-06
2.30157e-05
-2.22467e-06
2.36482e-05
-1.89261e-06
2.4188e-05
-1.59013e-06
2.46445e-05
-1.31377e-06
2.5026e-05
-1.05995e-06
2.53397e-05
-8.24997e-07
2.55918e-05
-6.0521e-07
2.57873e-05
-3.96753e-07
2.59305e-05
-1.91918e-07
2.60424e-05
2.58902e-05
-5.41289e-06
1.26703e-05
-4.90387e-06
1.44972e-05
-4.41496e-06
1.6137e-05
-3.95096e-06
1.76005e-05
-3.51504e-06
1.88996e-05
-3.10899e-06
2.00467e-05
-2.73341e-06
2.10543e-05
-2.38795e-06
2.19346e-05
-2.07151e-06
2.26992e-05
-1.78238e-06
2.3359e-05
-1.51846e-06
2.39241e-05
-1.27737e-06
2.44035e-05
-1.05652e-06
2.48053e-05
-8.53199e-07
2.51366e-05
-6.64609e-07
2.54033e-05
-4.87883e-07
2.56106e-05
-3.20027e-07
2.57626e-05
-1.53884e-07
2.58761e-05
2.57363e-05
-3.92468e-06
1.23062e-05
-3.56681e-06
1.41396e-05
-3.22059e-06
1.57911e-05
-2.88989e-06
1.72701e-05
-2.57743e-06
1.85873e-05
-2.2849e-06
1.97543e-05
-2.01307e-06
2.07825e-05
-1.76199e-06
2.16835e-05
-1.53112e-06
2.24683e-05
-1.31945e-06
2.31473e-05
-1.12562e-06
2.37303e-05
-9.48038e-07
2.4226e-05
-7.84945e-07
2.46423e-05
-6.34457e-07
2.49862e-05
-4.94602e-07
2.52635e-05
-3.63345e-07
2.54793e-05
-2.38537e-07
2.56377e-05
-1.13648e-07
2.57511e-05
2.56226e-05
-2.43165e-06
1.20958e-05
-2.22113e-06
1.39293e-05
-2.01466e-06
1.55849e-05
-1.81521e-06
1.70708e-05
-1.62493e-06
1.83972e-05
-1.44526e-06
1.95747e-05
-1.27709e-06
2.06143e-05
-1.12074e-06
2.15271e-05
-9.76145e-07
2.23237e-05
-8.42899e-07
2.30141e-05
-7.2034e-07
2.36078e-05
-6.07617e-07
2.41134e-05
-5.03738e-07
2.45385e-05
-4.0761e-07
2.48901e-05
-3.18062e-07
2.5174e-05
-2.3388e-07
2.53951e-05
-1.53796e-07
2.55575e-05
-7.21698e-08
2.56694e-05
2.55504e-05
-8.59662e-07
-7.91741e-07
-7.23553e-07
-6.56398e-07
-5.91257e-07
-5.28854e-07
-4.69687e-07
-4.14054e-07
-3.62081e-07
-3.13758e-07
-2.68958e-07
-2.27469e-07
-1.89005e-07
-1.5323e-07
-1.19764e-07
-8.82065e-08
-5.81164e-08
-2.68418e-08
)
;

boundaryField
{
    leftWall
    {
        type            calculated;
        value           uniform 0;
    }
    rightWall
    {
        type            calculated;
        value           uniform 0;
    }
    lowerWall
    {
        type            calculated;
        value           uniform 0;
    }
    atmosphere
    {
        type            calculated;
        value           nonuniform List<scalar> 
46
(
-3.52254e-05
-3.51514e-05
-3.46623e-05
-3.3928e-05
-3.29569e-05
-3.17578e-05
-3.03413e-05
-2.87201e-05
-2.69098e-05
-2.49282e-05
-2.27961e-05
-2.05363e-05
-1.81738e-05
-1.57347e-05
-1.32459e-05
-1.07341e-05
-8.22455e-06
-5.74024e-06
-3.29985e-06
-9.20935e-07
1.38608e-06
3.56976e-06
5.61441e-06
3.32644e-06
3.73829e-06
4.13343e-06
4.51269e-06
1.203e-05
1.38615e-05
1.55168e-05
1.70038e-05
1.83321e-05
1.95123e-05
2.05552e-05
2.14715e-05
2.22717e-05
2.29658e-05
2.3563e-05
2.40719e-05
2.45001e-05
2.48543e-05
2.51405e-05
2.53635e-05
2.55274e-05
2.56381e-05
2.55235e-05
)
;
    }
    defaultFaces
    {
        type            empty;
        value           nonuniform List<scalar> 0();
    }
}


// ************************************************************************* //
