/*--------------------------------*- C++ -*----------------------------------*\
| =========                 |                                                 |
| \\      /  F ield         | OpenFOAM: The Open Source CFD Toolbox           |
|  \\    /   O peration     | Version:  2206                                  |
|   \\  /    A nd           | Website:  www.openfoam.com                      |
|    \\/     M anipulation  |                                                 |
\*---------------------------------------------------------------------------*/
FoamFile
{
    version     2.0;
    format      ascii;
    arch        "LSB;label=32;scalar=64";
    class       volVectorField;
    location    "0.9";
    object      U;
}
// * * * * * * * * * * * * * * * * * * * * * * * * * * * * * * * * * * * * * //

dimensions      [0 1 -1 0 0 0 0];

internalField   nonuniform List<vector> 
2268
(
(0.0048081 -0.00769412 0)
(-0.00676628 0.00224148 0)
(-0.0505604 0.0137053 0)
(-0.116938 0.0181324 0)
(-0.160771 0.00977241 0)
(-0.1558 -0.00193468 0)
(-0.129522 -0.00486394 0)
(-0.113462 -0.00243488 0)
(-0.106419 -0.000360062 0)
(-0.106747 0.00161429 0)
(-0.114328 0.0035599 0)
(-0.129513 0.00414298 0)
(-0.147955 0.00126919 0)
(-0.158836 -0.00554353 0)
(-0.157791 -0.009733 0)
(-0.165695 0.00314551 0)
(-0.222867 0.0228103 0)
(-0.305137 0.0210812 0)
(-0.317692 -0.00198196 0)
(-0.24486 -0.0223988 0)
(-0.166756 -0.0259137 0)
(-0.092788 -0.0253745 0)
(-0.0269768 -0.0180663 0)
(-0.0295603 0.00889113 0)
(-0.0921423 0.0263043 0)
(-0.159535 0.0396761 0)
(-0.204188 0.0340172 0)
(-0.199496 0.00824415 0)
(-0.166806 -0.0136743 0)
(-0.138881 -0.0162876 0)
(-0.117813 -0.00903657 0)
(-0.108506 -0.00258289 0)
(-0.106048 0.00254329 0)
(-0.108816 0.00782061 0)
(-0.117765 0.0125259 0)
(-0.134959 0.0142132 0)
(-0.163258 0.0114435 0)
(-0.205686 0.0122583 0)
(-0.257773 0.0295927 0)
(-0.301391 0.0407023 0)
(-0.295917 0.0176752 0)
(-0.210653 -0.027591 0)
(-0.133734 -0.0528988 0)
(-0.0849919 -0.0511816 0)
(-0.044948 -0.0503872 0)
(-0.00790186 -0.0390365 0)
(-0.0426011 0.0445768 0)
(-0.114998 0.0587459 0)
(-0.177053 0.0617179 0)
(-0.209081 0.040317 0)
(-0.204698 -0.00120462 0)
(-0.180359 -0.0297329 0)
(-0.150436 -0.0304362 0)
(-0.12797 -0.0174334 0)
(-0.115236 -0.00619309 0)
(-0.109268 0.00160794 0)
(-0.106986 0.00874877 0)
(-0.107626 0.0160753 0)
(-0.113036 0.0229514 0)
(-0.127458 0.0288268 0)
(-0.154786 0.0355421 0)
(-0.1895 0.0440442 0)
(-0.201826 0.033524 0)
(-0.155475 -0.0151341 0)
(-0.0793695 -0.0667445 0)
(-0.0348826 -0.0789072 0)
(-0.00338299 -0.0633409 0)
(-0.00307177 -0.0567361 0)
(0.013271 -0.0414198 0)
(-0.0400728 0.0797225 0)
(-0.10194 0.0892558 0)
(-0.158445 0.0825854 0)
(-0.194624 0.0495647 0)
(-0.198069 -0.00448721 0)
(-0.177697 -0.0435836 0)
(-0.156808 -0.0439508 0)
(-0.139856 -0.026081 0)
(-0.126724 -0.0110426 0)
(-0.119432 -0.000676764 0)
(-0.116658 0.00792809 0)
(-0.116823 0.0160943 0)
(-0.119305 0.0241368 0)
(-0.123062 0.0325779 0)
(-0.124553 0.0422187 0)
(-0.118188 0.0461068 0)
(-0.0954874 0.0239125 0)
(-0.0516082 -0.030259 0)
(-0.0161048 -0.0789337 0)
(-0.00345325 -0.0897812 0)
(0.0232139 -0.0663488 0)
(0.00911538 -0.055122 0)
(0.0209125 -0.0336997 0)
(-0.0299396 0.108167 0)
(-0.0755177 0.115474 0)
(-0.126537 0.103117 0)
(-0.162865 0.0614329 0)
(-0.166383 -0.00525049 0)
(-0.154977 -0.0515551 0)
(-0.153237 -0.050519 0)
(-0.149125 -0.0316512 0)
(-0.138843 -0.0156733 0)
(-0.129898 -0.00319118 0)
(-0.124725 0.00715351 0)
(-0.123906 0.016885 0)
(-0.127257 0.0256398 0)
(-0.131984 0.0326145 0)
(-0.129998 0.0371372 0)
(-0.112027 0.0319572 0)
(-0.0795061 0.00181755 0)
(-0.0465678 -0.0495576 0)
(-0.0224236 -0.0913865 0)
(-0.00607973 -0.0984842 0)
(0.0233295 -0.0683701 0)
(0.0127102 -0.0524715 0)
(0.0217964 -0.0274064 0)
(-0.0158523 0.127357 0)
(-0.0424173 0.136515 0)
(-0.083663 0.120879 0)
(-0.113408 0.0724037 0)
(-0.115692 -0.00281017 0)
(-0.117934 -0.0512211 0)
(-0.143447 -0.0487188 0)
(-0.155079 -0.0325899 0)
(-0.146312 -0.0188772 0)
(-0.131472 -0.00564726 0)
(-0.119163 0.00570909 0)
(-0.114744 0.018173 0)
(-0.119254 0.0292046 0)
(-0.129187 0.036163 0)
(-0.136149 0.0357719 0)
(-0.129438 0.0217304 0)
(-0.106752 -0.0135612 0)
(-0.0736573 -0.0638671 0)
(-0.0314934 -0.10683 0)
(0.00947619 -0.115121 0)
(0.0424085 -0.0768738 0)
(0.0352713 -0.0501305 0)
(0.0239983 -0.0188464 0)
(0.00206877 0.133119 0)
(-0.00479507 0.149183 0)
(-0.0363998 0.13347 0)
(-0.0576891 0.0814275 0)
(-0.0549405 0.004653 0)
(-0.071162 -0.043878 0)
(-0.133746 -0.0385712 0)
(-0.152761 -0.0305055 0)
(-0.131191 -0.0244307 0)
(-0.103535 -0.0119545 0)
(-0.0848901 0.000919873 0)
(-0.0776522 0.0164651 0)
(-0.084073 0.0315606 0)
(-0.101873 0.0400852 0)
(-0.122 0.0369649 0)
(-0.130784 0.0162005 0)
(-0.118151 -0.0268766 0)
(-0.0781753 -0.0881888 0)
(-0.0179665 -0.139722 0)
(0.0374038 -0.141761 0)
(0.0804398 -0.0864145 0)
(0.0752388 -0.0408192 0)
(0.0342623 -0.0083225 0)
(0.0209636 0.132138 0)
(0.0340452 0.158155 0)
(0.0153695 0.142004 0)
(0.0195112 0.0814914 0)
(0.0433669 0.00457972 0)
(-0.0176479 -0.0157264 0)
(-0.125236 -0.0123815 0)
(-0.135305 -0.0350256 0)
(-0.0981375 -0.0441541 0)
(-0.0842085 -0.0255183 0)
(-0.0815421 -0.0037164 0)
(-0.0727103 0.0213571 0)
(-0.069291 0.0448606 0)
(-0.0818372 0.0606239 0)
(-0.10579 0.0572521 0)
(-0.124587 0.025993 0)
(-0.120543 -0.0365489 0)
(-0.0822558 -0.113397 0)
(-0.0304912 -0.15415 0)
(0.0442166 -0.148438 0)
(0.119198 -0.0831114 0)
(0.119952 -0.0115279 0)
(0.0516542 0.0297692 0)
(0.0482289 0.00411461 0)
(-0.247476 0.0559276 0)
(-0.355994 0.000545294 0)
(-0.12154 -0.0770126 0)
(0.130514 -0.0734613 0)
(0.297362 -0.0270013 0)
(0.318352 -0.00125977 0)
(-0.0558982 0.0671608 0)
(-0.228929 0.00954071 0)
(0.0286942 -0.0724567 0)
(0.178325 -0.00666818 0)
(0.154461 0.0318186 0)
(-0.0293765 0.0441298 0)
(-0.217629 0.0456541 0)
(-0.396763 0.0290239 0)
(-0.510931 0.0287349 0)
(-0.454398 0.00586399 0)
(-0.239283 -0.0354182 0)
(-0.0226639 -0.0332168 0)
(-0.0895412 0.0772608 0)
(-0.342876 0.113981 0)
(-0.271714 -0.0326289 0)
(-0.106569 -0.172561 0)
(0.0543515 -0.160651 0)
(0.172796 -0.040006 0)
(0.0792481 0.128967 0)
(-0.212182 0.154124 0)
(-0.234071 -0.0403267 0)
(-0.284763 -0.108459 0)
(-0.0300897 -0.0567012 0)
(0.108173 0.0600183 0)
(0.000215723 0.12048 0)
(-0.199214 0.121559 0)
(-0.415441 0.0822151 0)
(-0.537129 -0.00670643 0)
(-0.365161 -0.124066 0)
(-0.129564 -0.175881 0)
(0.0888209 -0.0842884 0)
(-0.1333 0.156737 0)
(-0.29689 0.145404 0)
(-0.203021 -0.0681392 0)
(-0.0980175 -0.224341 0)
(-0.0670092 -0.172442 0)
(-0.127693 0.0134232 0)
(-0.208975 0.195692 0)
(-0.496441 0.228499 0)
(-0.811527 0.0324838 0)
(-0.761196 -0.167367 0)
(-0.494118 -0.143619 0)
(-0.178356 0.0274357 0)
(-0.079925 0.149573 0)
(-0.14611 0.183344 0)
(-0.283034 0.148461 0)
(-0.328243 0.0127074 0)
(-0.184699 -0.160762 0)
(-0.0786316 -0.235559 0)
(0.0896459 -0.0566905 0)
(-0.117675 0.228764 0)
(-0.218136 0.167523 0)
(-0.165633 -0.0936199 0)
(-0.0586535 -0.251037 0)
(-0.113558 -0.151732 0)
(-0.227012 0.0473597 0)
(-0.49846 0.304165 0)
(-1.18972 0.425827 0)
(-1.26181 -0.000234805 0)
(-1.1835 -0.286953 0)
(-0.954606 -0.282921 0)
(-0.588781 -0.091945 0)
(-0.281981 0.119248 0)
(-0.221296 0.203948 0)
(-0.249692 0.163803 0)
(-0.217077 -0.0178752 0)
(-0.163615 -0.193549 0)
(-0.110837 -0.265445 0)
(-0.00777297 -0.0537155 0)
(-0.0751244 0.280027 0)
(-0.121024 0.182165 0)
(-0.0900665 -0.121345 0)
(0.00201629 -0.261652 0)
(-0.0969408 -0.119226 0)
(-0.239862 0.149493 0)
(-0.6792 0.583174 0)
(-1.28415 0.476806 0)
(-1.32656 -0.0528171 0)
(-1.28423 -0.352036 0)
(-1.21129 -0.399619 0)
(-0.961783 -0.244971 0)
(-0.603066 0.0122596 0)
(-0.378899 0.180816 0)
(-0.339253 0.1486 0)
(-0.306388 -0.0251963 0)
(-0.256258 -0.229801 0)
(-0.126749 -0.309828 0)
(0.00141222 -0.0860934 0)
(-0.0251133 0.304543 0)
(-0.0109935 0.188327 0)
(0.0440417 -0.134557 0)
(0.0803741 -0.249124 0)
(-0.0751292 -0.0761187 0)
(-0.204198 0.265184 0)
(-0.574145 0.835266 0)
(-0.938702 0.678857 0)
(-0.868717 0.0521595 0)
(-0.89098 -0.310907 0)
(-1.08869 -0.414904 0)
(-1.06634 -0.336481 0)
(-0.888663 -0.109231 0)
(-0.626629 0.104296 0)
(-0.52949 0.124455 0)
(-0.487748 -0.0604307 0)
(-0.344147 -0.294182 0)
(-0.162977 -0.380691 0)
(0.0719343 -0.127904 0)
(0.0206537 0.294013 0)
(0.0825203 0.17541 0)
(0.186758 -0.141826 0)
(0.161359 -0.216415 0)
(-0.0628198 -0.015433 0)
(-0.193382 0.376618 0)
(-0.420712 0.925394 0)
(-0.464121 0.686465 0)
(-0.125768 0.141265 0)
(-0.28519 -0.230793 0)
(-0.695372 -0.328429 0)
(-0.840145 -0.333098 0)
(-0.897421 -0.153482 0)
(-0.829909 0.051721 0)
(-0.670596 0.0719775 0)
(-0.597403 -0.0937133 0)
(-0.621298 -0.342572 0)
(-0.313197 -0.46724 0)
(0.105255 -0.170682 0)
(0.0649454 0.250076 0)
(0.155869 0.15186 0)
(0.272379 -0.148204 0)
(0.206065 -0.180223 0)
(-0.0528838 0.0429165 0)
(-0.262919 0.476977 0)
(-0.436988 0.928888 0)
(-0.0897349 0.476022 0)
(0.368333 0.0463487 0)
(-0.00877461 -0.0776537 0)
(-0.486879 -0.203046 0)
(-0.636097 -0.297409 0)
(-0.730804 -0.195383 0)
(-0.708573 -0.00966392 0)
(-0.753193 0.0370985 0)
(-1.06656 -0.133729 0)
(-1.21366 -0.528162 0)
(-0.556452 -0.679413 0)
(0.0638157 -0.173658 0)
(0.0723221 0.0874009 0)
(0.128926 0.167687 0)
(0.12575 0.147936 0)
(0.120431 0.0944978 0)
(0.0459663 0.0621795 0)
(-0.0902473 0.0710045 0)
(-0.160824 0.026483 0)
(-0.170724 -0.0467383 0)
(-0.196759 -0.0565937 0)
(-0.23707 -0.0405491 0)
(-0.26306 -0.0267272 0)
(-0.246462 -0.0116637 0)
(-0.21211 0.00866853 0)
(-0.192074 0.030019 0)
(-0.195275 0.0390535 0)
(-0.204396 0.0154616 0)
(-0.20996 -0.0421688 0)
(-0.206256 -0.1058 0)
(-0.124816 -0.181984 0)
(0.0286101 -0.234932 0)
(0.140447 -0.159365 0)
(0.165762 -0.0145395 0)
(0.111876 0.0851644 0)
(0.0949473 -0.0866623 0)
(0.200626 0.12356 0)
(0.160647 0.134504 0)
(0.10501 0.130295 0)
(0.0227608 0.166091 0)
(-0.0994108 0.1598 0)
(-0.258465 0.0735859 0)
(-0.490293 -0.00684041 0)
(-0.580217 0.00907168 0)
(-0.506406 0.0740415 0)
(-0.594802 0.00926214 0)
(-0.63391 -0.0310336 0)
(-0.649097 -0.000479825 0)
(-0.697669 0.0628003 0)
(-0.733008 0.0898907 0)
(-0.716353 0.0697455 0)
(-0.645596 -0.0232132 0)
(-0.473908 -0.237158 0)
(-0.24195 -0.456353 0)
(-0.0755668 -0.44602 0)
(-0.0234356 -0.226138 0)
(-0.0214792 0.0416556 0)
(0.0414157 0.0998697 0)
(-0.0909473 -0.310823 0)
(0.108793 0.100479 0)
(-0.088182 0.240506 0)
(-0.249182 0.279529 0)
(-0.451241 0.328643 0)
(-0.656449 0.368995 0)
(-0.772611 0.362471 0)
(-0.836917 0.213858 0)
(-0.919315 0.0611302 0)
(-0.883891 0.100483 0)
(-0.97258 0.127836 0)
(-1.26025 0.0508612 0)
(-1.47237 0.084503 0)
(-1.52398 0.1529 0)
(-1.4325 0.0770261 0)
(-1.2049 -0.0944273 0)
(-0.90199 -0.366034 0)
(-0.636302 -0.597984 0)
(-0.518266 -0.601022 0)
(-0.510592 -0.375477 0)
(-0.581721 -0.127676 0)
(-0.565336 -0.0280434 0)
(-0.453557 -0.0745416 0)
(-0.311044 -0.0464037 0)
(-0.43037 0.328187 0)
(-0.751594 0.45406 0)
(-1.01401 0.474416 0)
(-1.30513 0.49505 0)
(-1.62434 0.451528 0)
(-1.89263 0.300451 0)
(-1.68004 0.0801765 0)
(-1.58103 0.00292767 0)
(-1.4791 0.111925 0)
(-1.34988 0.329746 0)
(-1.26197 0.365082 0)
(-1.20893 0.189839 0)
(-1.1926 0.0249216 0)
(-1.17968 -0.147379 0)
(-1.03837 -0.335379 0)
(-0.896173 -0.555323 0)
(-0.813982 -0.655028 0)
(-0.796927 -0.552838 0)
(-0.887622 -0.306902 0)
(-0.918612 -0.155876 0)
(-0.806246 -0.124786 0)
(-0.689398 -0.189094 0)
(-0.502066 0.419098 0)
(-0.90856 0.64169 0)
(-1.24135 0.68995 0)
(-1.47414 0.740663 0)
(-1.82704 0.865118 0)
(-2.00504 0.698908 0)
(-1.93972 0.143641 0)
(-1.89451 -0.122376 0)
(-1.81922 -0.206959 0)
(-1.73334 -0.145368 0)
(-1.56195 -0.0642641 0)
(-1.31192 -0.0225032 0)
(-1.09362 0.0233768 0)
(-0.971714 0.0704831 0)
(-0.933424 0.0130593 0)
(-0.970631 -0.345908 0)
(-0.996885 -0.639002 0)
(-1.01821 -0.718877 0)
(-1.034 -0.57114 0)
(-1.11364 -0.247311 0)
(-1.11582 -0.109852 0)
(-1.01062 -0.201844 0)
(-0.862086 -0.387939 0)
(-0.491402 0.971408 0)
(-0.798525 1.00761 0)
(-1.25101 1.01321 0)
(-1.55227 1.12863 0)
(-1.85559 1.24788 0)
(-1.84708 0.982159 0)
(-1.82268 0.36539 0)
(-1.85191 -0.00960114 0)
(-1.96159 -0.0972711 0)
(-1.90474 -0.0788597 0)
(-1.73524 -0.122917 0)
(-1.59052 -0.238677 0)
(-1.40108 -0.240821 0)
(-1.24968 -0.198596 0)
(-1.23331 -0.221739 0)
(-1.3486 -0.360751 0)
(-1.30982 -0.661604 0)
(-1.27633 -0.682151 0)
(-1.26079 -0.431621 0)
(-1.29821 -0.149595 0)
(-1.4117 -0.268184 0)
(-1.31188 -0.49096 0)
(-1.06676 -0.635767 0)
(-0.557846 1.44588 0)
(-0.329769 1.49806 0)
(-0.915111 1.55657 0)
(-1.28159 1.42946 0)
(-1.48922 1.24361 0)
(-1.52235 0.834849 0)
(-1.66821 0.379009 0)
(-1.87275 0.0223786 0)
(-2.03341 -0.167275 0)
(-2.10599 -0.178452 0)
(-2.1062 -0.167446 0)
(-2.10761 -0.281501 0)
(-2.11695 -0.215613 0)
(-2.0436 -0.0176433 0)
(-1.80368 0.0839961 0)
(-1.52006 -0.263164 0)
(-1.41333 -0.715566 0)
(-1.3803 -0.734141 0)
(-1.32478 -0.533851 0)
(-1.2566 -0.148343 0)
(-1.24064 -0.119916 0)
(-1.23121 -0.524329 0)
(-1.13894 -0.769919 0)
(-0.70241 1.77704 0)
(-0.135396 1.9417 0)
(-0.919288 2.08584 0)
(-1.00876 1.68961 0)
(-1.15614 1.27598 0)
(-1.20637 0.857815 0)
(-1.35194 0.517075 0)
(-1.50954 0.247732 0)
(-1.6497 0.0339049 0)
(-1.74587 -0.119077 0)
(-1.80601 -0.241051 0)
(-1.86433 -0.347085 0)
(-1.88457 -0.413824 0)
(-1.80184 -0.42691 0)
(-1.62803 -0.417932 0)
(-1.45954 -0.513514 0)
(-1.38346 -0.724996 0)
(-1.36396 -0.754362 0)
(-1.3327 -0.572562 0)
(-1.24738 -0.27966 0)
(-1.06978 -0.193196 0)
(-1.07469 -0.570422 0)
(-1.13266 -0.802852 0)
(-0.846027 2.10488 0)
(0.0226617 2.20714 0)
(-0.964268 2.34909 0)
(-0.770833 1.821 0)
(-0.898432 1.35937 0)
(-0.892789 0.975854 0)
(-0.937373 0.647094 0)
(-0.968612 0.363905 0)
(-1.02366 0.153802 0)
(-1.10806 0.0236258 0)
(-1.20787 -0.0853763 0)
(-1.33427 -0.193545 0)
(-1.46392 -0.289902 0)
(-1.53504 -0.394347 0)
(-1.51568 -0.531982 0)
(-1.44801 -0.689791 0)
(-1.39254 -0.799465 0)
(-1.35895 -0.795324 0)
(-1.29237 -0.644459 0)
(-1.16673 -0.41539 0)
(-0.928401 -0.324087 0)
(-0.902689 -0.522773 0)
(-0.987763 -0.714108 0)
(-0.928147 2.38918 0)
(0.367633 2.24772 0)
(-0.952706 2.41975 0)
(-0.49403 1.83656 0)
(-0.651807 1.37965 0)
(-0.592052 1.00244 0)
(-0.578368 0.666862 0)
(-0.563303 0.392718 0)
(-0.584254 0.203493 0)
(-0.628831 0.0846928 0)
(-0.692309 0.00193837 0)
(-0.779143 -0.0672753 0)
(-0.891717 -0.145903 0)
(-1.02383 -0.269577 0)
(-1.15601 -0.457843 0)
(-1.27451 -0.677408 0)
(-1.36377 -0.834813 0)
(-1.38641 -0.858559 0)
(-1.3228 -0.764794 0)
(-1.21185 -0.602826 0)
(-1.07627 -0.460371 0)
(-1.06195 -0.429421 0)
(-1.04299 -0.634837 0)
(-0.931608 2.48717 0)
(0.187551 3.268 0)
(-0.682217 2.42047 0)
(-0.260018 1.80398 0)
(-0.480708 1.36537 0)
(-0.437922 0.980869 0)
(-0.472756 0.645374 0)
(-0.486461 0.394553 0)
(-0.484126 0.231959 0)
(-0.460281 0.129864 0)
(-0.438631 0.0548087 0)
(-0.435619 -0.00707235 0)
(-0.456047 -0.061736 0)
(-0.514582 -0.128113 0)
(-0.64097 -0.25658 0)
(-0.836303 -0.467044 0)
(-1.06601 -0.690893 0)
(-1.26385 -0.828913 0)
(-1.35441 -0.820243 0)
(-1.31157 -0.670801 0)
(-1.22385 -0.48662 0)
(-1.1819 -0.422864 0)
(-1.26942 -0.775708 0)
(-0.859969 2.46868 0)
(0.431389 2.99414 0)
(-0.417183 2.51539 0)
(-0.113999 1.82126 0)
(-0.454849 1.41621 0)
(-0.53075 1.03791 0)
(-0.665292 0.687184 0)
(-0.703197 0.391668 0)
(-0.659233 0.173742 0)
(-0.555709 0.041549 0)
(-0.433237 -0.0216921 0)
(-0.323572 -0.0482372 0)
(-0.247172 -0.066949 0)
(-0.213886 -0.0959946 0)
(-0.231798 -0.143613 0)
(-0.314738 -0.235869 0)
(-0.488277 -0.401522 0)
(-0.732791 -0.582451 0)
(-1.00794 -0.721791 0)
(-1.187 -0.771362 0)
(-1.21039 -0.692759 0)
(-1.05296 -0.653226 0)
(-0.868289 -0.893103 0)
(-0.479483 2.55368 0)
(0.209093 2.86405 0)
(-0.276936 2.70078 0)
(-0.165817 1.97568 0)
(-0.588468 1.60051 0)
(-0.787495 1.20942 0)
(-0.972747 0.782098 0)
(-0.995704 0.373981 0)
(-0.902214 0.0634768 0)
(-0.731731 -0.11867 0)
(-0.537987 -0.19136 0)
(-0.358841 -0.200568 0)
(-0.207271 -0.178844 0)
(-0.0937762 -0.156722 0)
(-0.0304919 -0.155074 0)
(-0.0223235 -0.192964 0)
(-0.0881291 -0.267042 0)
(-0.178659 -0.324341 0)
(-0.332814 -0.392242 0)
(-0.518851 -0.493505 0)
(-0.634694 -0.585603 0)
(-0.642365 -0.670837 0)
(-0.662486 -0.777689 0)
(-0.328994 2.82193 0)
(-0.00570897 2.78728 0)
(-0.278426 2.80756 0)
(-0.275598 2.25206 0)
(-0.750058 1.89661 0)
(-1.0201 1.4423 0)
(-1.21922 0.882553 0)
(-1.22995 0.320426 0)
(-1.10005 -0.110351 0)
(-0.871319 -0.349446 0)
(-0.615103 -0.417301 0)
(-0.389988 -0.395678 0)
(-0.208821 -0.343683 0)
(-0.0626674 -0.282392 0)
(0.0461853 -0.231263 0)
(0.113545 -0.194997 0)
(0.114314 -0.213051 0)
(0.0336617 -0.289171 0)
(-0.0399519 -0.343592 0)
(-0.126083 -0.422705 0)
(-0.21705 -0.524406 0)
(-0.298595 -0.649543 0)
(-0.343592 -0.77734 0)
(-0.0270594 2.96328 0)
(-0.0015401 2.98911 0)
(-0.335702 2.80849 0)
(-0.33647 2.55786 0)
(-0.780868 2.23783 0)
(-1.07731 1.70033 0)
(-1.29065 0.993416 0)
(-1.31444 0.251915 0)
(-1.17958 -0.33725 0)
(-0.920019 -0.653514 0)
(-0.616709 -0.704733 0)
(-0.353207 -0.619545 0)
(-0.159224 -0.512803 0)
(-0.018646 -0.419974 0)
(0.0920918 -0.339898 0)
(0.182568 -0.272389 0)
(0.250203 -0.213451 0)
(0.270258 -0.19772 0)
(0.224339 -0.25207 0)
(0.142585 -0.329995 0)
(0.0938048 -0.421242 0)
(0.0477071 -0.542444 0)
(-0.022063 -0.664933 0)
(0.393868 2.71418 0)
(0.474074 3.44622 0)
(-0.0570656 2.96587 0)
(-0.243456 2.77232 0)
(-0.598426 2.53766 0)
(-0.861981 1.95465 0)
(-1.08057 1.11955 0)
(-1.12687 0.199907 0)
(-1.01854 -0.591149 0)
(-0.788379 -1.00194 0)
(-0.491883 -1.03086 0)
(-0.226419 -0.861065 0)
(-0.0410184 -0.67679 0)
(0.0795108 -0.536277 0)
(0.166823 -0.433252 0)
(0.239636 -0.354616 0)
(0.307305 -0.290169 0)
(0.369618 -0.236886 0)
(0.409734 -0.219487 0)
(0.398006 -0.279196 0)
(0.337751 -0.382535 0)
(0.273084 -0.499732 0)
(0.201384 -0.607988 0)
(0.615873 1.88813 0)
(1.13417 3.5954 0)
(0.828549 3.54246 0)
(0.333223 3.10336 0)
(-0.0860284 2.76291 0)
(-0.308322 2.17202 0)
(-0.499589 1.26935 0)
(-0.521868 0.200634 0)
(-0.441358 -0.75599 0)
(-0.35265 -1.27798 0)
(-0.171177 -1.30847 0)
(0.0157532 -1.07091 0)
(0.144033 -0.810755 0)
(0.226162 -0.618696 0)
(0.277628 -0.493372 0)
(0.318316 -0.409007 0)
(0.358783 -0.348278 0)
(0.405076 -0.302688 0)
(0.456081 -0.273006 0)
(0.496295 -0.269769 0)
(0.503096 -0.325302 0)
(0.458081 -0.428467 0)
(0.37875 -0.532811 0)
(0.30951 0.820105 0)
(1.39161 3.04321 0)
(1.77082 3.89769 0)
(1.49173 3.69987 0)
(1.02815 3.15258 0)
(0.741169 2.4098 0)
(0.618177 1.45584 0)
(0.651916 0.316102 0)
(0.597729 -0.683383 0)
(0.434617 -1.30525 0)
(0.353105 -1.40664 0)
(0.365423 -1.16425 0)
(0.387024 -0.867857 0)
(0.399223 -0.65094 0)
(0.404834 -0.514999 0)
(0.410182 -0.430034 0)
(0.420105 -0.3743 0)
(0.436326 -0.33832 0)
(0.460526 -0.318607 0)
(0.489849 -0.317119 0)
(0.51313 -0.336267 0)
(0.514678 -0.380551 0)
(0.473436 -0.451029 0)
(-0.0472765 0.182231 0)
(1.12669 2.03326 0)
(2.09435 3.50004 0)
(2.4437 3.93652 0)
(2.3304 3.56727 0)
(2.11261 2.74041 0)
(1.94288 1.67493 0)
(1.80296 0.535661 0)
(1.61738 -0.428569 0)
(1.29734 -1.06474 0)
(0.956079 -1.25434 0)
(0.753414 -1.07494 0)
(0.6384 -0.815008 0)
(0.56881 -0.618532 0)
(0.524869 -0.494997 0)
(0.49641 -0.419283 0)
(0.479019 -0.371682 0)
(0.470248 -0.343034 0)
(0.467836 -0.330357 0)
(0.470361 -0.332688 0)
(0.473643 -0.351397 0)
(0.471376 -0.382125 0)
(0.452231 -0.419263 0)
(-0.0302971 -0.165784 0)
(0.584575 0.903907 0)
(1.71142 2.51718 0)
(2.53954 3.47377 0)
(2.91269 3.53982 0)
(2.97224 2.91732 0)
(2.84124 1.89922 0)
(2.61067 0.803535 0)
(2.26835 -0.115138 0)
(1.83511 -0.716868 0)
(1.38553 -0.926793 0)
(1.04791 -0.831652 0)
(0.832577 -0.66173 0)
(0.701334 -0.526378 0)
(0.618148 -0.437492 0)
(0.562497 -0.381439 0)
(0.523755 -0.346539 0)
(0.496399 -0.326188 0)
(0.476244 -0.318351 0)
(0.459836 -0.323182 0)
(0.443774 -0.339861 0)
(0.425525 -0.365613 0)
(0.399099 -0.395469 0)
(-0.00246862 -0.328615 0)
(0.108941 0.198236 0)
(0.988881 1.52885 0)
(1.9096 2.6516 0)
(2.56361 3.06286 0)
(2.88884 2.75424 0)
(2.92779 1.98137 0)
(2.74249 1.07705 0)
(2.40605 0.276403 0)
(1.98248 -0.285932 0)
(1.53182 -0.521277 0)
(1.17312 -0.525962 0)
(0.931681 -0.461808 0)
(0.777058 -0.400399 0)
(0.673912 -0.355274 0)
(0.60192 -0.324577 0)
(0.549465 -0.3054 0)
(0.509868 -0.295266 0)
(0.478763 -0.293165 0)
(0.452161 -0.299601 0)
(0.425954 -0.314865 0)
(0.397936 -0.33642 0)
(0.36411 -0.359382 0)
(-0.0507976 -0.315543 0)
(-0.161216 -0.0356532 0)
(0.224211 0.845602 0)
(0.983502 1.87421 0)
(1.66248 2.44974 0)
(2.13212 2.42428 0)
(2.3326 1.94 0)
(2.29674 1.25332 0)
(2.10036 0.583805 0)
(1.78156 0.0938196 0)
(1.43907 -0.152273 0)
(1.15006 -0.244207 0)
(0.94169 -0.268254 0)
(0.796437 -0.269491 0)
(0.692114 -0.264006 0)
(0.615228 -0.258246 0)
(0.556856 -0.255241 0)
(0.511078 -0.255933 0)
(0.474005 -0.260611 0)
(0.442321 -0.269874 0)
(0.412222 -0.284134 0)
(0.380909 -0.302263 0)
(0.345535 -0.320712 0)
(-0.0988486 -0.18239 0)
(-0.337614 -0.0230018 0)
(-0.302046 0.504173 0)
(0.136959 1.29854 0)
(0.706957 1.88602 0)
(1.19658 2.02702 0)
(1.51449 1.76411 0)
(1.64235 1.27161 0)
(1.60123 0.756417 0)
(1.44709 0.357485 0)
(1.24033 0.105487 0)
(1.04718 -0.0348787 0)
(0.892988 -0.110491 0)
(0.773446 -0.152405 0)
(0.680308 -0.176178 0)
(0.607361 -0.190989 0)
(0.549481 -0.202335 0)
(0.502519 -0.213042 0)
(0.463344 -0.224456 0)
(0.429366 -0.237389 0)
(0.397788 -0.252243 0)
(0.366335 -0.268548 0)
(0.332602 -0.284276 0)
(-0.0914387 0.023826 0)
(-0.361883 0.140816 0)
(-0.486167 0.420346 0)
(-0.331737 0.928348 0)
(0.0459461 1.40015 0)
(0.482109 1.59424 0)
(0.83973 1.47569 0)
(1.06749 1.15944 0)
(1.15715 0.793721 0)
(1.12721 0.477704 0)
(1.03198 0.250334 0)
(0.920462 0.10159 0)
(0.815773 0.00566035 0)
(0.724714 -0.0571114 0)
(0.648099 -0.0992023 0)
(0.584344 -0.128687 0)
(0.53123 -0.151262 0)
(0.48645 -0.17025 0)
(0.44788 -0.187511 0)
(0.413669 -0.204061 0)
(0.381949 -0.220398 0)
(0.351256 -0.236501 0)
(0.31993 -0.251337 0)
(-0.0606403 0.211662 0)
(-0.271123 0.338137 0)
(-0.407782 0.468289 0)
(-0.378029 0.74704 0)
(-0.15935 1.04995 0)
(0.167075 1.20804 0)
(0.485209 1.16557 0)
(0.723725 0.977236 0)
(0.851371 0.732994 0)
(0.882107 0.503819 0)
(0.852656 0.320326 0)
(0.795135 0.184082 0)
(0.729008 0.0858195 0)
(0.663874 0.0154821 0)
(0.60435 -0.0357448 0)
(0.551659 -0.0744384 0)
(0.505328 -0.10481 0)
(0.464677 -0.129877 0)
(0.428508 -0.151644 0)
(0.395619 -0.171251 0)
(0.364875 -0.18932 0)
(0.335452 -0.206105 0)
(0.306282 -0.221102 0)
(-0.0342794 0.335703 0)
(-0.156838 0.487737 0)
(-0.239887 0.537651 0)
(-0.227263 0.671322 0)
(-0.0936775 0.835784 0)
(0.12603 0.932957 0)
(0.356422 0.916649 0)
(0.541444 0.806389 0)
(0.656007 0.649659 0)
(0.705285 0.488434 0)
(0.707943 0.345884 0)
(0.682805 0.229712 0)
(0.643787 0.13869 0)
(0.599685 0.0683211 0)
(0.555219 0.013845 0)
(0.513059 -0.0293039 0)
(0.474324 -0.0642009 0)
(0.438752 -0.0932413 0)
(0.40595 -0.118201 0)
(0.375456 -0.140151 0)
(0.346606 -0.1598 0)
(0.318951 -0.177544 0)
(0.291767 -0.193196 0)
(-0.020751 0.400877 0)
(-0.0744794 0.561351 0)
(-0.1026 0.565612 0)
(-0.0783933 0.618634 0)
(0.0130483 0.702349 0)
(0.154714 0.754966 0)
(0.306045 0.746116 0)
(0.435706 0.678307 0)
(0.52635 0.57411 0)
(0.576339 0.458312 0)
(0.592982 0.348213 0)
(0.586281 0.252003 0)
(0.565276 0.171459 0)
(0.53666 0.10529 0)
(0.504778 0.0511717 0)
(0.472222 0.00691687 0)
(0.440452 -0.0299277 0)
(0.410059 -0.0611762 0)
(0.381185 -0.0880435 0)
(0.353719 -0.111571 0)
(0.327314 -0.132432 0)
(0.301828 -0.151031 0)
(0.276783 -0.167348 0)
(-0.0142287 0.431873 0)
(-0.0288547 0.580465 0)
(-0.0219948 0.557136 0)
(0.0116615 0.567575 0)
(0.0788184 0.60989 0)
(0.171741 0.638973 0)
(0.272686 0.631462 0)
(0.364336 0.584717 0)
(0.434792 0.510709 0)
(0.479866 0.424896 0)
(0.501507 0.339173 0)
(0.504791 0.260139 0)
(0.495295 0.190379 0)
(0.477702 0.130228 0)
(0.455451 0.0789511 0)
(0.430885 0.0353916 0)
(0.405455 -0.0017378 0)
(0.380107 -0.0337121 0)
(0.355248 -0.0615297 0)
(0.330983 -0.0859748 0)
(0.307329 -0.107602 0)
(0.28427 -0.126831 0)
(0.261469 -0.143697 0)
(-0.0092074 0.44495 0)
(-0.00460344 0.572399 0)
(0.0199931 0.53232 0)
(0.0558765 0.521567 0)
(0.107471 0.54219 0)
(0.172816 0.558555 0)
(0.244164 0.550108 0)
(0.31164 0.514233 0)
(0.366905 0.458549 0)
(0.405736 0.392917 0)
(0.428062 0.32514 0)
(0.436362 0.260039 0)
(0.433945 0.200113 0)
(0.42393 0.146384 0)
(0.408865 0.0989687 0)
(0.390678 0.0574627 0)
(0.370728 0.0211898 0)
(0.349914 -0.0105586 0)
(0.328838 -0.038604 0)
(0.307845 -0.0633734 0)
(0.286984 -0.085394 0)
(0.266408 -0.105018 0)
(0.245935 -0.122268 0)
(-0.00447837 0.446979 0)
(0.00976264 0.552269 0)
(0.0410577 0.501532 0)
(0.0756086 0.481156 0)
(0.116842 0.491197 0)
(0.16577 0.499614 0)
(0.219047 0.489608 0)
(0.270561 0.459868 0)
(0.314434 0.415914 0)
(0.347249 0.364136 0)
(0.368329 0.309512 0)
(0.3788 0.255404 0)
(0.380561 0.203933 0)
(0.375618 0.15631 0)
(0.365788 0.113057 0)
(0.352572 0.0742128 0)
(0.33713 0.0395187 0)
(0.320274 0.00858973 0)
(0.302682 -0.0189794 0)
(0.284738 -0.0437115 0)
(0.266575 -0.0658407 0)
(0.248472 -0.0856041 0)
(0.230323 -0.103083 0)
(-0.000765711 0.441789 0)
(0.0185139 0.52632 0)
(0.0511648 0.469571 0)
(0.0829024 0.446163 0)
(0.116797 0.451051 0)
(0.155184 0.45435 0)
(0.196648 0.442969 0)
(0.237095 0.417074 0)
(0.272369 0.381014 0)
(0.299934 0.338959 0)
(0.31903 0.294017 0)
(0.3301 0.248484 0)
(0.334187 0.204061 0)
(0.332555 0.161914 0)
(0.326461 0.122714 0)
(0.317038 0.0867327 0)
(0.30523 0.0539687 0)
(0.291793 0.0242687 0)
(0.277195 -0.0025603 0)
(0.261943 -0.0268736 0)
(0.246412 -0.0488082 0)
(0.23073 -0.0685819 0)
(0.214886 -0.0862113 0)
(0.00190726 0.431882 0)
(0.0234437 0.498328 0)
(0.0548978 0.438964 0)
(0.0833632 0.415924 0)
(0.111837 0.418366 0)
(0.143044 0.418283 0)
(0.176362 0.405945 0)
(0.208864 0.382756 0)
(0.237603 0.352273 0)
(0.26078 0.317207 0)
(0.277733 0.279466 0)
(0.288566 0.240611 0)
(0.293825 0.201975 0)
(0.294288 0.164586 0)
(0.290812 0.129124 0)
(0.284234 0.0959632 0)
(0.275299 0.0652472 0)
(0.264635 0.0369699 0)
(0.252727 0.011029 0)
(0.240021 -0.012613 0)
(0.226815 -0.0342325 0)
(0.213401 -0.0539162 0)
(0.199891 -0.0716476 0)
(0.00385048 0.419105 0)
(0.0258206 0.470604 0)
(0.054764 0.41082 0)
(0.079987 0.389742 0)
(0.104316 0.391062 0)
(0.130375 0.388702 0)
(0.157822 0.375844 0)
(0.184449 0.35477 0)
(0.208168 0.328407 0)
(0.227742 0.298495 0)
(0.242645 0.266187 0)
(0.252826 0.23256 0)
(0.25855 0.198648 0)
(0.260287 0.165316 0)
(0.258619 0.133189 0)
(0.254158 0.102668 0)
(0.247485 0.0739688 0)
(0.239123 0.0471765 0)
(0.229517 0.0222916 0)
(0.219019 -0.000708486 0)
(0.207978 -0.0219413 0)
(0.196745 -0.0414592 0)
(0.185406 -0.0593237 0)
(0.00530696 0.404679 0)
(0.0266269 0.44448 0)
(0.0523874 0.385567 0)
(0.0745786 0.367 0)
(0.0956125 0.367799 0)
(0.117789 0.363901 0)
(0.140823 0.350904 0)
(0.162975 0.331612 0)
(0.182776 0.308414 0)
(0.199394 0.282402 0)
(0.212432 0.254265 0)
(0.221777 0.224764 0)
(0.22754 0.194702 0)
(0.230006 0.16479 0)
(0.229566 0.135576 0)
(0.226668 0.107443 0)
(0.221761 0.0806333 0)
(0.21527 0.0552814 0)
(0.207575 0.0314411 0)
(0.199015 0.00912016 0)
(0.189869 -0.0116816 0)
(0.180436 -0.0310653 0)
(0.170893 -0.0490482 0)
(0.00642253 0.389343 0)
(0.026536 0.420682 0)
(0.0488288 0.363337 0)
(0.0682362 0.347224 0)
(0.0865269 0.347709 0)
(0.10563 0.342783 0)
(0.125207 0.329946 0)
(0.143841 0.312224 0)
(0.160514 0.291538 0)
(0.174684 0.268547 0)
(0.186052 0.243665 0)
(0.194494 0.21745 0)
(0.200042 0.19053 0)
(0.202861 0.163484 0)
(0.203217 0.136779 0)
(0.201432 0.110762 0)
(0.197847 0.0856771 0)
(0.192797 0.0616812 0)
(0.18659 0.038861 0)
(0.179512 0.0172579 0)
(0.171785 -0.00312381 0)
(0.163693 -0.022282 0)
(0.155362 -0.0402644 0)
(0.00726461 0.373559 0)
(0.0259401 0.399488 0)
(0.0447764 0.344111 0)
(0.0616185 0.330069 0)
(0.0775021 0.330238 0)
(0.0940505 0.324635 0)
(0.110801 0.312172 0)
(0.126566 0.295862 0)
(0.140669 0.277218 0)
(0.152764 0.256616 0)
(0.162627 0.234315 0)
(0.170139 0.210742 0)
(0.17529 0.186399 0)
(0.17817 0.161754 0)
(0.178955 0.1372 0)
(0.177869 0.113049 0)
(0.17516 0.0895336 0)
(0.171078 0.0668188 0)
(0.165858 0.0450128 0)
(0.159722 0.0241808 0)
(0.152855 0.00434599 0)
(0.145473 -0.01445 0)
(0.137659 -0.0322759 0)
(0.00784335 0.357683 0)
(0.0250277 0.380859 0)
(0.0406557 0.327776 0)
(0.0550938 0.315309 0)
(0.0687505 0.315054 0)
(0.0830682 0.309007 0)
(0.0973912 0.297053 0)
(0.110716 0.28202 0)
(0.122626 0.265066 0)
(0.132897 0.246386 0)
(0.141358 0.226161 0)
(0.147901 0.204741 0)
(0.152489 0.182531 0)
(0.155162 0.159914 0)
(0.156028 0.137224 0)
(0.155234 0.114737 0)
(0.152951 0.0926725 0)
(0.149354 0.0711983 0)
(0.144615 0.0504337 0)
(0.138901 0.0304564 0)
(0.132361 0.0113023 0)
(0.125215 -0.00698641 0)
(0.117553 -0.0245097 0)
(0.00813693 0.341998 0)
(0.0238532 0.36451 0)
(0.0366594 0.314135 0)
(0.0488041 0.302794 0)
(0.0603211 0.301964 0)
(0.072597 0.295613 0)
(0.084724 0.284238 0)
(0.0958763 0.270358 0)
(0.105828 0.254817 0)
(0.11442 0.237707 0)
(0.12152 0.219185 0)
(0.127026 0.199549 0)
(0.130884 0.179133 0)
(0.133102 0.158259 0)
(0.133738 0.137211 0)
(0.132882 0.116235 0)
(0.130647 0.0955368 0)
(0.127157 0.0752793 0)
(0.122543 0.0555804 0)
(0.116951 0.0365125 0)
(0.110539 0.0181061 0)
(0.103495 0.00038039 0)
(0.0960285 -0.0168135 0)
(0.00813771 0.326954 0)
(0.0224652 0.350283 0)
(0.0328769 0.303051 0)
(0.0427948 0.292469 0)
(0.0522162 0.29092 0)
(0.0625607 0.284357 0)
(0.0726179 0.273583 0)
(0.0817658 0.260733 0)
(0.089904 0.246378 0)
(0.096899 0.230568 0)
(0.102643 0.213466 0)
(0.107044 0.195331 0)
(0.110039 0.176446 0)
(0.111618 0.157085 0)
(0.111809 0.137494 0)
(0.110667 0.117892 0)
(0.108273 0.0984666 0)
(0.104724 0.0793668 0)
(0.100143 0.0606928 0)
(0.0946748 0.0424938 0)
(0.0884972 0.0247733 0)
(0.0818388 0.0074879 0)
(0.0749185 -0.00951255 0)
(0.00779458 0.312295 0)
(0.0206619 0.337369 0)
(0.0290336 0.294091 0)
(0.036817 0.284106 0)
(0.0441773 0.281709 0)
(0.0526265 0.274966 0)
(0.0606423 0.264778 0)
(0.0678745 0.252837 0)
(0.0742694 0.239487 0)
(0.0796991 0.224781 0)
(0.0840842 0.20889 0)
(0.0873385 0.192044 0)
(0.089407 0.174484 0)
(0.0902772 0.156446 0)
(0.0899648 0.138143 0)
(0.0885135 0.119769 0)
(0.085992 0.101487 0)
(0.0824943 0.0834219 0)
(0.0781439 0.0656432 0)
(0.0730903 0.0481678 0)
(0.0675204 0.0309588 0)
(0.0616577 0.0139062 0)
(0.0556818 -0.00316112 0)
(0.0074027 0.300759 0)
(0.0191749 0.327715 0)
(0.0259076 0.287945 0)
(0.031671 0.278237 0)
(0.0372018 0.275067 0)
(0.0440103 0.268247 0)
(0.0502371 0.258559 0)
(0.0558236 0.24735 0)
(0.0607083 0.234774 0)
(0.0647708 0.220924 0)
(0.0679629 0.205974 0)
(0.0702102 0.190125 0)
(0.071477 0.173592 0)
(0.071759 0.15658 0)
(0.0710732 0.139278 0)
(0.0694613 0.121855 0)
(0.0669862 0.104453 0)
(0.0637324 0.0871729 0)
(0.0598029 0.0700565 0)
(0.0553121 0.0531022 0)
(0.0503933 0.0362445 0)
(0.0451824 0.0193354 0)
(0.0397287 0.00221634 0)
(0.00623041 0.283144 0)
(0.0150553 0.314496 0)
(0.019266 0.281466 0)
(0.0227577 0.272302 0)
(0.0258129 0.268058 0)
(0.0301516 0.261025 0)
(0.0337053 0.252008 0)
(0.0370114 0.241628 0)
(0.0397739 0.229967 0)
(0.0419757 0.217146 0)
(0.0435805 0.203303 0)
(0.0445384 0.188612 0)
(0.0448422 0.173255 0)
(0.0444949 0.157404 0)
(0.043513 0.141225 0)
(0.041926 0.124861 0)
(0.0397772 0.108431 0)
(0.0371174 0.0920174 0)
(0.0340054 0.0756528 0)
(0.0305001 0.0593236 0)
(0.0266837 0.0429508 0)
(0.0226327 0.0263273 0)
(0.0185022 0.00920992 0)
(0.0545701 0.0724896 0)
(0.015601 0.00498934 0)
(0.0287703 -0.0307347 0)
(0.0504648 -0.0445812 0)
(0.0790847 0.106679 0)
(0.0876217 0.0517616 0)
(0.105012 -0.0246561 0)
(0.100949 -0.0926219 0)
(-0.244945 -0.0529957 0)
(-0.170939 -0.0801823 0)
(-0.122443 -0.103472 0)
(-0.0742026 -0.092269 0)
(-0.560875 -0.278194 0)
(-0.475731 -0.291953 0)
(-0.414002 -0.25513 0)
(-0.377852 -0.188791 0)
(-0.727862 -0.45146 0)
(-0.673273 -0.401351 0)
(-0.63732 -0.303679 0)
(-0.62939 -0.176535 0)
(-0.912604 -0.61471 0)
(-0.852351 -0.490957 0)
(-0.805487 -0.311553 0)
(-0.783641 -0.128205 0)
(-1.06767 -0.860071 0)
(-1.02991 -0.723149 0)
(-0.961994 -0.429296 0)
(-0.886323 -0.172701 0)
(-1.11436 -0.852816 0)
(-1.16077 -0.861124 0)
(-1.12943 -0.635248 0)
(-1.0188 -0.3309 0)
(-1.02436 -0.718179 0)
(-1.09034 -0.720025 0)
(-1.13601 -0.680964 0)
(-1.10882 -0.549911 0)
(-0.977688 -0.656484 0)
(-0.949522 -0.625462 0)
(-0.969939 -0.603064 0)
(-0.987518 -0.559163 0)
(-1.08009 -0.835532 0)
(-0.953778 -0.702242 0)
(-0.886443 -0.588188 0)
(-0.869171 -0.515845 0)
(-0.899936 -1.19496 0)
(-0.949462 -1.04489 0)
(-0.932317 -0.763935 0)
(-0.90061 -0.59838 0)
(-0.746004 -0.8622 0)
(-0.789132 -0.873321 0)
(-0.779513 -0.814859 0)
(-0.705143 -0.706359 0)
(-0.397333 -0.846456 0)
(-0.434459 -0.860526 0)
(-0.448819 -0.852161 0)
(-0.43661 -0.821076 0)
(-0.0721279 -0.734034 0)
(-0.117289 -0.762457 0)
(-0.160678 -0.78477 0)
(-0.182617 -0.803157 0)
(0.16152 -0.6718 0)
(0.120796 -0.689791 0)
(0.067003 -0.690455 0)
(0.0195042 -0.715011 0)
(0.319805 -0.585159 0)
(0.278075 -0.603787 0)
(0.230434 -0.614925 0)
(0.198375 -0.640165 0)
(0.423833 -0.502878 0)
(0.390914 -0.524817 0)
(0.359105 -0.538716 0)
(0.328306 -0.551543 0)
(0.42744 -0.447769 0)
(0.404776 -0.466142 0)
(0.379352 -0.481388 0)
(0.353532 -0.490725 0)
(0.374633 -0.416436 0)
(0.35581 -0.426371 0)
(0.334782 -0.4333 0)
(0.312196 -0.438848 0)
(0.335557 -0.375646 0)
(0.315149 -0.383965 0)
(0.294205 -0.389907 0)
(0.27301 -0.393836 0)
(0.317305 -0.333516 0)
(0.298034 -0.33964 0)
(0.278537 -0.343672 0)
(0.258921 -0.346173 0)
(0.306551 -0.295492 0)
(0.289309 -0.301397 0)
(0.272282 -0.305987 0)
(0.255602 -0.309684 0)
(0.296511 -0.261923 0)
(0.281357 -0.267756 0)
(0.266473 -0.272651 0)
(0.251825 -0.276966 0)
(0.284913 -0.231727 0)
(0.271252 -0.23778 0)
(0.257859 -0.243102 0)
(0.244699 -0.247977 0)
(0.272008 -0.204177 0)
(0.259437 -0.21055 0)
(0.247115 -0.2163 0)
(0.234996 -0.221668 0)
(0.25862 -0.178671 0)
(0.247064 -0.185297 0)
(0.235716 -0.191355 0)
(0.224529 -0.19706 0)
(0.244908 -0.155316 0)
(0.234347 -0.162154 0)
(0.223953 -0.168464 0)
(0.213684 -0.174434 0)
(0.23102 -0.134094 0)
(0.221472 -0.141076 0)
(0.212058 -0.147549 0)
(0.202743 -0.153679 0)
(0.21707 -0.115058 0)
(0.208576 -0.122149 0)
(0.200205 -0.128747 0)
(0.191921 -0.134995 0)
(0.203326 -0.0982998 0)
(0.195935 -0.105489 0)
(0.188676 -0.112222 0)
(0.181511 -0.118612 0)
(0.190058 -0.0838701 0)
(0.183787 -0.0911982 0)
(0.177661 -0.09812 0)
(0.171644 -0.104717 0)
(0.177169 -0.0717431 0)
(0.171937 -0.0792548 0)
(0.166853 -0.0864059 0)
(0.161873 -0.0932482 0)
(0.163955 -0.0616423 0)
(0.159535 -0.0693198 0)
(0.155224 -0.0766713 0)
(0.150979 -0.0837142 0)
(0.1492 -0.0529316 0)
(0.14522 -0.0606916 0)
(0.141298 -0.0681395 0)
(0.137392 -0.0752561 0)
(0.131788 -0.0448684 0)
(0.127945 -0.0525921 0)
(0.124113 -0.0600063 0)
(0.120256 -0.0670527 0)
(0.111754 -0.0369191 0)
(0.10795 -0.0445436 0)
(0.104155 -0.0518628 0)
(0.100324 -0.0587794 0)
(0.0904731 -0.0290901 0)
(0.086865 -0.0366591 0)
(0.0832822 -0.0439241 0)
(0.0797163 -0.050825 0)
(0.0698684 -0.021774 0)
(0.066679 -0.0293723 0)
(0.0635446 -0.0367382 0)
(0.0605719 -0.0439677 0)
(0.0513556 -0.0155427 0)
(0.0486593 -0.0233082 0)
(0.0460969 -0.0310532 0)
(0.0438735 -0.0389496 0)
(0.0356147 -0.0102262 0)
(0.0330793 -0.0181478 0)
(0.030827 -0.026322 0)
(0.0290562 -0.0348649 0)
(0.0156974 -0.00371589 0)
(0.0141443 -0.0124614 0)
(0.0127851 -0.0217222 0)
(0.011856 -0.0314971 0)
(0.12381 0.162024 0)
(0.235895 0.100721 0)
(0.30839 -0.115902 0)
(0.128257 -0.0716001 0)
(-0.242064 0.253897 0)
(-0.690262 0.842259 0)
(-0.646537 0.723143 0)
(-0.429439 0.256988 0)
(-0.416667 0.167952 0)
(-0.364964 0.171532 0)
(-0.598705 -0.0126121 0)
(-1.04327 -0.118162 0)
(-1.35743 -0.0377361 0)
(-1.72809 0.129061 0)
(-2.14993 0.255862 0)
(-2.70445 0.16354 0)
(-1.94335 -0.98801 0)
(-0.928107 -1.31124 0)
(-0.142541 -0.376455 0)
(0.141303 0.0311693 0)
(0.288333 -0.0070496 0)
(0.225954 -0.0426264 0)
(-0.187216 0.233108 0)
(-0.640128 0.668459 0)
(-0.901578 0.898641 0)
(-0.656574 0.419234 0)
(-0.616268 0.139252 0)
(-0.675468 0.0463849 0)
(-0.761096 0.0582014 0)
(-1.15497 0.156126 0)
(-1.84604 0.346528 0)
(-2.34431 0.378365 0)
(-2.98811 0.713275 0)
(-3.02243 0.616645 0)
(-2.64692 -0.186596 0)
(-1.91247 -1.38439 0)
(-1.05825 -2.15491 0)
(-0.768544 -1.3711 0)
(-0.0157701 -0.0458085 0)
(-0.0399032 0.0222145 0)
(-0.288073 0.294468 0)
(-0.675135 0.651366 0)
(-0.980765 0.921061 0)
(-0.899127 0.753238 0)
(-0.832825 0.383443 0)
(-1.02861 0.281876 0)
(-1.23417 0.345965 0)
(-1.49029 0.497851 0)
(-2.04583 0.775077 0)
(-2.7812 1.12415 0)
(-2.83278 0.807247 0)
(-2.50175 0.622968 0)
(-1.44838 0.00732166 0)
(-0.700142 -0.769353 0)
(-0.623959 -1.64926 0)
(-0.315713 -2.29051 0)
(-0.397103 -2.01399 0)
(-0.380943 -0.0326693 0)
(-0.49339 0.252612 0)
(-0.769279 0.620616 0)
(-1.0244 0.877154 0)
(-1.10448 0.905603 0)
(-1.04634 0.725282 0)
(-1.19094 0.537993 0)
(-1.54137 0.585273 0)
(-2.06712 0.73109 0)
(-2.31777 1.03122 0)
(-2.62857 1.31466 0)
(-2.69399 1.18598 0)
(-1.85232 0.268314 0)
(-0.757485 -0.529296 0)
(-0.00447181 -0.953298 0)
(0.399857 -1.23818 0)
(0.590188 -1.37268 0)
(0.0756732 -2.11766 0)
(-0.197016 -2.40973 0)
(-0.667095 0.0690482 0)
(-0.798825 0.452707 0)
(-1.04783 0.811971 0)
(-1.19576 0.937882 0)
(-1.15219 0.987092 0)
(-1.22605 0.884655 0)
(-1.56728 0.875398 0)
(-1.91534 1.00703 0)
(-2.11255 0.809482 0)
(-2.1765 1.07223 0)
(-2.06201 1.16072 0)
(-1.40832 0.453326 0)
(-0.294669 -0.678297 0)
(0.240104 -1.17684 0)
(0.511581 -1.27351 0)
(0.692751 -1.36753 0)
(0.617301 -1.36177 0)
(0.359085 -1.64407 0)
(0.02403 -2.27352 0)
(-0.791919 0.168008 0)
(-0.881886 0.588467 0)
(-1.1159 0.942602 0)
(-1.14574 0.875749 0)
(-0.942866 0.978559 0)
(-1.05347 1.09493 0)
(-1.31648 1.22274 0)
(-1.53492 1.19485 0)
(-1.54756 0.863532 0)
(-1.30284 0.710792 0)
(-0.777875 0.364081 0)
(0.0244036 -0.405036 0)
(0.538813 -1.04607 0)
(0.645244 -1.36559 0)
(0.724962 -1.40446 0)
(0.686678 -1.27762 0)
(0.512894 -1.27621 0)
(0.393648 -1.4043 0)
(0.196514 -1.95156 0)
(-0.805188 0.173482 0)
(-0.77662 0.618054 0)
(-0.768501 1.02249 0)
(-0.504422 0.861694 0)
(-0.286665 1.01011 0)
(-0.396262 1.15603 0)
(-0.496535 1.32637 0)
(-0.626675 1.25622 0)
(-0.56482 0.841952 0)
(-0.240331 0.394157 0)
(0.264636 -0.171726 0)
(0.598273 -0.66347 0)
(0.757009 -1.15798 0)
(0.757849 -1.43794 0)
(0.699219 -1.31436 0)
(0.563551 -1.16593 0)
(0.45387 -1.18605 0)
(0.389598 -1.28829 0)
(0.216141 -1.81526 0)
(-0.828814 0.0583852 0)
(-0.635047 0.483155 0)
(-0.490932 0.774634 0)
(0.0531375 0.46695 0)
(0.411486 0.575169 0)
(0.694659 1.12675 0)
(0.513118 1.4113 0)
(0.352055 1.24626 0)
(0.393171 0.726604 0)
(0.644218 0.0350433 0)
(0.719129 -0.425686 0)
(0.759675 -0.780042 0)
(0.84182 -1.24192 0)
(0.804387 -1.39631 0)
(0.627636 -1.15565 0)
(0.456607 -1.07126 0)
(0.421641 -1.12937 0)
(0.371716 -1.17934 0)
(0.128264 -1.57757 0)
(-0.92309 -0.194167 0)
(-0.59692 0.212585 0)
(-0.298514 0.506837 0)
(-0.0672943 0.573268 0)
(-0.0164198 0.101569 0)
(0.252535 0.707872 0)
(0.941835 1.40838 0)
(1.12339 1.37026 0)
(1.16484 0.820503 0)
(1.24687 0.109182 0)
(1.11396 -0.395432 0)
(1.04987 -0.826875 0)
(0.934458 -1.18354 0)
(0.727991 -1.18776 0)
(0.473247 -1.01438 0)
(0.391454 -1.00611 0)
(0.365861 -1.08596 0)
(0.231609 -1.0104 0)
(0.0301862 -1.42964 0)
(-0.953897 -0.440245 0)
(-0.757218 -0.199219 0)
(-0.351465 0.160102 0)
(-0.0568273 0.350097 0)
(0.141653 0.545277 0)
(-0.252321 0.395952 0)
(0.438023 0.632767 0)
(1.06426 0.86938 0)
(1.40484 0.670193 0)
(1.51596 0.231655 0)
(1.44104 -0.214617 0)
(1.20127 -0.687369 0)
(0.976691 -0.863537 0)
(0.645267 -0.945245 0)
(0.396929 -0.876312 0)
(0.352462 -0.952936 0)
(0.208553 -1.00435 0)
(0.0498053 -0.885049 0)
(0.0356979 -1.36376 0)
(-0.849443 -0.425577 0)
(-0.762213 -0.339674 0)
(-0.598826 -0.243739 0)
(-0.278585 -0.0520171 0)
(0.0763685 0.293929 0)
(0.250898 0.525377 0)
(0.246396 0.523856 0)
(0.448703 0.41503 0)
(0.951993 0.192938 0)
(1.24751 -0.0309046 0)
(1.19764 -0.248651 0)
(0.991286 -0.468652 0)
(0.894001 -0.592045 0)
(0.551782 -0.686348 0)
(0.422329 -0.746832 0)
(0.316922 -0.830169 0)
(-0.00857254 -0.889817 0)
(0.040459 -0.839686 0)
(0.0625771 -1.3317 0)
(-0.842829 -0.485121 0)
(-0.708717 -0.348299 0)
(-0.61813 -0.25386 0)
(-0.482169 -0.213625 0)
(-0.215576 -0.082371 0)
(0.133715 0.193271 0)
(0.377616 0.441101 0)
(0.553906 0.449039 0)
(0.728014 0.238338 0)
(0.866107 -0.00249038 0)
(0.922534 -0.206052 0)
(0.911102 -0.291301 0)
(0.73112 -0.400357 0)
(0.55067 -0.498476 0)
(0.527845 -0.610238 0)
(0.442836 -0.700419 0)
(0.210916 -0.764798 0)
(0.0727251 -0.766685 0)
(0.0957446 -1.27338 0)
(-0.58201 -0.578831 0)
(-0.589257 -0.561536 0)
(-0.637953 -0.425709 0)
(-0.589047 -0.351325 0)
(-0.452196 -0.213705 0)
(-0.212853 -0.0555533 0)
(0.0926408 0.111122 0)
(0.296783 0.107354 0)
(0.460525 0.00458323 0)
(0.605277 -0.0761115 0)
(0.698835 -0.111494 0)
(0.655034 -0.133415 0)
(0.574042 -0.230555 0)
(0.578565 -0.438263 0)
(0.655567 -0.583076 0)
(0.437845 -0.576873 0)
(0.207399 -0.602282 0)
(0.0368604 -0.682542 0)
(0.112641 -1.21009 0)
(-0.3908 -0.684272 0)
(-0.389446 -0.440508 0)
(-0.226971 -0.217324 0)
(-0.38031 -0.470318 0)
(-0.537148 -0.364884 0)
(-0.447026 -0.196019 0)
(-0.222636 -0.0615762 0)
(-0.0620817 -0.055424 0)
(0.00318308 -0.142258 0)
(0.154863 -0.205371 0)
(0.256725 -0.215519 0)
(0.353752 -0.257439 0)
(0.464186 -0.422673 0)
(0.435196 -0.614371 0)
(0.159096 -0.428324 0)
(0.0718604 -0.4489 0)
(0.0550115 -0.505983 0)
(-0.0395629 -0.667084 0)
(0.12106 -1.16265 0)
(-0.159598 -0.74223 0)
(-0.22102 -0.528552 0)
(-0.0460685 -0.385408 0)
(-0.0138464 -0.282426 0)
(0.0018854 -0.171839 0)
(-0.0570279 -0.445597 0)
(-0.304858 -0.22769 0)
(-0.257602 -0.127964 0)
(-0.0855948 -0.285691 0)
(0.0128213 -0.323371 0)
(0.170016 -0.369152 0)
(0.24478 -0.409177 0)
(0.151949 -0.433368 0)
(-0.0166006 -0.29848 0)
(0.000185083 -0.294302 0)
(0.0228263 -0.421203 0)
(-0.0426616 -0.454324 0)
(-0.0800081 -0.726325 0)
(0.117551 -1.12668 0)
(0.00681137 -0.70916 0)
(-0.0568754 -0.555399 0)
(0.0407285 -0.474573 0)
(0.0666039 -0.396698 0)
(0.158191 -0.248458 0)
(0.238993 -0.12815 0)
(0.233537 0.0457025 0)
(0.264738 -0.145035 0)
(0.294068 -0.272617 0)
(0.209263 -0.485322 0)
(0.105434 -0.512058 0)
(0.0775722 -0.236616 0)
(0.0805739 -0.282451 0)
(0.0670271 -0.317464 0)
(0.0443702 -0.350993 0)
(0.0302771 -0.391773 0)
(-0.131518 -0.376158 0)
(-0.0616963 -0.850655 0)
(0.0820375 -1.10511 0)
(0.139205 -0.655364 0)
(0.091629 -0.573359 0)
(0.0987369 -0.488605 0)
(0.107133 -0.399226 0)
(0.114923 -0.316653 0)
(0.131316 -0.283221 0)
(0.198672 -0.235371 0)
(0.286587 -0.237721 0)
(0.313012 -0.242803 0)
(0.270609 -0.23541 0)
(0.187946 -0.238693 0)
(0.135819 -0.262912 0)
(0.11842 -0.287842 0)
(0.0901422 -0.292248 0)
(0.0470902 -0.303707 0)
(0.0260227 -0.307984 0)
(-0.188945 -0.321676 0)
(-0.0141017 -0.987535 0)
(-0.000327408 -1.09507 0)
(0.269383 -0.571264 0)
(0.188198 -0.53883 0)
(0.143983 -0.473218 0)
(0.123821 -0.394686 0)
(0.119233 -0.315642 0)
(0.132743 -0.255065 0)
(0.163011 -0.2032 0)
(0.196022 -0.209369 0)
(0.203785 -0.254175 0)
(0.189875 -0.29117 0)
(0.172125 -0.294373 0)
(0.158737 -0.267526 0)
(0.147129 -0.259267 0)
(0.130159 -0.265053 0)
(0.0848977 -0.265689 0)
(0.0511585 -0.213282 0)
(-0.18831 -0.280301 0)
(0.00731673 -1.0757 0)
(-0.116424 -1.10588 0)
(0.306418 -0.495309 0)
(0.229044 -0.476004 0)
(0.160219 -0.428374 0)
(0.118402 -0.368758 0)
(0.104214 -0.313252 0)
(0.112528 -0.274628 0)
(0.136407 -0.252067 0)
(0.166056 -0.248079 0)
(0.18669 -0.25335 0)
(0.191809 -0.255321 0)
(0.189215 -0.252063 0)
(0.188636 -0.248132 0)
(0.190106 -0.247581 0)
(0.179664 -0.241011 0)
(0.131403 -0.213145 0)
(0.0902941 -0.109402 0)
(-0.144679 -0.236224 0)
(0.012759 -1.10181 0)
(-0.183095 -1.1759 0)
(0.272701 -0.437723 0)
(0.210932 -0.416525 0)
(0.152628 -0.379956 0)
(0.115742 -0.342066 0)
(0.104722 -0.310047 0)
(0.113182 -0.286896 0)
(0.132889 -0.271955 0)
(0.15657 -0.266187 0)
(0.1781 -0.267928 0)
(0.196511 -0.270916 0)
(0.215748 -0.269015 0)
(0.234279 -0.260284 0)
(0.245115 -0.245071 0)
(0.232509 -0.214846 0)
(0.184152 -0.157489 0)
(0.134378 -0.0122217 0)
(-0.0592322 -0.180889 0)
(0.042073 -1.06547 0)
(-0.155319 -1.26888 0)
(0.236832 -0.390136 0)
(0.187462 -0.372594 0)
(0.147652 -0.348159 0)
(0.124613 -0.326298 0)
(0.118391 -0.310247 0)
(0.124769 -0.29873 0)
(0.139379 -0.290371 0)
(0.158668 -0.285896 0)
(0.182576 -0.287246 0)
(0.214459 -0.291947 0)
(0.2531 -0.291055 0)
(0.285918 -0.275833 0)
(0.300008 -0.242151 0)
(0.279385 -0.185106 0)
(0.231475 -0.100771 0)
(0.16228 0.0696528 0)
(0.0392517 -0.144592 0)
(0.0962388 -0.961864 0)
(-0.0529971 -1.31173 0)
(0.22677 -0.34507 0)
(0.186794 -0.338121 0)
(0.157269 -0.326868 0)
(0.139936 -0.316387 0)
(0.133436 -0.309557 0)
(0.135179 -0.305366 0)
(0.143555 -0.302884 0)
(0.159397 -0.304771 0)
(0.189917 -0.316783 0)
(0.239652 -0.332329 0)
(0.295778 -0.330774 0)
(0.334104 -0.298068 0)
(0.340271 -0.234883 0)
(0.303753 -0.147803 0)
(0.251255 -0.0408188 0)
(0.163512 0.136403 0)
(0.095473 -0.147291 0)
(0.149678 -0.884222 0)
(0.0487075 -1.259 0)
(0.229417 -0.311097 0)
(0.196488 -0.309477 0)
(0.169832 -0.306649 0)
(0.151127 -0.304898 0)
(0.14052 -0.305186 0)
(0.136793 -0.307053 0)
(0.13992 -0.311744 0)
(0.155675 -0.326854 0)
(0.197421 -0.360191 0)
(0.262292 -0.389014 0)
(0.322471 -0.377134 0)
(0.349828 -0.314119 0)
(0.33692 -0.214666 0)
(0.283297 -0.0999435 0)
(0.227378 0.0217947 0)
(0.135119 0.192996 0)
(0.1223 -0.176845 0)
(0.187644 -0.839266 0)
(0.091674 -1.15784 0)
(0.22853 -0.281333 0)
(0.19881 -0.285074 0)
(0.17331 -0.287422 0)
(0.153127 -0.290765 0)
(0.138707 -0.29633 0)
(0.129811 -0.304142 0)
(0.128103 -0.319087 0)
(0.145694 -0.355452 0)
(0.194674 -0.416287 0)
(0.257238 -0.450661 0)
(0.298132 -0.413829 0)
(0.297963 -0.311253 0)
(0.262004 -0.176535 0)
(0.196981 -0.0423367 0)
(0.145791 0.0812092 0)
(0.0754812 0.220567 0)
(0.147867 -0.233182 0)
(0.211434 -0.798045 0)
(0.0993547 -1.03381 0)
(0.223581 -0.25374 0)
(0.195692 -0.260082 0)
(0.170378 -0.266169 0)
(0.148857 -0.273987 0)
(0.130951 -0.283666 0)
(0.116692 -0.296613 0)
(0.108849 -0.324134 0)
(0.124681 -0.385627 0)
(0.162538 -0.469042 0)
(0.195035 -0.49217 0)
(0.19466 -0.419582 0)
(0.160154 -0.279651 0)
(0.107177 -0.122689 0)
(0.0392615 0.0122118 0)
(-0.00559004 0.125871 0)
(-0.00365642 0.192142 0)
(0.173193 -0.307771 0)
(0.212471 -0.750519 0)
(0.0933561 -0.900707 0)
(0.215428 -0.228702 0)
(0.189161 -0.237132 0)
(0.16439 -0.245506 0)
(0.141709 -0.255422 0)
(0.11992 -0.26659 0)
(0.0997099 -0.28293 0)
(0.0831396 -0.322209 0)
(0.0869883 -0.402502 0)
(0.0887123 -0.490874 0)
(0.0690037 -0.486001 0)
(0.02015 -0.378765 0)
(-0.0423034 -0.217957 0)
(-0.107407 -0.0582318 0)
(-0.172944 0.0697947 0)
(-0.176571 0.142846 0)
(-0.043005 0.0460591 0)
(0.178186 -0.411956 0)
(0.180108 -0.698838 0)
(0.0781948 -0.779396 0)
(0.206347 -0.20486 0)
(0.18152 -0.2144 0)
(0.157231 -0.223876 0)
(0.133536 -0.23426 0)
(0.108506 -0.244841 0)
(0.0832701 -0.262014 0)
(0.056168 -0.306856 0)
(0.0373159 -0.38925 0)
(-0.0110804 -0.460797 0)
(-0.0845017 -0.425027 0)
(-0.170341 -0.298309 0)
(-0.247281 -0.135317 0)
(-0.312688 0.0128227 0)
(-0.326225 0.0871657 0)
(-0.232648 0.0270856 0)
(-0.00124636 -0.206687 0)
(0.141075 -0.493513 0)
(0.122994 -0.650655 0)
(0.0593059 -0.687445 0)
(0.196883 -0.182741 0)
(0.173621 -0.192844 0)
(0.150295 -0.202498 0)
(0.126597 -0.211979 0)
(0.100578 -0.220371 0)
(0.0732545 -0.235053 0)
(0.0378027 -0.275481 0)
(-0.00414628 -0.341794 0)
(-0.0930917 -0.385136 0)
(-0.198287 -0.333839 0)
(-0.293409 -0.210748 0)
(-0.35723 -0.0698342 0)
(-0.367892 0.0169319 0)
(-0.29355 -0.0100715 0)
(-0.134721 -0.162388 0)
(0.0278399 -0.36031 0)
(0.0914133 -0.523858 0)
(0.077438 -0.616992 0)
(0.0446741 -0.626101 0)
(0.187439 -0.162257 0)
(0.16612 -0.172559 0)
(0.144607 -0.181983 0)
(0.122596 -0.190301 0)
(0.0989104 -0.196352 0)
(0.0739635 -0.206152 0)
(0.0379968 -0.234135 0)
(-0.014084 -0.27439 0)
(-0.111277 -0.294728 0)
(-0.214689 -0.246877 0)
(-0.288168 -0.152431 0)
(-0.307077 -0.065791 0)
(-0.258617 -0.0508676 0)
(-0.146724 -0.136213 0)
(-0.0140142 -0.283682 0)
(0.0529027 -0.421256 0)
(0.0754199 -0.531721 0)
(0.0613424 -0.59496 0)
(0.0362721 -0.581087 0)
(0.178322 -0.143793 0)
(0.159493 -0.154314 0)
(0.140783 -0.163704 0)
(0.12219 -0.171564 0)
(0.103603 -0.17644 0)
(0.0851342 -0.181403 0)
(0.0579976 -0.195507 0)
(0.0153667 -0.211802 0)
(-0.0563578 -0.218923 0)
(-0.130641 -0.188151 0)
(-0.168039 -0.136182 0)
(-0.152124 -0.106547 0)
(-0.082654 -0.13717 0)
(0.0101935 -0.227349 0)
(0.0783255 -0.334916 0)
(0.0994262 -0.440237 0)
(0.0916604 -0.524856 0)
(0.0633675 -0.569419 0)
(0.0313281 -0.539576 0)
(0.169835 -0.127721 0)
(0.153963 -0.138741 0)
(0.138726 -0.148662 0)
(0.12447 -0.157189 0)
(0.111767 -0.162685 0)
(0.101043 -0.165308 0)
(0.0867148 -0.170163 0)
(0.06387 -0.173496 0)
(0.0320593 -0.172719 0)
(-0.00202088 -0.16016 0)
(-0.00580939 -0.141633 0)
(0.0243162 -0.147752 0)
(0.0833168 -0.195776 0)
(0.135374 -0.268364 0)
(0.155662 -0.349204 0)
(0.144763 -0.431476 0)
(0.113304 -0.498639 0)
(0.0691918 -0.532775 0)
(0.027347 -0.496906 0)
(0.161952 -0.114289 0)
(0.149094 -0.126154 0)
(0.137286 -0.137169 0)
(0.127023 -0.147199 0)
(0.118913 -0.154668 0)
(0.113864 -0.158067 0)
(0.109838 -0.159759 0)
(0.103572 -0.160444 0)
(0.10026 -0.158631 0)
(0.102193 -0.155991 0)
(0.118714 -0.157638 0)
(0.153172 -0.179722 0)
(0.192132 -0.224432 0)
(0.210796 -0.278167 0)
(0.202419 -0.337914 0)
(0.17038 -0.402672 0)
(0.124441 -0.45857 0)
(0.0711951 -0.487774 0)
(0.0230593 -0.453775 0)
(0.153909 -0.103356 0)
(0.143493 -0.116234 0)
(0.134231 -0.128584 0)
(0.126545 -0.140282 0)
(0.120747 -0.150033 0)
(0.117922 -0.156092 0)
(0.118435 -0.15888 0)
(0.120284 -0.161706 0)
(0.12787 -0.166508 0)
(0.146701 -0.172654 0)
(0.174823 -0.183707 0)
(0.207118 -0.207646 0)
(0.230843 -0.240175 0)
(0.232992 -0.273923 0)
(0.212195 -0.313503 0)
(0.171199 -0.363921 0)
(0.121078 -0.412671 0)
(0.0669415 -0.440012 0)
(0.0182069 -0.413034 0)
(0.144134 -0.0942594 0)
(0.135066 -0.108067 0)
(0.127015 -0.121645 0)
(0.120256 -0.134675 0)
(0.114864 -0.146282 0)
(0.1118 -0.155202 0)
(0.112237 -0.160769 0)
(0.1153 -0.167121 0)
(0.12491 -0.180494 0)
(0.145982 -0.197435 0)
(0.174473 -0.213663 0)
(0.201813 -0.231549 0)
(0.218618 -0.247716 0)
(0.216855 -0.262349 0)
(0.19378 -0.284635 0)
(0.152009 -0.323335 0)
(0.106469 -0.367957 0)
(0.0580536 -0.394961 0)
(0.013653 -0.37738 0)
(0.130933 -0.0860148 0)
(0.122187 -0.100576 0)
(0.114396 -0.11518 0)
(0.107724 -0.129174 0)
(0.102037 -0.142224 0)
(0.0984167 -0.153451 0)
(0.0977822 -0.16173 0)
(0.100328 -0.172604 0)
(0.110251 -0.195241 0)
(0.129182 -0.219752 0)
(0.149965 -0.237185 0)
(0.168426 -0.25042 0)
(0.183109 -0.25353 0)
(0.181343 -0.250871 0)
(0.156637 -0.256344 0)
(0.120023 -0.287544 0)
(0.086119 -0.330267 0)
(0.0474996 -0.35671 0)
(0.0104433 -0.347967 0)
(0.113769 -0.0778673 0)
(0.105112 -0.0932422 0)
(0.09758 -0.108857 0)
(0.0913794 -0.123669 0)
(0.0858398 -0.138169 0)
(0.0831423 -0.151587 0)
(0.0831364 -0.162633 0)
(0.0879418 -0.178326 0)
(0.0967879 -0.20898 0)
(0.108782 -0.235165 0)
(0.118905 -0.250073 0)
(0.128212 -0.264352 0)
(0.1414 -0.257131 0)
(0.132607 -0.236393 0)
(0.106377 -0.230139 0)
(0.0843027 -0.262826 0)
(0.0653542 -0.303443 0)
(0.0374432 -0.327259 0)
(0.00871939 -0.324404 0)
(0.0939835 -0.0698184 0)
(0.0861521 -0.0864049 0)
(0.0794825 -0.103168 0)
(0.0747669 -0.118836 0)
(0.0704129 -0.13523 0)
(0.0703085 -0.151413 0)
(0.0718963 -0.165868 0)
(0.0803394 -0.184329 0)
(0.0840858 -0.216858 0)
(0.0853657 -0.239356 0)
(0.0863128 -0.253887 0)
(0.0863256 -0.275147 0)
(0.0922152 -0.252768 0)
(0.0710318 -0.216275 0)
(0.0569273 -0.215066 0)
(0.0559692 -0.254157 0)
(0.0477525 -0.287194 0)
(0.0287563 -0.30621 0)
(0.00765196 -0.305664 0)
(0.0741423 -0.0626259 0)
(0.0680862 -0.0807379 0)
(0.0626668 -0.0988127 0)
(0.0603188 -0.115571 0)
(0.0582374 -0.134451 0)
(0.0605326 -0.153326 0)
(0.0618662 -0.170688 0)
(0.0704072 -0.188246 0)
(0.0668077 -0.216633 0)
(0.0604722 -0.234417 0)
(0.0571467 -0.251438 0)
(0.0464576 -0.275583 0)
(0.0387963 -0.234725 0)
(0.0176209 -0.201613 0)
(0.0298546 -0.22145 0)
(0.0388925 -0.256212 0)
(0.0338927 -0.277193 0)
(0.0212879 -0.291551 0)
(0.00629995 -0.291 0)
(0.0562263 -0.0570832 0)
(0.0522446 -0.0765772 0)
(0.0482568 -0.0963434 0)
(0.0486316 -0.114628 0)
(0.0487535 -0.135581 0)
(0.0509502 -0.15524 0)
(0.0497885 -0.173354 0)
(0.0542966 -0.188254 0)
(0.0469671 -0.211363 0)
(0.0391332 -0.226525 0)
(0.0347683 -0.243793 0)
(0.0161086 -0.262065 0)
(0.000411208 -0.216967 0)
(0.00160203 -0.208563 0)
(0.0236587 -0.236882 0)
(0.0276493 -0.257241 0)
(0.0231948 -0.269891 0)
(0.014791 -0.281052 0)
(0.00449282 -0.280036 0)
(0.0406347 -0.0533774 0)
(0.0384785 -0.0739636 0)
(0.0362278 -0.0958493 0)
(0.0382508 -0.115531 0)
(0.0385334 -0.136529 0)
(0.0385325 -0.154977 0)
(0.0355278 -0.172308 0)
(0.0360867 -0.18601 0)
(0.0305315 -0.205566 0)
(0.0243783 -0.219404 0)
(0.0204765 -0.233182 0)
(0.00218162 -0.244952 0)
(-0.00849812 -0.216826 0)
(0.0107547 -0.22603 0)
(0.0188895 -0.243073 0)
(0.0182195 -0.254677 0)
(0.0150792 -0.26452 0)
(0.00937456 -0.273294 0)
(0.00272265 -0.272461 0)
(0.0264419 -0.050493 0)
(0.0256311 -0.0726724 0)
(0.024653 -0.0960917 0)
(0.0258097 -0.116098 0)
(0.0247847 -0.135777 0)
(0.0233927 -0.153219 0)
(0.0210455 -0.170011 0)
(0.0204028 -0.184423 0)
(0.0180651 -0.201745 0)
(0.0142574 -0.214563 0)
(0.0118931 -0.225374 0)
(0.000925116 -0.235135 0)
(-0.0012147 -0.224726 0)
(0.011819 -0.234185 0)
(0.0110728 -0.242854 0)
(0.0103876 -0.252625 0)
(0.00862428 -0.261301 0)
(0.00510204 -0.268314 0)
(0.00136241 -0.268284 0)
(0.0105556 -0.0487437 0)
(0.0103089 -0.0722912 0)
(0.00963327 -0.0954456 0)
(0.00925109 -0.11528 0)
(0.008411 -0.134441 0)
(0.00773331 -0.152035 0)
(0.00710182 -0.168877 0)
(0.00686614 -0.184065 0)
(0.00625928 -0.20027 0)
(0.00502992 -0.212786 0)
(0.0042416 -0.223027 0)
(0.00112645 -0.232446 0)
(0.00151855 -0.227437 0)
(0.00379818 -0.235557 0)
(0.00355805 -0.243377 0)
(0.00355536 -0.252737 0)
(0.00291154 -0.260704 0)
(0.00161291 -0.266921 0)
(0.000365691 -0.267658 0)
)
;

boundaryField
{
    leftWall
    {
        type            noSlip;
    }
    rightWall
    {
        type            noSlip;
    }
    lowerWall
    {
        type            noSlip;
    }
    atmosphere
    {
        type            pressureInletOutletVelocity;
        value           nonuniform List<vector> 
46
(
(0.00623041 0.283144 0)
(0.0150553 0.314496 0)
(0.019266 0.281466 0)
(0.0227577 0.272302 0)
(0.0258129 0.268058 0)
(0.0301516 0.261025 0)
(0.0337053 0.252008 0)
(0.0370114 0.241628 0)
(0.0397739 0.229967 0)
(0.0419757 0.217146 0)
(0.0435805 0.203303 0)
(0.0445384 0.188612 0)
(0.0448422 0.173255 0)
(0.0444949 0.157404 0)
(0.043513 0.141225 0)
(0.041926 0.124861 0)
(0.0397772 0.108431 0)
(0.0371174 0.0920174 0)
(0.0340054 0.0756528 0)
(0.0305001 0.0593236 0)
(0.0266837 0.0429508 0)
(0.0226327 0.0263273 0)
(0.0185022 0.00920992 0)
(0 -0.00371589 0)
(0 -0.0124614 0)
(0 -0.0217222 0)
(0 -0.0314971 0)
(0 -0.0487437 0)
(0 -0.0722912 0)
(0 -0.0954456 0)
(0 -0.11528 0)
(0 -0.134441 0)
(0 -0.152035 0)
(0 -0.168877 0)
(0 -0.184065 0)
(0 -0.20027 0)
(0 -0.212786 0)
(0 -0.223027 0)
(0 -0.232446 0)
(0 -0.227437 0)
(0 -0.235557 0)
(0 -0.243377 0)
(0 -0.252737 0)
(0 -0.260704 0)
(0 -0.266921 0)
(0 -0.267658 0)
)
;
    }
    defaultFaces
    {
        type            empty;
    }
}


// ************************************************************************* //
