/*--------------------------------*- C++ -*----------------------------------*\
| =========                 |                                                 |
| \\      /  F ield         | OpenFOAM: The Open Source CFD Toolbox           |
|  \\    /   O peration     | Version:  2206                                  |
|   \\  /    A nd           | Website:  www.openfoam.com                      |
|    \\/     M anipulation  |                                                 |
\*---------------------------------------------------------------------------*/
FoamFile
{
    version     2.0;
    format      ascii;
    arch        "LSB;label=32;scalar=64";
    class       surfaceScalarField;
    location    "0.4";
    object      phi;
}
// * * * * * * * * * * * * * * * * * * * * * * * * * * * * * * * * * * * * * //

dimensions      [0 3 -1 0 0 0 0];

oriented        oriented;

internalField   nonuniform List<scalar> 
4432
(
-4.18802e-08
4.18802e-08
1.02829e-06
-1.07017e-06
2.58637e-06
-1.55808e-06
4.18653e-06
-1.60015e-06
5.60895e-06
-1.42243e-06
6.79445e-06
-1.18549e-06
7.76606e-06
-9.71614e-07
8.57002e-06
-8.03955e-07
9.2434e-06
-6.73386e-07
9.80272e-06
-5.59323e-07
1.02437e-05
-4.40944e-07
1.05401e-05
-2.96449e-07
1.0649e-05
-1.08934e-07
1.04992e-05
1.49883e-07
9.97929e-06
5.19873e-07
9.00542e-06
9.73868e-07
7.52795e-06
1.47747e-06
5.57192e-06
1.95604e-06
3.3186e-06
2.25331e-06
1.10473e-06
2.21387e-06
-5.16917e-07
1.62164e-06
-9.30317e-07
4.13399e-07
-9.30318e-07
-7.0965e-08
1.12846e-07
9.94395e-07
-2.13553e-06
2.57471e-06
-3.1384e-06
4.21861e-06
-3.24404e-06
5.69104e-06
-2.89486e-06
6.92051e-06
-2.41496e-06
7.92569e-06
-1.9768e-06
8.75499e-06
-1.63325e-06
9.45066e-06
-1.36907e-06
1.00356e-05
-1.14422e-06
1.05138e-05
-9.19148e-07
1.08829e-05
-6.65625e-07
1.11409e-05
-3.66866e-07
1.12675e-05
2.32413e-08
1.13137e-05
4.73698e-07
1.12196e-05
1.06792e-06
1.08703e-05
1.82682e-06
1.00898e-05
2.73647e-06
8.70423e-06
3.63892e-06
6.68586e-06
4.23224e-06
4.25802e-06
4.04948e-06
1.8602e-06
2.81122e-06
9.29878e-07
-1.33071e-07
2.45918e-07
9.0466e-07
-3.17326e-06
2.50432e-06
-4.73806e-06
4.20527e-06
-4.94499e-06
5.7456e-06
-4.4352e-06
7.03234e-06
-3.7017e-06
8.07632e-06
-3.02077e-06
8.92941e-06
-2.48634e-06
9.64273e-06
-2.08239e-06
1.02481e-05
-1.74961e-06
1.07559e-05
-1.4269e-06
1.11581e-05
-1.06782e-06
1.14311e-05
-6.39859e-07
1.15737e-05
-1.19381e-07
1.15521e-05
4.95296e-07
1.13926e-05
1.22736e-06
1.11231e-05
2.0964e-06
1.07334e-05
3.12609e-06
1.00749e-05
4.29746e-06
8.84336e-06
5.46378e-06
6.6799e-06
6.21294e-06
3.55088e-06
5.94024e-06
4.48076e-06
-2.15185e-07
4.61103e-07
7.81074e-07
-4.16952e-06
2.40827e-06
-6.36525e-06
4.18692e-06
-6.72364e-06
5.81987e-06
-6.06815e-06
7.18688e-06
-5.06871e-06
8.28823e-06
-4.12212e-06
9.17925e-06
-3.37737e-06
9.92147e-06
-2.8246e-06
1.05576e-05
-2.38579e-06
1.11059e-05
-1.97519e-06
1.15638e-05
-1.52572e-06
1.19165e-05
-9.92486e-07
1.21428e-05
-3.45716e-07
1.2206e-05
4.32048e-07
1.20811e-05
1.35232e-06
1.17499e-05
2.42763e-06
1.12186e-05
3.65731e-06
1.04721e-05
5.04396e-06
9.35003e-06
6.58588e-06
7.42364e-06
8.13934e-06
4.23501e-06
9.12886e-06
8.71577e-06
-3.15831e-07
7.76933e-07
6.30575e-07
-5.11593e-06
2.29428e-06
-8.02896e-06
4.16238e-06
-8.59174e-06
5.8995e-06
-7.80527e-06
7.35866e-06
-6.52787e-06
8.53012e-06
-5.29358e-06
9.47251e-06
-4.31977e-06
1.02574e-05
-3.60949e-06
1.09387e-05
-3.06709e-06
1.15436e-05
-2.58011e-06
1.20756e-05
-2.05774e-06
1.25216e-05
-1.43844e-06
1.28582e-05
-6.82306e-07
1.30497e-05
2.40559e-07
1.30585e-05
1.34347e-06
1.28293e-05
2.65682e-06
1.22974e-05
4.18926e-06
1.14006e-05
5.94074e-06
1.00655e-05
7.92095e-06
8.04717e-06
1.01577e-05
4.77898e-06
1.23971e-05
1.34947e-05
-4.30443e-07
1.20738e-06
4.70639e-07
-6.01701e-06
2.18186e-06
-9.74018e-06
4.13842e-06
-1.05483e-05
5.97391e-06
-9.64075e-06
7.52284e-06
-8.07681e-06
8.76922e-06
-6.53996e-06
9.77472e-06
-5.32527e-06
1.06186e-05
-4.45333e-06
1.13635e-05
-3.81198e-06
1.20443e-05
-3.26098e-06
1.26704e-05
-2.68378e-06
1.32314e-05
-1.9995e-06
1.37045e-05
-1.15542e-06
1.40598e-05
-1.1466e-07
1.42504e-05
1.15282e-06
1.42175e-05
2.68969e-06
1.38659e-05
4.54089e-06
1.30538e-05
6.75282e-06
1.16084e-05
9.36633e-06
9.2941e-06
1.2472e-05
5.55175e-06
1.61394e-05
1.90465e-05
-5.4265e-07
1.75003e-06
3.33988e-07
-6.89365e-06
2.0977e-06
-1.15039e-05
4.12597e-06
-1.25766e-05
6.0343e-06
-1.15491e-05
7.65332e-06
-9.69583e-06
8.96881e-06
-7.85545e-06
1.00459e-05
-6.40236e-06
1.09672e-05
-5.37465e-06
1.17991e-05
-4.64381e-06
1.25806e-05
-4.04256e-06
1.33259e-05
-3.42908e-06
1.40299e-05
-2.70345e-06
1.46746e-05
-1.80015e-06
1.52311e-05
-6.711e-07
1.56606e-05
7.23246e-07
1.59062e-05
2.44408e-06
1.58783e-05
4.56886e-06
1.54172e-05
7.21386e-06
1.43017e-05
1.04819e-05
1.21391e-05
1.46346e-05
8.51496e-06
1.97635e-05
2.75615e-05
-6.30122e-07
2.38015e-06
2.37888e-07
-7.76166e-06
2.04792e-06
-1.33139e-05
4.13262e-06
-1.46613e-05
6.084e-06
-1.35005e-05
7.74178e-06
-1.13536e-05
9.10851e-06
-9.22218e-06
1.02578e-05
-7.5516e-06
1.12721e-05
-6.38898e-06
1.22149e-05
-5.58665e-06
1.31242e-05
-4.95187e-06
1.4016e-05
-4.32081e-06
1.48902e-05
-3.57767e-06
1.57364e-05
-2.64639e-06
1.65363e-05
-1.47101e-06
1.72638e-05
-4.2388e-09
1.78775e-05
1.83042e-06
1.83049e-05
4.14146e-06
1.83784e-05
7.14036e-06
1.77969e-05
1.10634e-05
1.57181e-05
1.67134e-05
1.11207e-05
2.43609e-05
3.86822e-05
-3.97133e-05
3.97133e-05
-0.000100927
6.12137e-05
-0.000126599
2.56717e-05
-0.000125249
-1.35002e-06
-0.000110849
-1.43998e-05
-8.51236e-05
-2.57253e-05
-5.12956e-05
-3.3828e-05
3.88441e-06
-5.518e-05
5.58377e-05
-5.19533e-05
8.59531e-05
-3.01154e-05
9.83945e-05
-1.24414e-05
9.48374e-05
3.55706e-06
7.09695e-05
2.38679e-05
3.01458e-05
4.08237e-05
-1.27902e-05
4.2936e-05
-3.5823e-05
2.30328e-05
-5.85224e-05
2.26994e-05
-6.13464e-05
2.82404e-06
-6.13464e-05
-9.00879e-05
0.000129801
-0.000168647
0.000139772
-0.000186088
4.31129e-05
-0.000157589
-2.98487e-05
-9.80548e-05
-7.39342e-05
-4.49761e-05
-7.8804e-05
1.88411e-05
-9.76453e-05
7.80999e-05
-0.000114439
0.000110108
-8.3961e-05
0.00012739
-4.73977e-05
0.000134986
-2.00376e-05
0.000135969
2.57409e-06
0.000128232
3.16055e-05
0.000101533
6.7522e-05
5.13785e-05
9.30908e-05
-1.21506e-05
8.65619e-05
-4.54198e-05
5.59685e-05
-3.95606e-05
-3.03508e-06
-0.000100907
-1.95771e-05
0.000149378
-8.08146e-05
0.00020101
-6.13848e-05
2.36831e-05
-2.8524e-08
-9.1205e-05
2.71615e-05
-0.000101124
6.38752e-05
-0.000115518
9.80459e-05
-0.000131816
0.000113557
-0.00012995
0.000126816
-9.722e-05
0.000136865
-5.74472e-05
0.00014228
-2.54525e-05
0.0001432
1.654e-06
0.000140876
3.39298e-05
0.000131082
7.73166e-05
0.000101517
0.000122655
4.42808e-05
0.000143798
-1.39256e-05
0.000114175
-3.27005e-05
1.57398e-05
-0.000133608
1.61994e-05
0.000133179
5.48287e-05
0.000162381
7.97121e-05
-1.20033e-06
8.44449e-05
-9.59378e-05
9.83385e-05
-0.000115018
0.00011131
-0.00012849
0.000118306
-0.000138812
0.000123102
-0.000134746
0.000131794
-0.000105911
0.000140213
-6.58669e-05
0.000145362
-3.06011e-05
0.000147032
-1.6139e-08
0.000144886
3.60758e-05
0.000140176
8.20265e-05
0.00012664
0.000136192
9.06624e-05
0.000179775
3.66343e-05
0.000168203
-1.73292e-06
5.4107e-05
-0.00013534
1.99047e-05
0.000113274
9.22602e-05
9.0025e-05
0.000121917
-3.08575e-05
0.000115224
-8.9244e-05
0.000115405
-0.000115199
0.000118631
-0.000131715
0.000122557
-0.000142738
0.000127753
-0.000139942
0.000135511
-0.000113669
0.000142309
-7.2665e-05
0.000146499
-3.47908e-05
0.000148792
-2.30928e-06
0.000147468
3.74004e-05
0.000143794
8.57001e-05
0.000136953
0.000143033
0.000118025
0.000198704
7.8366e-05
0.000207862
2.77835e-05
0.000104689
-0.000107557
5.42984e-05
5.8976e-05
0.000109121
3.5202e-05
0.000115132
-3.68683e-05
0.00011359
-8.77021e-05
0.000115865
-0.000117473
0.000120833
-0.000136684
0.000125585
-0.00014749
0.000130521
-0.000144878
0.000136115
-0.000119263
0.000139624
-7.61746e-05
0.000141839
-3.70056e-05
0.000143614
-4.08354e-06
0.000144299
3.67151e-05
0.000143418
8.65811e-05
0.000140149
0.000146302
0.000130531
0.000208322
0.000101551
0.000236842
5.19609e-05
0.00015428
-5.5596e-05
2.14616e-05
3.75144e-05
7.38554e-05
-1.71917e-05
9.89911e-05
-6.2004e-05
0.00011054
-9.92509e-05
0.000117817
-0.000124751
0.000122622
-0.000141489
0.000126196
-0.000151064
0.000129498
-0.00014818
0.000131953
-0.000121719
0.000130367
-7.4588e-05
0.000128153
-3.47919e-05
0.00012811
-4.04043e-06
0.000130606
3.4219e-05
0.000133623
8.35641e-05
0.000136107
0.000143818
0.000133147
0.000211281
0.000112935
0.000257053
6.55292e-05
0.000201686
9.93322e-06
5.6624e-05
-1.91096e-05
8.7343e-05
-4.79107e-05
0.00010532
-7.99812e-05
0.000113689
-0.00010762
0.000118406
-0.000129468
0.000121671
-0.000144754
0.000124078
-0.00015347
0.000125277
-0.000149379
0.00012401
-0.000120452
0.000117086
-6.76634e-05
0.000107865
-2.5571e-05
0.000106216
-2.39136e-06
0.000110916
2.95189e-05
0.000117403
7.70774e-05
0.000125272
0.000135949
0.000128531
0.000208022
0.000115625
0.00026996
7.21885e-05
0.000245122
8.21217e-05
-1.48239e-06
3.86254e-06
2.23793e-07
-9.46784e-06
4.14953e-06
-1.72397e-05
8.8189e-06
-1.93307e-05
1.31036e-05
-1.77852e-05
1.66833e-05
-1.49333e-05
1.96932e-05
-1.22321e-05
2.23585e-05
-1.02169e-05
2.48535e-05
-8.88396e-06
2.72852e-05
-8.01835e-06
2.9711e-05
-7.37769e-06
3.21584e-05
-6.76814e-06
3.46404e-05
-6.05973e-06
3.71679e-05
-5.17381e-06
3.97593e-05
-4.06244e-06
4.24444e-05
-2.68931e-06
4.53057e-05
-1.03092e-06
4.84792e-05
9.67945e-07
5.21998e-05
3.41975e-06
5.70385e-05
6.2247e-06
6.40728e-05
9.6791e-06
7.61228e-05
1.23109e-05
1.99451e-05
9.48599e-05
-1.33797e-06
5.20051e-06
-9.03099e-08
-1.07155e-05
3.72582e-06
-2.10558e-05
8.71897e-06
-2.43238e-05
1.32492e-05
-2.23154e-05
1.69135e-05
-1.85977e-05
2.00518e-05
-1.53703e-05
2.30243e-05
-1.31894e-05
2.60091e-05
-1.18688e-05
2.90589e-05
-1.10682e-05
3.218e-05
-1.04988e-05
3.53748e-05
-9.9629e-06
3.86601e-05
-9.34501e-06
4.20755e-05
-8.58922e-06
4.56897e-05
-7.6767e-06
4.9608e-05
-6.60758e-06
5.39687e-05
-5.39158e-06
5.8982e-05
-4.04541e-06
6.49681e-05
-2.56629e-06
7.22081e-05
-1.01529e-06
8.11196e-05
7.67612e-07
9.16674e-05
1.7631e-06
5.37629e-06
0.000106236
1.16184e-07
5.08433e-06
1.7046e-06
-1.23039e-05
5.47708e-06
-2.48283e-05
1.007e-05
-2.89167e-05
1.41829e-05
-2.64283e-05
1.76076e-05
-2.20223e-05
2.07916e-05
-1.85543e-05
2.40917e-05
-1.64895e-05
2.75929e-05
-1.537e-05
3.12442e-05
-1.47195e-05
3.49798e-05
-1.42343e-05
3.87669e-05
-1.37501e-05
4.26123e-05
-1.31904e-05
4.6555e-05
-1.25318e-05
5.066e-05
-1.17818e-05
5.50091e-05
-1.09567e-05
5.96985e-05
-1.00809e-05
6.48383e-05
-9.18521e-06
7.05741e-05
-8.3021e-06
7.70634e-05
-7.50463e-06
8.4648e-05
-6.81694e-06
9.29976e-05
-6.58658e-06
-6.2523e-06
0.000104626
6.14103e-06
-1.05671e-06
1.31156e-05
-1.92784e-05
1.66965e-05
-2.84092e-05
1.69619e-05
-2.91821e-05
1.74153e-05
-2.68817e-05
1.91471e-05
-2.37541e-05
2.19701e-05
-2.13773e-05
2.55332e-05
-2.00526e-05
2.95063e-05
-1.93431e-05
3.36397e-05
-1.88529e-05
3.77928e-05
-1.83874e-05
4.19216e-05
-1.78789e-05
4.60477e-05
-1.73165e-05
5.02229e-05
-1.67071e-05
5.45059e-05
-1.60647e-05
5.896e-05
-1.54108e-05
6.36541e-05
-1.4775e-05
6.86558e-05
-1.41869e-05
7.40362e-05
-1.36826e-05
7.98529e-05
-1.33213e-05
8.61854e-05
-1.31495e-05
9.29381e-05
-1.33393e-05
-1.36983e-05
0.000100384
1.6702e-05
-1.77587e-05
3.79876e-05
-4.0564e-05
3.70458e-05
-2.74674e-05
2.64939e-05
-1.86302e-05
2.04017e-05
-2.07895e-05
1.9555e-05
-2.29075e-05
2.16843e-05
-2.35066e-05
2.52502e-05
-2.36185e-05
2.9396e-05
-2.34889e-05
3.36496e-05
-2.31066e-05
3.78347e-05
-2.25724e-05
4.19406e-05
-2.19849e-05
4.60367e-05
-2.14126e-05
5.02069e-05
-2.08773e-05
5.44914e-05
-2.03492e-05
5.89274e-05
-1.98468e-05
6.35444e-05
-1.93921e-05
6.83614e-05
-1.90039e-05
7.33956e-05
-1.87167e-05
7.86612e-05
-1.85869e-05
8.42133e-05
-1.87015e-05
9.02939e-05
-1.94199e-05
-2.06748e-05
9.72704e-05
3.28432e-05
-5.06019e-05
6.06146e-05
-6.83354e-05
3.61594e-05
-3.01225e-06
2.02454e-05
-2.71622e-06
1.65784e-05
-1.71225e-05
1.63382e-05
-2.26673e-05
1.77124e-05
-2.48808e-05
2.05519e-05
-2.6458e-05
2.41403e-05
-2.70773e-05
2.78939e-05
-2.68602e-05
3.17219e-05
-2.64004e-05
3.5689e-05
-2.5952e-05
3.9822e-05
-2.55456e-05
4.41646e-05
-2.52199e-05
4.88337e-05
-2.50182e-05
5.3845e-05
-2.48581e-05
5.91941e-05
-2.47412e-05
6.49274e-05
-2.47372e-05
7.11269e-05
-2.49162e-05
7.78327e-05
-2.52926e-05
8.5381e-05
-2.62499e-05
9.51577e-05
-2.91965e-05
-2.88192e-05
0.000103302
3.59984e-06
-5.42018e-05
-2.13962e-05
-4.33391e-05
-2.05324e-05
-3.87589e-06
-5.83455e-06
-1.74139e-05
3.30089e-06
-2.62578e-05
1.03194e-05
-2.96856e-05
1.55311e-05
-3.00924e-05
1.91657e-05
-3.00925e-05
2.22368e-05
-3.01484e-05
2.55384e-05
-3.01619e-05
2.92509e-05
-3.01129e-05
3.33443e-05
-3.00454e-05
3.79277e-05
-3.0129e-05
4.30727e-05
-3.0365e-05
4.85697e-05
-3.05153e-05
5.44557e-05
-3.07441e-05
6.07785e-05
-3.10641e-05
6.7526e-05
-3.14847e-05
7.46581e-05
-3.20484e-05
8.20971e-05
-3.27318e-05
8.92347e-05
-3.33875e-05
9.43967e-05
-3.43587e-05
-3.48839e-05
0.000100461
-2.07252e-05
-3.34767e-05
-3.4576e-05
-2.94886e-05
-1.39192e-05
-2.45329e-05
2.04347e-06
-3.33769e-05
9.70114e-06
-3.39156e-05
1.37706e-05
-3.37552e-05
1.70587e-05
-3.33807e-05
2.01978e-05
-3.32317e-05
2.33959e-05
-3.33466e-05
2.68484e-05
-3.36144e-05
3.06442e-05
-3.39088e-05
3.48541e-05
-3.42555e-05
3.93794e-05
-3.46543e-05
4.41944e-05
-3.518e-05
4.94674e-05
-3.57882e-05
5.521e-05
-3.64866e-05
6.15391e-05
-3.7393e-05
6.84233e-05
-3.83687e-05
7.56471e-05
-3.9272e-05
8.27187e-05
-3.98033e-05
8.91921e-05
-3.98608e-05
9.4533e-05
-3.96996e-05
-3.63538e-05
9.60027e-05
-9.29098e-06
-2.41856e-05
-3.0472e-06
-3.57321e-05
8.08089e-06
-3.56608e-05
1.07653e-05
-3.60611e-05
1.22709e-05
-3.54211e-05
1.38544e-05
-3.53386e-05
1.60446e-05
-3.55709e-05
1.87123e-05
-3.58994e-05
2.16798e-05
-3.63141e-05
2.48727e-05
-3.68075e-05
2.83489e-05
-3.73851e-05
3.21298e-05
-3.80365e-05
3.62825e-05
-3.88071e-05
4.08637e-05
-3.97614e-05
4.60993e-05
-4.10239e-05
5.22199e-05
-4.26074e-05
5.91782e-05
-4.43514e-05
6.66773e-05
-4.58678e-05
7.40952e-05
-4.669e-05
8.05596e-05
-4.62678e-05
8.54386e-05
-4.47399e-05
8.73598e-05
-4.1621e-05
-3.33781e-05
8.43841e-05
1.50443e-06
-2.56901e-05
3.71594e-06
-3.79438e-05
5.80252e-06
-3.77474e-05
6.95726e-06
-3.72159e-05
8.80333e-06
-3.72673e-05
1.09726e-05
-3.75078e-05
1.32752e-05
-3.78736e-05
1.57074e-05
-3.83316e-05
1.82875e-05
-3.88944e-05
2.10575e-05
-3.95776e-05
2.40605e-05
-4.03881e-05
2.73785e-05
-4.13545e-05
3.11566e-05
-4.25852e-05
3.56586e-05
-4.42633e-05
4.11378e-05
-4.65031e-05
4.76422e-05
-4.91117e-05
5.48249e-05
-5.1534e-05
6.20086e-05
-5.30514e-05
6.84215e-05
-5.31028e-05
7.33965e-05
-5.12427e-05
7.66945e-05
-4.80379e-05
7.70206e-05
-4.1947e-05
-3.16661e-05
7.53085e-05
1.88677e-06
-2.75768e-05
2.82616e-06
-3.88831e-05
3.97562e-06
-3.88968e-05
5.48532e-06
-3.87256e-05
7.15838e-06
-3.89403e-05
8.90998e-06
-3.92594e-05
1.07133e-05
-3.9677e-05
1.26052e-05
-4.02235e-05
1.46234e-05
-4.09125e-05
1.67993e-05
-4.17535e-05
1.91798e-05
-4.27686e-05
2.18766e-05
-4.40514e-05
2.51017e-05
-4.58104e-05
2.91212e-05
-4.82829e-05
3.40344e-05
-5.14163e-05
3.95576e-05
-5.46349e-05
4.50888e-05
-5.70652e-05
5.00222e-05
-5.79847e-05
5.40677e-05
-5.71483e-05
5.73115e-05
-5.44864e-05
6.00902e-05
-5.08167e-05
6.24411e-05
-4.4298e-05
-3.73258e-05
6.81009e-05
1.88592e-06
-2.94628e-05
2.6793e-06
-3.96766e-05
3.55718e-06
-3.97748e-05
4.6529e-06
-3.98214e-05
5.77215e-06
-4.00596e-05
6.92904e-06
-4.04164e-05
8.14376e-06
-4.08918e-05
9.4191e-06
-4.1499e-05
1.07541e-05
-4.22476e-05
1.2152e-05
-4.31515e-05
1.36518e-05
-4.42685e-05
1.53592e-05
-4.57588e-05
1.74411e-05
-4.78923e-05
2.00042e-05
-5.0846e-05
2.28921e-05
-5.43042e-05
2.56844e-05
-5.74271e-05
2.8e-05
-5.93807e-05
2.98221e-05
-5.98067e-05
3.15431e-05
-5.88692e-05
3.37325e-05
-5.66758e-05
3.67309e-05
-5.3815e-05
4.15447e-05
-4.91118e-05
-4.5706e-05
4.99249e-05
1.71791e-06
-3.11807e-05
2.28004e-06
-4.02387e-05
2.84068e-06
-4.03354e-05
3.47387e-06
-4.04545e-05
4.13367e-06
-4.07194e-05
4.79929e-06
-4.1082e-05
5.45761e-06
-4.155e-05
6.08774e-06
-4.2129e-05
6.66649e-06
-4.28263e-05
7.17951e-06
-4.36645e-05
7.6355e-06
-4.47245e-05
8.06564e-06
-4.61889e-05
8.48353e-06
-4.83102e-05
8.81111e-06
-5.11736e-05
8.8055e-06
-5.42986e-05
8.29998e-06
-5.69216e-05
7.43245e-06
-5.85131e-05
6.68971e-06
-5.90639e-05
6.66294e-06
-5.88425e-05
7.61807e-06
-5.76309e-05
9.24464e-06
-5.54416e-05
1.21775e-05
-5.20448e-05
-4.85752e-05
1.50466e-05
1.33205e-06
-3.25128e-05
1.60956e-06
-4.05165e-05
1.89514e-06
-4.06212e-05
2.19839e-06
-4.0758e-05
2.47475e-06
-4.0996e-05
2.70263e-06
-4.131e-05
2.85847e-06
-4.1706e-05
2.91107e-06
-4.21818e-05
2.82665e-06
-4.2742e-05
2.57161e-06
-4.34096e-05
2.11313e-06
-4.42661e-05
1.37965e-06
-4.54555e-05
2.17985e-07
-4.71486e-05
-1.6098e-06
-4.93458e-05
-4.14767e-06
-5.17607e-05
-7.22562e-06
-5.38435e-05
-1.04457e-05
-5.52929e-05
-1.33277e-05
-5.61818e-05
-1.55148e-05
-5.66553e-05
-1.72062e-05
-5.59395e-05
-1.87799e-05
-5.38679e-05
-2.00861e-05
-5.07385e-05
-4.68995e-05
-2.17618e-05
9.03953e-07
-3.34167e-05
9.42488e-07
-4.05549e-05
9.83585e-07
-4.06623e-05
1.00901e-06
-4.07834e-05
9.78263e-07
-4.09651e-05
8.71164e-07
-4.12028e-05
6.60373e-07
-4.14951e-05
3.15265e-07
-4.18366e-05
-2.06814e-07
-4.22198e-05
-9.44702e-07
-4.26717e-05
-1.9665e-06
-4.32443e-05
-3.41206e-06
-4.401e-05
-5.50308e-06
-4.50576e-05
-8.41252e-06
-4.64364e-05
-1.21539e-05
-4.80193e-05
-1.64832e-05
-4.95142e-05
-2.10595e-05
-5.07167e-05
-2.55767e-05
-5.16645e-05
-2.98354e-05
-5.23966e-05
-3.37759e-05
-5.1999e-05
-3.72653e-05
-5.03786e-05
-3.99602e-05
-4.80436e-05
-4.53112e-05
-4.15485e-05
5.0332e-07
-3.39202e-05
3.65151e-07
-4.04172e-05
2.12243e-07
-4.05097e-05
2.29695e-08
-4.05944e-05
-2.24133e-07
-4.07183e-05
-5.47529e-07
-4.08796e-05
-9.6866e-07
-4.10742e-05
-1.51471e-06
-4.12907e-05
-2.21426e-06
-4.15204e-05
-3.10726e-06
-4.17787e-05
-4.25299e-06
-4.20987e-05
-5.76335e-06
-4.24997e-05
-7.81868e-06
-4.30023e-05
-1.05981e-05
-4.3657e-05
-1.4144e-05
-4.44733e-05
-1.83057e-05
-4.53524e-05
-2.28428e-05
-4.61795e-05
-2.75499e-05
-4.69573e-05
-3.22619e-05
-4.76846e-05
-3.63449e-05
-4.79161e-05
-3.94672e-05
-4.72562e-05
-4.1538e-05
-4.59728e-05
-4.43604e-05
-4.24888e-05
1.70729e-07
-3.40909e-05
-9.85451e-08
-4.01478e-05
-3.95861e-07
-4.02123e-05
-7.27507e-07
-4.02626e-05
-1.10638e-06
-4.03393e-05
-1.54553e-06
-4.04404e-05
-2.05927e-06
-4.05604e-05
-2.66247e-06
-4.06874e-05
-3.37259e-06
-4.08103e-05
-4.21343e-06
-4.0938e-05
-5.21412e-06
-4.10981e-05
-6.41689e-06
-4.12971e-05
-7.9096e-06
-4.15097e-05
-9.83113e-06
-4.17356e-05
-1.22826e-05
-4.20219e-05
-1.52312e-05
-4.24037e-05
-1.85401e-05
-4.28705e-05
-2.20848e-05
-4.34126e-05
-2.57749e-05
-4.39944e-05
-2.91653e-05
-4.45256e-05
-3.17713e-05
-4.46502e-05
-3.34701e-05
-4.42741e-05
-4.34833e-05
-3.43472e-05
-6.18791e-08
-3.40293e-05
-4.38143e-07
-3.9772e-05
-8.4043e-07
-3.98103e-05
-1.26469e-06
-3.98386e-05
-1.72032e-06
-3.98839e-05
-2.21604e-06
-3.99448e-05
-2.75946e-06
-4.0017e-05
-3.35623e-06
-4.00907e-05
-4.0125e-06
-4.0154e-05
-4.74009e-06
-4.02104e-05
-5.55079e-06
-4.02874e-05
-6.44326e-06
-4.04046e-05
-7.41957e-06
-4.05334e-05
-8.52903e-06
-4.06261e-05
-9.86346e-06
-4.06874e-05
-1.14843e-05
-4.07828e-05
-1.33789e-05
-4.09759e-05
-1.55059e-05
-4.12856e-05
-1.7814e-05
-4.16862e-05
-2.02324e-05
-4.21072e-05
-2.238e-05
-4.25025e-05
-2.39792e-05
-4.26749e-05
-4.24847e-05
-2.49777e-05
-2.19698e-07
-3.38096e-05
-6.79346e-07
-3.93123e-05
-1.14928e-06
-3.93404e-05
-1.63069e-06
-3.93572e-05
-2.12946e-06
-3.93851e-05
-2.65101e-06
-3.94232e-05
-3.19923e-06
-3.94688e-05
-3.77506e-06
-3.95149e-05
-4.37797e-06
-3.95512e-05
-5.01318e-06
-3.95753e-05
-5.69218e-06
-3.96085e-05
-6.41313e-06
-3.96837e-05
-7.14706e-06
-3.97995e-05
-7.86872e-06
-3.99044e-05
-8.60463e-06
-3.99515e-05
-9.42822e-06
-3.99592e-05
-1.04045e-05
-3.99996e-05
-1.15564e-05
-4.01336e-05
-1.28721e-05
-4.03704e-05
-1.42978e-05
-4.06813e-05
-1.57902e-05
-4.10101e-05
-1.71879e-05
-4.12772e-05
-4.1383e-05
-1.82896e-05
-3.23266e-07
-3.34865e-05
-8.37278e-07
-3.87985e-05
-1.34823e-06
-3.88295e-05
-1.86277e-06
-3.88427e-05
-2.38462e-06
-3.88632e-05
-2.91719e-06
-3.88906e-05
-3.46278e-06
-3.89231e-05
-4.02106e-06
-3.89566e-05
-4.5889e-06
-3.89833e-05
-5.16667e-06
-3.89975e-05
-5.76626e-06
-3.9009e-05
-6.40147e-06
-3.90486e-05
-7.06065e-06
-3.91404e-05
-7.70148e-06
-3.92637e-05
-8.29173e-06
-3.93613e-05
-8.85175e-06
-3.93992e-05
-9.44476e-06
-3.94065e-05
-1.0129e-05
-3.94492e-05
-1.09269e-05
-3.95724e-05
-1.18333e-05
-3.97748e-05
-1.28226e-05
-4.00207e-05
-1.38451e-05
-4.02546e-05
-4.0392e-05
-1.48362e-05
-3.86433e-07
-3.31001e-05
-9.29082e-07
-3.82558e-05
-1.46117e-06
-3.82975e-05
-1.99242e-06
-3.83115e-05
-2.52541e-06
-3.83302e-05
-3.06222e-06
-3.83538e-05
-3.60444e-06
-3.83809e-05
-4.15201e-06
-3.8409e-05
-4.70197e-06
-3.84334e-05
-5.25139e-06
-3.84481e-05
-5.80662e-06
-3.84538e-05
-6.38662e-06
-3.84686e-05
-7.00453e-06
-3.85226e-05
-7.64222e-06
-3.86261e-05
-8.25635e-06
-3.87472e-05
-8.81978e-06
-3.88358e-05
-9.35193e-06
-3.88743e-05
-9.90339e-06
-3.88977e-05
-1.0517e-05
-3.89587e-05
-1.12092e-05
-3.90825e-05
-1.19767e-05
-3.92532e-05
-1.28064e-05
-3.94249e-05
-3.95315e-05
-1.3667e-05
-4.19455e-07
-3.26806e-05
-9.71904e-07
-3.77033e-05
-1.51098e-06
-3.77583e-05
-2.04788e-06
-3.77745e-05
-2.58443e-06
-3.77936e-05
-3.12202e-06
-3.78162e-05
-3.66183e-06
-3.78411e-05
-4.20433e-06
-3.78665e-05
-4.74798e-06
-3.78897e-05
-5.28945e-06
-3.79067e-05
-5.82908e-06
-3.79142e-05
-6.37918e-06
-3.79186e-05
-6.96054e-06
-3.79413e-05
-7.58128e-06
-3.80054e-05
-8.22019e-06
-3.81084e-05
-8.84178e-06
-3.82143e-05
-9.43123e-06
-3.82849e-05
-1.00092e-05
-3.83196e-05
-1.06119e-05
-3.83559e-05
-1.12642e-05
-3.84301e-05
-1.19724e-05
-3.8545e-05
-1.27303e-05
-3.8667e-05
-3.87454e-05
-1.35164e-05
-4.31292e-07
-3.22494e-05
-9.81501e-07
-3.71532e-05
-1.51816e-06
-3.72217e-05
-2.05338e-06
-3.72393e-05
-2.58831e-06
-3.72587e-05
-3.12412e-06
-3.72804e-05
-3.66181e-06
-3.73034e-05
-4.20205e-06
-3.73262e-05
-4.74453e-06
-3.73472e-05
-5.28718e-06
-3.7364e-05
-5.82803e-06
-3.73733e-05
-6.37143e-06
-3.73752e-05
-6.93245e-06
-3.73803e-05
-7.5282e-06
-3.74098e-05
-8.15924e-06
-3.74775e-05
-8.8042e-06
-3.75694e-05
-9.43973e-06
-3.76493e-05
-1.00642e-05
-3.76951e-05
-1.06972e-05
-3.77228e-05
-1.13598e-05
-3.77675e-05
-1.20603e-05
-3.78445e-05
-1.27934e-05
-3.7934e-05
-3.79959e-05
-1.35429e-05
-4.29954e-07
-3.18194e-05
-9.71062e-07
-3.6612e-05
-1.49966e-06
-3.6693e-05
-2.02858e-06
-3.67103e-05
-2.55842e-06
-3.67288e-05
-3.09036e-06
-3.67484e-05
-3.62529e-06
-3.67684e-05
-4.16385e-06
-3.67877e-05
-4.70621e-06
-3.68049e-05
-5.25151e-06
-3.68187e-05
-5.79787e-06
-3.6827e-05
-6.34545e-06
-3.68277e-05
-6.90186e-06
-3.6824e-05
-7.48191e-06
-3.68298e-05
-8.09567e-06
-3.68638e-05
-8.73563e-06
-3.69295e-05
-9.382e-06
-3.7003e-05
-1.00239e-05
-3.70532e-05
-1.06707e-05
-3.7076e-05
-1.134e-05
-3.70982e-05
-1.20403e-05
-3.71442e-05
-1.27665e-05
-3.72077e-05
-3.72571e-05
-1.35053e-05
-4.22005e-07
-3.13974e-05
-9.50832e-07
-3.60831e-05
-1.46863e-06
-3.61752e-05
-1.98865e-06
-3.61903e-05
-2.51132e-06
-3.62061e-05
-3.03775e-06
-3.6222e-05
-3.56875e-06
-3.62375e-05
-4.10485e-06
-3.62516e-05
-4.6464e-06
-3.62633e-05
-5.19319e-06
-3.62719e-05
-5.74402e-06
-3.62761e-05
-6.29767e-06
-3.62741e-05
-6.85691e-06
-3.62648e-05
-7.43196e-06
-3.62549e-05
-8.03543e-06
-3.62604e-05
-8.66919e-06
-3.62957e-05
-9.31913e-06
-3.6353e-05
-9.96942e-06
-3.64029e-05
-1.06207e-05
-3.64247e-05
-1.12882e-05
-3.64307e-05
-1.19842e-05
-3.64482e-05
-1.27072e-05
-3.64847e-05
-3.65176e-05
-1.34467e-05
-4.12171e-07
-3.09851e-05
-9.27399e-07
-3.55678e-05
-1.43334e-06
-3.56692e-05
-1.94306e-06
-3.56806e-05
-2.4572e-06
-3.5692e-05
-2.97658e-06
-3.57027e-05
-3.50196e-06
-3.57121e-05
-4.03385e-06
-3.57197e-05
-4.57265e-06
-3.57245e-05
-5.11854e-06
-3.57259e-05
-5.67105e-06
-3.57236e-05
-6.22895e-06
-3.57162e-05
-6.79226e-06
-3.57016e-05
-7.3665e-06
-3.56807e-05
-7.96324e-06
-3.56637e-05
-8.59097e-06
-3.5668e-05
-9.24364e-06
-3.57004e-05
-9.90451e-06
-3.5742e-05
-1.05649e-05
-3.57643e-05
-1.12337e-05
-3.57619e-05
-1.19252e-05
-3.57567e-05
-1.26437e-05
-3.57662e-05
-3.57782e-05
-1.33831e-05
-4.02466e-07
-3.05826e-05
-9.03337e-07
-3.50668e-05
-1.39682e-06
-3.51756e-05
-1.89515e-06
-3.51822e-05
-2.3993e-06
-3.51879e-05
-2.90977e-06
-3.51922e-05
-3.42727e-06
-3.51946e-05
-3.95237e-06
-3.51945e-05
-4.48551e-06
-3.51913e-05
-5.02707e-06
-3.51843e-05
-5.57718e-06
-3.51735e-05
-6.13529e-06
-3.51581e-05
-6.7005e-06
-3.51364e-05
-7.27448e-06
-3.51068e-05
-7.86497e-06
-3.50733e-05
-8.48276e-06
-3.50503e-05
-9.13017e-06
-3.5053e-05
-9.79539e-06
-3.50768e-05
-1.04646e-05
-3.50952e-05
-1.11383e-05
-3.50883e-05
-1.18287e-05
-3.50664e-05
-1.2544e-05
-3.50508e-05
-3.50396e-05
-1.32826e-05
-3.92553e-07
-3.019e-05
-8.7834e-07
-3.45809e-05
-1.35839e-06
-3.46955e-05
-1.84397e-06
-3.46967e-05
-2.33606e-06
-3.46959e-05
-2.83519e-06
-3.46932e-05
-3.342e-06
-3.46878e-05
-3.85715e-06
-3.46794e-05
-4.38114e-06
-3.46672e-05
-4.91442e-06
-3.4651e-05
-5.45749e-06
-3.46304e-05
-6.01048e-06
-3.46051e-05
-6.57282e-06
-3.45741e-05
-7.14433e-06
-3.45352e-05
-7.72877e-06
-3.44888e-05
-8.33522e-06
-3.44438e-05
-8.97093e-06
-3.44173e-05
-9.63114e-06
-3.44167e-05
-1.03022e-05
-3.44242e-05
-1.09778e-05
-3.44127e-05
-1.1666e-05
-3.43782e-05
-1.23769e-05
-3.43399e-05
-3.43037e-05
-1.31128e-05
-3.82237e-07
-2.98077e-05
-8.52104e-07
-3.4111e-05
-1.31718e-06
-3.42304e-05
-1.78803e-06
-3.42259e-05
-2.26545e-06
-3.42185e-05
-2.75026e-06
-3.42084e-05
-3.24313e-06
-3.4195e-05
-3.74474e-06
-3.41778e-05
-4.25568e-06
-3.41563e-05
-4.77652e-06
-3.41301e-05
-5.30788e-06
-3.40989e-05
-5.85028e-06
-3.40626e-05
-6.40369e-06
-3.40206e-05
-6.96762e-06
-3.39713e-05
-7.54325e-06
-3.39132e-05
-8.13666e-06
-3.38504e-05
-8.75649e-06
-3.37975e-05
-9.40417e-06
-3.37691e-05
-1.00695e-05
-3.37589e-05
-1.07422e-05
-3.37399e-05
-1.1425e-05
-3.36954e-05
-1.21281e-05
-3.36368e-05
-3.35751e-05
-1.28567e-05
-3.73084e-07
-2.94346e-05
-8.26228e-07
-3.36578e-05
-1.27433e-06
-3.37824e-05
-1.728e-06
-3.37723e-05
-2.1879e-06
-3.37587e-05
-2.65516e-06
-3.37413e-05
-3.13053e-06
-3.37197e-05
-3.61472e-06
-3.36936e-05
-4.1084e-06
-3.36625e-05
-4.61228e-06
-3.36261e-05
-5.12705e-06
-3.35841e-05
-5.65334e-06
-3.35363e-05
-6.1915e-06
-3.34825e-05
-6.74124e-06
-3.34216e-05
-7.30257e-06
-3.33519e-05
-7.87884e-06
-3.32742e-05
-8.47785e-06
-3.31986e-05
-9.10536e-06
-3.31416e-05
-9.75643e-06
-3.31078e-05
-1.04199e-05
-3.30764e-05
-1.1093e-05
-3.30224e-05
-1.17839e-05
-3.2946e-05
-3.2859e-05
-1.25e-05
-3.67598e-07
-2.9067e-05
-8.03121e-07
-3.32223e-05
-1.23185e-06
-3.33537e-05
-1.66551e-06
-3.33387e-05
-2.10507e-06
-3.33193e-05
-2.55161e-06
-3.32948e-05
-3.00601e-06
-3.32654e-05
-3.46894e-06
-3.32306e-05
-3.94115e-06
-3.31902e-05
-4.42341e-06
-3.31438e-05
-4.91646e-06
-3.30911e-05
-5.42096e-06
-3.30319e-05
-5.9374e-06
-3.29661e-05
-6.46584e-06
-3.28932e-05
-7.00598e-06
-3.28117e-05
-7.55931e-06
-3.27209e-05
-8.13186e-06
-3.26261e-05
-8.73158e-06
-3.25419e-05
-9.35917e-06
-3.24802e-05
-1.00054e-05
-3.24301e-05
-1.06631e-05
-3.23646e-05
-1.13367e-05
-3.22725e-05
-3.21615e-05
-1.20343e-05
-3.65238e-07
-2.87017e-05
-7.81396e-07
-3.28062e-05
-1.18782e-06
-3.29473e-05
-1.59858e-06
-3.2928e-05
-2.01506e-06
-3.29029e-05
-2.43815e-06
-3.28718e-05
-2.86861e-06
-3.28349e-05
-3.30709e-06
-3.27921e-05
-3.75425e-06
-3.2743e-05
-4.21085e-06
-3.26872e-05
-4.67762e-06
-3.26244e-05
-5.1552e-06
-3.25544e-05
-5.64417e-06
-3.24772e-05
-6.14483e-06
-3.23926e-05
-6.65706e-06
-3.22996e-05
-7.18127e-06
-3.21967e-05
-7.72147e-06
-3.20859e-05
-8.28595e-06
-3.19775e-05
-8.88029e-06
-3.18858e-05
-9.49962e-06
-3.18108e-05
-1.01346e-05
-3.17297e-05
-1.07847e-05
-3.16225e-05
-3.14892e-05
-1.14569e-05
-3.58242e-07
-2.83435e-05
-7.50833e-07
-3.24136e-05
-1.13147e-06
-3.25667e-05
-1.51659e-06
-3.25429e-05
-1.9076e-06
-3.25119e-05
-2.30517e-06
-3.24742e-05
-2.70965e-06
-3.24304e-05
-3.12151e-06
-3.23803e-05
-3.54126e-06
-3.23233e-05
-3.96952e-06
-3.2259e-05
-4.40691e-06
-3.21871e-05
-4.85404e-06
-3.21074e-05
-5.31147e-06
-3.20199e-05
-5.77972e-06
-3.19244e-05
-6.25893e-06
-3.18204e-05
-6.74914e-06
-3.17066e-05
-7.25245e-06
-3.15827e-05
-7.77587e-06
-3.14541e-05
-8.32805e-06
-3.13336e-05
-8.90985e-06
-3.1229e-05
-9.51287e-06
-3.11267e-05
-1.01319e-05
-3.10035e-05
-3.08499e-05
-1.07712e-05
-3.31084e-07
-2.80124e-05
-6.91476e-07
-3.20532e-05
-1.04319e-06
-3.2215e-05
-1.40058e-06
-3.21856e-05
-1.76431e-06
-3.21482e-05
-2.13474e-06
-3.21038e-05
-2.51178e-06
-3.20534e-05
-2.89562e-06
-3.19965e-05
-3.2866e-06
-3.19324e-05
-3.68513e-06
-3.18606e-05
-4.09168e-06
-3.17806e-05
-4.50672e-06
-3.16924e-05
-4.93078e-06
-3.15959e-05
-5.36445e-06
-3.14908e-05
-5.80813e-06
-3.13768e-05
-6.26186e-06
-3.1253e-05
-6.72642e-06
-3.11182e-05
-7.2064e-06
-3.09742e-05
-7.71083e-06
-3.08292e-05
-8.24576e-06
-3.0694e-05
-8.80687e-06
-3.05656e-05
-9.38645e-06
-3.0424e-05
-3.02516e-05
-9.98477e-06
-2.66541e-07
-2.77459e-05
-5.80211e-07
-3.17395e-05
-9.01874e-07
-3.18934e-05
-1.23083e-06
-3.18566e-05
-1.56601e-06
-3.1813e-05
-1.90764e-06
-3.17622e-05
-2.25543e-06
-3.17056e-05
-2.60947e-06
-3.16425e-05
-2.96998e-06
-3.15719e-05
-3.33727e-06
-3.14933e-05
-3.7117e-06
-3.14062e-05
-4.09366e-06
-3.13105e-05
-4.48359e-06
-3.1206e-05
-4.88206e-06
-3.10925e-05
-5.2896e-06
-3.09694e-05
-5.70642e-06
-3.08363e-05
-6.13264e-06
-3.06922e-05
-6.57041e-06
-3.05365e-05
-7.02665e-06
-3.0373e-05
-7.50992e-06
-3.02108e-05
-8.02138e-06
-3.00542e-05
-8.55411e-06
-2.98912e-05
-2.97011e-05
-9.10458e-06
-1.61447e-07
-2.75844e-05
-4.07213e-07
-3.14938e-05
-6.99363e-07
-3.16013e-05
-1.00016e-06
-3.15558e-05
-1.30572e-06
-3.15075e-05
-1.61629e-06
-3.14516e-05
-1.93186e-06
-3.13901e-05
-2.25266e-06
-3.13216e-05
-2.5791e-06
-3.12455e-05
-2.91157e-06
-3.11609e-05
-3.2505e-06
-3.10674e-05
-3.59635e-06
-3.09647e-05
-3.94966e-06
-3.08528e-05
-4.311e-06
-3.07313e-05
-4.68092e-06
-3.05997e-05
-5.05982e-06
-3.04577e-05
-5.44773e-06
-3.03044e-05
-5.84524e-06
-3.0139e-05
-6.25613e-06
-2.99621e-05
-6.68814e-06
-2.97788e-05
-7.14659e-06
-2.95957e-05
-7.62814e-06
-2.94096e-05
-2.92022e-05
-8.127e-06
-3.08461e-08
-2.75536e-05
-1.88609e-07
-3.13362e-05
-4.54214e-07
-3.13357e-05
-7.27815e-07
-3.12823e-05
-1.00287e-06
-3.12325e-05
-1.27964e-06
-3.11748e-05
-1.55894e-06
-3.11107e-05
-1.84153e-06
-3.1039e-05
-2.12821e-06
-3.09588e-05
-2.41972e-06
-3.08694e-05
-2.71675e-06
-3.07704e-05
-3.02006e-06
-3.06616e-05
-3.3304e-06
-3.05427e-05
-3.64856e-06
-3.04134e-05
-3.97521e-06
-3.02733e-05
-4.31095e-06
-3.01222e-05
-4.65607e-06
-2.99594e-05
-5.01073e-06
-2.97843e-05
-5.37638e-06
-2.95964e-05
-5.75791e-06
-2.93972e-05
-6.16184e-06
-2.91918e-05
-6.58921e-06
-2.89822e-05
-2.87568e-05
-7.03452e-06
1.29149e-07
-2.76828e-05
2.74711e-08
-3.12346e-05
-2.15337e-07
-3.1093e-05
-4.6113e-07
-3.10365e-05
-7.04138e-07
-3.09894e-05
-9.44518e-07
-3.09344e-05
-1.18413e-06
-3.0871e-05
-1.4243e-06
-3.07988e-05
-1.66624e-06
-3.07169e-05
-1.91101e-06
-3.06247e-05
-2.15963e-06
-3.05219e-05
-2.41309e-06
-3.04082e-05
-2.67245e-06
-3.02835e-05
-2.93875e-06
-3.01473e-05
-3.21293e-06
-2.99994e-05
-3.49582e-06
-2.98394e-05
-3.78813e-06
-2.96671e-05
-4.09035e-06
-2.94821e-05
-4.40314e-06
-2.92835e-05
-4.72888e-06
-2.90715e-05
-5.07268e-06
-2.88481e-05
-5.43857e-06
-2.86163e-05
-2.83716e-05
-5.82368e-06
3.28948e-07
-2.80118e-05
2.05117e-07
-3.11108e-05
-2.41491e-08
-3.08637e-05
-2.42084e-07
-3.08185e-05
-4.52138e-07
-3.07793e-05
-6.55406e-07
-3.0731e-05
-8.54612e-07
-3.06717e-05
-1.05149e-06
-3.06019e-05
-1.24745e-06
-3.05209e-05
-1.44372e-06
-3.04285e-05
-1.64145e-06
-3.03243e-05
-1.84178e-06
-3.02081e-05
-2.04587e-06
-3.00795e-05
-2.2549e-06
-2.99384e-05
-2.46995e-06
-2.97845e-05
-2.69206e-06
-2.96174e-05
-2.92218e-06
-2.9437e-05
-3.16128e-06
-2.92429e-05
-3.4102e-06
-2.90346e-05
-3.67015e-06
-2.88116e-05
-3.94406e-06
-2.85742e-05
-4.23637e-06
-2.8324e-05
-2.80605e-05
-4.5474e-06
5.12105e-07
-2.85239e-05
3.04813e-07
-3.09035e-05
9.90855e-08
-3.06579e-05
-8.37733e-08
-3.06356e-05
-2.56981e-07
-3.0606e-05
-4.21516e-07
-3.05664e-05
-5.79299e-07
-3.05139e-05
-7.32143e-07
-3.0449e-05
-8.81643e-07
-3.03715e-05
-1.02923e-06
-3.0281e-05
-1.17616e-06
-3.01775e-05
-1.32359e-06
-3.00607e-05
-1.47262e-06
-2.99306e-05
-1.6243e-06
-2.97868e-05
-1.77967e-06
-2.96292e-05
-1.93967e-06
-2.94575e-05
-2.10524e-06
-2.92715e-05
-2.27736e-06
-2.90708e-05
-2.45704e-06
-2.88549e-05
-2.64521e-06
-2.86234e-05
-2.84335e-06
-2.83759e-05
-3.05458e-06
-2.81127e-05
-2.78339e-05
-3.2811e-06
5.43577e-07
-2.90675e-05
3.23897e-07
-3.06838e-05
1.56636e-07
-3.04907e-05
1.50499e-08
-3.0494e-05
-1.13347e-07
-3.04775e-05
-2.29813e-07
-3.04498e-05
-3.37084e-07
-3.04065e-05
-4.37965e-07
-3.03481e-05
-5.34613e-07
-3.02749e-05
-6.28639e-07
-3.01871e-05
-7.21253e-07
-3.0085e-05
-8.13419e-07
-2.99686e-05
-9.05994e-07
-2.9838e-05
-9.99783e-07
-2.9693e-05
-1.09551e-06
-2.95336e-05
-1.19378e-06
-2.93594e-05
-1.29516e-06
-2.91702e-05
-1.4003e-06
-2.89655e-05
-1.51e-06
-2.87451e-05
-1.62511e-06
-2.85083e-05
-1.74658e-06
-2.82544e-05
-1.87636e-06
-2.79831e-05
-2.76938e-05
-2.01648e-06
3.98756e-07
1.85454e-07
9.16852e-08
2.39937e-08
-2.83907e-08
-7.2487e-08
-1.11387e-07
-1.47051e-07
-1.80713e-07
-2.13153e-07
-2.44898e-07
-2.76361e-07
-3.07928e-07
-3.39942e-07
-3.7264e-07
-4.06146e-07
-4.40612e-07
-4.76354e-07
-5.13772e-07
-5.53092e-07
-5.94427e-07
-6.38542e-07
-6.86638e-07
9.08392e-05
4.02067e-06
0.000114832
-2.39927e-05
0.000138614
-2.37822e-05
-3.30186e-05
0.000171633
0.000126587
-1.63298e-05
0.000144594
-4.19997e-05
0.000167214
-4.64025e-05
-5.31114e-05
0.000187307
0.000125374
-3.70773e-05
0.000140927
-5.75532e-05
0.00015952
-6.49951e-05
-6.97634e-05
0.000176172
0.000120562
-5.72557e-05
0.000138884
-7.58748e-05
0.000159661
-8.57725e-05
-8.67784e-05
0.000176676
0.000120451
-8.04364e-05
0.000146309
-0.000101733
0.000180683
-0.000120146
-0.00010424
0.000198144
0.000126117
-0.000103251
0.000168756
-0.000144372
0.000202574
-0.000153964
-0.000126751
0.000225085
0.000137133
-0.000139923
0.00018028
-0.000187519
0.000206369
-0.000180053
-0.000133855
0.000213472
0.00011914
-0.00016306
0.000148033
-0.000216412
0.000161173
-0.000193192
-0.000128679
0.000155997
0.000104784
-0.000183461
0.000116612
-0.00022824
0.000111673
-0.000188253
-0.000102881
8.5875e-05
8.51994e-05
-0.000193352
8.213e-05
-0.000225171
5.84303e-05
-0.000164553
-6.60786e-05
2.16279e-05
5.99993e-05
-0.00018525
4.05764e-05
-0.000205748
3.82595e-06
-0.000127803
-4.76217e-05
-1.46309e-05
3.16247e-05
-0.00016695
-3.53985e-06
-0.000170583
-3.45362e-05
-9.68063e-05
-5.9179e-05
-2.29788e-05
-3.30359e-06
-0.0001486
-3.39606e-05
-0.000139926
-4.26953e-05
-8.80714e-05
-8.25336e-05
-1.93407e-05
-2.98554e-05
-0.000140506
-4.57705e-05
-0.000124011
-3.69678e-05
-9.68739e-05
-0.000103947
-1.55545e-05
-4.22074e-05
-0.000139847
-4.31383e-05
-0.00012308
-2.85375e-05
-0.000111475
-0.000118135
-1.43492e-05
-4.02613e-05
-0.000142074
-3.4678e-05
-0.000128663
-2.23359e-05
-0.000123817
-0.00012589
-1.45804e-05
-3.29128e-05
-0.000143509
-2.71766e-05
-0.000134399
-1.94134e-05
-0.00013158
-0.000130178
-1.51256e-05
-2.53751e-05
-0.000143111
-2.21835e-05
-0.000137591
-1.83936e-05
-0.000135369
-0.000132787
-1.5784e-05
-2.01592e-05
-0.000141242
-1.95089e-05
-0.000138241
-1.83485e-05
-0.00013653
-0.000134515
-1.66205e-05
-1.73587e-05
-0.000138719
-1.83545e-05
-0.000137245
-1.86719e-05
-0.000136212
-0.000135513
-1.76742e-05
-1.62916e-05
-0.000136095
-1.80447e-05
-0.000135492
-1.91132e-05
-0.000135144
-0.000135688
-1.89381e-05
-1.60656e-05
-0.000133545
-1.81036e-05
-0.000133454
-1.96248e-05
-0.000133623
-0.000134966
-2.03469e-05
-1.60352e-05
-0.000131053
-1.8261e-05
-0.000131228
-2.02023e-05
-0.000131681
-0.000133364
-2.18043e-05
-1.60265e-05
-0.000128532
-1.84611e-05
-0.000128793
-2.0825e-05
-0.000129317
-0.000130984
-2.32051e-05
-1.60377e-05
-0.000125941
-1.86834e-05
-0.000126148
-2.1427e-05
-0.000126574
-0.000127964
-2.44463e-05
-1.60377e-05
-0.000123286
-1.88638e-05
-0.000123321
-2.19256e-05
-0.000123512
-0.000124439
-2.54504e-05
-1.59808e-05
-0.000120588
-1.89445e-05
-0.000120358
-2.22575e-05
-0.000120199
-0.000120533
-2.61634e-05
-1.58348e-05
-0.000117866
-1.88919e-05
-0.0001173
-2.23827e-05
-0.000116708
-0.000116366
-2.655e-05
-1.5577e-05
-0.000115146
-1.86809e-05
-0.000114196
-2.22751e-05
-0.000113114
-0.00011205
-2.65911e-05
-1.51903e-05
-0.000112455
-1.82939e-05
-0.000111093
-2.19196e-05
-0.000109488
-0.000107688
-2.62811e-05
-1.46643e-05
-0.000109825
-1.77208e-05
-0.000108036
-2.13104e-05
-0.000105898
-0.000103373
-2.56255e-05
-1.39953e-05
-0.000107287
-1.6959e-05
-0.000105073
-2.04501e-05
-0.000102407
-9.9185e-05
-2.46381e-05
-1.31856e-05
-0.000104873
-1.60126e-05
-0.000102246
-1.93485e-05
-9.90705e-05
-9.51945e-05
-2.3339e-05
-1.22423e-05
-0.000102615
-1.48904e-05
-9.95975e-05
-1.80199e-05
-9.5941e-05
-9.14617e-05
-2.17528e-05
-1.11753e-05
-0.000100544
-1.36054e-05
-9.71673e-05
-1.64819e-05
-9.30645e-05
-8.80371e-05
-1.99065e-05
-9.99178e-06
-9.86794e-05
-1.21727e-05
-9.49861e-05
-1.47551e-05
-9.0482e-05
-8.49644e-05
-1.78278e-05
-8.68668e-06
-9.70273e-05
-1.06023e-05
-9.30702e-05
-1.28602e-05
-8.82241e-05
-8.22805e-05
-1.5544e-05
-7.25173e-06
-9.55994e-05
-8.89565e-06
-9.14261e-05
-1.08154e-05
-8.63044e-05
-8.00113e-05
-1.30848e-05
-5.71296e-06
-9.44339e-05
-7.06306e-06
-9.0076e-05
-8.6368e-06
-8.47307e-05
-7.81664e-05
-1.0482e-05
-4.13111e-06
-9.35839e-05
-5.13646e-06
-8.90708e-05
-6.33054e-06
-8.35364e-05
-7.67584e-05
-7.7385e-06
-2.52204e-06
-9.3078e-05
-3.13328e-06
-8.84595e-05
-3.88056e-06
-8.27892e-05
-7.58505e-05
-4.78853e-06
-8.51037e-07
-1.05027e-06
-1.29745e-06
-1.60765e-06
0.000197239
-4.47156e-05
0.000217207
-6.78786e-05
0.000230416
-9.31905e-05
0.000239471
-0.000116675
0.000246132
-0.000136129
0.000250706
-0.000149328
0.000251306
-0.00015407
0.000249105
-0.000147178
0.000225515
-9.68625e-05
0.000209281
-5.14291e-05
0.000187068
-3.35826e-06
0.000171654
1.30237e-05
0.000176515
2.46571e-05
0.000198883
5.47093e-05
0.000215284
0.000119549
0.000230116
0.00019319
0.000220414
0.000279662
0.000140873
0.000324663
0.000222995
0.000201605
-5.90136e-05
0.000213234
-7.95075e-05
0.000222359
-0.000102316
0.000229918
-0.000124234
0.000236199
-0.00014241
0.000240156
-0.000153285
0.000227978
-0.000141892
0.00021152
-0.00013072
0.000199694
-8.50366e-05
0.000178785
-3.05202e-05
0.000167448
7.97936e-06
0.000147837
3.2635e-05
0.000127724
4.4769e-05
0.000135623
4.68111e-05
0.000150079
0.000105092
0.000136798
0.000206471
0.000163055
0.000253405
0.000109826
0.000377892
0.00033282
0.000189828
-7.267e-05
0.000202564
-9.22431e-05
0.000214138
-0.00011389
0.000227215
-0.000137311
0.000221989
-0.000137184
0.000219512
-0.000150808
0.00021538
-0.00013776
0.000194299
-0.000109639
0.00017575
-6.64872e-05
0.000160013
-1.47839e-05
0.000145165
2.28274e-05
0.000128165
4.96352e-05
0.000105337
6.75964e-05
7.73751e-05
7.47734e-05
6.50965e-05
0.00011737
5.8124e-05
0.000213443
8.28607e-05
0.000228669
7.44371e-05
0.000386316
0.000407257
0.000193561
-8.95551e-05
0.000211848
-0.00011053
0.00021312
-0.000115162
0.000215887
-0.000140077
0.000222932
-0.000144229
0.000215275
-0.000143152
0.000205147
-0.000127632
0.000183747
-8.8239e-05
0.000160452
-4.31922e-05
0.000143102
2.56589e-06
0.000124144
4.17857e-05
0.000103206
7.05723e-05
7.63708e-05
9.44321e-05
3.55081e-05
0.000115636
-2.34274e-06
0.000155221
-6.88975e-06
0.00021799
4.03263e-05
0.000181453
4.63749e-05
0.000380267
0.000453632
0.000210753
-0.000102163
0.000213989
-0.000113766
0.000221075
-0.000122248
0.000214547
-0.000133549
0.000207801
-0.000137482
0.000188009
-0.00012336
0.000161804
-0.000101427
0.000137698
-6.41335e-05
0.000115172
-2.06669e-05
9.62048e-05
2.15334e-05
8.0605e-05
5.73854e-05
6.45955e-05
8.65819e-05
4.47853e-05
0.000114242
1.76758e-05
0.000142746
-3.74485e-07
0.000173272
-2.36728e-06
0.000219983
1.01997e-05
0.000168885
2.74574e-05
0.00036301
0.00048109
0.000220234
-9.73118e-05
0.000210604
-0.000104136
0.000197736
-0.00010938
0.000173725
-0.000109538
0.000143141
-0.000106897
0.000113477
-9.36954e-05
8.59537e-05
-7.39037e-05
6.5533e-05
-4.37129e-05
5.07127e-05
-5.84678e-06
4.50994e-05
2.71467e-05
4.2361e-05
6.01238e-05
3.73096e-05
9.16336e-05
2.74153e-05
0.000124137
1.16418e-05
0.00015852
1.92871e-05
0.000165627
3.1195e-05
0.000208075
-9.73187e-06
0.000209812
1.79701e-05
0.000335308
0.00049906
0.000197988
-8.18275e-05
0.000168035
-7.4183e-05
0.000133684
-7.50294e-05
0.000101148
-7.70013e-05
7.29267e-05
-7.8676e-05
5.19138e-05
-7.26824e-05
3.60997e-05
-5.80897e-05
2.7439e-05
-3.50523e-05
2.79733e-05
-6.38114e-06
3.19928e-05
2.31272e-05
3.59404e-05
5.61764e-05
3.62007e-05
9.13735e-05
3.02288e-05
0.000130109
1.5223e-05
0.000173525
-5.46287e-06
0.000186312
-2.32762e-05
0.000225889
-2.5714e-05
0.00021225
1.1075e-05
0.000298519
0.000510135
0.000130217
-5.60473e-05
9.70814e-05
-4.10475e-05
7.01391e-05
-4.80871e-05
5.38114e-05
-6.06735e-05
4.32836e-05
-6.81479e-05
3.68105e-05
-6.62092e-05
3.41346e-05
-5.54138e-05
3.61804e-05
-3.70982e-05
4.24163e-05
-1.2617e-05
4.89732e-05
1.65705e-05
5.41425e-05
5.10075e-05
5.51241e-05
9.0392e-05
4.91877e-05
0.000136045
3.3551e-05
0.000189162
-2.34516e-08
0.000219887
-4.6946e-05
0.000272811
-3.67423e-05
0.000202046
4.07754e-06
0.000257699
0.000514212
5.8337e-05
-2.85093e-05
4.36484e-05
-2.6359e-05
4.02423e-05
-4.4681e-05
4.0148e-05
-6.05791e-05
3.99007e-05
-6.79005e-05
4.10435e-05
-6.7352e-05
4.49432e-05
-5.93135e-05
5.1849e-05
-4.4004e-05
6.10353e-05
-2.1803e-05
7.04352e-05
7.17097e-06
7.81196e-05
4.33232e-05
8.13893e-05
8.71222e-05
7.79087e-05
0.000139525
6.79129e-05
0.000199158
4.34053e-05
0.000244395
-2.30389e-06
0.000318521
1.00748e-06
0.000198735
-4.82114e-07
0.000259188
0.00051373
1.42855e-05
-2.1167e-05
2.36884e-05
-3.5762e-05
3.1402e-05
-5.23946e-05
3.63773e-05
-6.55544e-05
4.09839e-05
-7.2507e-05
4.66838e-05
-7.30521e-05
5.43185e-05
-6.69482e-05
6.44261e-05
-5.41115e-05
7.66636e-05
-3.40404e-05
8.97963e-05
-5.96143e-06
0.000101684
3.14351e-05
0.000109588
7.92189e-05
0.000111224
0.000137889
0.000108631
0.000201751
0.000100042
0.000252984
9.08843e-05
0.000327678
0.00012083
0.000168789
-5.32624e-06
0.000385345
0.000508404
1.09013e-06
-3.68881e-05
1.60991e-05
-5.07711e-05
2.6692e-05
-6.29876e-05
3.47401e-05
-7.36025e-05
4.21901e-05
-7.9957e-05
5.05675e-05
-8.14296e-05
6.11813e-05
-7.7562e-05
7.46779e-05
-6.7608e-05
9.11279e-05
-5.04903e-05
0.000109197
-2.40306e-05
0.00012672
1.39123e-05
0.000141003
6.49357e-05
0.000148251
0.000130641
0.000147508
0.000202494
0.000137253
0.000263239
0.00014945
0.000315481
0.00011676
0.000201478
-7.85439e-06
0.00050996
0.00050055
-1.60066e-06
-5.82662e-05
1.22231e-05
-6.4595e-05
2.36106e-05
-7.43751e-05
3.28283e-05
-8.28202e-05
4.19696e-05
-8.90985e-05
5.26939e-05
-9.21541e-05
6.62856e-05
-9.11536e-05
8.36319e-05
-8.49542e-05
0.000105035
-7.18935e-05
0.000129307
-4.83023e-05
0.000155159
-1.19396e-05
0.000178769
4.13253e-05
0.000191907
0.000117503
0.000187319
0.000207082
0.00016421
0.000286348
0.000146501
0.00033319
7.60985e-05
0.000271881
-9.44938e-06
0.000595508
0.0004911
-2.948e-06
-7.4659e-05
9.33478e-06
-7.68778e-05
2.01904e-05
-8.52308e-05
3.00529e-05
-9.26828e-05
4.06177e-05
-9.96635e-05
5.33949e-05
-0.000104931
6.97908e-05
-0.00010755
9.10273e-05
-0.000106191
0.000117919
-9.87851e-05
0.000150248
-8.06317e-05
0.000188811
-5.05018e-05
0.000226962
3.17443e-06
0.000246844
9.76212e-05
0.000235104
0.000218822
0.000194937
0.000326515
0.000141765
0.000386362
4.30428e-05
0.000370603
-9.77738e-06
0.000648328
0.000481323
-4.53581e-06
-8.56776e-05
6.49469e-06
-8.79083e-05
1.65995e-05
-9.53356e-05
2.6745e-05
-0.000102828
3.82139e-05
-0.000111132
5.24511e-05
-0.000119169
7.10733e-05
-0.000126172
9.59311e-05
-0.000131049
0.000128913
-0.000131767
0.000172508
-0.000124226
0.000229671
-0.000107665
0.000287936
-5.50909e-05
0.000314647
7.09097e-05
0.000292416
0.000241053
0.000230179
0.000388753
0.000142537
0.000474005
2.34495e-05
0.00048969
-9.78255e-06
0.00068156
0.00047154
-6.1276e-06
-9.3899e-05
3.69302e-06
-9.77288e-05
1.28844e-05
-0.000104527
2.28451e-05
-0.000112789
3.4529e-05
-0.000122816
4.93268e-05
-0.000133966
6.93651e-05
-0.00014621
9.70534e-05
-0.000158737
0.000136412
-0.000171126
0.000194279
-0.000182092
0.00027305
-0.000186437
0.000351065
-0.000133105
0.000384499
3.74757e-05
0.000350069
0.000275483
0.000264358
0.000474463
0.000147895
0.000590467
1.43308e-05
0.000623255
-9.14422e-06
0.000705035
0.000462396
-7.57809e-06
-0.000100901
7.58524e-07
-0.000106065
8.88999e-06
-0.000112658
1.8082e-05
-0.000121981
2.91585e-05
-0.000133893
4.36695e-05
-0.000148477
6.36783e-05
-0.000166219
9.2603e-05
-0.000187662
0.000136952
-0.000215476
0.000207202
-0.000252341
0.000300485
-0.00027972
0.000388877
-0.000221498
0.000425084
1.26876e-06
0.0003815
0.000319068
0.000282722
0.000573241
0.000149492
0.000723696
1.01355e-05
0.000762612
-8.40989e-06
0.000723581
0.000453986
-9.14779e-06
-0.000106879
-2.50623e-06
-0.000112707
4.43714e-06
-0.000119601
1.23717e-05
-0.000129916
2.21145e-05
-0.000143635
3.51327e-05
-0.000161496
5.33692e-05
-0.000184455
8.07673e-05
-0.00021506
0.000125451
-0.000260159
0.000197741
-0.000324631
0.000284748
-0.000366727
0.000357835
-0.000294585
0.000388012
-2.89084e-05
0.000351455
0.000355624
0.000266205
0.000658492
0.000136309
0.000853592
6.95141e-06
0.000891969
-7.79938e-06
0.000738331
0.000446187
-1.10195e-05
-0.000111643
-6.05234e-06
-0.000117674
-5.98681e-07
-0.000125055
5.8588e-06
-0.000136373
1.35536e-05
-0.00015133
2.38271e-05
-0.000171769
3.83986e-05
-0.000199027
6.08487e-05
-0.00023751
9.83416e-05
-0.000297652
0.000155728
-0.000382018
0.000208339
-0.000419338
0.000226626
-0.000312872
0.000231968
-3.42505e-05
0.000230961
0.000356631
0.000199767
0.000689686
9.3932e-05
0.000959427
-1.62471e-06
0.000987526
-7.3585e-06
0.000744065
0.000438828
-1.32192e-05
-0.000115044
-9.86149e-06
-0.000121031
-6.05887e-06
-0.000128858
-1.72636e-06
-0.000140705
3.77434e-06
-0.000156831
1.05309e-05
-0.000178526
1.98505e-05
-0.000208347
3.41752e-05
-0.000251835
5.71592e-05
-0.000320636
8.59257e-05
-0.000410784
9.43044e-05
-0.000427716
5.86719e-05
-0.00027724
7.53848e-05
-5.09635e-05
0.000106442
0.000325574
9.58111e-05
0.000700317
4.48353e-05
0.0010104
-2.99598e-06
0.00103536
-6.92759e-06
0.000747997
0.000431901
-1.56759e-05
-0.000117043
-1.38342e-05
-0.000122873
-1.17645e-05
-0.000130927
-9.62612e-06
-0.000142844
-7.3355e-06
-0.000159122
-4.59539e-06
-0.000181266
-1.09254e-06
-0.00021185
4.2525e-06
-0.00025718
1.03348e-05
-0.000326719
1.00236e-05
-0.000410473
-1.36299e-05
-0.000404063
-5.15719e-05
-0.000239298
-5.27294e-05
-4.9806e-05
-3.2413e-05
0.000305258
-3.77255e-05
0.00070563
2.31611e-07
0.000972445
1.97394e-05
0.00101585
-6.41314e-06
0.000774149
0.000425488
-1.82685e-05
-0.000117712
-1.7842e-05
-0.0001233
-1.74949e-05
-0.000131274
-1.7535e-05
-0.000142804
-1.81356e-05
-0.000158521
-1.95553e-05
-0.000179846
-2.22965e-05
-0.000209108
-2.79681e-05
-0.000251508
-3.97448e-05
-0.000314942
-6.40096e-05
-0.000386209
-9.2265e-05
-0.000375807
-0.000125224
-0.000206339
-0.000170761
-4.26888e-06
-0.000166885
0.000301382
-0.000156287
0.000695032
-6.48484e-05
0.000881006
3.02389e-05
0.000920762
-6.23519e-06
0.000810623
0.000419252
-2.087e-05
-0.000117189
-2.17405e-05
-0.000122429
-2.30216e-05
-0.000129993
-2.51232e-05
-0.000140702
-2.84421e-05
-0.000155202
-3.35919e-05
-0.000174696
-4.16761e-05
-0.000201024
-5.53407e-05
-0.000237844
-7.91599e-05
-0.000291123
-0.000116604
-0.000348765
-0.000153447
-0.000338964
-0.000182715
-0.000177071
-0.000228902
4.19189e-05
-0.00023501
0.000307489
-0.000206121
0.000666143
-0.000151179
0.000826064
-4.76307e-05
0.000817214
-7.54495e-06
0.000770538
0.000411707
-2.33523e-05
-0.000115641
-2.53831e-05
-0.000120398
-2.81326e-05
-0.000127244
-3.20733e-05
-0.000136762
-3.7765e-05
-0.000149511
-4.60614e-05
-0.0001664
-5.84242e-05
-0.000188661
-7.77822e-05
-0.000218486
-0.000108846
-0.000260059
-0.000153128
-0.000304482
-0.0001975
-0.000294592
-0.000219271
-0.000155301
-0.000254104
7.67525e-05
-0.000257512
0.000310897
-0.000207468
0.000616099
-0.000152749
0.000771345
-0.000107969
0.000772433
-7.35453e-06
0.000669923
0.000404353
-2.56051e-05
-0.000113241
-2.86408e-05
-0.000117362
-3.26467e-05
-0.000123238
-3.81292e-05
-0.000131279
-4.57449e-05
-0.000141895
-5.64769e-05
-0.000155668
-7.19039e-05
-0.000173234
-9.48138e-05
-0.000195576
-0.0001298
-0.000225073
-0.000178206
-0.000256077
-0.000225919
-0.000246879
-0.000246863
-0.000134356
-0.000257463
8.73532e-05
-0.000274323
0.000327756
-0.00023313
0.000574905
-0.000173064
0.00071128
-0.000107671
0.00070704
-1.05462e-05
0.000572799
0.000393807
-2.75381e-05
-0.000110149
-3.14076e-05
-0.000113493
-3.64277e-05
-0.000118218
-4.31148e-05
-0.000124592
-5.216e-05
-0.000132849
-6.45704e-05
-0.000143258
-8.18526e-05
-0.000155952
-0.000106415
-0.000171013
-0.000142373
-0.000189115
-0.000191835
-0.000206615
-0.000240938
-0.000197776
-0.000264118
-0.000111176
-0.00025758
8.08154e-05
-0.000260734
0.00033091
-0.000220657
0.000534828
-0.00016084
0.000651462
-8.72358e-05
0.000633436
-1.33748e-05
0.000498938
0.000380432
-2.90849e-05
-0.000106514
-3.36052e-05
-0.000108972
-3.93872e-05
-0.000112436
-4.69339e-05
-0.000117045
-5.69177e-05
-0.000122866
-7.0285e-05
-0.00012989
-8.83605e-05
-0.000137876
-0.000113097
-0.000146276
-0.000147801
-0.000154412
-0.000195341
-0.000159075
-0.000247207
-0.00014591
-0.000277529
-8.08549e-05
-0.000272166
7.54524e-05
-0.000243418
0.000302162
-0.000198991
0.000490401
-0.000136915
0.000589386
-6.7935e-05
0.000564456
-1.8451e-05
0.000449454
0.000361981
-3.01987e-05
-0.000102479
-3.51861e-05
-0.000103985
-4.14844e-05
-0.000106138
-4.95618e-05
-0.000108968
-6.00329e-05
-0.000112395
-7.37252e-05
-0.000116198
-9.17258e-05
-0.000119875
-0.000115517
-0.000122484
-0.000147379
-0.00012255
-0.000189636
-0.000116818
-0.000238783
-9.67626e-05
-0.000276074
-4.35639e-05
-0.000273347
7.27254e-05
-0.000227201
0.000256016
-0.000168976
0.000432176
-0.000107111
0.000527521
-5.45112e-05
0.000511857
-3.21871e-05
0.00042713
0.000329794
-3.08513e-05
-9.81774e-05
-3.61316e-05
-9.87046e-05
-4.27191e-05
-9.95504e-05
-5.10324e-05
-0.000100654
-6.16017e-05
-0.000101825
-7.51072e-05
-0.000102693
-9.23846e-05
-0.000102598
-0.00011446
-0.000100409
-0.000142669
-9.43403e-05
-0.000178154
-8.13329e-05
-0.000219347
-5.55699e-05
-0.000256339
-6.57138e-06
-0.000266381
8.27674e-05
-0.000229659
0.000219294
-0.000164483
0.000367
-9.86237e-05
0.000461661
-5.28823e-05
0.000466116
-3.41972e-05
0.000408445
0.000295596
-3.10332e-05
-9.37354e-05
-3.64482e-05
-9.32896e-05
-4.31245e-05
-9.28742e-05
-5.14213e-05
-9.23578e-05
-6.17771e-05
-9.14695e-05
-7.47111e-05
-8.97586e-05
-9.08261e-05
-8.6483e-05
-0.000110757
-8.04781e-05
-0.00013513
-6.99679e-05
-0.000164162
-5.23011e-05
-0.000196433
-2.32988e-05
-0.000226504
2.35001e-05
-0.000239808
9.60701e-05
-0.000218682
0.000198168
-0.000164247
0.000312566
-0.000100566
0.00039798
-5.33406e-05
0.00041889
-2.75473e-05
0.000382651
0.000268049
-3.07519e-05
-8.92646e-05
-3.61619e-05
-8.78797e-05
-4.27568e-05
-8.62794e-05
-5.08341e-05
-8.42806e-05
-6.07356e-05
-8.15679e-05
-7.28396e-05
-7.76547e-05
-8.75329e-05
-7.17899e-05
-0.000105136
-6.28754e-05
-0.000125793
-4.93103e-05
-0.000149098
-2.89968e-05
-0.000173711
1.31496e-06
-0.000195344
4.51326e-05
-0.000205515
0.000106241
-0.000192479
0.000185132
-0.000151769
0.000271856
-9.64494e-05
0.00034266
-4.94642e-05
0.000371905
-1.95789e-05
0.000352766
0.00024847
-3.00268e-05
-8.48633e-05
-3.53127e-05
-8.25938e-05
-4.16873e-05
-7.9905e-05
-4.93869e-05
-7.65812e-05
-5.86657e-05
-7.22891e-05
-6.97772e-05
-6.65433e-05
-8.29286e-05
-5.86386e-05
-9.82187e-05
-4.75854e-05
-0.000115453
-3.20757e-05
-0.000134042
-1.04084e-05
-0.000152324
1.95979e-05
-0.000167042
5.98508e-05
-0.000172688
0.000111886
-0.000162117
0.000174561
-0.000131371
0.00024111
-8.6633e-05
0.000297921
-4.39565e-05
0.000329229
-1.44149e-05
0.000323224
0.000234055
-2.88859e-05
-8.06155e-05
-3.39504e-05
-7.75295e-05
-3.99957e-05
-7.38599e-05
-4.72017e-05
-6.93755e-05
-5.57493e-05
-6.37417e-05
-6.57833e-05
-5.65094e-05
-7.73879e-05
-4.70341e-05
-9.04887e-05
-3.44846e-05
-0.000104715
-1.78494e-05
-0.000119385
4.2615e-06
-0.000132833
3.30459e-05
-0.000142567
6.95851e-05
-0.000144791
0.00011411
-0.000135111
0.00016488
-0.000111044
0.000217043
-7.58075e-05
0.000262685
-3.94276e-05
0.000292849
-1.20923e-05
0.000295889
0.000221963
-2.73634e-05
-7.6591e-05
-3.21286e-05
-7.27643e-05
-3.77614e-05
-6.82272e-05
-4.43976e-05
-6.27394e-05
-5.21489e-05
-5.59904e-05
-6.10849e-05
-4.75734e-05
-7.11914e-05
-3.69275e-05
-8.22931e-05
-2.3383e-05
-9.39616e-05
-6.18077e-06
-0.000105415
1.57148e-05
-0.000115266
4.28968e-05
-0.00012156
7.58788e-05
-0.000121678
0.000114229
-0.000112878
0.00015608
-9.37004e-05
0.000197865
-6.59725e-05
0.000234957
-3.5754e-05
0.00026263
-1.11169e-05
0.000271252
0.000210846
-2.5497e-05
-7.28467e-05
-2.9901e-05
-6.83602e-05
-3.50639e-05
-6.30642e-05
-4.1078e-05
-5.67254e-05
-4.80057e-05
-4.90626e-05
-5.58688e-05
-3.97102e-05
-6.4566e-05
-2.82301e-05
-7.38739e-05
-1.40752e-05
-8.34098e-05
3.35512e-06
-9.23018e-05
2.4607e-05
-9.94845e-05
5.00799e-05
-0.000103437
7.98308e-05
-0.000102354
0.000113147
-9.45316e-05
0.000148258
-7.91287e-05
0.000182462
-5.71805e-05
0.000213009
-3.2276e-05
0.000237725
-1.04103e-05
0.000249386
0.000200436
-2.33242e-05
-6.9429e-05
-2.73219e-05
-6.43624e-05
-3.19747e-05
-5.84115e-05
-3.73395e-05
-5.13606e-05
-4.34487e-05
-4.29536e-05
-5.02716e-05
-3.28872e-05
-5.76885e-05
-2.08131e-05
-6.54513e-05
-6.31216e-06
-7.31471e-05
1.10514e-05
-8.00612e-05
3.15211e-05
-8.52892e-05
5.53083e-05
-8.7676e-05
8.22178e-05
-8.59738e-05
0.000111445
-7.91268e-05
0.00014141
-6.66737e-05
0.000170009
-4.91901e-05
0.000195525
-2.87307e-05
0.000217266
-9.60495e-06
0.00023026
0.000190831
-2.08827e-05
-6.63741e-05
-2.44407e-05
-6.08044e-05
-2.85571e-05
-5.42954e-05
-3.32634e-05
-4.66543e-05
-3.8568e-05
-3.76494e-05
-4.44108e-05
-2.70441e-05
-5.06561e-05
-1.45677e-05
-5.7103e-05
1.34914e-07
-6.32857e-05
1.72346e-05
-6.86555e-05
3.6891e-05
-7.24651e-05
5.91176e-05
-7.38364e-05
8.35892e-05
-7.1897e-05
0.000109505
-6.59899e-05
0.000135503
-5.58822e-05
0.000159901
-4.18962e-05
0.000181539
-2.51479e-05
0.000200518
-8.65517e-06
0.000213768
0.000182176
-1.82079e-05
-6.37104e-05
-2.13023e-05
-5.77101e-05
-2.48675e-05
-5.07305e-05
-2.89165e-05
-4.26053e-05
-3.34364e-05
-3.31299e-05
-3.83748e-05
-2.21055e-05
-4.35937e-05
-9.34882e-06
-4.88714e-05
5.41285e-06
-5.38329e-05
2.2196e-05
-5.80105e-05
4.1069e-05
-6.08053e-05
6.19122e-05
-6.15511e-05
8.4335e-05
-5.96291e-05
0.000107583
-5.46244e-05
0.000130498
-4.64357e-05
0.000151712
-3.52515e-05
0.000170355
-2.16239e-05
0.00018689
-7.59608e-06
0.00019974
0.000174579
-1.53346e-05
-6.14607e-05
-1.79502e-05
-5.50947e-05
-2.096e-05
-4.77209e-05
-2.43576e-05
-3.92078e-05
-2.81295e-05
-2.93582e-05
-3.22246e-05
-1.80102e-05
-3.64993e-05
-5.07419e-06
-4.07953e-05
9.70918e-06
-4.47678e-05
2.61685e-05
-4.80327e-05
4.43341e-05
-5.01171e-05
6.39968e-05
-5.05159e-05
8.47338e-05
-4.8783e-05
0.00010585
-4.46484e-05
0.000126364
-3.80811e-05
0.000145145
-2.92006e-05
0.000161474
-1.82273e-05
0.000175917
-6.47264e-06
0.000187985
0.000168107
-1.23048e-05
-5.96379e-05
-1.44353e-05
-5.29642e-05
-1.68872e-05
-4.52689e-05
-1.96368e-05
-3.64583e-05
-2.26745e-05
-2.63205e-05
-2.59659e-05
-1.47187e-05
-2.94495e-05
-1.59052e-06
-3.28876e-05
1.31474e-05
-3.60554e-05
2.93366e-05
-3.86287e-05
4.69074e-05
-4.02343e-05
6.56026e-05
-4.04882e-05
8.49878e-05
-3.90624e-05
0.000104424
-3.57723e-05
0.000123074
-3.06186e-05
0.000139991
-2.36833e-05
0.000154539
-1.49985e-05
0.000167232
-5.32666e-06
0.000178313
0.00016278
-9.13123e-06
-5.82453e-05
-1.07807e-05
-5.13149e-05
-1.26979e-05
-4.33515e-05
-1.48221e-05
-3.43343e-05
-1.71317e-05
-2.40109e-05
-1.96498e-05
-1.22006e-05
-2.23707e-05
1.13073e-06
-2.50833e-05
1.58599e-05
-2.75936e-05
3.18472e-05
-2.96421e-05
4.89558e-05
-3.09393e-05
6.68999e-05
-3.1193e-05
8.52415e-05
-3.01571e-05
0.000103388
-2.76954e-05
0.000120612
-2.38168e-05
0.000136113
-1.85792e-05
0.000149302
-1.19179e-05
0.000160571
-4.19262e-06
0.000170588
0.000158588
-5.70744e-06
-5.73266e-05
-6.83077e-06
-5.0192e-05
-8.21209e-06
-4.19702e-05
-9.7894e-06
-3.27572e-05
-1.15004e-05
-2.22996e-05
-1.3374e-05
-1.03274e-05
-1.54677e-05
3.22472e-06
-1.7616e-05
1.80079e-05
-1.964e-05
3.38712e-05
-2.13445e-05
5.06602e-05
-2.25078e-05
6.80631e-05
-2.29015e-05
8.56351e-05
-2.23284e-05
0.000102815
-2.0672e-05
0.000118956
-1.79328e-05
0.000133373
-1.41504e-05
0.000145519
-9.19987e-06
0.00015562
-3.17949e-06
0.000164568
0.000155408
-1.93451e-06
-2.34289e-06
-2.89088e-06
-3.65058e-06
-4.61069e-06
-5.72187e-06
-6.98237e-06
-8.26764e-06
-9.52054e-06
-1.06471e-05
-1.15239e-05
-1.20106e-05
-1.19724e-05
-1.13121e-05
-1.00018e-05
-8.05175e-06
-5.32272e-06
-1.88833e-06
)
;

boundaryField
{
    leftWall
    {
        type            calculated;
        value           uniform 0;
    }
    rightWall
    {
        type            calculated;
        value           uniform 0;
    }
    lowerWall
    {
        type            calculated;
        value           uniform 0;
    }
    atmosphere
    {
        type            calculated;
        value           nonuniform List<scalar> 
46
(
-2.94663e-05
-3.04705e-05
-3.03969e-05
-3.04263e-05
-3.04251e-05
-3.04057e-05
-3.03676e-05
-3.03124e-05
-3.02413e-05
-3.01547e-05
-3.00533e-05
-2.99371e-05
-2.98064e-05
-2.96611e-05
-2.9501e-05
-2.93259e-05
-2.91355e-05
-2.89296e-05
-2.87077e-05
-2.84691e-05
-2.82131e-05
-2.7939e-05
-2.76458e-05
-9.29136e-05
-8.82604e-05
-8.25423e-05
-7.55406e-05
-5.69999e-05
-4.97838e-05
-4.14221e-05
-3.19977e-05
-2.13394e-05
-9.21647e-06
4.48528e-06
1.9293e-05
3.5124e-05
5.17867e-05
6.89399e-05
8.61218e-05
0.000102777
0.000118295
0.000132063
0.000143569
0.000152891
0.000161133
0.00015352
)
;
    }
    defaultFaces
    {
        type            empty;
        value           nonuniform List<scalar> 0();
    }
}


// ************************************************************************* //
