/*--------------------------------*- C++ -*----------------------------------*\
| =========                 |                                                 |
| \\      /  F ield         | OpenFOAM: The Open Source CFD Toolbox           |
|  \\    /   O peration     | Version:  2206                                  |
|   \\  /    A nd           | Website:  www.openfoam.com                      |
|    \\/     M anipulation  |                                                 |
\*---------------------------------------------------------------------------*/
FoamFile
{
    version     2.0;
    format      ascii;
    arch        "LSB;label=32;scalar=64";
    class       surfaceScalarField;
    location    "0.375";
    object      phi;
}
// * * * * * * * * * * * * * * * * * * * * * * * * * * * * * * * * * * * * * //

dimensions      [0 3 -1 0 0 0 0];

oriented        oriented;

internalField   nonuniform List<scalar> 
4432
(
1.08489e-07
-1.08489e-07
1.3013e-06
-1.19281e-06
2.91327e-06
-1.61197e-06
4.5141e-06
-1.60083e-06
5.92123e-06
-1.40713e-06
7.10541e-06
-1.18418e-06
8.10212e-06
-9.96708e-07
8.9554e-06
-8.53286e-07
9.693e-06
-7.37591e-07
1.03212e-05
-6.28223e-07
1.08283e-05
-5.07058e-07
1.11837e-05
-3.55427e-07
1.13418e-05
-1.58115e-07
1.12332e-05
1.08596e-07
1.07337e-05
4.99546e-07
9.7609e-06
9.72785e-07
8.26505e-06
1.49585e-06
6.26839e-06
1.99666e-06
3.9503e-06
2.31809e-06
1.6514e-06
2.2989e-06
-8.79048e-08
1.7393e-06
-6.81239e-07
5.93335e-07
-6.81237e-07
8.55555e-08
-1.94043e-07
1.27849e-06
-2.38574e-06
2.91548e-06
-3.24896e-06
4.55931e-06
-3.24467e-06
6.01227e-06
-2.86008e-06
7.23497e-06
-2.40688e-06
8.26102e-06
-2.02276e-06
9.13782e-06
-1.73009e-06
9.8981e-06
-1.49787e-06
1.05535e-05
-1.28362e-06
1.10987e-05
-1.05229e-06
1.15245e-05
-7.81191e-07
1.18237e-05
-4.57326e-07
1.19825e-05
-5.01657e-08
1.20452e-05
4.36851e-07
1.19597e-05
1.05828e-06
1.16077e-05
1.84782e-06
1.08114e-05
2.79296e-06
9.38721e-06
3.74228e-06
7.28638e-06
4.39972e-06
4.70876e-06
4.31693e-06
2.11256e-06
3.18954e-06
1.43132e-06
3.67992e-08
-2.30841e-07
1.20913e-06
-3.55807e-06
2.87052e-06
-4.91035e-06
4.57054e-06
-4.9447e-06
6.08487e-06
-4.37441e-06
7.35628e-06
-3.67828e-06
8.41458e-06
-3.08107e-06
9.3128e-06
-2.6283e-06
1.00924e-05
-2.27743e-06
1.07726e-05
-1.96385e-06
1.13534e-05
-1.63305e-06
1.18204e-05
-1.24819e-06
1.21474e-05
-7.8436e-07
1.23194e-05
-2.22143e-07
1.23151e-05
4.41098e-07
1.21487e-05
1.22473e-06
1.18475e-05
2.14903e-06
1.1402e-05
3.23849e-06
1.06675e-05
4.47673e-06
9.34083e-06
5.7264e-06
7.06506e-06
6.59271e-06
3.77876e-06
6.47584e-06
5.21008e-06
-2.63623e-08
-2.04478e-07
1.11313e-06
-4.69756e-06
2.80935e-06
-6.60657e-06
4.58731e-06
-6.72266e-06
6.18715e-06
-5.97426e-06
7.52857e-06
-5.0197e-06
8.63572e-06
-4.18821e-06
9.56809e-06
-3.56067e-06
1.0378e-05
-3.08731e-06
1.10943e-05
-2.68017e-06
1.17229e-05
-2.26162e-06
1.22526e-05
-1.77791e-06
1.26633e-05
-1.1951e-06
1.29312e-05
-4.90026e-07
1.30178e-05
3.54508e-07
1.28944e-05
1.34811e-06
1.25367e-05
2.5067e-06
1.19455e-05
3.82976e-06
1.11029e-05
5.31932e-06
9.85471e-06
6.97457e-06
7.78445e-06
8.66298e-06
4.42907e-06
9.83122e-06
9.63915e-06
-1.24611e-07
-7.98672e-08
9.90617e-07
-5.81278e-06
2.73454e-06
-8.3505e-06
4.60495e-06
-8.59306e-06
6.30428e-06
-7.67359e-06
7.72912e-06
-6.44454e-06
8.89822e-06
-5.35731e-06
9.87763e-06
-4.54009e-06
1.07308e-05
-3.94052e-06
1.14973e-05
-3.44662e-06
1.21902e-05
-2.95452e-06
1.28028e-05
-2.39053e-06
1.33159e-05
-1.70816e-06
1.37027e-05
-8.76856e-07
1.3925e-05
1.32237e-07
1.39452e-05
1.32784e-06
1.3703e-05
2.74895e-06
1.31269e-05
4.40591e-06
1.2145e-05
6.30119e-06
1.06767e-05
8.44289e-06
8.48291e-06
1.08567e-05
5.00786e-06
1.33063e-05
1.4647e-05
-2.30573e-07
1.50705e-07
8.57039e-07
-6.9004e-06
2.65861e-06
-1.01521e-05
4.62548e-06
-1.05599e-05
6.4248e-06
-9.47292e-06
7.93574e-06
-7.95547e-06
9.17444e-06
-6.59601e-06
1.02132e-05
-5.57882e-06
1.11249e-05
-4.85227e-06
1.19583e-05
-4.28005e-06
1.27339e-05
-3.73003e-06
1.34493e-05
-3.10602e-06
1.40875e-05
-2.3463e-06
1.46212e-05
-1.41061e-06
1.50203e-05
-2.66834e-07
1.5234e-05
1.11417e-06
1.52024e-05
2.78052e-06
1.4825e-05
4.78337e-06
1.39498e-05
7.17637e-06
1.23867e-05
1.0006e-05
9.88266e-06
1.33608e-05
5.87745e-06
1.73115e-05
2.05245e-05
-3.30622e-07
4.81327e-07
7.40398e-07
-7.97142e-06
2.60417e-06
-1.20158e-05
4.65443e-06
-1.26102e-05
6.53569e-06
-1.13542e-05
8.1217e-06
-9.54147e-06
9.43086e-06
-7.90517e-06
1.05403e-05
-6.68827e-06
1.15285e-05
-5.84047e-06
1.24496e-05
-5.20118e-06
1.33294e-05
-4.60984e-06
1.41708e-05
-3.94741e-06
1.49614e-05
-3.13684e-06
1.56791e-05
-2.12832e-06
1.62934e-05
-8.81132e-07
1.67628e-05
6.44709e-07
1.70299e-05
2.51347e-06
1.70004e-05
4.81282e-06
1.65064e-05
7.67042e-06
1.53104e-05
1.12019e-05
1.2983e-05
1.56882e-05
9.08037e-06
2.12141e-05
2.96048e-05
-4.06678e-07
8.88005e-07
6.76516e-07
-9.05461e-06
2.59638e-06
-1.39357e-05
4.70171e-06
-1.47155e-05
6.63218e-06
-1.32847e-05
8.27001e-06
-1.11793e-05
9.6423e-06
-9.27747e-06
1.08303e-05
-7.87632e-06
1.1913e-05
-6.92317e-06
1.29445e-05
-6.23264e-06
1.39521e-05
-5.61741e-06
1.49426e-05
-4.93793e-06
1.59099e-05
-4.10413e-06
1.68399e-05
-3.05839e-06
1.77127e-05
-1.75387e-06
1.85012e-05
-1.43864e-07
1.9163e-05
1.8517e-06
1.96234e-05
4.35242e-06
1.97064e-05
7.58742e-06
1.90956e-05
1.18127e-05
1.68899e-05
1.78939e-05
1.19735e-05
2.61305e-05
4.15783e-05
-5.64333e-05
5.64333e-05
-0.000114942
5.85088e-05
-0.000127229
1.22874e-05
-0.000121325
-5.90479e-06
-0.000110219
-1.11052e-05
-8.83646e-05
-2.18549e-05
-5.56407e-05
-3.27239e-05
2.55553e-06
-5.81962e-05
5.78675e-05
-5.5312e-05
9.09016e-05
-3.30342e-05
0.000105851
-1.49497e-05
0.00010627
-4.18692e-07
8.84362e-05
1.78339e-05
5.04719e-05
3.79643e-05
1.87216e-06
4.85997e-05
-3.6252e-05
3.81241e-05
-6.032e-05
2.40681e-05
-6.70051e-05
6.68508e-06
-6.70051e-05
-8.68115e-05
0.000143245
-0.000176983
0.000148681
-0.000194947
3.02509e-05
-0.000158431
-4.24202e-05
-0.000100606
-6.89299e-05
-4.89222e-05
-7.35392e-05
1.55438e-05
-9.71899e-05
7.96154e-05
-0.000122268
0.000114474
-9.0171e-05
0.000133321
-5.18809e-05
0.000142455
-2.40837e-05
0.000145018
-2.98154e-06
0.000140939
2.19126e-05
0.000121544
5.73596e-05
7.69054e-05
9.32383e-05
1.04198e-05
0.00010461
-3.43693e-05
6.88571e-05
-4.02211e-05
1.25369e-05
-0.000107226
-8.29246e-06
0.000151537
-8.35207e-05
0.000223909
-6.73772e-05
1.41075e-05
-5.62267e-06
-0.000104175
2.82681e-05
-0.00010282
6.7309e-05
-0.00011258
0.000102111
-0.000131992
0.000117332
-0.00013749
0.000131644
-0.000104483
0.000143008
-6.32448e-05
0.000149898
-3.09732e-05
0.000152205
-5.28919e-06
0.00015066
2.34573e-05
0.000143897
6.41227e-05
0.000122068
0.000115068
7.17309e-05
0.000154947
3.0225e-06
0.000137566
-2.69144e-05
4.24738e-05
-0.000134141
1.96503e-05
0.000131887
6.65228e-05
0.000177037
9.06028e-05
-9.97242e-06
9.04934e-05
-0.000104065
0.000101918
-0.000114245
0.000115426
-0.000126088
0.000123819
-0.000140385
0.00012834
-0.000142011
0.000137483
-0.000113626
0.000146912
-7.26733e-05
0.000153261
-3.73221e-05
0.000156054
-8.08266e-06
0.000154961
2.45506e-05
0.000150383
6.87007e-05
0.00014072
0.00012473
0.000113547
0.00018212
6.23828e-05
0.00018873
1.12906e-05
9.35661e-05
-0.00012285
1.32906e-05
0.000118596
0.000107502
8.28253e-05
0.000127675
-3.01455e-05
0.000118452
-9.4842e-05
0.00011819
-0.000113983
0.000123646
-0.000131543
0.000128853
-0.000145592
0.000133769
-0.000146927
0.000141529
-0.000121386
0.000148952
-8.00956e-05
0.000154021
-4.23921e-05
0.000157036
-1.10976e-05
0.000157478
2.41085e-05
0.000153986
7.21931e-05
0.000147772
0.000130945
0.00013406
0.000195831
9.63766e-05
0.000226413
4.21123e-05
0.00014783
-8.07377e-05
3.01159e-05
8.84806e-05
0.000100687
1.22538e-05
0.000116263
-4.57213e-05
0.000114962
-9.35412e-05
0.000119834
-0.000118854
0.000126597
-0.000138306
0.000132028
-0.000151023
0.000136615
-0.000151514
0.000141617
-0.000126388
0.00014508
-8.35583e-05
0.000147208
-4.45203e-05
0.000149501
-1.33909e-05
0.000152144
2.14652e-05
0.000152625
7.17128e-05
0.000149767
0.000133802
0.000142585
0.000203013
0.000116027
0.000252972
6.42746e-05
0.000199582
-1.64631e-05
3.43858e-05
5.40947e-05
7.83779e-05
-3.17382e-05
0.00010496
-7.23038e-05
0.000115135
-0.000103716
0.000122745
-0.000126464
0.000128499
-0.00014406
0.000132356
-0.000154881
0.000135015
-0.000154172
0.000135543
-0.000126916
0.000132961
-8.09769e-05
0.000128987
-4.05459e-05
0.000127845
-1.22495e-05
0.000132063
1.72474e-05
0.000137828
6.59481e-05
0.00014257
0.00012906
0.000142311
0.000203272
0.000124107
0.000271176
7.47094e-05
0.00024898
5.82463e-05
7.25544e-05
-1.84597e-05
9.60821e-05
-5.52658e-05
0.000110161
-8.63823e-05
0.00011827
-0.000111826
0.000123624
-0.000131818
0.000127511
-0.000147947
0.000129502
-0.000156871
0.000129237
-0.000153907
0.000123474
-0.000121153
0.000114162
-7.16649e-05
0.000101184
-2.75678e-05
9.55467e-05
-6.61229e-06
0.000101857
1.09375e-05
0.000113601
5.42039e-05
0.000126421
0.00011624
0.00013458
0.000195113
0.000124031
0.000281725
8.00289e-05
0.000292982
0.000138275
-9.12931e-07
1.80094e-06
1.42691e-06
-1.13944e-05
5.65627e-06
-1.81651e-05
1.02746e-05
-1.93338e-05
1.44473e-05
-1.74573e-05
1.80018e-05
-1.47338e-05
2.10763e-05
-1.23521e-05
2.38673e-05
-1.06672e-05
2.65277e-05
-9.58361e-06
2.91506e-05
-8.85556e-06
3.17821e-05
-8.24888e-06
3.44405e-05
-7.59638e-06
3.71333e-05
-6.79686e-06
3.98682e-05
-5.79328e-06
4.26638e-05
-4.54948e-06
4.55521e-05
-3.03221e-06
4.86173e-05
-1.21353e-06
5.20114e-05
9.5837e-07
5.59783e-05
3.62053e-06
6.11232e-05
6.66778e-06
6.85995e-05
1.04176e-05
8.14683e-05
1.32617e-05
2.13412e-05
0.000101705
-7.847e-07
2.58564e-06
1.47354e-06
-1.36527e-05
5.87402e-06
-2.25656e-05
1.06927e-05
-2.41525e-05
1.49118e-05
-2.16765e-05
1.84885e-05
-1.83105e-05
2.17275e-05
-1.55911e-05
2.48765e-05
-1.38163e-05
2.80542e-05
-1.27613e-05
3.12985e-05
-1.20998e-05
3.46177e-05
-1.15681e-05
3.80203e-05
-1.0999e-05
4.15287e-05
-1.03053e-05
4.51874e-05
-9.45195e-06
4.90689e-05
-8.431e-06
5.32837e-05
-7.24694e-06
5.79801e-05
-5.90993e-06
6.33761e-05
-4.43771e-06
6.98237e-05
-2.827e-06
7.76371e-05
-1.14569e-06
8.72588e-05
7.95872e-07
9.8643e-05
1.87761e-06
5.75553e-06
0.000114229
-2.02527e-07
2.78816e-06
1.94087e-06
-1.57961e-05
6.4409e-06
-2.70656e-05
1.1387e-05
-2.90986e-05
1.55672e-05
-2.58567e-05
1.91129e-05
-2.18562e-05
2.25192e-05
-1.89974e-05
2.60552e-05
-1.73523e-05
2.97618e-05
-1.64679e-05
3.35926e-05
-1.59306e-05
3.75047e-05
-1.54802e-05
4.14855e-05
-1.49798e-05
4.55556e-05
-1.43754e-05
4.97619e-05
-1.36582e-05
5.41718e-05
-1.28408e-05
5.88671e-05
-1.19423e-05
6.39452e-05
-1.0988e-05
6.95151e-05
-1.00076e-05
7.57231e-05
-9.03493e-06
8.27209e-05
-8.14354e-06
9.08743e-05
-7.35749e-06
9.97884e-05
-7.03653e-06
-6.60208e-06
0.000112146
2.8213e-06
-3.31355e-08
6.46166e-06
-1.94365e-05
1.05547e-05
-3.11587e-05
1.39999e-05
-3.25438e-05
1.7066e-05
-2.89227e-05
2.02411e-05
-2.50314e-05
2.38179e-05
-2.25741e-05
2.77917e-05
-2.13262e-05
3.20093e-05
-2.06854e-05
3.63263e-05
-2.02476e-05
4.06662e-05
-1.98202e-05
4.50172e-05
-1.93307e-05
4.94071e-05
-1.87653e-05
5.38843e-05
-1.81354e-05
5.85076e-05
-1.74642e-05
6.3338e-05
-1.67727e-05
6.84433e-05
-1.60934e-05
7.38907e-05
-1.5455e-05
7.97573e-05
-1.49015e-05
8.61022e-05
-1.44885e-05
9.29973e-05
-1.42526e-05
0.000100288
-1.4327e-05
-1.45231e-05
0.000108209
1.00745e-05
-1.01076e-05
2.20701e-05
-3.14321e-05
2.33292e-05
-3.24178e-05
1.97731e-05
-2.89877e-05
1.89701e-05
-2.81197e-05
2.10326e-05
-2.70938e-05
2.46568e-05
-2.61983e-05
2.89657e-05
-2.5635e-05
3.34881e-05
-2.52079e-05
3.80055e-05
-2.4765e-05
4.24446e-05
-2.42593e-05
4.68407e-05
-2.37268e-05
5.12728e-05
-2.31974e-05
5.57921e-05
-2.26547e-05
6.04e-05
-2.2072e-05
6.51578e-05
-2.15305e-05
7.0075e-05
-2.10106e-05
7.51734e-05
-2.05534e-05
8.04843e-05
-2.02125e-05
8.60471e-05
-2.00513e-05
9.18864e-05
-2.00919e-05
9.80285e-05
-2.04691e-05
-2.12636e-05
0.000104769
2.35727e-05
-3.36804e-05
4.65579e-05
-5.44172e-05
3.6581e-05
-2.24409e-05
2.19785e-05
-1.43852e-05
1.77393e-05
-2.38805e-05
1.89344e-05
-2.82889e-05
2.22878e-05
-2.95517e-05
2.6372e-05
-2.97192e-05
3.05796e-05
-2.94155e-05
3.47115e-05
-2.88969e-05
3.87555e-05
-2.83033e-05
4.281e-05
-2.77813e-05
4.70508e-05
-2.74382e-05
5.1532e-05
-2.71359e-05
5.61474e-05
-2.66875e-05
6.10294e-05
-2.64124e-05
6.60786e-05
-2.60598e-05
7.13465e-05
-2.58213e-05
7.68436e-05
-2.57096e-05
8.26913e-05
-2.5899e-05
8.8896e-05
-2.62966e-05
9.57324e-05
-2.73055e-05
-2.97693e-05
0.000104238
2.99451e-05
-6.36254e-05
2.55511e-05
-5.00233e-05
1.79125e-05
-1.48023e-05
1.34488e-05
-9.9215e-06
1.24502e-05
-2.28818e-05
1.42594e-05
-3.00982e-05
1.64147e-05
-3.17072e-05
1.87954e-05
-3.21e-05
2.1508e-05
-3.2128e-05
2.4659e-05
-3.20478e-05
2.82579e-05
-3.19021e-05
3.21632e-05
-3.16864e-05
3.66518e-05
-3.19265e-05
4.17704e-05
-3.22542e-05
4.71016e-05
-3.20184e-05
5.29987e-05
-3.23093e-05
5.9421e-05
-3.24817e-05
6.63812e-05
-3.2781e-05
7.39709e-05
-3.3299e-05
8.2085e-05
-3.40127e-05
9.06817e-05
-3.48929e-05
9.95223e-05
-3.61458e-05
-3.69999e-05
0.000106753
-1.42982e-05
-4.93272e-05
-2.66139e-05
-3.77073e-05
-2.53358e-05
-1.608e-05
-4.26859e-06
-3.09885e-05
7.52203e-06
-3.46723e-05
1.29141e-05
-3.54901e-05
1.65094e-05
-3.53025e-05
1.96143e-05
-3.52049e-05
2.28108e-05
-3.53245e-05
2.63633e-05
-3.56002e-05
3.02775e-05
-3.58163e-05
3.47484e-05
-3.61574e-05
3.93992e-05
-3.65776e-05
4.429e-05
-3.71453e-05
4.98948e-05
-3.76236e-05
5.5749e-05
-3.8164e-05
6.22484e-05
-3.89817e-05
6.93089e-05
-3.98421e-05
7.68811e-05
-4.08718e-05
8.4637e-05
-4.17691e-05
9.22791e-05
-4.25355e-05
9.92416e-05
-4.31086e-05
-4.17957e-05
0.000104037
-1.7881e-05
-3.14461e-05
-1.93103e-05
-3.62779e-05
5.84031e-07
-3.59744e-05
7.89976e-06
-3.83043e-05
1.12167e-05
-3.79893e-05
1.35841e-05
-3.78577e-05
1.61913e-05
-3.79096e-05
1.91364e-05
-3.815e-05
2.23482e-05
-3.85362e-05
2.57551e-05
-3.90069e-05
2.95106e-05
-3.95716e-05
3.35472e-05
-4.01937e-05
3.78977e-05
-4.09278e-05
4.2516e-05
-4.17633e-05
4.77161e-05
-4.28234e-05
5.36881e-05
-4.41355e-05
6.04253e-05
-4.57185e-05
6.78784e-05
-4.72948e-05
7.54742e-05
-4.84672e-05
8.24186e-05
-4.87131e-05
8.80469e-05
-4.81637e-05
9.04267e-05
-4.54883e-05
-4.05355e-05
8.91663e-05
-2.29806e-06
-2.91478e-05
1.98554e-06
-4.05612e-05
6.47905e-06
-4.04677e-05
7.97461e-06
-3.97996e-05
9.59725e-06
-3.96118e-05
1.15734e-05
-3.98337e-05
1.38845e-05
-4.02206e-05
1.64312e-05
-4.06966e-05
1.91691e-05
-4.12741e-05
2.21242e-05
-4.1962e-05
2.53201e-05
-4.27675e-05
2.88177e-05
-4.36913e-05
3.26984e-05
-4.48086e-05
3.71912e-05
-4.62564e-05
4.25596e-05
-4.8192e-05
4.89994e-05
-5.05756e-05
5.62919e-05
-5.30112e-05
6.37969e-05
-5.47999e-05
7.05504e-05
-5.52208e-05
7.55321e-05
-5.36948e-05
7.80697e-05
-5.07013e-05
7.58921e-05
-4.33108e-05
-3.73273e-05
7.26839e-05
1.69629e-06
-3.08441e-05
2.79709e-06
-4.1662e-05
3.77689e-06
-4.14476e-05
5.1504e-06
-4.11733e-05
6.90891e-06
-4.13705e-05
8.78174e-06
-4.17067e-05
1.07155e-05
-4.21546e-05
1.27521e-05
-4.27333e-05
1.49362e-05
-4.34583e-05
1.73132e-05
-4.43391e-05
1.99245e-05
-4.5379e-05
2.28697e-05
-4.66365e-05
2.63401e-05
-4.8279e-05
3.06412e-05
-5.05574e-05
3.60032e-05
-5.3554e-05
4.22806e-05
-5.68529e-05
4.88309e-05
-5.95614e-05
5.47324e-05
-6.07013e-05
5.91936e-05
-5.9682e-05
6.17663e-05
-5.62674e-05
6.24696e-05
-5.14046e-05
6.07896e-05
-4.16308e-05
-3.98987e-05
6.3361e-05
1.60387e-06
-3.24478e-05
2.11002e-06
-4.21678e-05
2.8583e-06
-4.21955e-05
3.97004e-06
-4.22847e-05
5.14427e-06
-4.25445e-05
6.37213e-06
-4.29344e-05
7.67363e-06
-4.34559e-05
9.07236e-06
-4.4132e-05
1.05865e-05
-4.49723e-05
1.2232e-05
-4.59846e-05
1.40581e-05
-4.72051e-05
1.61857e-05
-4.87642e-05
1.88372e-05
-5.09306e-05
2.2238e-05
-5.39584e-05
2.63524e-05
-5.76684e-05
3.07085e-05
-6.12091e-05
3.45993e-05
-6.34523e-05
3.75166e-05
-6.36188e-05
3.94467e-05
-6.16121e-05
4.08506e-05
-5.76713e-05
4.25416e-05
-5.30956e-05
4.64968e-05
-4.55859e-05
-4.7478e-05
5.40761e-05
1.44057e-06
-3.38884e-05
1.76595e-06
-4.24934e-05
2.19591e-06
-4.26257e-05
2.73726e-06
-4.28263e-05
3.32799e-06
-4.31354e-05
3.95705e-06
-4.35637e-05
4.6244e-06
-4.41234e-05
5.3181e-06
-4.48258e-05
6.02724e-06
-4.56816e-05
6.75029e-06
-4.67079e-05
7.51747e-06
-4.79724e-05
8.41857e-06
-4.96654e-05
9.57892e-06
-5.2091e-05
1.10269e-05
-5.54063e-05
1.25166e-05
-5.91581e-05
1.36363e-05
-6.23288e-05
1.41649e-05
-6.3981e-05
1.43371e-05
-6.37909e-05
1.47569e-05
-6.20319e-05
1.62779e-05
-5.91923e-05
1.93799e-05
-5.61975e-05
2.5992e-05
-5.2198e-05
-5.21493e-05
3.06633e-05
1.03861e-06
-3.49268e-05
1.10078e-06
-4.25552e-05
1.20415e-06
-4.27288e-05
1.31298e-06
-4.29349e-05
1.41974e-06
-4.3242e-05
1.506e-06
-4.36498e-05
1.55036e-06
-4.41677e-05
1.52736e-06
-4.48028e-05
1.40681e-06
-4.55611e-05
1.16576e-06
-4.64669e-05
8.00222e-07
-4.7607e-05
3.05834e-07
-4.91711e-05
-3.82251e-07
-5.1403e-05
-1.4486e-06
-5.43401e-05
-3.0726e-06
-5.75342e-05
-5.24879e-06
-6.01527e-05
-7.65513e-06
-6.15748e-05
-9.71488e-06
-6.17313e-05
-1.08381e-05
-6.09087e-05
-1.05596e-05
-5.94708e-05
-9.3613e-06
-5.73957e-05
-7.50434e-06
-5.40549e-05
-5.05379e-05
-9.11573e-06
5.70711e-07
-3.54976e-05
3.55695e-07
-4.23403e-05
1.31701e-07
-4.25049e-05
-1.20461e-07
-4.26828e-05
-4.25851e-07
-4.29367e-05
-8.06928e-07
-4.32687e-05
-1.29037e-06
-4.36843e-05
-1.91192e-06
-4.41813e-05
-2.71362e-06
-4.47594e-05
-3.73737e-06
-4.54432e-05
-5.03855e-06
-4.63058e-05
-6.73437e-06
-4.74752e-05
-9.03031e-06
-4.9107e-05
-1.21297e-05
-5.12406e-05
-1.60728e-05
-5.3591e-05
-2.06105e-05
-5.56151e-05
-2.52841e-05
-5.69013e-05
-2.96273e-05
-5.73883e-05
-3.32925e-05
-5.72436e-05
-3.64062e-05
-5.63571e-05
-3.96887e-05
-5.41132e-05
-4.27699e-05
-5.09736e-05
-4.73795e-05
-4.59282e-05
1.27496e-07
-3.56249e-05
-3.23205e-07
-4.18894e-05
-8.24534e-07
-4.20034e-05
-1.37782e-06
-4.21293e-05
-2.00384e-06
-4.23105e-05
-2.72538e-06
-4.2547e-05
-3.57168e-06
-4.2838e-05
-4.57852e-06
-4.31745e-05
-5.78816e-06
-4.35499e-05
-7.25012e-06
-4.39813e-05
-9.04186e-06
-4.45142e-05
-1.13142e-05
-4.5203e-05
-1.43037e-05
-4.61175e-05
-1.82257e-05
-4.73187e-05
-2.30944e-05
-4.87225e-05
-2.86608e-05
-5.00487e-05
-3.45455e-05
-5.10168e-05
-4.04026e-05
-5.15313e-05
-4.60032e-05
-5.1643e-05
-5.12038e-05
-5.11565e-05
-5.57745e-05
-4.95425e-05
-5.95192e-05
-4.72288e-05
-4.45414e-05
-6.23572e-05
-2.26647e-07
-3.53983e-05
-8.8153e-07
-4.12345e-05
-1.59944e-06
-4.12854e-05
-2.36825e-06
-4.13604e-05
-3.2061e-06
-4.14725e-05
-4.13317e-06
-4.16198e-05
-5.17382e-06
-4.17972e-05
-6.35552e-06
-4.19926e-05
-7.71066e-06
-4.21946e-05
-9.27976e-06
-4.24121e-05
-1.11202e-05
-4.26736e-05
-1.33303e-05
-4.29927e-05
-1.60797e-05
-4.33679e-05
-1.95704e-05
-4.38279e-05
-2.38924e-05
-4.44006e-05
-2.89175e-05
-4.50238e-05
-3.43688e-05
-4.55656e-05
-3.99548e-05
-4.59455e-05
-4.54284e-05
-4.61694e-05
-5.04457e-05
-4.61392e-05
-5.45072e-05
-4.5481e-05
-5.75637e-05
-4.41722e-05
-4.2433e-05
-5.96721e-05
-4.87834e-07
-3.49104e-05
-1.30822e-06
-4.0414e-05
-2.17222e-06
-4.04214e-05
-3.07597e-06
-4.04567e-05
-4.03449e-06
-4.0514e-05
-5.06308e-06
-4.05913e-05
-6.17769e-06
-4.06825e-05
-7.39408e-06
-4.07762e-05
-8.73021e-06
-4.08585e-05
-1.02105e-05
-4.09318e-05
-1.18623e-05
-4.10218e-05
-1.37148e-05
-4.11402e-05
-1.58282e-05
-4.12544e-05
-1.83239e-05
-4.13322e-05
-2.13256e-05
-4.13989e-05
-2.48437e-05
-4.15058e-05
-2.87486e-05
-4.16608e-05
-3.28618e-05
-4.18324e-05
-3.70402e-05
-4.19909e-05
-4.11156e-05
-4.20638e-05
-4.4616e-05
-4.19806e-05
-4.72743e-05
-4.15139e-05
-4.06407e-05
-4.90666e-05
-6.67147e-07
-3.42432e-05
-1.59981e-06
-3.94814e-05
-2.55403e-06
-3.94671e-05
-3.53416e-06
-3.94764e-05
-4.55138e-06
-3.94966e-05
-5.61632e-06
-3.95261e-05
-6.73831e-06
-3.95603e-05
-7.92425e-06
-3.95901e-05
-9.18041e-06
-3.96022e-05
-1.05189e-05
-3.95932e-05
-1.1955e-05
-3.95855e-05
-1.34886e-05
-3.96064e-05
-1.51039e-05
-3.9639e-05
-1.68139e-05
-3.96222e-05
-1.86897e-05
-3.95232e-05
-2.08119e-05
-3.93838e-05
-2.31959e-05
-3.9277e-05
-2.57871e-05
-3.92413e-05
-2.8511e-05
-3.92671e-05
-3.12593e-05
-3.93155e-05
-3.39184e-05
-3.93216e-05
-3.62167e-05
-3.92156e-05
-3.88655e-05
-3.7992e-05
-7.81949e-07
-3.34613e-05
-1.77758e-06
-3.8486e-05
-2.77738e-06
-3.84675e-05
-3.79121e-06
-3.84627e-05
-4.82651e-06
-3.84613e-05
-5.89026e-06
-3.84623e-05
-6.98794e-06
-3.84626e-05
-8.12204e-06
-3.8456e-05
-9.29231e-06
-3.84319e-05
-1.05027e-05
-3.83827e-05
-1.17671e-05
-3.8321e-05
-1.30935e-05
-3.82798e-05
-1.44584e-05
-3.8274e-05
-1.58169e-05
-3.82637e-05
-1.71568e-05
-3.81834e-05
-1.85271e-05
-3.80136e-05
-1.99976e-05
-3.78067e-05
-2.16027e-05
-3.76364e-05
-2.33308e-05
-3.75391e-05
-2.51418e-05
-3.75046e-05
-2.69636e-05
-3.74999e-05
-2.87157e-05
-3.74636e-05
-3.72833e-05
-3.02979e-05
-8.45353e-07
-3.2616e-05
-1.86386e-06
-3.74676e-05
-2.8755e-06
-3.74558e-05
-3.89259e-06
-3.74455e-05
-4.91998e-06
-3.74337e-05
-5.96195e-06
-3.74202e-05
-7.02182e-06
-3.74026e-05
-8.10062e-06
-3.73771e-05
-9.19591e-06
-3.73365e-05
-1.03058e-05
-3.72727e-05
-1.14392e-05
-3.71876e-05
-1.26146e-05
-3.71043e-05
-1.38348e-05
-3.70537e-05
-1.50639e-05
-3.70347e-05
-1.62489e-05
-3.69984e-05
-1.73725e-05
-3.68901e-05
-1.8473e-05
-3.67064e-05
-1.96091e-05
-3.65005e-05
-2.08146e-05
-3.63337e-05
-2.20887e-05
-3.62306e-05
-2.34158e-05
-3.6173e-05
-2.477e-05
-3.61095e-05
-3.59562e-05
-2.60972e-05
-8.68835e-07
-3.17473e-05
-1.88008e-06
-3.64566e-05
-2.87916e-06
-3.64569e-05
-3.87882e-06
-3.64458e-05
-4.88213e-06
-3.64304e-05
-5.89163e-06
-3.64106e-05
-6.90942e-06
-3.63847e-05
-7.93628e-06
-3.63501e-05
-8.97017e-06
-3.63024e-05
-1.0007e-05
-3.62358e-05
-1.1048e-05
-3.61464e-05
-1.21082e-05
-3.60439e-05
-1.32075e-05
-3.59544e-05
-1.43429e-05
-3.58994e-05
-1.54762e-05
-3.58652e-05
-1.6562e-05
-3.58045e-05
-1.75894e-05
-3.56791e-05
-1.85905e-05
-3.54995e-05
-1.96096e-05
-3.53148e-05
-2.06728e-05
-3.51677e-05
-2.17847e-05
-3.50612e-05
-2.29362e-05
-3.49581e-05
-3.47957e-05
-2.40968e-05
-8.62565e-07
-3.08848e-05
-1.84634e-06
-3.54729e-05
-2.81597e-06
-3.54873e-05
-3.78437e-06
-3.54775e-05
-4.7534e-06
-3.54613e-05
-5.72467e-06
-3.54392e-05
-6.69956e-06
-3.54097e-05
-7.6788e-06
-3.53708e-05
-8.66142e-06
-3.53197e-05
-9.64415e-06
-3.5253e-05
-1.06243e-05
-3.51661e-05
-1.16078e-05
-3.50603e-05
-1.26123e-05
-3.49499e-05
-1.36533e-05
-3.48584e-05
-1.47222e-05
-3.47963e-05
-1.5786e-05
-3.47409e-05
-1.68148e-05
-3.46504e-05
-1.78089e-05
-3.45056e-05
-1.87935e-05
-3.43304e-05
-1.97947e-05
-3.41666e-05
-2.08246e-05
-3.40315e-05
-2.18793e-05
-3.39034e-05
-3.37361e-05
-2.29389e-05
-8.34666e-07
-3.00503e-05
-1.77896e-06
-3.45287e-05
-2.70865e-06
-3.45575e-05
-3.63727e-06
-3.45487e-05
-4.56585e-06
-3.45326e-05
-5.49562e-06
-3.45093e-05
-6.42752e-06
-3.44777e-05
-7.36205e-06
-3.44361e-05
-8.2989e-06
-3.43828e-05
-9.23621e-06
-3.43156e-05
-1.01709e-05
-3.42313e-05
-1.11032e-05
-3.4128e-05
-1.20423e-05
-3.40108e-05
-1.30041e-05
-3.38966e-05
-1.3996e-05
-3.38044e-05
-1.50041e-05
-3.37329e-05
-1.60025e-05
-3.36521e-05
-1.69783e-05
-3.35301e-05
-1.79414e-05
-3.33674e-05
-1.89114e-05
-3.31968e-05
-1.98982e-05
-3.30447e-05
-2.08979e-05
-3.29038e-05
-3.27387e-05
-2.18952e-05
-7.92948e-07
-2.92574e-05
-1.69131e-06
-3.36304e-05
-2.57571e-06
-3.36731e-05
-3.46027e-06
-3.36641e-05
-4.34543e-06
-3.36474e-05
-5.23228e-06
-3.36224e-05
-6.12146e-06
-3.35885e-05
-7.01323e-06
-3.35443e-05
-7.90744e-06
-3.34886e-05
-8.80308e-06
-3.34199e-05
-9.69785e-06
-3.33365e-05
-1.05898e-05
-3.3236e-05
-1.14821e-05
-3.31185e-05
-1.23861e-05
-3.29927e-05
-1.33138e-05
-3.28768e-05
-1.42634e-05
-3.27833e-05
-1.52165e-05
-3.26992e-05
-1.61551e-05
-3.25917e-05
-1.70807e-05
-3.24421e-05
-1.80099e-05
-3.22678e-05
-1.8955e-05
-3.20997e-05
-1.99134e-05
-3.19453e-05
-3.17794e-05
-2.08726e-05
-7.45787e-07
-2.85116e-05
-1.59547e-06
-3.27806e-05
-2.43272e-06
-3.28358e-05
-3.27168e-06
-3.28251e-05
-4.11257e-06
-3.28064e-05
-4.95617e-06
-3.27788e-05
-5.80296e-06
-3.27417e-05
-6.65304e-06
-3.26943e-05
-7.50629e-06
-3.26353e-05
-8.36216e-06
-3.2564e-05
-9.21912e-06
-3.24796e-05
-1.00749e-05
-3.23803e-05
-1.09293e-05
-3.22642e-05
-1.17886e-05
-3.21334e-05
-1.2665e-05
-3.20004e-05
-1.35655e-05
-3.1883e-05
-1.44801e-05
-3.17849e-05
-1.53886e-05
-3.16833e-05
-1.62823e-05
-3.15486e-05
-1.71717e-05
-3.13785e-05
-1.80726e-05
-3.11989e-05
-1.89888e-05
-3.1029e-05
-3.08559e-05
-1.99122e-05
-6.99146e-07
-2.78125e-05
-1.49978e-06
-3.198e-05
-2.29013e-06
-3.20455e-05
-3.08347e-06
-3.20317e-05
-3.88021e-06
-3.20097e-05
-4.68061e-06
-3.19784e-05
-5.48504e-06
-3.19373e-05
-6.29358e-06
-3.18857e-05
-7.10613e-06
-3.18228e-05
-7.92236e-06
-3.17478e-05
-8.74153e-06
-3.16605e-05
-9.56197e-06
-3.15599e-05
-1.0382e-05
-3.14443e-05
-1.12033e-05
-3.13122e-05
-1.20347e-05
-3.11691e-05
-1.2887e-05
-3.10307e-05
-1.37605e-05
-3.09116e-05
-1.46398e-05
-3.08043e-05
-1.5509e-05
-3.06796e-05
-1.63691e-05
-3.05185e-05
-1.72337e-05
-3.03344e-05
-1.81117e-05
-3.01511e-05
-2.99678e-05
-1.89997e-05
-6.55098e-07
-2.71574e-05
-1.4075e-06
-3.12277e-05
-2.15182e-06
-3.13012e-05
-2.89999e-06
-3.12837e-05
-3.65259e-06
-3.12572e-05
-4.40963e-06
-3.12214e-05
-5.17132e-06
-3.11756e-05
-5.93777e-06
-3.11192e-05
-6.70892e-06
-3.10516e-05
-7.48457e-06
-3.09722e-05
-8.26442e-06
-3.08807e-05
-9.0477e-06
-3.07768e-05
-9.83286e-06
-3.06592e-05
-1.06192e-05
-3.05259e-05
-1.14108e-05
-3.03776e-05
-1.22174e-05
-3.02243e-05
-1.30456e-05
-3.00836e-05
-1.38883e-05
-2.99618e-05
-1.47292e-05
-2.98388e-05
-1.55611e-05
-2.96866e-05
-1.63928e-05
-2.95027e-05
-1.72353e-05
-2.93087e-05
-2.91135e-05
-1.80895e-05
-6.13413e-07
-2.6544e-05
-1.31876e-06
-3.05224e-05
-2.01755e-06
-3.06025e-05
-2.72075e-06
-3.05805e-05
-3.42875e-06
-3.05493e-05
-4.14172e-06
-3.05085e-05
-4.85978e-06
-3.04576e-05
-5.58308e-06
-3.0396e-05
-6.31161e-06
-3.03231e-05
-7.04526e-06
-3.02386e-05
-7.78396e-06
-3.01421e-05
-8.52745e-06
-3.00334e-05
-9.2749e-06
-2.99119e-05
-1.0025e-05
-2.97759e-05
-1.07788e-05
-2.96239e-05
-1.15426e-05
-2.94606e-05
-1.23251e-05
-2.93013e-05
-1.31264e-05
-2.91606e-05
-1.3934e-05
-2.90313e-05
-1.47359e-05
-2.88847e-05
-1.55346e-05
-2.8704e-05
-1.6341e-05
-2.85023e-05
-2.82946e-05
-1.716e-05
-5.74022e-07
-2.597e-05
-1.23346e-06
-2.9863e-05
-1.88687e-06
-2.99492e-05
-2.54492e-06
-2.99226e-05
-3.20762e-06
-2.98866e-05
-3.87547e-06
-2.98407e-05
-4.54864e-06
-2.97845e-05
-5.22731e-06
-2.97174e-05
-5.91156e-06
-2.9639e-05
-6.60142e-06
-2.95488e-05
-7.29691e-06
-2.94467e-05
-7.99801e-06
-2.93324e-05
-8.70439e-06
-2.92056e-05
-9.41505e-06
-2.90653e-05
-1.01294e-05
-2.89096e-05
-1.08506e-05
-2.87395e-05
-1.15864e-05
-2.85657e-05
-1.23418e-05
-2.84054e-05
-1.31101e-05
-2.8263e-05
-1.38782e-05
-2.81166e-05
-1.46426e-05
-2.79396e-05
-1.54117e-05
-2.77331e-05
-2.75132e-05
-1.61931e-05
-5.39003e-07
-2.54311e-05
-1.15356e-06
-2.92485e-05
-1.76153e-06
-2.93412e-05
-2.37379e-06
-2.93104e-05
-2.99044e-06
-2.92701e-05
-3.61207e-06
-2.92192e-05
-4.23899e-06
-2.91577e-05
-4.87136e-06
-2.90851e-05
-5.50937e-06
-2.9001e-05
-6.15317e-06
-2.89051e-05
-6.80287e-06
-2.87971e-05
-7.45851e-06
-2.86769e-05
-8.11999e-06
-2.85442e-05
-8.7867e-06
-2.83987e-05
-9.45771e-06
-2.82386e-05
-1.0134e-05
-2.80634e-05
-1.08211e-05
-2.78787e-05
-1.15265e-05
-2.77001e-05
-1.22493e-05
-2.75402e-05
-1.29786e-05
-2.73873e-05
-1.37061e-05
-2.72121e-05
-1.44361e-05
-2.7003e-05
-2.67719e-05
-1.51773e-05
-5.10212e-07
-2.49209e-05
-1.08078e-06
-2.86779e-05
-1.64292e-06
-2.87791e-05
-2.20859e-06
-2.87448e-05
-2.77847e-06
-2.87004e-05
-3.35298e-06
-2.86449e-05
-3.93247e-06
-2.85784e-05
-4.5171e-06
-2.85005e-05
-5.10704e-06
-2.84111e-05
-5.70251e-06
-2.83097e-05
-6.3037e-06
-2.81961e-05
-6.91069e-06
-2.807e-05
-7.52346e-06
-2.79316e-05
-8.1417e-06
-2.77805e-05
-8.76463e-06
-2.76158e-05
-9.39204e-06
-2.74361e-05
-1.00274e-05
-2.72435e-05
-1.06783e-05
-2.70493e-05
-1.13492e-05
-2.68693e-05
-1.20333e-05
-2.67031e-05
-1.27199e-05
-2.65254e-05
-1.34083e-05
-2.63145e-05
-2.60739e-05
-1.41062e-05
-4.84332e-07
-2.44365e-05
-1.01062e-06
-2.81517e-05
-1.52591e-06
-2.8264e-05
-2.04438e-06
-2.82265e-05
-2.56702e-06
-2.8178e-05
-3.09408e-06
-2.8118e-05
-3.62567e-06
-2.80469e-05
-4.16185e-06
-2.79645e-05
-4.70271e-06
-2.78704e-05
-5.24843e-06
-2.77641e-05
-5.79919e-06
-2.76454e-05
-6.35511e-06
-2.75142e-05
-6.91625e-06
-2.73706e-05
-7.48251e-06
-2.72144e-05
-8.0534e-06
-2.7045e-05
-8.62829e-06
-2.68613e-05
-9.20875e-06
-2.66631e-05
-9.8013e-06
-2.64569e-05
-1.04137e-05
-2.6257e-05
-1.1045e-05
-2.60716e-05
-1.16851e-05
-2.58852e-05
-1.23281e-05
-2.56714e-05
-2.54227e-05
-1.29791e-05
-4.4962e-07
-2.39869e-05
-9.28432e-07
-2.7673e-05
-1.39553e-06
-2.7797e-05
-1.86651e-06
-2.77558e-05
-2.34191e-06
-2.77028e-05
-2.82181e-06
-2.76384e-05
-3.30587e-06
-2.75631e-05
-3.79392e-06
-2.74766e-05
-4.28592e-06
-2.73785e-05
-4.78191e-06
-2.72682e-05
-5.282e-06
-2.71454e-05
-5.78625e-06
-2.70101e-05
-6.29475e-06
-2.68622e-05
-6.80757e-06
-2.67017e-05
-7.32453e-06
-2.65282e-05
-7.84506e-06
-2.6341e-05
-8.36939e-06
-2.6139e-05
-8.90185e-06
-2.59245e-05
-9.45115e-06
-2.57077e-05
-1.00221e-05
-2.55006e-05
-1.06083e-05
-2.52989e-05
-1.12006e-05
-2.50788e-05
-2.48231e-05
-1.18e-05
-3.872e-07
-2.35998e-05
-8.10918e-07
-2.72494e-05
-1.22975e-06
-2.73784e-05
-1.65383e-06
-2.73319e-05
-2.08261e-06
-2.72742e-05
-2.51591e-06
-2.72053e-05
-2.95308e-06
-2.71261e-05
-3.39373e-06
-2.70361e-05
-3.83769e-06
-2.69346e-05
-4.28488e-06
-2.6821e-05
-4.7353e-06
-2.6695e-05
-5.18893e-06
-2.65564e-05
-5.64583e-06
-2.64053e-05
-6.1061e-06
-2.62415e-05
-6.56977e-06
-2.60647e-05
-7.03655e-06
-2.58745e-05
-7.50602e-06
-2.56697e-05
-7.98016e-06
-2.54505e-05
-8.46606e-06
-2.52218e-05
-8.97194e-06
-2.49946e-05
-9.49724e-06
-2.47735e-05
-1.00331e-05
-2.45427e-05
-2.42799e-05
-1.0576e-05
-2.81268e-07
-2.33186e-05
-6.36397e-07
-2.68944e-05
-1.00922e-06
-2.70057e-05
-1.38823e-06
-2.6953e-05
-1.77133e-06
-2.68913e-05
-2.15822e-06
-2.68186e-05
-2.54827e-06
-2.67362e-05
-2.94117e-06
-2.66433e-05
-3.33679e-06
-2.6539e-05
-3.7351e-06
-2.64227e-05
-4.13609e-06
-2.6294e-05
-4.53976e-06
-2.61528e-05
-4.94618e-06
-2.5999e-05
-5.35545e-06
-2.58324e-05
-5.76768e-06
-2.56527e-05
-6.18278e-06
-2.54596e-05
-6.60029e-06
-2.52524e-05
-7.02049e-06
-2.50304e-05
-7.44743e-06
-2.47948e-05
-7.8893e-06
-2.45526e-05
-8.35068e-06
-2.43119e-05
-8.82627e-06
-2.40669e-05
-2.37963e-05
-9.30965e-06
-1.38285e-07
-2.31804e-05
-4.04594e-07
-2.66282e-05
-7.34246e-07
-2.66762e-05
-1.07045e-06
-2.6617e-05
-1.40844e-06
-2.65535e-05
-1.74781e-06
-2.64793e-05
-2.08854e-06
-2.63955e-05
-2.4308e-06
-2.6301e-05
-2.7749e-06
-2.61949e-05
-3.12108e-06
-2.60765e-05
-3.46959e-06
-2.59455e-05
-3.82067e-06
-2.58017e-05
-4.17456e-06
-2.56451e-05
-4.5315e-06
-2.54756e-05
-4.89168e-06
-2.52927e-05
-5.25518e-06
-2.50963e-05
-5.62175e-06
-2.4886e-05
-5.99103e-06
-2.46611e-05
-6.36437e-06
-2.44214e-05
-6.74722e-06
-2.41697e-05
-7.14632e-06
-2.39126e-05
-7.56134e-06
-2.36517e-05
-2.3372e-05
-7.98555e-06
3.53243e-08
-2.32157e-05
-1.45343e-07
-2.64476e-05
-4.40033e-07
-2.63815e-05
-7.35553e-07
-2.63215e-05
-1.02772e-06
-2.62614e-05
-1.317e-06
-2.61901e-05
-1.60472e-06
-2.61079e-05
-1.89187e-06
-2.60139e-05
-2.17931e-06
-2.59075e-05
-2.46773e-06
-2.57881e-05
-2.75771e-06
-2.56555e-05
-3.04987e-06
-2.55096e-05
-3.3448e-06
-2.53502e-05
-3.64306e-06
-2.51773e-05
-3.9451e-06
-2.49907e-05
-4.25125e-06
-2.47902e-05
-4.56164e-06
-2.45756e-05
-4.87613e-06
-2.43466e-05
-5.19483e-06
-2.41027e-05
-5.52016e-06
-2.38443e-05
-5.85778e-06
-2.35749e-05
-6.21116e-06
-2.32982e-05
-2.30072e-05
-6.57595e-06
2.2664e-07
-2.34424e-05
7.29015e-08
-2.62939e-05
-1.87525e-07
-2.61211e-05
-4.39615e-07
-2.60695e-05
-6.83837e-07
-2.60172e-05
-9.21346e-07
-2.59527e-05
-1.15438e-06
-2.58749e-05
-1.38439e-06
-2.5784e-05
-1.6125e-06
-2.56794e-05
-1.83969e-06
-2.55609e-05
-2.06686e-06
-2.54284e-05
-2.29488e-06
-2.52815e-05
-2.52465e-06
-2.51204e-05
-2.75702e-06
-2.49449e-05
-2.99278e-06
-2.4755e-05
-3.23258e-06
-2.45504e-05
-3.47696e-06
-2.43312e-05
-3.72634e-06
-2.40972e-05
-3.98095e-06
-2.38481e-05
-4.24164e-06
-2.35836e-05
-4.51165e-06
-2.33049e-05
-4.79554e-06
-2.30143e-05
-2.27102e-05
-5.09263e-06
4.14332e-07
-2.38567e-05
2.14278e-07
-2.60938e-05
-9.56046e-09
-2.58973e-05
-2.14518e-07
-2.58646e-05
-4.1006e-07
-2.58218e-05
-5.96405e-07
-2.57665e-05
-7.75574e-07
-2.56958e-05
-9.49202e-07
-2.56104e-05
-1.1187e-06
-2.551e-05
-1.28532e-06
-2.53944e-05
-1.45014e-06
-2.52635e-05
-1.61417e-06
-2.51175e-05
-1.77834e-06
-2.49562e-05
-1.94357e-06
-2.47796e-05
-2.11071e-06
-2.45878e-05
-2.28053e-06
-2.43806e-05
-2.45375e-06
-2.4158e-05
-2.63107e-06
-2.39199e-05
-2.81314e-06
-2.3666e-05
-3.00059e-06
-2.33962e-05
-3.19492e-06
-2.31104e-05
-3.39959e-06
-2.28095e-05
-2.24934e-05
-3.61668e-06
4.77328e-07
-2.43341e-05
2.71774e-07
-2.58883e-05
9.10755e-08
-2.57167e-05
-6.45061e-08
-2.57091e-05
-2.05614e-07
-2.56808e-05
-3.34851e-07
-2.56373e-05
-4.54716e-07
-2.5576e-05
-5.67762e-07
-2.54974e-05
-6.75973e-07
-2.54018e-05
-7.80831e-07
-2.52895e-05
-8.83437e-07
-2.51609e-05
-9.84652e-07
-2.50162e-05
-1.08522e-06
-2.48555e-05
-1.18582e-06
-2.46789e-05
-1.28707e-06
-2.44865e-05
-1.38952e-06
-2.42782e-05
-1.49364e-06
-2.4054e-05
-1.59996e-06
-2.38136e-05
-1.7091e-06
-2.35569e-05
-1.82174e-06
-2.32835e-05
-1.93877e-06
-2.29932e-05
-2.0624e-06
-2.26858e-05
-2.23611e-05
-2.19513e-06
3.75308e-07
1.71777e-07
7.17068e-08
-1.2832e-09
-5.97511e-08
-1.09267e-07
-1.53178e-07
-1.93532e-07
-2.31593e-07
-2.68149e-07
-3.03712e-07
-3.38658e-07
-3.73309e-07
-4.07951e-07
-4.42798e-07
-4.77973e-07
-5.13567e-07
-5.49765e-07
-5.86878e-07
-6.25184e-07
-6.64865e-07
-7.06698e-07
-7.52473e-07
9.69049e-05
4.80056e-06
0.00012283
-2.59247e-05
0.000147868
-2.50387e-05
-3.46434e-05
0.000182512
0.000135231
-1.62015e-05
0.000153256
-4.39502e-05
0.000176696
-4.84787e-05
-5.59715e-05
0.000198024
0.000134436
-3.84918e-05
0.000149898
-5.94117e-05
0.000169066
-6.76469e-05
-7.42251e-05
0.00018732
0.000129681
-5.99636e-05
0.000147135
-7.6866e-05
0.000166363
-8.68746e-05
-9.06805e-05
0.000182818
0.000128037
-8.32317e-05
0.000148001
-9.68303e-05
0.000170546
-0.000109419
-0.000107424
0.000187289
0.000135446
-0.00011444
0.000154197
-0.000115581
0.000177206
-0.000132428
-0.000124667
0.000194449
0.000142745
-0.000150432
0.000189554
-0.000162391
0.000202571
-0.000145444
-0.000120746
0.000198649
0.000131763
-0.000178158
0.000166646
-0.000197274
0.000176262
-0.000155061
-0.000100957
0.000156474
0.000112064
-0.000201056
0.000129122
-0.000214332
0.000125849
-0.000151787
-6.62029e-05
9.10943e-05
9.14876e-05
-0.00021986
9.20003e-05
-0.000214845
7.02593e-05
-0.000130046
-2.74527e-05
3.1509e-05
6.79621e-05
-0.000224461
5.3465e-05
-0.000200347
1.61518e-05
-9.27333e-05
-7.3635e-06
-3.93735e-06
3.6393e-05
-0.000206777
8.80721e-06
-0.000172762
-2.63582e-05
-5.75679e-05
-1.18815e-05
-2.18401e-05
-2.53594e-06
-0.000173578
-3.48391e-05
-0.000140459
-5.17892e-05
-4.06178e-05
-3.57598e-05
-2.79108e-05
-3.29384e-05
-0.000149755
-6.40816e-05
-0.000109315
-5.62706e-05
-4.84289e-05
-6.30889e-05
-2.89414e-05
-5.89778e-05
-0.000136706
-7.02183e-05
-9.80749e-05
-5.07824e-05
-6.78647e-05
-8.42101e-05
-2.96612e-05
-6.67916e-05
-0.000132271
-6.33044e-05
-0.000101562
-4.34846e-05
-8.76845e-05
-9.68999e-05
-3.07947e-05
-6.06687e-05
-0.000131275
-5.28649e-05
-0.000109366
-3.85731e-05
-0.000101976
-0.000103626
-3.18472e-05
-4.99929e-05
-0.000130349
-4.38153e-05
-0.000115544
-3.5724e-05
-0.000110068
-0.000106865
-3.24853e-05
-4.03188e-05
-0.000128022
-3.75441e-05
-0.000118318
-3.42665e-05
-0.000113345
-0.000108317
-3.28141e-05
-3.35906e-05
-0.000124729
-3.37162e-05
-0.000118193
-3.34516e-05
-0.00011361
-0.000108794
-3.29746e-05
-2.96606e-05
-0.000121166
-3.14846e-05
-0.000116369
-3.27839e-05
-0.000112311
-0.000108504
-3.30741e-05
-2.76039e-05
-0.000117659
-3.01194e-05
-0.000113853
-3.21004e-05
-0.00011033
-0.000107454
-3.31503e-05
-2.62838e-05
-0.000114314
-2.90385e-05
-0.000111098
-3.13857e-05
-0.000107983
-0.000105652
-3.31881e-05
-2.51311e-05
-0.000111078
-2.80223e-05
-0.000108207
-3.06818e-05
-0.000105323
-0.00010318
-3.31536e-05
-2.40609e-05
-0.00010789
-2.70722e-05
-0.000105196
-2.99957e-05
-0.000102399
-0.00010019
-3.29857e-05
-2.30594e-05
-0.000104742
-2.61577e-05
-0.000102097
-2.92783e-05
-9.92788e-05
-9.68359e-05
-3.26325e-05
-2.20832e-05
-0.000101659
-2.52194e-05
-9.89612e-05
-2.8473e-05
-9.60252e-05
-9.32445e-05
-3.20647e-05
-2.1095e-05
-9.86534e-05
-2.42259e-05
-9.58305e-05
-2.75477e-05
-9.27035e-05
-8.95239e-05
-3.12685e-05
-2.00703e-05
-9.5743e-05
-2.31567e-05
-9.27443e-05
-2.6485e-05
-8.93752e-05
-8.57679e-05
-3.02411e-05
-1.89909e-05
-9.29451e-05
-2.19975e-05
-8.97378e-05
-2.52764e-05
-8.60963e-05
-8.20568e-05
-2.89875e-05
-1.78448e-05
-9.02777e-05
-2.07385e-05
-8.68441e-05
-2.39187e-05
-8.29162e-05
-7.84568e-05
-2.75187e-05
-1.66254e-05
-8.77585e-05
-1.93759e-05
-8.40936e-05
-2.24142e-05
-7.98781e-05
-7.50218e-05
-2.58494e-05
-1.53317e-05
-8.54061e-05
-1.79109e-05
-8.1514e-05
-2.07699e-05
-7.70191e-05
-7.17956e-05
-2.39961e-05
-1.39667e-05
-8.32397e-05
-1.63487e-05
-7.91317e-05
-1.89959e-05
-7.43718e-05
-6.88143e-05
-2.19771e-05
-1.25364e-05
-8.12797e-05
-1.46961e-05
-7.69719e-05
-1.71032e-05
-7.19647e-05
-6.61066e-05
-1.98108e-05
-1.10477e-05
-7.95417e-05
-1.29628e-05
-7.50568e-05
-1.5104e-05
-6.98236e-05
-6.36962e-05
-1.75143e-05
-9.50006e-06
-7.8027e-05
-1.11584e-05
-7.33986e-05
-1.30117e-05
-6.79703e-05
-6.16046e-05
-1.51034e-05
-7.87496e-06
-7.67277e-05
-9.28102e-06
-7.19927e-05
-1.08382e-05
-6.64129e-05
-5.98486e-05
-1.25943e-05
-6.16131e-06
-7.56586e-05
-7.31725e-06
-7.08371e-05
-8.58604e-06
-6.51439e-05
-5.84312e-05
-1.00036e-05
-4.40479e-06
-7.48702e-05
-5.27695e-06
-6.99653e-05
-6.24866e-06
-6.41723e-05
-5.73471e-05
-7.33249e-06
-2.66378e-06
-7.44013e-05
-3.19785e-06
-6.94311e-05
-3.81671e-06
-6.35538e-05
-5.66323e-05
-4.53154e-06
-9.03792e-07
-1.07726e-06
-1.28455e-06
-1.53858e-06
0.000210624
-4.65724e-05
0.000228843
-7.34845e-05
0.000241219
-9.87583e-05
0.000250304
-0.00012091
0.000256175
-0.00013769
0.000260498
-0.000152269
0.000257194
-0.000153568
0.000249996
-0.000146709
0.000220061
-9.12178e-05
0.000197149
-4.87535e-05
0.000172846
-3.26438e-06
0.000150664
1.55694e-05
0.000149914
1.16885e-05
0.000179474
2.46437e-05
0.000199875
9.58379e-05
0.00023433
0.000160658
0.00023152
0.000284535
0.000150435
0.000374067
0.00028871
0.000213357
-6.19056e-05
0.000224563
-8.46905e-05
0.00023226
-0.000106455
0.000239192
-0.000127842
0.000241195
-0.000139693
0.000244054
-0.000155128
0.000225629
-0.000135142
0.000204553
-0.000125634
0.000192669
-7.93334e-05
0.000172123
-2.82077e-05
0.00016016
8.69858e-06
0.000146463
2.92667e-05
0.000124653
3.34982e-05
0.000116064
3.32328e-05
0.000126519
8.53832e-05
0.00012296
0.000164217
0.000158236
0.000249259
0.00011126
0.000421043
0.00039997
0.000200733
-7.53191e-05
0.000212715
-9.66724e-05
0.000219375
-0.000113115
0.000230764
-0.000139231
0.000220905
-0.000129834
0.000213245
-0.000147468
0.000207552
-0.000129449
0.000183656
-0.000101737
0.000166614
-6.22914e-05
0.000153427
-1.50211e-05
0.000142605
1.95205e-05
0.000128265
4.36066e-05
0.000101775
5.99879e-05
5.71292e-05
7.78784e-05
3.65595e-05
0.000105953
3.58919e-05
0.000164885
6.76365e-05
0.000217514
7.21061e-05
0.000416573
0.000472077
0.000194151
-8.66526e-05
0.000211712
-0.000114233
0.000206446
-0.000107849
0.000207593
-0.000140378
0.000217898
-0.00014014
0.000208451
-0.000138021
0.000198738
-0.000119735
0.000176163
-7.91624e-05
0.000152618
-3.87465e-05
0.000134983
2.61347e-06
0.000116081
3.84221e-05
9.4474e-05
6.52139e-05
6.74433e-05
8.70183e-05
3.36834e-05
0.000111638
1.3405e-05
0.000126231
1.59863e-05
0.000162304
3.08825e-05
0.000202618
4.82698e-05
0.000399186
0.000520346
0.000192198
-9.15615e-05
0.000194421
-0.000116456
0.000213333
-0.000126761
0.000213093
-0.000140138
0.000213678
-0.000140724
0.000195558
-0.0001199
0.000167415
-9.15922e-05
0.000138864
-5.06112e-05
0.000110395
-1.02774e-05
8.75929e-05
2.5415e-05
7.21043e-05
5.39105e-05
5.96098e-05
7.77081e-05
4.51476e-05
0.00010148
2.98279e-05
0.000126958
3.03038e-05
0.000125755
3.02006e-05
0.000162407
-5.30458e-06
0.000238123
3.22519e-05
0.00036163
0.000552598
0.000205799
-0.000102911
0.000204223
-0.000114879
0.000202235
-0.000124773
0.000183453
-0.000121355
0.000154933
-0.000112203
0.00012467
-8.96371e-05
9.37466e-05
-6.06681e-05
6.91461e-05
-2.60106e-05
5.28664e-05
6.0023e-06
4.83494e-05
2.99319e-05
4.92037e-05
5.3056e-05
4.97609e-05
7.71508e-05
4.53602e-05
0.000105881
3.47123e-05
0.000137606
1.50661e-05
0.000145402
-2.61821e-05
0.000203655
-3.29564e-05
0.000244898
1.73806e-05
0.000311293
0.000569979
0.000187816
-9.20769e-05
0.000164711
-9.17739e-05
0.000133525
-9.35875e-05
0.000101746
-8.95763e-05
7.15723e-05
-8.20293e-05
4.82741e-05
-6.63385e-05
3.27936e-05
-4.51874e-05
2.8893e-05
-2.211e-05
3.53206e-05
-4.25416e-07
4.62097e-05
1.90427e-05
5.67442e-05
4.25216e-05
6.3243e-05
7.06519e-05
6.28043e-05
0.00010632
5.4516e-05
0.000145894
2.79628e-05
0.000171955
-2.91002e-05
0.000260718
-2.17688e-05
0.000237566
6.32642e-06
0.000283198
0.000576305
0.000125838
-6.14406e-05
9.1434e-05
-5.73701e-05
6.15462e-05
-6.36997e-05
4.12018e-05
-6.92319e-05
2.77399e-05
-6.85672e-05
2.16637e-05
-6.02622e-05
2.35679e-05
-4.70915e-05
3.33532e-05
-3.18953e-05
4.81824e-05
-1.52546e-05
6.30954e-05
4.12974e-06
7.61331e-05
2.94841e-05
8.49878e-05
6.17976e-05
8.83069e-05
0.000103002
8.6736e-05
0.000147465
7.04477e-05
0.000188243
5.22746e-05
0.000278891
0.000100921
0.00018892
-1.87594e-06
0.000385994
0.000574429
5.78736e-05
-2.82199e-05
3.73049e-05
-3.68015e-05
2.72934e-05
-5.36882e-05
2.20314e-05
-6.39699e-05
1.99044e-05
-6.64403e-05
2.28696e-05
-6.32275e-05
3.1787e-05
-5.60088e-05
4.54114e-05
-4.55195e-05
6.18041e-05
-3.16473e-05
7.86762e-05
-1.27424e-05
9.47945e-05
1.3366e-05
0.000107953
4.86395e-05
0.000117733
9.32212e-05
0.000123655
0.000141544
0.000118633
0.000193265
0.000136587
0.000260938
0.000135749
0.00018976
-7.35393e-06
0.000529097
0.000567075
1.75561e-05
-1.42671e-05
1.72373e-05
-3.64828e-05
1.65803e-05
-5.30314e-05
1.72091e-05
-6.45989e-05
2.07096e-05
-6.9941e-05
2.80432e-05
-7.05614e-05
3.92392e-05
-6.72047e-05
5.42713e-05
-6.05515e-05
7.23113e-05
-4.96873e-05
9.27381e-05
-3.31693e-05
0.000113873
-7.76927e-06
0.000134089
2.8424e-05
0.000152317
7.49933e-05
0.000162841
0.000131019
0.000157159
0.000198947
0.00015252
0.000265578
9.89836e-05
0.000243297
-9.64444e-06
0.000637724
0.000557431
1.43944e-06
-1.9644e-05
6.84468e-06
-4.18882e-05
1.13392e-05
-5.75261e-05
1.58827e-05
-6.91425e-05
2.1997e-05
-7.60554e-05
3.08038e-05
-7.93684e-05
4.33781e-05
-7.9779e-05
6.00922e-05
-7.72655e-05
8.13181e-05
-7.0913e-05
0.000106553
-5.84045e-05
0.000135058
-3.62741e-05
0.000166208
-2.72576e-06
0.000194694
4.6508e-05
0.000207582
0.000118131
0.00019309
0.000213439
0.000153361
0.000305307
6.17441e-05
0.000334913
-1.0007e-05
0.000709475
0.000547424
-7.10575e-06
-3.43783e-05
9.52044e-07
-4.9946e-05
7.85433e-06
-6.44286e-05
1.38467e-05
-7.5135e-05
2.10391e-05
-8.32479e-05
3.09459e-05
-8.92751e-05
4.48102e-05
-9.3643e-05
6.36803e-05
-9.61357e-05
8.84999e-05
-9.57326e-05
0.000119752
-8.96567e-05
0.000158784
-7.53062e-05
0.00020515
-4.90919e-05
0.000244881
6.77714e-06
0.000257467
0.000105546
0.000227987
0.000242919
0.00015471
0.000378582
3.67055e-05
0.000452918
-9.37668e-06
0.000755558
0.000538047
-1.27102e-05
-4.95788e-05
-3.42074e-06
-5.92355e-05
3.63784e-06
-7.14873e-05
1.02369e-05
-8.17342e-05
1.81359e-05
-9.11469e-05
2.88731e-05
-0.000100012
4.38488e-05
-0.000108619
6.46237e-05
-0.000116911
9.29138e-05
-0.000124023
0.000131209
-0.000127952
0.000184184
-0.00012828
0.000248477
-0.000113385
0.00029723
-4.19754e-05
0.000305614
9.71619e-05
0.000257872
0.000290662
0.000156771
0.000479683
2.12592e-05
0.00058843
-8.75961e-06
0.000785577
0.000529288
-1.71877e-05
-6.13323e-05
-8.27434e-06
-6.81487e-05
-1.22131e-06
-7.85403e-05
5.63453e-06
-8.85902e-05
1.37947e-05
-9.9307e-05
2.47836e-05
-0.000111001
4.00024e-05
-0.000123837
6.17894e-05
-0.000138698
9.29506e-05
-0.000155184
0.000138795
-0.000173796
0.000207064
-0.000196549
0.000287485
-0.000193806
0.000339181
-9.36712e-05
0.00033855
9.77923e-05
0.000274844
0.000354368
0.000153579
0.000600948
1.01628e-05
0.000731846
-8.49916e-06
0.000804239
0.000520788
-2.09356e-05
-7.00579e-05
-1.28723e-05
-7.62119e-05
-6.26491e-06
-8.51477e-05
3.85851e-07
-9.52409e-05
8.32219e-06
-0.000107243
1.84324e-05
-0.000121111
3.30836e-05
-0.000138489
5.42858e-05
-0.0001599
8.64962e-05
-0.000187394
0.000138239
-0.000225539
0.000217585
-0.000275895
0.000303767
-0.000279988
0.00034658
-0.000136484
0.000331102
0.000113271
0.000261297
0.000424174
0.000137334
0.000724911
2.24274e-06
0.000866937
-8.31394e-06
0.000814796
0.000512475
-2.39206e-05
-7.69321e-05
-1.70373e-05
-8.30952e-05
-1.12822e-05
-9.09028e-05
-5.45091e-06
-0.000101072
1.26791e-06
-0.000113962
1.03168e-05
-0.00013016
2.26137e-05
-0.000150785
4.13253e-05
-0.000178612
7.1183e-05
-0.000217252
0.000122876
-0.000277232
0.000200312
-0.000353331
0.000271586
-0.000351262
0.000291591
-0.000156489
0.000259482
0.00014538
0.000196233
0.000487422
0.000106473
0.00081467
6.62128e-06
0.000966789
-8.01001e-06
0.000829427
0.000504465
-2.62444e-05
-8.25351e-05
-2.08299e-05
-8.85097e-05
-1.62601e-05
-9.54727e-05
-1.17215e-05
-0.000105611
-6.69634e-06
-0.000118987
-2.56315e-07
-0.0001366
9.10315e-06
-0.000160145
2.2795e-05
-0.000192303
4.56554e-05
-0.000240112
8.66518e-05
-0.000318228
0.000142184
-0.000408863
0.000176144
-0.000385222
0.000169564
-0.000149908
0.000140967
0.000173977
8.77671e-05
0.000540622
6.57534e-05
0.000836684
2.8487e-05
0.00100405
-7.22897e-06
0.000865143
0.000497236
-2.81498e-05
-8.68708e-05
-2.43398e-05
-9.23198e-05
-2.11661e-05
-9.86464e-05
-1.82376e-05
-0.000108539
-1.53088e-05
-0.000121916
-1.19103e-05
-0.000139998
-7.4127e-06
-0.000164642
-3.88861e-07
-0.000199327
1.27485e-05
-0.00025325
3.23648e-05
-0.000337844
4.78995e-05
-0.000424398
2.89993e-05
-0.000366322
1.00368e-05
-0.000130946
-7.61581e-06
0.00019163
-4.48987e-05
0.000577905
-4.08036e-05
0.000832589
1.49712e-05
0.000948279
-6.93134e-06
0.000887046
0.000490304
-2.98305e-05
-8.98543e-05
-2.76064e-05
-9.4544e-05
-2.59123e-05
-0.00010034
-2.47497e-05
-0.000109702
-2.41205e-05
-0.000122545
-2.401e-05
-0.000140109
-2.44931e-05
-0.000164159
-2.56418e-05
-0.000198178
-2.83427e-05
-0.000250548
-3.57307e-05
-0.000330456
-5.57568e-05
-0.000404371
-8.75092e-05
-0.00033457
-0.000135156
-8.32989e-05
-0.000151967
0.00020844
-0.0001476
0.000573538
-0.000134426
0.000819415
-5.68807e-05
0.000870734
-7.73405e-06
0.000837899
0.00048257
-3.13742e-05
-9.14546e-05
-3.06016e-05
-9.53164e-05
-3.03757e-05
-0.000100566
-3.09804e-05
-0.000109097
-3.26381e-05
-0.000120887
-3.57302e-05
-0.000137017
-4.09129e-05
-0.000158977
-4.95141e-05
-0.000189577
-6.52549e-05
-0.000234808
-9.43787e-05
-0.000301332
-0.00014036
-0.00035839
-0.000186806
-0.000288124
-0.000235756
-3.43489e-05
-0.000255622
0.000228306
-0.000218034
0.00053595
-0.000167662
0.000769044
-0.000113732
0.000816804
-9.04358e-06
0.000733211
0.000473527
-3.27666e-05
-9.17619e-05
-3.32736e-05
-9.48091e-05
-3.44219e-05
-9.94176e-05
-3.66646e-05
-0.000106854
-4.04058e-05
-0.000117146
-4.63077e-05
-0.000131115
-5.54507e-05
-0.000149834
-6.99789e-05
-0.000175049
-9.47922e-05
-0.000209995
-0.000137213
-0.000258912
-0.000196978
-0.000298625
-0.000249066
-0.000236036
-0.000272215
-1.12005e-05
-0.000291571
0.000247662
-0.000262451
0.00050683
-0.000193452
0.000700046
-0.000118029
0.000741381
-1.8813e-05
0.000633995
0.000454714
-3.39766e-05
-9.09353e-05
-3.55655e-05
-9.32198e-05
-3.79245e-05
-9.70585e-05
-4.15858e-05
-0.000103193
-4.70696e-05
-0.000111662
-5.51918e-05
-0.000122993
-6.72534e-05
-0.000137772
-8.56107e-05
-0.000156692
-0.000114876
-0.00018073
-0.00016229
-0.000211498
-0.000227254
-0.000233662
-0.000280973
-0.000182317
-0.000288193
-3.98105e-06
-0.000285106
0.000244575
-0.000252166
0.000473889
-0.000183691
0.000631571
-9.84621e-05
0.000656152
-2.01013e-05
0.000555634
0.000434612
-3.49447e-05
-8.91785e-05
-3.74192e-05
-9.07449e-05
-4.07908e-05
-9.36867e-05
-4.55958e-05
-9.83875e-05
-5.24065e-05
-0.000104851
-6.20827e-05
-0.000113317
-7.594e-05
-0.000123915
-9.61082e-05
-0.000136524
-0.00012617
-0.000150668
-0.000172005
-0.000165663
-0.000234808
-0.000170859
-0.000289781
-0.000127344
-0.000297589
3.82624e-06
-0.000274996
0.000221982
-0.000231041
0.000429934
-0.000160578
0.000561108
-8.21417e-05
0.000577716
-2.89569e-05
0.000502449
0.000405656
-3.56234e-05
-8.67086e-05
-3.87964e-05
-8.75716e-05
-4.29589e-05
-8.9524e-05
-4.86118e-05
-9.27345e-05
-5.63233e-05
-9.71399e-05
-6.69101e-05
-0.00010273
-8.15499e-05
-0.000109275
-0.000101951
-0.000116123
-0.00013061
-0.000122008
-0.000171434
-0.000124839
-0.000225893
-0.0001164
-0.000278175
-7.50622e-05
-0.000299438
2.509e-05
-0.000268665
0.000191209
-0.000208997
0.000370266
-0.000138501
0.000490612
-7.70707e-05
0.000516285
-4.25711e-05
0.00046795
0.000363084
-3.59736e-05
-8.37208e-05
-3.96743e-05
-8.38709e-05
-4.44061e-05
-8.47922e-05
-5.06179e-05
-8.65227e-05
-5.88344e-05
-8.89235e-05
-6.97724e-05
-9.17924e-05
-8.43925e-05
-9.46555e-05
-0.000103947
-9.65688e-05
-0.000130044
-9.59109e-05
-0.000164839
-9.00439e-05
-0.00020863
-7.26085e-05
-0.000252427
-3.12652e-05
-0.000276729
4.93915e-05
-0.000259109
0.000173589
-0.000204257
0.000315413
-0.000136575
0.000422931
-8.04754e-05
0.000460186
-4.44491e-05
0.000431923
0.000318635
-3.59779e-05
-8.03756e-05
-4.00456e-05
-7.98034e-05
-4.51398e-05
-7.96981e-05
-5.16499e-05
-8.00127e-05
-6.0032e-05
-8.05416e-05
-7.08747e-05
-8.09498e-05
-8.48973e-05
-8.06331e-05
-0.000102943
-7.85234e-05
-0.000125902
-7.29516e-05
-0.000154666
-6.12797e-05
-0.000188415
-3.88597e-05
-0.000221914
2.23283e-06
-0.000241913
6.93908e-05
-0.000232728
0.000164403
-0.000190458
0.000273144
-0.000131026
0.000363499
-7.66044e-05
0.000405763
-3.62661e-05
0.000391585
0.000282369
-3.56354e-05
-7.6805e-05
-3.99212e-05
-7.55178e-05
-4.51938e-05
-7.44256e-05
-5.17799e-05
-7.34267e-05
-6.00559e-05
-7.22655e-05
-7.04747e-05
-7.05311e-05
-8.3528e-05
-6.75797e-05
-9.97252e-05
-6.23261e-05
-0.000119443
-5.32333e-05
-0.000142721
-3.80017e-05
-0.000168273
-1.33081e-05
-0.000192
2.59592e-05
-0.000205497
8.28886e-05
-0.000198552
0.000157458
-0.00016609
0.000240682
-0.000116138
0.000313546
-6.57732e-05
0.000355398
-2.64517e-05
0.000352263
0.000255917
-3.49516e-05
-7.3122e-05
-3.93253e-05
-7.11443e-05
-4.46204e-05
-6.91306e-05
-5.11033e-05
-6.69439e-05
-5.90655e-05
-6.43032e-05
-6.88348e-05
-6.07619e-05
-8.07226e-05
-5.56917e-05
-9.49585e-05
-4.80902e-05
-0.00011159
-3.66023e-05
-0.000130079
-1.95117e-05
-0.000149317
5.9304e-06
-0.000165484
4.21266e-05
-0.000173265
9.06684e-05
-0.000166122
0.000150316
-0.000140251
0.000214811
-9.9557e-05
0.000272852
-5.56995e-05
0.00031154
-2.01758e-05
0.000316739
0.000235741
-3.39401e-05
-6.94229e-05
-3.8292e-05
-6.67925e-05
-4.34831e-05
-6.39396e-05
-4.97225e-05
-6.07046e-05
-5.72324e-05
-5.67935e-05
-6.6213e-05
-5.17817e-05
-7.68462e-05
-4.50583e-05
-8.91673e-05
-3.57691e-05
-0.000102973
-2.27966e-05
-0.000117668
-4.81636e-06
-0.000131801
2.00625e-05
-0.000142673
5.29987e-05
-0.000146511
9.45062e-05
-0.000139125
0.00014293
-0.000118074
0.00019376
-8.54251e-05
0.000240203
-4.86167e-05
0.000274731
-1.71044e-05
0.000285226
0.000218636
-3.26228e-05
-6.57874e-05
-3.68624e-05
-6.25528e-05
-4.18516e-05
-5.89502e-05
-4.77496e-05
-5.48066e-05
-5.47069e-05
-4.9836e-05
-6.28432e-05
-4.36455e-05
-7.22181e-05
-3.56834e-05
-8.27436e-05
-2.52441e-05
-9.40807e-05
-1.14595e-05
-0.000105642
6.74555e-06
-0.000115964
3.03833e-05
-0.000123101
6.01354e-05
-0.000124404
9.58109e-05
-0.000117174
0.0001357
-9.98846e-05
0.00017647
-7.36842e-05
0.000214002
-4.31315e-05
0.000244178
-1.53706e-05
0.000257465
0.000203266
-3.10255e-05
-6.22805e-05
-3.50803e-05
-5.84978e-05
-3.9794e-05
-5.42362e-05
-4.52807e-05
-4.93197e-05
-5.16354e-05
-4.34812e-05
-5.89119e-05
-3.6369e-05
-6.7079e-05
-2.75158e-05
-7.59827e-05
-1.6341e-05
-8.52504e-05
-2.19153e-06
-9.42108e-05
1.57059e-05
-0.000101717
3.78906e-05
-0.000106244
6.46622e-05
-0.000105949
9.55157e-05
-9.90993e-05
0.00012885
-8.47607e-05
0.000162131
-6.3562e-05
0.000192803
-3.82296e-05
0.000218846
-1.3962e-05
0.000233198
0.000189304
-2.91752e-05
-5.89547e-05
-3.29911e-05
-5.46818e-05
-3.73773e-05
-4.98498e-05
-4.24096e-05
-4.42872e-05
-4.81437e-05
-3.77469e-05
-5.45709e-05
-2.99417e-05
-6.16239e-05
-2.04624e-05
-6.90857e-05
-8.87938e-06
-7.66173e-05
5.34076e-06
-8.35284e-05
2.26164e-05
-8.89326e-05
4.32951e-05
-9.16495e-05
6.73791e-05
-9.0384e-05
9.42495e-05
-8.40221e-05
0.000122488
-7.20081e-05
0.000150117
-5.46871e-05
0.000175482
-3.36488e-05
0.000197808
-1.26139e-05
0.000212163
0.00017669
-2.71007e-05
-5.58503e-05
-3.06377e-05
-5.11447e-05
-3.46603e-05
-4.58272e-05
-3.9222e-05
-3.97254e-05
-4.43333e-05
-3.26357e-05
-4.99589e-05
-2.4316e-05
-5.59913e-05
-1.44302e-05
-6.22203e-05
-2.65083e-06
-6.82783e-05
1.13987e-05
-7.35998e-05
2.79374e-05
-7.74499e-05
4.71443e-05
-7.89299e-05
6.8859e-05
-7.71225e-05
9.24418e-05
-7.13062e-05
0.000116671
-6.11634e-05
0.000139974
-4.68926e-05
0.000161211
-2.93931e-05
0.000180308
-1.12893e-05
0.000194059
0.0001654
-2.48304e-05
-5.29971e-05
-2.80586e-05
-4.79163e-05
-3.17005e-05
-4.21851e-05
-3.578e-05
-3.5646e-05
-4.02846e-05
-2.81314e-05
-4.51737e-05
-1.9427e-05
-5.02831e-05
-9.32137e-06
-5.54626e-05
2.52825e-06
-6.03142e-05
1.62495e-05
-6.43945e-05
3.20179e-05
-6.71039e-05
4.98533e-05
-6.7758e-05
6.9513e-05
-6.57003e-05
9.03843e-05
-6.04595e-05
0.00011143
-5.18652e-05
0.00013138
-4.00428e-05
0.000149388
-2.54779e-05
0.000165743
-9.99036e-06
0.000178571
0.00015541
-2.23894e-05
-5.04187e-05
-2.52913e-05
-4.50143e-05
-2.85418e-05
-3.89344e-05
-3.21446e-05
-3.20434e-05
-3.60803e-05
-2.4196e-05
-4.02723e-05
-1.52349e-05
-4.45906e-05
-5.00347e-06
-4.88513e-05
6.78916e-06
-5.27338e-05
2.01317e-05
-5.58548e-05
3.51392e-05
-5.7737e-05
5.17358e-05
-5.78605e-05
6.96364e-05
-5.57514e-05
8.82751e-05
-5.10981e-05
0.000106777
-4.38191e-05
0.0001241
-3.40047e-05
0.000139574
-2.18958e-05
0.000153634
-8.72578e-06
0.000165401
0.000146684
-1.98014e-05
-4.81318e-05
-2.23659e-05
-4.24497e-05
-2.52229e-05
-3.60771e-05
-2.83638e-05
-2.89025e-05
-3.17588e-05
-2.08009e-05
-3.53199e-05
-1.16735e-05
-3.89372e-05
-1.38608e-06
-4.24302e-05
1.02825e-05
-4.55272e-05
2.3229e-05
-4.79115e-05
3.75235e-05
-4.92046e-05
5.30291e-05
-4.90111e-05
6.94427e-05
-4.69864e-05
8.625e-05
-4.29216e-05
0.000102712
-3.6787e-05
0.000117965
-2.86559e-05
0.000131442
-1.86262e-05
0.000143604
-7.50522e-06
0.00015428
0.000139179
-1.7087e-05
-4.61483e-05
-1.93078e-05
-4.02289e-05
-2.17749e-05
-3.36097e-05
-2.44705e-05
-2.62068e-05
-2.7348e-05
-1.79229e-05
-3.03448e-05
-8.67663e-06
-3.33763e-05
1.64578e-06
-3.62061e-05
1.31122e-05
-3.8668e-05
2.56911e-05
-4.04913e-05
3.93464e-05
-4.13759e-05
5.39136e-05
-4.10211e-05
6.90876e-05
-3.91741e-05
8.44027e-05
-3.5693e-05
9.92307e-05
-3.0576e-05
0.000112849
-2.38872e-05
0.000124754
-1.56421e-05
0.000135359
-6.33615e-06
0.000144974
0.000132843
-1.42633e-05
-4.44794e-05
-1.61386e-05
-3.83536e-05
-1.82272e-05
-3.1521e-05
-2.04961e-05
-2.39381e-05
-2.29063e-05
-1.55125e-05
-2.53894e-05
-6.19374e-06
-2.7867e-05
4.12345e-06
-3.01638e-05
1.54085e-05
-3.21183e-05
2.76456e-05
-3.35191e-05
4.0747e-05
-3.41328e-05
5.45271e-05
-3.37306e-05
6.86854e-05
-3.21263e-05
8.27985e-05
-2.92213e-05
9.63259e-05
-2.50272e-05
0.000108655
-1.96009e-05
0.000119327
-1.2912e-05
0.00012867
-5.22323e-06
0.000137285
0.00012762
-1.13508e-05
-4.31326e-05
-1.28824e-05
-3.68221e-05
-1.45991e-05
-2.98044e-05
-1.6459e-05
-2.20785e-05
-1.84269e-05
-1.35448e-05
-2.0452e-05
-4.16896e-06
-2.24493e-05
6.12075e-06
-2.42919e-05
1.72507e-05
-2.58398e-05
2.91936e-05
-2.69271e-05
4.18344e-05
-2.73746e-05
5.49746e-05
-2.70096e-05
6.83205e-05
-2.56938e-05
8.1483e-05
-2.33565e-05
9.39887e-05
-2.00134e-05
0.000105312
-1.57144e-05
0.000115028
-1.04044e-05
0.00012336
-4.16934e-06
0.00013105
0.00012345
-8.36137e-06
-4.21039e-05
-9.55779e-06
-3.5626e-05
-1.09235e-05
-2.84388e-05
-1.23895e-05
-2.06125e-05
-1.3925e-05
-1.20094e-05
-1.55175e-05
-2.57649e-06
-1.70874e-05
7.69082e-06
-1.85371e-05
1.87005e-05
-1.97525e-05
3.04091e-05
-2.0607e-05
4.26891e-05
-2.09661e-05
5.53338e-05
-2.07007e-05
6.80553e-05
-1.97078e-05
8.04901e-05
-1.7934e-05
9.22148e-05
-1.53928e-05
0.00010277
-1.21255e-05
0.000111761
-8.06782e-06
0.000119302
-3.17552e-06
0.000126158
0.000120275
-5.22861e-06
-4.14064e-05
-6.08212e-06
-3.47724e-05
-7.13006e-06
-2.73911e-05
-8.2783e-06
-1.94639e-05
-9.47627e-06
-1.08114e-05
-1.072e-05
-1.33266e-06
-1.19514e-05
8.92244e-06
-1.30887e-05
1.9838e-05
-1.40507e-05
3.13712e-05
-1.4749e-05
4.33876e-05
-1.50874e-05
5.56722e-05
-1.49706e-05
6.79384e-05
-1.43194e-05
7.98388e-05
-1.3089e-05
9.09842e-05
-1.12859e-05
0.000100967
-8.94283e-06
0.000109418
-5.98494e-06
0.000116344
-2.28851e-06
0.000122461
0.000117986
-1.80512e-06
-2.15381e-06
-2.63628e-06
-3.27917e-06
-4.0097e-06
-4.79464e-06
-5.55631e-06
-6.25871e-06
-6.86632e-06
-7.33659e-06
-7.62015e-06
-7.66481e-06
-7.42312e-06
-6.86287e-06
-5.9799e-06
-4.79172e-06
-3.22512e-06
-1.22673e-06
)
;

boundaryField
{
    leftWall
    {
        type            calculated;
        value           uniform 0;
    }
    rightWall
    {
        type            calculated;
        value           uniform 0;
    }
    lowerWall
    {
        type            calculated;
        value           uniform 0;
    }
    atmosphere
    {
        type            calculated;
        value           nonuniform List<scalar> 
46
(
-2.47094e-05
-2.56848e-05
-2.56167e-05
-2.56362e-05
-2.56224e-05
-2.55878e-05
-2.55321e-05
-2.5457e-05
-2.53637e-05
-2.5253e-05
-2.51253e-05
-2.49812e-05
-2.48208e-05
-2.46443e-05
-2.44518e-05
-2.42432e-05
-2.40184e-05
-2.37773e-05
-2.35197e-05
-2.32452e-05
-2.29534e-05
-2.26438e-05
-2.23158e-05
-7.42505e-05
-6.92573e-05
-6.3346e-05
-5.63783e-05
-4.11398e-05
-3.44233e-05
-2.69087e-05
-1.88208e-05
-1.00807e-05
-5.47577e-07
9.68426e-06
2.05405e-05
3.19789e-05
4.38578e-05
5.59557e-05
6.79829e-05
7.95969e-05
9.04237e-05
0.000100084
0.000108229
0.000114778
0.000120463
0.00011676
)
;
    }
    defaultFaces
    {
        type            empty;
        value           nonuniform List<scalar> 0();
    }
}


// ************************************************************************* //
