/*--------------------------------*- C++ -*----------------------------------*\
| =========                 |                                                 |
| \\      /  F ield         | OpenFOAM: The Open Source CFD Toolbox           |
|  \\    /   O peration     | Version:  2206                                  |
|   \\  /    A nd           | Website:  www.openfoam.com                      |
|    \\/     M anipulation  |                                                 |
\*---------------------------------------------------------------------------*/
FoamFile
{
    version     2.0;
    format      ascii;
    arch        "LSB;label=32;scalar=64";
    class       surfaceScalarField;
    location    "0.925";
    object      phi;
}
// * * * * * * * * * * * * * * * * * * * * * * * * * * * * * * * * * * * * * //

dimensions      [0 3 -1 0 0 0 0];

oriented        oriented;

internalField   nonuniform List<scalar> 
4432
(
-1.04131e-06
1.04131e-06
1.38921e-06
-2.43051e-06
4.92632e-06
-3.5371e-06
7.58389e-06
-2.65757e-06
8.9425e-06
-1.35861e-06
9.33829e-06
-3.95789e-07
9.27048e-06
6.7806e-08
9.08796e-06
1.82517e-07
8.95065e-06
1.37306e-07
8.86446e-06
8.61909e-08
8.77008e-06
9.43798e-08
8.60624e-06
1.63846e-07
8.33667e-06
2.6958e-07
7.95379e-06
3.8288e-07
7.46897e-06
4.84832e-07
6.90129e-06
5.6768e-07
6.3182e-06
5.83094e-07
5.7954e-06
5.22809e-07
5.53512e-06
2.60285e-07
5.34928e-06
1.85841e-07
5.90989e-06
-5.60618e-07
6.44575e-06
-5.35858e-07
6.44575e-06
-9.57329e-07
1.99863e-06
1.39737e-06
-4.78521e-06
4.34257e-06
-6.48231e-06
6.51446e-06
-4.82945e-06
7.67226e-06
-2.5164e-06
8.12978e-06
-8.53305e-07
8.28408e-06
-8.64864e-08
8.42446e-06
4.21314e-08
8.6606e-06
-9.88293e-08
8.99858e-06
-2.51788e-07
9.40907e-06
-3.16111e-07
9.8593e-06
-2.86368e-07
1.03313e-05
-2.02444e-07
1.08136e-05
-9.93848e-08
1.13023e-05
-3.87976e-09
1.1835e-05
3.49788e-08
1.24484e-05
-3.029e-08
1.31859e-05
-2.14712e-07
1.39359e-05
-4.89715e-07
1.52493e-05
-1.12759e-06
1.6711e-05
-2.02231e-06
1.31765e-05
2.99867e-06
1.96223e-05
-7.17752e-07
2.71639e-06
1.01964e-06
-6.5226e-06
3.14994e-06
-8.6126e-06
4.75504e-06
-6.43455e-06
5.84228e-06
-3.60364e-06
6.62179e-06
-1.63282e-06
7.27562e-06
-7.40328e-07
7.89339e-06
-5.75634e-07
8.49415e-06
-6.99592e-07
9.063e-06
-8.20632e-07
9.57955e-06
-8.32653e-07
1.00373e-05
-7.44137e-07
1.04372e-05
-6.0229e-07
1.07994e-05
-4.61558e-07
1.1166e-05
-3.70496e-07
1.15952e-05
-3.94261e-07
1.21334e-05
-5.68418e-07
1.29502e-05
-1.03156e-06
1.42797e-05
-1.8192e-06
1.70218e-05
-3.86971e-06
1.91752e-05
-4.17574e-06
1.23272e-05
9.84673e-06
3.19495e-05
-9.42e-07
3.65839e-06
-5.45639e-07
-6.91895e-06
6.98493e-07
-9.85673e-06
2.20176e-06
-7.93781e-06
3.69261e-06
-5.09449e-06
5.09737e-06
-3.03757e-06
6.40919e-06
-2.05215e-06
7.61267e-06
-1.77911e-06
8.69541e-06
-1.78233e-06
9.64258e-06
-1.7678e-06
1.04283e-05
-1.61836e-06
1.10122e-05
-1.32807e-06
1.13581e-05
-9.48185e-07
1.14127e-05
-5.16104e-07
1.1152e-05
-1.09834e-07
1.06658e-05
9.20078e-08
9.96909e-06
1.28256e-07
9.00471e-06
-6.71826e-08
7.94362e-06
-7.5811e-07
7.02899e-06
-2.95508e-06
5.52985e-06
-2.67659e-06
1.74591e-06
1.36307e-05
3.36954e-05
-1.73456e-06
5.39295e-06
-3.56479e-06
-5.08872e-06
-3.34547e-06
-1.00761e-05
-1.18331e-06
-1.01e-05
1.47141e-06
-7.74921e-06
3.91276e-06
-5.47892e-06
5.994e-06
-4.13339e-06
7.77517e-06
-3.56028e-06
9.29275e-06
-3.29991e-06
1.05513e-05
-3.02637e-06
1.15312e-05
-2.59825e-06
1.22086e-05
-2.00546e-06
1.25623e-05
-1.30189e-06
1.25897e-05
-5.43482e-07
1.22214e-05
2.58484e-07
1.13135e-05
9.99855e-07
9.76035e-06
1.68145e-06
7.41465e-06
2.27852e-06
3.83569e-06
2.82085e-06
-1.86118e-06
2.74179e-06
-7.26005e-06
2.72228e-06
-7.17803e-06
1.35487e-05
2.65173e-05
-9.60782e-07
6.35374e-06
-2.55702e-06
-3.49248e-06
-2.45119e-06
-1.01819e-05
-4.1977e-07
-1.21314e-05
2.54295e-06
-1.07119e-05
5.32421e-06
-8.26017e-06
7.55767e-06
-6.36685e-06
9.44451e-06
-5.44712e-06
1.12056e-05
-5.06102e-06
1.28335e-05
-4.6543e-06
1.42839e-05
-4.04865e-06
1.55538e-05
-3.2753e-06
1.65032e-05
-2.25125e-06
1.68651e-05
-9.05365e-07
1.63479e-05
7.75661e-07
1.49001e-05
2.44766e-06
1.25741e-05
4.00739e-06
9.33993e-06
5.51273e-06
5.00252e-06
7.15827e-06
-8.83852e-07
8.62816e-06
-7.1954e-06
9.03383e-06
-6.13215e-06
1.24854e-05
2.03852e-05
6.86897e-06
-5.15233e-07
1.08039e-05
-7.42744e-06
1.1753e-05
-1.11309e-05
1.12155e-05
-1.15939e-05
1.11986e-05
-1.06951e-05
1.21329e-05
-9.1945e-06
1.35367e-05
-7.77062e-06
1.50211e-05
-6.93152e-06
1.65845e-05
-6.62439e-06
1.81422e-05
-6.21198e-06
1.91918e-05
-5.09827e-06
1.93094e-05
-3.3929e-06
1.87685e-05
-1.7104e-06
1.80433e-05
-1.8015e-07
1.71715e-05
1.64744e-06
1.56959e-05
3.92329e-06
1.34625e-05
6.24083e-06
1.07253e-05
8.24989e-06
7.66328e-06
1.02203e-05
4.37699e-06
1.19145e-05
8.93184e-07
1.25176e-05
8.30199e-07
1.25484e-05
2.12154e-05
1.85523e-05
-1.90675e-05
2.19199e-05
-1.07951e-05
1.90514e-05
-8.26233e-06
1.49716e-05
-7.51413e-06
1.30657e-05
-8.78914e-06
1.39149e-05
-1.00437e-05
1.62976e-05
-1.01533e-05
1.87734e-05
-9.40736e-06
2.10529e-05
-8.90385e-06
2.31476e-05
-8.30674e-06
2.44239e-05
-6.37449e-06
2.40109e-05
-2.97993e-06
2.21665e-05
1.34019e-07
2.00939e-05
1.89239e-06
1.84464e-05
3.29494e-06
1.77121e-05
4.65766e-06
1.73524e-05
6.60053e-06
1.67332e-05
8.86906e-06
1.56359e-05
1.13176e-05
1.43154e-05
1.3235e-05
1.25701e-05
1.42629e-05
9.0433e-06
1.60752e-05
3.02587e-05
4.21214e-05
-4.21213e-05
0.000110622
-6.85009e-05
0.000184941
-7.43192e-05
0.000236537
-5.15959e-05
0.000252887
-1.63497e-05
0.000223861
2.90257e-05
0.00015102
7.28417e-05
0.000114493
3.65266e-05
8.40569e-05
3.04362e-05
1.5141e-05
6.89159e-05
-3.62625e-05
5.14034e-05
-2.24086e-05
-1.38539e-05
2.02963e-05
-4.27049e-05
5.93601e-05
-3.90637e-05
6.15311e-05
-2.17106e-06
2.94831e-05
3.2048e-05
-1.61524e-05
4.56356e-05
-3.19633e-05
1.58109e-05
-3.19634e-05
4.94717e-05
-9.15931e-05
8.61148e-05
-0.000105144
0.000135098
-0.000123302
0.000177297
-9.3795e-05
0.000198082
-3.71352e-05
0.000193341
3.37674e-05
0.000197052
6.91306e-05
0.000169058
6.45206e-05
0.000117596
8.18979e-05
8.88482e-05
9.76641e-05
8.54499e-05
5.48017e-05
5.65342e-05
1.50618e-05
5.35732e-05
-3.97439e-05
8.13424e-05
-6.68329e-05
7.64385e-05
2.73286e-06
4.62568e-05
6.22296e-05
4.49114e-06
8.74012e-05
-2.03498e-05
4.06518e-05
-5.23131e-05
0.000102613
-0.000194206
0.000129955
-0.000132486
0.000104543
-9.78907e-05
0.000109233
-9.84848e-05
6.3576e-05
8.52189e-06
5.9122e-05
3.82213e-05
0.000124702
3.55086e-06
0.000135046
5.41767e-05
9.50489e-05
0.000121895
0.000103599
8.91142e-05
8.47547e-05
7.36459e-05
7.51346e-05
2.46819e-05
-5.50658e-06
4.08974e-05
-1.85502e-05
-5.37895e-05
-2.77058e-05
1.18883e-05
-4.28604e-06
3.88098e-05
-6.33433e-06
8.94495e-05
-4.51655e-06
3.8834e-05
-5.68297e-05
0.000113721
-0.000307927
0.000155239
-0.000174004
0.000118172
-6.08232e-05
6.83659e-05
-4.86791e-05
5.16088e-05
2.5279e-05
9.88535e-05
-9.02332e-06
9.33721e-05
9.03235e-06
6.25754e-05
8.49735e-05
3.43513e-05
0.000150119
1.65446e-05
0.000106921
2.23479e-05
6.78427e-05
-4.9951e-05
9.69808e-05
-4.12352e-05
3.21814e-05
4.32452e-06
-9.93493e-05
8.97242e-06
7.24017e-06
-1.32391e-05
6.10215e-05
-4.41522e-05
0.000120363
-1.04435e-05
5.12529e-06
-6.72732e-05
1.18946e-05
-0.000319822
1.47069e-05
-0.000176817
3.69055e-05
-8.3022e-05
2.75452e-05
-3.93187e-05
4.27238e-05
1.01004e-05
8.38299e-06
2.53175e-05
-5.5142e-05
7.25574e-05
-7.91279e-05
0.000108959
-6.17996e-05
0.00013279
-8.10364e-05
0.000126157
-0.000169199
0.000156005
-0.000197424
0.000125205
-9.91447e-05
-6.60975e-05
-3.1379e-05
-0.000167115
-6.61129e-06
-1.75276e-05
-6.18665e-05
0.000116277
-6.32201e-05
0.000121716
-2.86965e-05
-2.93983e-05
-9.59696e-05
-7.11724e-05
-0.000248649
-0.000100003
-0.000147986
-9.8608e-05
-8.44173e-05
-0.000119136
-1.87906e-05
-0.00013678
2.77444e-05
-0.000167849
5.63861e-05
-0.000169471
7.41794e-05
-0.000158026
9.7515e-05
-0.000180843
0.000155607
-0.000238351
0.000183665
-0.000252467
0.000170121
-0.000178306
5.10439e-05
-8.52746e-05
-0.000159129
-3.67532e-05
-0.000215636
-4.04302e-05
-1.38506e-05
-8.26423e-05
0.000158489
-1.48921e-05
5.3966e-05
-1.67981e-05
-2.74924e-05
-0.000112768
-0.000140888
-0.000107761
-0.000206782
-8.20921e-05
-0.000241358
-4.98408e-05
-0.000262141
1.99205e-06
-0.00025304
1.86433e-05
-0.000234012
3.7358e-05
-0.000229196
6.93634e-05
-0.00023037
9.86889e-05
-0.000212052
0.000137289
-0.00018458
0.000156193
-0.000121479
0.00010702
-4.82033e-05
-2.22318e-05
2.05671e-05
-0.000227899
2.36415e-05
-0.000218711
-3.36316e-05
4.34226e-05
-7.1681e-05
0.000196539
2.7555e-06
-2.04704e-05
-8.31861e-06
-1.64183e-05
-0.000121086
-0.000144747
3.69856e-05
-0.000203968
-2.28705e-05
-0.000234409
-1.93999e-05
-0.00025099
1.85731e-05
-0.000263428
3.10809e-05
-0.000259968
3.38983e-05
-0.000243348
5.27431e-05
-0.000206228
6.15686e-05
-0.00015528
8.63413e-05
-0.000103549
0.000104463
-2.96403e-05
3.31109e-05
7.22457e-05
-0.000124118
8.77528e-05
-0.000243406
4.85318e-05
-0.00017949
3.96175e-05
5.23367e-05
3.24663e-05
0.00020369
1.06793e-05
1.31659e-06
-1.36872e-05
7.94816e-06
-0.000134773
-3.28214e-06
-1.57853e-05
-1.58385e-05
1.7614e-06
-2.21834e-05
-1.91728e-06
-1.99311e-05
-9.76635e-06
-1.4637e-05
-1.40832e-05
-1.03561e-05
-1.43246e-05
-5.80198e-06
-1.47074e-05
-8.76654e-07
-1.43327e-05
4.80976e-06
-1.45903e-05
1.10409e-05
-1.45379e-05
1.58497e-05
-1.11833e-05
1.73458e-05
-4.47602e-06
1.77484e-05
-2.6859e-07
1.7587e-05
2.05384e-06
1.74255e-05
3.4564e-06
1.77724e-05
4.31073e-06
1.83277e-05
6.04521e-06
1.83974e-05
8.79943e-06
1.78607e-05
1.18543e-05
1.66673e-05
1.44284e-05
1.48238e-05
1.61064e-05
1.40313e-05
1.68677e-05
2.15401e-05
2.275e-05
-5.13864e-06
-1.06464e-05
-6.58579e-06
3.20894e-06
-2.01942e-06
-6.48346e-06
1.97219e-06
-1.37578e-05
4.92824e-07
-1.26038e-05
-4.52107e-06
-9.31063e-06
-1.19961e-05
-7.23223e-06
-1.80639e-05
-8.26495e-06
-1.9331e-05
-1.33232e-05
-1.64162e-05
-1.74527e-05
-1.56581e-06
-2.60338e-05
1.74699e-05
-2.35118e-05
2.66811e-05
-9.47974e-06
3.09915e-05
-2.2566e-06
3.29643e-05
1.48358e-06
3.4882e-05
2.39308e-06
3.56761e-05
5.2511e-06
3.42154e-05
1.02601e-05
2.95432e-05
1.65265e-05
2.2742e-05
2.12295e-05
1.7933e-05
2.09154e-05
2.04135e-05
1.43872e-05
2.92429e-05
1.27107e-05
-9.09966e-06
-1.54662e-06
-5.07968e-06
-8.10797e-07
-4.94759e-07
-1.10682e-05
2.49843e-06
-1.67509e-05
5.27493e-06
-1.53801e-05
8.34383e-06
-1.23795e-05
1.2594e-05
-1.14824e-05
1.76428e-05
-1.33138e-05
2.13964e-05
-1.7077e-05
2.55233e-05
-2.15798e-05
2.86495e-05
-2.91601e-05
3.39391e-05
-2.88015e-05
4.22929e-05
-1.78336e-05
4.43106e-05
-4.27426e-06
4.16166e-05
4.17761e-06
3.32806e-05
1.07291e-05
2.20944e-05
1.64373e-05
1.43638e-05
1.79906e-05
1.12646e-05
1.96257e-05
-3.30609e-07
3.28248e-05
-3.72984e-05
5.78832e-05
-7.90845e-05
5.61735e-05
6.97118e-05
-0.000119553
-8.49312e-06
6.94661e-06
-7.71844e-06
-1.58533e-06
-4.78037e-06
-1.40062e-05
-2.70575e-06
-1.88254e-05
-3.12852e-07
-1.77731e-05
2.38768e-06
-1.50802e-05
4.73421e-06
-1.38291e-05
4.81898e-06
-1.33985e-05
2.0673e-06
-1.43255e-05
-1.70914e-06
-1.78034e-05
-6.91483e-06
-2.39546e-05
-9.32411e-06
-2.63924e-05
-6.88734e-06
-2.02704e-05
-5.82804e-06
-5.3336e-06
-1.29001e-05
1.12496e-05
-2.83372e-05
2.61662e-05
-4.47702e-05
3.28703e-05
-5.49897e-05
2.821e-05
-6.82073e-05
3.28433e-05
-9.21608e-05
5.67783e-05
-0.000109228
7.49506e-05
-0.000130646
7.75916e-05
8.70968e-05
-0.000148031
-5.52645e-06
1.24731e-05
-4.86105e-06
-2.25076e-06
-3.1431e-06
-1.57242e-05
-1.39582e-06
-2.05728e-05
-3.77294e-07
-1.87918e-05
-2.07565e-07
-1.52501e-05
-1.48283e-06
-1.25539e-05
-4.27085e-06
-1.06108e-05
-8.61783e-06
-9.97851e-06
-1.45442e-05
-1.18771e-05
-2.25379e-05
-1.59611e-05
-3.014e-05
-1.87904e-05
-3.53279e-05
-1.50826e-05
-3.90187e-05
-1.64286e-06
-4.62055e-05
1.84363e-05
-5.64741e-05
3.64348e-05
-6.58619e-05
4.2258e-05
-7.40244e-05
3.63723e-05
-7.98608e-05
3.86795e-05
-8.1897e-05
5.88144e-05
-8.56101e-05
7.86639e-05
-9.43442e-05
8.63256e-05
9.33644e-05
-0.000100612
-4.29237e-06
1.67655e-05
-5.18778e-06
-1.35547e-06
-5.00608e-06
-1.59061e-05
-4.79693e-06
-2.07822e-05
-5.83513e-06
-1.77539e-05
-7.89936e-06
-1.3186e-05
-1.06998e-05
-9.75353e-06
-1.39263e-05
-7.38445e-06
-1.78278e-05
-6.07726e-06
-2.34095e-05
-6.29558e-06
-3.12991e-05
-8.07163e-06
-4.05001e-05
-9.58953e-06
-4.90019e-05
-6.58105e-06
-5.55864e-05
4.94176e-06
-6.10148e-05
2.38648e-05
-6.62197e-05
4.16396e-05
-7.14394e-05
4.74779e-05
-7.73706e-05
4.23036e-05
-7.97823e-05
4.10912e-05
-7.36335e-05
5.2666e-05
-6.42406e-05
6.92711e-05
-5.80016e-05
8.00867e-05
8.5865e-05
-5.05017e-05
-5.09311e-06
2.18586e-05
-6.84073e-06
3.91996e-07
-6.9299e-06
-1.5817e-05
-7.80393e-06
-1.99083e-05
-9.86673e-06
-1.56914e-05
-1.24915e-05
-1.05614e-05
-1.55931e-05
-6.6522e-06
-1.92533e-05
-3.72442e-06
-2.35989e-05
-1.7318e-06
-2.91246e-05
-7.70098e-07
-3.64768e-05
-7.19558e-07
-4.54555e-05
-6.11122e-07
-5.44113e-05
2.37467e-06
-6.09005e-05
1.14311e-05
-6.38157e-05
2.67801e-05
-6.4265e-05
4.20891e-05
-6.49372e-05
4.815e-05
-6.70776e-05
4.44439e-05
-6.75258e-05
4.15394e-05
-6.22088e-05
4.73491e-05
-5.14181e-05
5.84806e-05
-3.85559e-05
6.72246e-05
7.1167e-05
-2.38578e-05
-4.80649e-06
2.6665e-05
-6.89538e-06
2.48066e-06
-8.35293e-06
-1.43598e-05
-1.0487e-05
-1.77746e-05
-1.364e-05
-1.25386e-05
-1.71567e-05
-7.04502e-06
-2.07748e-05
-3.03445e-06
-2.44479e-05
-5.14137e-08
-2.83924e-05
2.21272e-06
-3.30427e-05
3.88023e-06
-3.89933e-05
5.23094e-06
-4.63933e-05
6.789e-06
-5.39481e-05
9.92959e-06
-5.9214e-05
1.6697e-05
-6.01055e-05
2.76715e-05
-5.71708e-05
3.91547e-05
-5.38385e-05
4.48179e-05
-5.27161e-05
4.33218e-05
-5.25071e-05
4.13303e-05
-4.98884e-05
4.47309e-05
-4.30363e-05
5.16282e-05
-3.26876e-05
5.68762e-05
5.84482e-05
-1.99686e-05
-4.92965e-06
3.15946e-05
-7.90821e-06
5.45919e-06
-9.97167e-06
-1.22965e-05
-1.27516e-05
-1.49949e-05
-1.63015e-05
-8.98888e-06
-1.99529e-05
-3.39388e-06
-2.35143e-05
5.26642e-07
-2.69943e-05
3.42841e-06
-3.05451e-05
5.76336e-06
-3.44653e-05
7.80028e-06
-3.90231e-05
9.78863e-06
-4.43365e-05
1.21023e-05
-4.97723e-05
1.53657e-05
-5.35576e-05
2.04823e-05
-5.36589e-05
2.77732e-05
-4.99712e-05
3.54674e-05
-4.53412e-05
4.01877e-05
-4.28969e-05
4.08774e-05
-4.25164e-05
4.09498e-05
-4.14059e-05
4.36209e-05
-3.7528e-05
4.77503e-05
-3.11437e-05
5.04923e-05
5.06616e-05
-2.33565e-05
-4.81932e-06
3.64138e-05
-8.29666e-06
8.93642e-06
-1.08983e-05
-9.69491e-06
-1.40384e-05
-1.18549e-05
-1.7712e-05
-5.31541e-06
-2.13692e-05
2.63144e-07
-2.48061e-05
3.9636e-06
-2.79791e-05
6.60148e-06
-3.10256e-05
8.81018e-06
-3.4122e-05
1.08969e-05
-3.74227e-05
1.30891e-05
-4.09461e-05
1.56257e-05
-4.437e-05
1.87898e-05
-4.67531e-05
2.28654e-05
-4.68297e-05
2.78499e-05
-4.43001e-05
3.2938e-05
-4.08323e-05
3.67204e-05
-3.86933e-05
3.87384e-05
-3.80928e-05
4.03493e-05
-3.72093e-05
4.27379e-05
-3.47254e-05
4.52667e-05
-3.09687e-05
4.67359e-05
4.65134e-05
-2.68204e-05
-4.6425e-06
4.10563e-05
-8.44189e-06
1.27357e-05
-1.14262e-05
-6.71077e-06
-1.46799e-05
-8.60128e-06
-1.82299e-05
-1.7655e-06
-2.16337e-05
3.66651e-06
-2.47011e-05
7.03088e-06
-2.74858e-05
9.38614e-06
-3.00576e-05
1.13821e-05
-3.2506e-05
1.33456e-05
-3.48988e-05
1.54822e-05
-3.72174e-05
1.79448e-05
-3.92839e-05
2.08564e-05
-4.06861e-05
2.42681e-05
-4.08859e-05
2.80497e-05
-3.97372e-05
3.17895e-05
-3.79791e-05
3.49626e-05
-3.66856e-05
3.74452e-05
-3.59967e-05
3.96606e-05
-3.51144e-05
4.18562e-05
-3.35504e-05
4.3703e-05
-3.15931e-05
4.47787e-05
4.46854e-05
-2.97651e-05
-4.36395e-06
4.54204e-05
-8.31948e-06
1.66913e-05
-1.14526e-05
-3.57773e-06
-1.46636e-05
-5.39034e-06
-1.79762e-05
1.54731e-06
-2.1079e-05
6.76933e-06
-2.37949e-05
9.74661e-06
-2.61521e-05
1.17434e-05
-2.82531e-05
1.3483e-05
-3.01807e-05
1.52728e-05
-3.19683e-05
1.72698e-05
-3.35871e-05
1.95638e-05
-3.4931e-05
2.22004e-05
-3.58259e-05
2.51636e-05
-3.61044e-05
2.83286e-05
-3.5772e-05
3.14571e-05
-3.51243e-05
3.43155e-05
-3.45347e-05
3.68555e-05
-3.40578e-05
3.91838e-05
-3.35003e-05
4.12991e-05
-3.28335e-05
4.30365e-05
-3.22731e-05
4.42183e-05
4.45288e-05
-3.21165e-05
-4.02017e-06
4.94405e-05
-8.02554e-06
2.06968e-05
-1.11871e-05
-4.15841e-07
-1.42694e-05
-2.30818e-06
-1.72817e-05
4.55932e-06
-2.00469e-05
9.53455e-06
-2.24178e-05
1.21174e-05
-2.44131e-05
1.37392e-05
-2.61323e-05
1.52027e-05
-2.76633e-05
1.68039e-05
-2.90444e-05
1.8651e-05
-3.02593e-05
2.07789e-05
-3.12466e-05
2.31876e-05
-3.19252e-05
2.58421e-05
-3.22489e-05
2.86528e-05
-3.22696e-05
3.14776e-05
-3.21346e-05
3.41807e-05
-3.19878e-05
3.67087e-05
-3.18796e-05
3.90755e-05
-3.1841e-05
4.12607e-05
-3.19884e-05
4.31842e-05
-3.25117e-05
4.47418e-05
4.56807e-05
-3.36637e-05
-3.71446e-06
5.3155e-05
-7.69094e-06
2.4673e-05
-1.07857e-05
2.6789e-06
-1.36887e-05
5.95073e-07
-1.63853e-05
7.25585e-06
-1.88187e-05
1.19677e-05
-2.08775e-05
1.41761e-05
-2.25782e-05
1.54398e-05
-2.40136e-05
1.66379e-05
-2.52668e-05
1.80568e-05
-2.63765e-05
1.97605e-05
-2.73398e-05
2.17423e-05
-2.81251e-05
2.39733e-05
-2.86944e-05
2.64113e-05
-2.90357e-05
2.89939e-05
-2.91949e-05
3.1637e-05
-2.92718e-05
3.42578e-05
-2.9371e-05
3.68079e-05
-2.95732e-05
3.92777e-05
-2.99743e-05
4.16618e-05
-3.07243e-05
4.39341e-05
-3.20321e-05
4.605e-05
4.78602e-05
-3.42118e-05
-3.56287e-06
5.67181e-05
-7.46472e-06
2.85751e-05
-1.04444e-05
5.65831e-06
-1.31157e-05
3.26638e-06
-1.54807e-05
9.62078e-06
-1.75977e-05
1.40839e-05
-1.93714e-05
1.59498e-05
-2.08271e-05
1.68957e-05
-2.20465e-05
1.78575e-05
-2.31005e-05
1.91109e-05
-2.40212e-05
2.06812e-05
-2.48092e-05
2.25299e-05
-2.54484e-05
2.46127e-05
-2.59235e-05
2.68869e-05
-2.62377e-05
2.93081e-05
-2.64284e-05
3.18277e-05
-2.65718e-05
3.44014e-05
-2.67652e-05
3.70013e-05
-2.71108e-05
3.96234e-05
-2.773e-05
4.22812e-05
-2.87893e-05
4.4993e-05
-3.05261e-05
4.77871e-05
5.07088e-05
-3.33748e-05
-3.63029e-06
6.03481e-05
-7.44781e-06
3.23925e-05
-1.02862e-05
8.49698e-06
-1.26845e-05
5.66461e-06
-1.47095e-05
1.1646e-05
-1.65037e-05
1.58779e-05
-1.80091e-05
1.74554e-05
-1.92401e-05
1.81268e-05
-2.0269e-05
1.88862e-05
-2.11535e-05
1.99953e-05
-2.19157e-05
2.14437e-05
-2.25539e-05
2.31684e-05
-2.30582e-05
2.5117e-05
-2.3423e-05
2.72521e-05
-2.36586e-05
2.95439e-05
-2.3798e-05
3.19671e-05
-2.39013e-05
3.45047e-05
-2.40528e-05
3.71528e-05
-2.43552e-05
3.99259e-05
-2.49339e-05
4.28601e-05
-2.5952e-05
4.60109e-05
-2.76382e-05
4.94733e-05
5.35442e-05
-3.04737e-05
-3.91398e-06
6.4262e-05
-7.66717e-06
3.61453e-05
-1.03759e-05
1.1206e-05
-1.24785e-05
7.76715e-06
-1.41464e-05
1.33133e-05
-1.56169e-05
1.73483e-05
-1.68452e-05
1.86836e-05
-1.78445e-05
1.91261e-05
-1.86746e-05
1.97163e-05
-1.93803e-05
2.07008e-05
-1.99753e-05
2.20384e-05
-2.04543e-05
2.36475e-05
-2.08087e-05
2.54715e-05
-2.10356e-05
2.74792e-05
-2.11451e-05
2.96537e-05
-2.11635e-05
3.19856e-05
-2.11351e-05
3.44763e-05
-2.11235e-05
3.71414e-05
-2.12122e-05
4.00149e-05
-2.15049e-05
4.31528e-05
-2.21284e-05
4.66342e-05
-2.3243e-05
5.0588e-05
5.54821e-05
-2.51808e-05
-4.36391e-06
6.8626e-05
-8.11492e-06
3.98961e-05
-1.07482e-05
1.38391e-05
-1.25497e-05
9.56925e-06
-1.38352e-05
1.45981e-05
-1.49612e-05
1.84743e-05
-1.58973e-05
1.96196e-05
-1.66438e-05
1.98725e-05
-1.72492e-05
2.03215e-05
-1.77483e-05
2.11998e-05
-1.81487e-05
2.24385e-05
-1.84423e-05
2.3941e-05
-1.86198e-05
2.56493e-05
-1.86776e-05
2.75372e-05
-1.86203e-05
2.95967e-05
-1.84632e-05
3.18288e-05
-1.82322e-05
3.42453e-05
-1.79642e-05
3.68734e-05
-1.77087e-05
3.97596e-05
-1.75273e-05
4.29714e-05
-1.74878e-05
4.65949e-05
-1.76566e-05
5.07569e-05
5.5913e-05
-1.80874e-05
-4.919e-06
7.35449e-05
-8.78509e-06
4.37624e-05
-1.14289e-05
1.64831e-05
-1.29316e-05
1.10724e-05
-1.37931e-05
1.54594e-05
-1.45418e-05
1.92232e-05
-1.51597e-05
2.02377e-05
-1.56256e-05
2.03386e-05
-1.5977e-05
2.06728e-05
-1.62405e-05
2.14631e-05
-1.64186e-05
2.26167e-05
-1.65015e-05
2.4024e-05
-1.6478e-05
2.5626e-05
-1.63405e-05
2.74e-05
-1.60862e-05
2.93425e-05
-1.57169e-05
3.14597e-05
-1.52384e-05
3.37671e-05
-1.46593e-05
3.62944e-05
-1.39892e-05
3.90898e-05
-1.32386e-05
4.22209e-05
-1.2411e-05
4.57674e-05
-1.14867e-05
4.98326e-05
5.4737e-05
-1.03107e-05
-5.54637e-06
7.9091e-05
-9.70143e-06
4.79174e-05
-1.24651e-05
1.92473e-05
-1.3666e-05
1.2273e-05
-1.40425e-05
1.58362e-05
-1.43511e-05
1.95318e-05
-1.46107e-05
2.04977e-05
-1.47657e-05
2.04939e-05
-1.4835e-05
2.07421e-05
-1.48395e-05
2.14675e-05
-1.47775e-05
2.25547e-05
-1.46361e-05
2.38828e-05
-1.43997e-05
2.53898e-05
-1.40553e-05
2.70557e-05
-1.35905e-05
2.88779e-05
-1.29941e-05
3.08637e-05
-1.22533e-05
3.30267e-05
-1.13513e-05
3.53925e-05
-1.02626e-05
3.80011e-05
-8.9491e-06
4.09075e-05
-7.35654e-06
4.41747e-05
-5.39201e-06
4.7868e-05
5.21401e-05
-2.79513e-06
-6.23634e-06
8.53272e-05
-1.09127e-05
5.25936e-05
-1.39278e-05
2.22629e-05
-1.48193e-05
1.31642e-05
-1.46043e-05
1.56216e-05
-1.43734e-05
1.93008e-05
-1.42141e-05
2.03387e-05
-1.40205e-05
2.03004e-05
-1.37836e-05
2.0505e-05
-1.35155e-05
2.11992e-05
-1.32089e-05
2.22481e-05
-1.28439e-05
2.3518e-05
-1.23992e-05
2.49454e-05
-1.18538e-05
2.65105e-05
-1.11863e-05
2.82105e-05
-1.03727e-05
3.00503e-05
-9.38585e-06
3.20402e-05
-8.19041e-06
3.41971e-05
-6.73639e-06
3.65469e-05
-4.95223e-06
3.91232e-05
-2.7429e-06
4.19652e-05
4.00339e-08
4.50851e-05
4.85594e-05
3.62088e-06
-6.94984e-06
9.2277e-05
-1.24571e-05
5.81009e-05
-1.58872e-05
2.5693e-05
-1.64582e-05
1.37351e-05
-1.54747e-05
1.4638e-05
-1.45732e-05
1.83992e-05
-1.39128e-05
1.96785e-05
-1.33282e-05
1.97158e-05
-1.27681e-05
1.99446e-05
-1.22259e-05
2.0657e-05
-1.16831e-05
2.17054e-05
-1.11102e-05
2.29453e-05
-1.04766e-05
2.4312e-05
-9.75272e-06
2.57867e-05
-8.90838e-06
2.73662e-05
-7.91029e-06
2.90522e-05
-6.72034e-06
3.08503e-05
-5.29167e-06
3.27684e-05
-3.56358e-06
3.48185e-05
-1.45157e-06
3.7011e-05
1.16829e-06
3.93454e-05
4.40215e-06
4.18513e-05
4.44598e-05
8.50199e-06
-7.60759e-06
9.98845e-05
-1.42877e-05
6.47813e-05
-1.83118e-05
2.97168e-05
-1.85418e-05
1.39655e-05
-1.66473e-05
1.27432e-05
-1.48658e-05
1.66178e-05
-1.36109e-05
1.84237e-05
-1.26045e-05
1.87092e-05
-1.17188e-05
1.90589e-05
-1.09179e-05
1.98562e-05
-1.01639e-05
2.09515e-05
-9.4129e-06
2.21942e-05
-8.623e-06
2.35219e-05
-7.75565e-06
2.49194e-05
-6.77326e-06
2.63837e-05
-5.63623e-06
2.7915e-05
-4.30127e-06
2.95153e-05
-2.7177e-06
3.11847e-05
-8.23195e-07
3.29239e-05
1.46807e-06
3.47197e-05
4.24916e-06
3.65645e-05
7.6669e-06
3.84338e-05
4.02629e-05
1.18639e-05
-7.91518e-06
0.0001078
-1.6132e-05
7.2998e-05
-2.08915e-05
3.44766e-05
-2.0861e-05
1.39352e-05
-1.78952e-05
9.77731e-06
-1.50734e-05
1.37961e-05
-1.31514e-05
1.65018e-05
-1.17236e-05
1.72812e-05
-1.05474e-05
1.78827e-05
-9.53221e-06
1.88411e-05
-8.61357e-06
2.00328e-05
-7.72994e-06
2.13102e-05
-6.82797e-06
2.26197e-05
-5.86126e-06
2.39527e-05
-4.78749e-06
2.53099e-05
-3.56388e-06
2.66914e-05
-2.14535e-06
2.80967e-05
-4.82144e-07
2.95214e-05
1.48832e-06
3.09535e-05
3.82842e-06
3.23795e-05
6.63014e-06
3.37629e-05
9.98843e-06
3.50755e-05
3.62588e-05
1.39925e-05
-6.24623e-06
0.000114046
-1.68849e-05
8.36366e-05
-2.26589e-05
4.02508e-05
-2.26566e-05
1.39329e-05
-1.87783e-05
5.89903e-06
-1.48821e-05
9.90005e-06
-1.23047e-05
1.39243e-05
-1.05349e-05
1.55113e-05
-9.15622e-06
1.65041e-05
-8.00923e-06
1.76943e-05
-6.99763e-06
1.90212e-05
-6.04393e-06
2.03563e-05
-5.08512e-06
2.16608e-05
-4.07017e-06
2.29378e-05
-2.95412e-06
2.4194e-05
-1.69561e-06
2.54329e-05
-2.50086e-07
2.66512e-05
1.43034e-06
2.78409e-05
3.39666e-06
2.89871e-05
5.706e-06
3.007e-05
8.41001e-06
3.10589e-05
1.15745e-05
3.19111e-05
3.25749e-05
1.52583e-05
-7.35322e-07
0.000114781
-1.35578e-05
9.64592e-05
-2.1443e-05
4.81361e-05
-2.23314e-05
1.48213e-05
-1.84217e-05
1.98953e-06
-1.38259e-05
5.30424e-06
-1.07991e-05
1.08975e-05
-8.88563e-06
1.35979e-05
-7.46171e-06
1.50804e-05
-6.30419e-06
1.6537e-05
-5.29573e-06
1.80127e-05
-4.34766e-06
1.94081e-05
-3.3946e-06
2.07077e-05
-2.38603e-06
2.19294e-05
-1.27808e-06
2.30861e-05
-2.95838e-08
2.41844e-05
1.39966e-06
2.52218e-05
3.04888e-06
2.61916e-05
4.95656e-06
2.70794e-05
7.16007e-06
2.78666e-05
9.69791e-06
2.85211e-05
1.26066e-05
2.90027e-05
2.9259e-05
1.59225e-05
8.82024e-06
0.000105961
-3.36701e-06
0.000108647
-1.46937e-05
5.94625e-05
-1.80596e-05
1.81876e-05
-1.55769e-05
-4.93014e-07
-1.13657e-05
1.09301e-06
-8.41504e-06
7.94708e-06
-6.67073e-06
1.18539e-05
-5.42381e-06
1.38336e-05
-4.40799e-06
1.55211e-05
-3.51045e-06
1.71151e-05
-2.64977e-06
1.85473e-05
-1.76598e-06
1.98238e-05
-8.16311e-07
2.09795e-05
2.41031e-07
2.20286e-05
1.43987e-06
2.29853e-05
2.81115e-06
2.38503e-05
4.38401e-06
2.46186e-05
6.18545e-06
2.5278e-05
8.24219e-06
2.581e-05
1.05781e-05
2.61854e-05
1.32112e-05
2.63698e-05
2.6315e-05
1.61553e-05
1.52035e-05
9.07574e-05
9.34763e-06
0.000114502
-2.83638e-06
7.16465e-05
-9.25376e-06
2.46053e-05
-9.81493e-06
6.81381e-08
-7.28017e-06
-1.44172e-06
-5.15421e-06
5.82141e-06
-3.9357e-06
1.06355e-05
-3.09017e-06
1.29878e-05
-2.36094e-06
1.47915e-05
-1.67925e-06
1.6433e-05
-9.80259e-07
1.7848e-05
-2.24734e-07
1.9068e-05
6.26816e-07
2.01277e-05
1.59469e-06
2.10605e-05
2.70544e-06
2.18744e-05
3.98162e-06
2.2574e-05
5.44368e-06
2.31565e-05
7.10983e-06
2.36119e-05
8.99637e-06
2.39237e-05
1.11153e-05
2.40667e-05
1.34733e-05
2.4012e-05
2.37208e-05
1.60675e-05
1.65368e-05
7.42208e-05
1.76042e-05
0.000113435
8.872e-06
8.0379e-05
1.15551e-06
3.23218e-05
-1.68456e-06
2.90802e-06
-2.0253e-06
-1.10089e-06
-1.3956e-06
5.19191e-06
-9.10256e-07
1.01501e-05
-6.04941e-07
1.26822e-05
-2.77755e-07
1.44639e-05
1.33436e-07
1.60216e-05
6.22624e-07
1.73586e-05
1.21344e-06
1.8477e-05
1.9214e-06
1.94196e-05
2.76518e-06
2.02166e-05
3.75823e-06
2.08813e-05
4.91317e-06
2.1419e-05
6.24173e-06
2.18279e-05
7.75398e-06
2.20997e-05
9.45729e-06
2.22203e-05
1.13548e-05
2.21691e-05
1.34456e-05
2.19213e-05
2.14483e-05
1.5718e-05
1.33414e-05
6.08794e-05
1.89887e-05
0.000107787
1.57238e-05
8.36442e-05
9.72397e-06
3.83214e-05
5.30478e-06
7.32717e-06
3.48166e-06
7.2242e-07
2.67507e-06
5.99856e-06
2.15177e-06
1.06732e-05
1.85483e-06
1.29789e-05
1.76403e-06
1.45545e-05
1.84506e-06
1.59404e-05
2.08997e-06
1.71136e-05
2.4886e-06
1.80783e-05
3.03768e-06
1.88705e-05
3.7392e-06
1.95151e-05
4.59641e-06
2.00241e-05
5.61317e-06
2.04021e-05
6.79314e-06
2.06476e-05
8.13902e-06
2.07535e-05
9.65121e-06
2.07079e-05
1.13266e-05
2.04936e-05
1.3158e-05
2.00897e-05
1.9476e-05
1.51302e-05
8.13562e-06
5.27435e-05
1.58394e-05
0.000100084
1.77469e-05
8.17366e-05
1.5358e-05
4.07102e-05
1.13582e-05
1.13271e-05
8.09964e-06
3.98117e-06
6.05354e-06
8.04454e-06
4.80936e-06
1.19173e-05
4.0253e-06
1.37629e-05
3.55604e-06
1.50238e-05
3.34681e-06
1.61496e-05
3.3608e-06
1.70995e-05
3.56974e-06
1.78693e-05
3.95558e-06
1.84846e-05
4.50829e-06
1.89623e-05
5.22144e-06
1.93109e-05
6.09096e-06
1.95324e-05
7.11359e-06
1.96246e-05
8.2859e-06
1.95808e-05
9.60293e-06
1.93904e-05
1.1057e-05
1.90392e-05
1.26364e-05
1.85101e-05
1.77887e-05
1.43237e-05
3.5236e-06
4.92197e-05
1.17624e-05
9.18446e-05
1.7402e-05
7.60968e-05
1.82873e-05
3.9825e-05
1.53321e-05
1.42826e-05
1.1449e-05
7.86424e-06
8.63318e-06
1.08601e-05
6.90302e-06
1.36473e-05
5.77013e-06
1.48959e-05
5.01466e-06
1.57794e-05
4.56946e-06
1.65947e-05
4.38669e-06
1.72821e-05
4.42588e-06
1.78299e-05
4.65891e-06
1.82514e-05
5.06727e-06
1.85538e-05
5.63682e-06
1.87412e-05
6.35751e-06
1.88114e-05
7.22071e-06
1.8761e-05
8.21834e-06
1.85828e-05
9.34148e-06
1.82669e-05
1.0579e-05
1.78014e-05
1.19166e-05
1.71725e-05
1.63701e-05
1.33354e-05
8.64737e-07
4.83549e-05
9.04802e-06
8.36612e-05
1.68175e-05
6.83272e-05
1.96173e-05
3.70254e-05
1.73613e-05
1.65387e-05
1.33623e-05
1.1863e-05
1.02821e-05
1.39401e-05
8.33985e-06
1.55895e-05
7.01233e-06
1.62235e-05
6.07568e-06
1.6716e-05
5.46703e-06
1.72031e-05
5.13579e-06
1.7613e-05
5.03679e-06
1.79287e-05
5.13749e-06
1.81506e-05
5.41358e-06
1.82776e-05
5.84765e-06
1.8307e-05
6.4249e-06
1.8234e-05
7.13341e-06
1.80523e-05
7.96191e-06
1.77542e-05
8.89879e-06
1.73299e-05
9.93105e-06
1.67692e-05
1.10435e-05
1.60601e-05
1.51967e-05
1.22171e-05
1.62254e-07
4.81925e-05
8.19799e-06
7.56253e-05
1.66644e-05
5.98609e-05
1.99003e-05
3.37897e-05
1.78086e-05
1.86303e-05
1.39817e-05
1.56896e-05
1.10378e-05
1.68838e-05
9.11611e-06
1.75113e-05
7.73475e-06
1.7605e-05
6.71934e-06
1.77314e-05
6.02163e-06
1.79006e-05
5.59393e-06
1.80406e-05
5.39339e-06
1.81292e-05
5.38684e-06
1.81571e-05
5.54932e-06
1.81151e-05
5.86122e-06
1.7995e-05
6.30627e-06
1.77888e-05
6.87053e-06
1.74879e-05
7.54126e-06
1.70835e-05
8.30549e-06
1.65658e-05
9.14958e-06
1.59251e-05
1.00595e-05
1.51504e-05
1.42394e-05
1.10169e-05
6.30898e-07
4.75615e-05
8.57194e-06
6.76845e-05
1.6585e-05
5.1848e-05
1.9209e-05
3.11657e-05
1.70101e-05
2.0829e-05
1.35945e-05
1.91052e-05
1.10447e-05
1.94337e-05
9.29659e-06
1.92596e-05
7.97008e-06
1.89315e-05
6.9619e-06
1.87394e-05
6.24024e-06
1.86221e-05
5.76457e-06
1.85162e-05
5.49793e-06
1.8396e-05
5.41126e-06
1.82439e-05
5.48104e-06
1.80453e-05
5.68803e-06
1.77878e-05
6.01603e-06
1.74605e-05
6.45081e-06
1.7053e-05
6.97928e-06
1.65551e-05
7.58859e-06
1.59565e-05
8.26586e-06
1.52479e-05
8.99647e-06
1.44198e-05
1.34682e-05
9.76772e-06
1.57226e-06
4.59894e-05
9.22067e-06
6.00364e-05
1.5995e-05
4.50739e-05
1.75584e-05
2.96022e-05
1.53222e-05
2.30652e-05
1.25218e-05
2.19058e-05
1.04798e-05
2.14758e-05
8.98079e-06
2.07586e-05
7.78258e-06
2.01296e-05
6.84522e-06
1.96767e-05
6.14996e-06
1.93173e-05
5.66615e-06
1.9e-05
5.36546e-06
1.86967e-05
5.22437e-06
1.8385e-05
5.2228e-06
1.80466e-05
5.3437e-06
1.76666e-05
5.57227e-06
1.72316e-05
5.89456e-06
1.67305e-05
6.29821e-06
1.61513e-05
6.77104e-06
1.54835e-05
7.30055e-06
1.47181e-05
7.87458e-06
1.38456e-05
1.28619e-05
8.48087e-06
2.33138e-06
4.36583e-05
9.37503e-06
5.29931e-05
1.45728e-05
3.98761e-05
1.51482e-05
2.90269e-05
1.31365e-05
2.5077e-05
1.105e-05
2.39924e-05
9.51153e-06
2.30143e-05
8.28236e-06
2.19877e-05
7.25388e-06
2.11579e-05
6.42708e-06
2.05034e-05
5.79273e-06
1.99516e-05
5.33096e-06
1.94617e-05
5.02267e-06
1.90049e-05
4.85033e-06
1.8557e-05
4.79805e-06
1.80984e-05
4.85159e-06
1.76126e-05
4.99778e-06
1.7085e-05
5.22358e-06
1.65044e-05
5.51851e-06
1.58561e-05
5.87024e-06
1.51316e-05
6.26681e-06
1.43213e-05
6.69686e-06
1.34154e-05
1.2407e-05
7.15182e-06
2.69527e-06
4.09633e-05
8.77715e-06
4.69113e-05
1.24202e-05
3.62329e-05
1.23637e-05
2.90833e-05
1.08101e-05
2.66306e-05
9.39698e-06
2.54055e-05
8.28308e-06
2.4128e-05
7.31415e-06
2.29564e-05
6.47038e-06
2.20016e-05
5.77274e-06
2.1201e-05
5.21934e-06
2.05049e-05
4.80023e-06
1.98806e-05
4.50385e-06
1.93009e-05
4.3184e-06
1.8742e-05
4.23208e-06
1.81842e-05
4.23402e-06
1.76102e-05
4.3146e-06
1.70042e-05
4.45638e-06
1.63625e-05
4.65536e-06
1.5657e-05
4.89629e-06
1.48904e-05
5.1713e-06
1.4046e-05
5.47008e-06
1.31164e-05
1.2098e-05
5.77899e-06
2.68669e-06
3.82767e-05
7.58121e-06
4.20167e-05
9.91673e-06
3.38973e-05
9.61006e-06
2.939e-05
8.58553e-06
2.76551e-05
7.69875e-06
2.62921e-05
6.91393e-06
2.49127e-05
6.17247e-06
2.36978e-05
5.50785e-06
2.26663e-05
4.94129e-06
2.17677e-05
4.47649e-06
2.09697e-05
4.11124e-06
2.02457e-05
3.83956e-06
1.95723e-05
3.65475e-06
1.89264e-05
3.54862e-06
1.82901e-05
3.51251e-06
1.76461e-05
3.53312e-06
1.69836e-05
3.60743e-06
1.62882e-05
3.71951e-06
1.5545e-05
3.86643e-06
1.47434e-05
4.03557e-06
1.38765e-05
4.22001e-06
1.29316e-05
1.19025e-05
4.41533e-06
2.39585e-06
3.58808e-05
6.06262e-06
3.83498e-05
7.42667e-06
3.25333e-05
7.1273e-06
2.96894e-05
6.54485e-06
2.82374e-05
6.01169e-06
2.68251e-05
5.46772e-06
2.54565e-05
4.92272e-06
2.42428e-05
4.41619e-06
2.3173e-05
3.9732e-06
2.22109e-05
3.5987e-06
2.13444e-05
3.2949e-06
2.05495e-05
3.05756e-06
1.98095e-05
2.88437e-06
1.90995e-05
2.7712e-06
1.84031e-05
2.71127e-06
1.77061e-05
2.69515e-06
1.69998e-05
2.71348e-06
1.627e-05
2.75975e-06
1.54987e-05
2.83418e-06
1.46689e-05
2.91878e-06
1.37917e-05
3.0129e-06
1.28374e-05
1.17999e-05
3.1157e-06
1.9951e-06
3.38857e-05
4.615e-06
3.57299e-05
5.32e-06
3.18283e-05
5.10792e-06
2.99014e-05
4.806e-06
2.85392e-05
4.47523e-06
2.71558e-05
4.09533e-06
2.58364e-05
3.70236e-06
2.46359e-05
3.32768e-06
2.35479e-05
2.98964e-06
2.25491e-05
2.69761e-06
2.16366e-05
2.45373e-06
2.07935e-05
2.25831e-06
2.0005e-05
2.10788e-06
1.92499e-05
2.0019e-06
1.85091e-05
1.92981e-06
1.77782e-05
1.8862e-06
1.70434e-05
1.87309e-06
1.62831e-05
1.87378e-06
1.54981e-05
1.88085e-06
1.46621e-05
1.8976e-06
1.37751e-05
1.92197e-06
1.28128e-05
1.17922e-05
1.92946e-06
1.18641e-06
2.4476e-06
2.70434e-06
2.6075e-06
2.47861e-06
2.31159e-06
2.1092e-06
1.89861e-06
1.70056e-06
1.51545e-06
1.35224e-06
1.21467e-06
1.10527e-06
1.01883e-06
9.45779e-07
8.87871e-07
8.469e-07
8.1335e-07
7.92495e-07
7.73837e-07
7.59077e-07
7.36186e-07
7.24412e-07
5.54753e-06
1.72024e-05
-3.39077e-05
3.94553e-05
-8.17792e-05
4.78715e-05
4.05993e-05
-0.000122378
-4.54356e-05
7.53487e-05
-0.000103512
9.75316e-05
-0.000128409
7.27686e-05
4.77333e-05
-0.000135543
-0.00014409
9.98852e-05
-0.000141202
9.46436e-05
-0.000137254
6.88205e-05
4.1728e-05
-0.000131248
-0.000154618
0.000106472
-0.000148699
8.87246e-05
-0.000136402
5.65241e-05
3.61967e-05
-0.000130871
-0.000102536
0.000108396
-0.00010168
8.78688e-05
-9.69203e-05
5.17644e-05
2.17728e-05
-8.24964e-05
-3.8574e-05
9.64687e-05
-2.78427e-05
7.71375e-05
-1.98062e-05
4.37278e-05
1.18667e-05
-9.90012e-06
-5.94034e-06
7.85511e-05
8.62853e-06
6.25689e-05
1.6069e-05
3.62878e-05
1.05217e-05
1.7414e-05
-4.86593e-06
6.34486e-05
6.53236e-06
5.1171e-05
1.11541e-05
3.16663e-05
1.2062e-05
9.61376e-06
-1.43616e-05
5.44539e-05
-7.88832e-06
4.46977e-05
-6.10233e-06
2.98804e-05
1.4568e-05
-8.60843e-06
-2.25575e-05
5.0191e-05
-2.01676e-05
4.23076e-05
-2.07065e-05
3.04191e-05
1.79585e-05
-2.4097e-05
-2.8438e-05
4.88639e-05
-2.86824e-05
4.2552e-05
-3.09801e-05
3.27166e-05
2.20812e-05
-3.51028e-05
-3.28765e-05
4.96238e-05
-3.51223e-05
4.47978e-05
-3.89667e-05
3.65611e-05
2.6758e-05
-4.36435e-05
-3.61722e-05
5.21326e-05
-4.03351e-05
4.89607e-05
-4.60301e-05
4.22561e-05
3.24219e-05
-5.1694e-05
-3.84192e-05
5.63401e-05
-4.53362e-05
5.58778e-05
-5.5068e-05
5.19881e-05
4.13585e-05
-6.40046e-05
-3.91368e-05
6.21021e-05
-4.91628e-05
6.59037e-05
-6.28704e-05
6.56957e-05
5.17425e-05
-7.32543e-05
-3.65403e-05
6.8169e-05
-4.72777e-05
7.66412e-05
-6.10208e-05
7.94388e-05
6.04022e-05
-6.96803e-05
-2.95499e-05
7.25384e-05
-3.77897e-05
8.48812e-05
-4.93058e-05
9.09548e-05
7.03996e-05
-5.93031e-05
-1.92431e-05
7.36943e-05
-2.24612e-05
8.80993e-05
-2.99766e-05
9.84701e-05
8.28484e-05
-4.24255e-05
-8.11719e-06
7.15008e-05
-5.07701e-06
8.50589e-05
-5.59147e-06
9.89846e-05
9.32516e-05
-1.59947e-05
1.97254e-06
6.6733e-05
9.66978e-06
7.73616e-05
1.8149e-05
9.05053e-05
9.33601e-05
1.80406e-05
9.48624e-06
6.08675e-05
1.92146e-05
6.76331e-05
3.31756e-05
7.65444e-05
8.2392e-05
4.41437e-05
1.48093e-05
5.45602e-05
2.40645e-05
5.83778e-05
3.80001e-05
6.26088e-05
6.63199e-05
5.4072e-05
1.79817e-05
4.84424e-05
2.59653e-05
5.0394e-05
3.70405e-05
5.15336e-05
5.16733e-05
5.1687e-05
1.95989e-05
4.28359e-05
2.63752e-05
4.36176e-05
3.46976e-05
4.32111e-05
4.12374e-05
4.51334e-05
2.02244e-05
3.78699e-05
2.59859e-05
3.7856e-05
3.2498e-05
3.6699e-05
3.41045e-05
3.96308e-05
2.02493e-05
3.35433e-05
2.51438e-05
3.29617e-05
3.04305e-05
3.14125e-05
2.87687e-05
3.57664e-05
1.99044e-05
2.97946e-05
2.40547e-05
2.88117e-05
2.84061e-05
2.70612e-05
2.44871e-05
3.26878e-05
1.9313e-05
2.65494e-05
2.28288e-05
2.5296e-05
2.64522e-05
2.34377e-05
2.09462e-05
2.99933e-05
1.85235e-05
2.37441e-05
2.15007e-05
2.23189e-05
2.45424e-05
2.03959e-05
1.79685e-05
2.75202e-05
1.75397e-05
2.13347e-05
2.00517e-05
1.98068e-05
2.2593e-05
1.78543e-05
1.54825e-05
2.50789e-05
1.63654e-05
1.92931e-05
1.84635e-05
1.77086e-05
2.0558e-05
1.57597e-05
1.34558e-05
2.25846e-05
1.50371e-05
1.75915e-05
1.67671e-05
1.59785e-05
1.84741e-05
1.40525e-05
1.18261e-05
2.01037e-05
1.36158e-05
1.61927e-05
1.50294e-05
1.45647e-05
1.64176e-05
1.26642e-05
1.05105e-05
1.77331e-05
1.21559e-05
1.50535e-05
1.33046e-05
1.34158e-05
1.44329e-05
1.1536e-05
9.44221e-06
1.5501e-05
1.06841e-05
1.41367e-05
1.16094e-05
1.24904e-05
1.25123e-05
1.06332e-05
8.59331e-06
1.33611e-05
9.19925e-06
1.3418e-05
9.91862e-06
1.17711e-05
1.06078e-05
9.94419e-06
7.95608e-06
1.12447e-05
7.68196e-06
1.28876e-05
8.20567e-06
1.12472e-05
8.69268e-06
9.45713e-06
7.50685e-06
9.14161e-06
6.14198e-06
1.25242e-05
6.48652e-06
1.09025e-05
6.8136e-06
9.12996e-06
7.19669e-06
7.12363e-06
4.63551e-06
1.23039e-05
4.85161e-06
1.06865e-05
5.05784e-06
8.9238e-06
6.99247e-06
5.26184e-06
3.2198e-06
1.21998e-05
3.32349e-06
1.05827e-05
3.41479e-06
8.83245e-06
6.89524e-06
3.51203e-06
1.94363e-06
1.21858e-05
1.94599e-06
1.05805e-05
1.97041e-06
8.8079e-06
6.852e-06
2.01396e-06
7.05653e-07
7.0066e-07
7.0854e-07
7.40062e-07
-0.000116342
3.09489e-05
-0.00011382
-2.53927e-05
-0.000109449
-2.377e-05
-0.000104915
1.40392e-05
-0.000120463
4.66283e-05
-0.000131562
4.49966e-05
-0.000133471
5.46519e-05
-0.000124002
5.20994e-05
-9.88101e-05
6.115e-05
-5.6511e-05
6.21634e-05
1.419e-05
-3.75905e-05
7.02411e-05
-0.000180169
4.90675e-05
-0.000222233
2.20981e-05
-0.00015252
4.94157e-05
2.50194e-05
8.12571e-05
0.000171849
3.42063e-05
4.83674e-05
1.74561e-05
2.46983e-05
-0.000117317
-0.000130619
2.60246e-05
-0.000127312
-2.86993e-05
-0.000111164
-3.99187e-05
-8.18584e-05
-1.5266e-05
-6.91073e-05
3.38774e-05
-9.48689e-05
7.07581e-05
-0.000119042
7.88247e-05
-0.00012316
5.62183e-05
-0.000102181
4.01701e-05
-4.19576e-05
1.94029e-06
3.59654e-05
-0.000115514
6.31041e-05
-0.000207307
4.02586e-05
-0.000199387
1.91004e-05
-0.000131362
5.39483e-05
-9.8286e-06
9.37252e-05
0.000132072
5.11734e-05
9.09192e-05
1.99536e-05
5.59179e-05
-9.73637e-05
-0.00013613
3.09062e-05
-0.000140693
-2.41368e-05
-0.000123328
-5.72838e-05
-8.63953e-05
-5.21985e-05
-4.27527e-05
-9.76516e-06
-2.78244e-05
5.58296e-05
-7.09101e-05
0.00012191
-9.00933e-05
7.54017e-05
-6.1794e-05
1.18705e-05
3.72889e-06
-6.35824e-05
4.89205e-05
-0.000160705
4.15268e-05
-0.000199914
2.09413e-05
-0.000178802
2.7142e-05
-0.000137563
5.17405e-05
-3.44269e-05
8.27926e-05
0.00010102
4.14021e-05
0.00013231
1.0183e-05
8.71371e-05
-8.71808e-05
-0.000122333
2.23687e-05
-0.000111577
-3.48932e-05
-0.000114973
-5.38875e-05
-9.5047e-05
-7.21243e-05
-5.45377e-05
-5.02744e-05
-2.00636e-05
2.13556e-05
-9.64303e-06
0.00011149
-2.3728e-05
8.94865e-05
-3.29735e-06
-8.56017e-06
3.42822e-05
-0.000101162
3.61153e-05
-0.000162538
6.84091e-06
-0.000170639
4.66285e-06
-0.000176624
3.26042e-05
-0.000165504
4.99681e-05
-5.17905e-05
6.17778e-05
8.92097e-05
2.65285e-05
0.00016756
5.24531e-06
0.00010842
-8.19355e-05
-5.13185e-05
-8.80901e-06
-4.9019e-05
-3.71927e-05
-7.62996e-05
-2.66068e-05
-9.02746e-05
-5.81492e-05
-6.76171e-05
-7.29318e-05
-3.59982e-05
-1.02634e-05
3.35691e-06
7.21346e-05
2.34688e-05
6.93746e-05
3.60492e-05
-2.11408e-05
3.32514e-05
-9.83636e-05
-5.57563e-06
-0.000123711
-3.32995e-05
-0.000142915
-4.84974e-06
-0.000205073
2.7524e-05
-0.000197878
4.64016e-05
-7.06678e-05
4.65805e-05
8.90306e-05
2.22225e-05
0.000191918
3.14479e-06
0.000127498
-7.87907e-05
3.30827e-06
-2.20172e-05
-8.65312e-06
-2.52309e-05
-4.93935e-05
1.41338e-05
-7.4117e-05
-3.34255e-05
-7.55758e-05
-7.1473e-05
-6.11257e-05
-2.47135e-05
-2.63094e-05
3.73183e-05
1.86622e-05
2.44032e-05
2.42325e-05
-2.67113e-05
-7.1926e-06
-6.69385e-05
-6.71218e-05
-6.3782e-05
-6.36393e-05
-0.000146398
-2.39597e-05
-0.000244753
7.41829e-06
-0.000229256
3.13785e-05
-9.4628e-05
2.84208e-05
9.19884e-05
6.02119e-06
0.000214318
2.0747e-06
0.000131444
-7.6716e-05
1.39657e-05
-1.85688e-05
-6.7647e-06
-4.50023e-06
-4.43718e-05
5.17413e-05
-7.87701e-05
9.72741e-07
-8.81212e-05
-6.2122e-05
-7.72992e-05
-3.55355e-05
-4.64223e-05
6.44149e-06
-1.9686e-05
-2.33304e-06
-2.35585e-05
-2.28388e-05
-0.000104139
1.36422e-05
-0.000137062
-3.08601e-05
-9.25802e-05
-0.000190879
-5.6422e-05
-0.000280911
-2.17511e-05
-0.000263927
5.91135e-06
-0.00012229
2.67746e-06
9.52223e-05
-1.89228e-05
0.000235918
2.00747e-07
0.000112321
-7.65152e-05
-3.83623e-06
-5.11863e-06
-2.42755e-05
1.59393e-05
-4.95552e-05
7.70211e-05
-8.91558e-05
4.05736e-05
-0.000115099
-3.61786e-05
-9.02894e-05
-6.03451e-05
-5.27388e-05
-3.11091e-05
-4.61413e-05
-8.93053e-06
-0.000128655
5.96754e-05
-0.000189771
7.47585e-05
-0.000161189
-5.94429e-05
-0.00012372
-0.000228347
-9.18364e-05
-0.000312795
-5.44677e-05
-0.000301295
-2.38386e-05
-0.000152919
-1.68487e-05
8.82324e-05
-3.00812e-05
0.000249151
-3.44798e-06
8.56877e-05
-7.99632e-05
-2.12545e-05
7.52757e-06
-4.19314e-05
3.66162e-05
-7.26417e-05
0.000107731
-0.000115878
8.38101e-05
-0.000145644
-6.41247e-06
-0.000139627
-6.63624e-05
-0.000108817
-6.1919e-05
-0.000130331
1.25837e-05
-0.000191875
0.000121219
-0.000207674
9.05582e-05
-0.000173456
-9.36615e-05
-0.000145637
-0.000256166
-0.000119642
-0.00033879
-8.6913e-05
-0.000334025
-5.39016e-05
-0.00018593
-3.39497e-05
6.82806e-05
-2.4579e-05
0.00023978
-3.46844e-06
6.4577e-05
-8.34316e-05
-3.46002e-05
1.80307e-05
-4.82357e-05
5.02517e-05
-6.59951e-05
0.000125491
-0.000104816
0.000122631
-0.000139567
2.83388e-05
-0.000144716
-6.12131e-05
-0.000137947
-6.86884e-05
-0.000178166
5.2803e-05
-0.000217911
0.000160964
-0.00019858
7.12272e-05
-0.000162777
-0.000129465
-0.000144132
-0.00027481
-0.000131406
-0.000351516
-0.000111147
-0.000354284
-7.65598e-05
-0.000220517
-4.28012e-05
3.45217e-05
-1.21841e-05
0.000209163
-1.93564e-06
5.43284e-05
-8.53673e-05
-4.30521e-05
2.59799e-05
-4.79912e-05
5.5191e-05
-5.41512e-05
0.000131651
-8.65215e-05
0.000155001
-0.000120081
6.18986e-05
-0.00013286
-4.84342e-05
-0.000143833
-5.77153e-05
-0.00017573
8.47003e-05
-0.000189085
0.000174318
-0.000156358
3.85005e-05
-0.000125292
-0.000160531
-0.000118405
-0.000281697
-0.0001212
-0.00034872
-0.000119341
-0.000356143
-8.81948e-05
-0.000251664
-4.15697e-05
-1.21039e-05
-4.68359e-06
0.000172277
1.17269e-07
4.95276e-05
-8.525e-05
-4.85713e-05
3.09077e-05
-4.51322e-05
5.17518e-05
-3.90452e-05
0.000125564
-5.98128e-05
0.000175769
-9.55836e-05
9.76694e-05
-0.000117841
-2.61768e-05
-0.00013434
-4.1216e-05
-0.000142274
9.26344e-05
-0.000134086
0.00016613
-0.000101392
5.80628e-06
-7.97211e-05
-0.000182201
-7.82509e-05
-0.000283167
-9.33128e-05
-0.000333658
-0.000109728
-0.000339728
-9.18336e-05
-0.000269558
-4.33248e-05
-6.0613e-05
-8.4111e-06
0.000137363
-1.42909e-06
4.25456e-05
-8.66791e-05
-5.37127e-05
3.29263e-05
-4.10335e-05
3.90728e-05
-2.00257e-05
0.000104556
-2.5704e-05
0.000181447
-6.39057e-05
0.000135871
-9.7731e-05
7.64855e-06
-0.000112783
-2.61639e-05
-9.54213e-05
7.52725e-05
-7.53308e-05
0.000146039
-5.1632e-05
-1.78924e-05
-3.7312e-05
-0.000196521
-3.61577e-05
-0.000284321
-5.56524e-05
-0.000314164
-8.46067e-05
-0.000310774
-8.58582e-05
-0.000268306
-4.94194e-05
-9.70517e-05
-1.41107e-05
0.000102055
-1.12355e-05
3.96705e-05
-9.79146e-05
-6.32471e-05
3.21688e-05
-3.83873e-05
1.42128e-05
-2.0958e-06
6.8265e-05
9.02314e-06
0.000170328
-2.51382e-05
0.000170032
-7.11548e-05
5.36652e-05
-8.77413e-05
-9.57764e-06
-5.40085e-05
4.15397e-05
-2.25312e-05
0.000114562
-7.24003e-06
-3.31834e-05
4.76968e-06
-0.000208531
3.86392e-06
-0.000283416
-1.73975e-05
-0.000292902
-5.09804e-05
-0.000277191
-6.80158e-05
-0.000251271
-3.80682e-05
-0.000126999
-3.31498e-06
6.73017e-05
-7.64228e-06
4.39977e-05
-0.000105557
-6.66097e-05
2.55243e-05
-3.62229e-05
-1.6174e-05
6.03124e-06
2.60109e-05
3.58714e-05
0.000140488
1.92503e-05
0.000186653
-3.18262e-05
0.000104742
-6.15521e-05
2.01481e-05
-3.17934e-05
1.17812e-05
1.3215e-05
6.95537e-05
3.53325e-05
-5.53007e-05
3.99677e-05
-0.000213166
3.53227e-05
-0.000278771
1.45029e-05
-0.000272082
-2.02645e-05
-0.000242423
-4.54419e-05
-0.000226093
-7.29747e-06
-0.000165144
2.6565e-05
3.34393e-05
-2.32258e-06
7.28853e-05
-0.000107879
-6.18345e-05
1.76784e-05
-4.07755e-05
-3.72331e-05
-1.14332e-05
-3.33143e-06
3.16841e-05
9.73713e-05
4.8623e-05
0.000169714
1.9908e-05
0.000133457
-1.77225e-05
5.77787e-05
-1.38514e-05
7.91018e-06
4.05967e-05
1.51055e-05
7.47448e-05
-8.94487e-05
7.59403e-05
-0.000214361
6.32519e-05
-0.000266082
3.74166e-05
-0.000246247
1.14639e-06
-0.000206153
-2.48126e-05
-0.000200134
1.1588e-06
-0.000191115
3.39117e-05
6.86788e-07
-3.0837e-06
0.00010988
-0.000110963
-6.65068e-05
2.48821e-05
-6.37695e-05
-3.99705e-05
-4.00554e-05
-2.70456e-05
1.08625e-05
4.64536e-05
5.47777e-05
0.000125798
5.95207e-05
0.000128714
4.01365e-05
7.71628e-05
3.45904e-05
1.34562e-05
8.18254e-05
-3.21296e-05
0.000114746
-0.000122369
0.000110328
-0.000209944
8.39961e-05
-0.00023975
4.78727e-05
-0.000210124
1.21463e-05
-0.000170427
-1.30295e-05
-0.000174958
-8.29726e-06
-0.000195847
2.57596e-05
-3.33696e-05
3.6909e-06
0.000131949
-0.000107272
-6.63387e-05
4.87953e-05
-8.67178e-05
-1.95913e-05
-7.99738e-05
-3.37897e-05
-2.99412e-05
-3.57899e-06
3.79026e-05
5.79547e-05
7.63051e-05
9.03113e-05
9.01024e-05
6.33653e-05
9.89621e-05
4.59638e-06
0.000129284
-6.24517e-05
0.000142949
-0.000136034
0.000125427
-0.000192421
8.83614e-05
-0.000202685
4.73774e-05
-0.00016914
1.50867e-05
-0.000138136
-8.61283e-06
-0.000151259
-2.47619e-05
-0.000179699
-2.42286e-06
-5.57087e-05
4.38647e-06
0.00012514
-0.000102886
-4.32045e-05
7.60052e-05
-7.27939e-05
9.99808e-06
-8.6563e-05
-2.00206e-05
-6.21392e-05
-2.80027e-05
5.4214e-07
-4.72668e-06
5.9004e-05
3.18495e-05
9.4474e-05
2.78953e-05
0.000113177
-1.41073e-05
0.000125538
-7.48127e-05
0.000125455
-0.000135951
0.000106866
-0.000173833
7.53869e-05
-0.000171206
4.0684e-05
-0.000134437
1.37092e-05
-0.000111162
-6.66473e-06
-0.000130884
-3.03745e-05
-0.000155989
-1.27938e-05
-7.3289e-05
5.24491e-05
5.98966e-05
-5.04364e-05
-4.28808e-07
9.44747e-05
-2.01874e-05
2.97568e-05
-3.72953e-05
-2.9125e-06
-4.31242e-05
-2.21736e-05
-2.52707e-05
-2.25802e-05
1.70208e-05
-1.04421e-05
5.56831e-05
-1.07671e-05
7.76155e-05
-3.60399e-05
8.64427e-05
-8.364e-05
8.5554e-05
-0.000135062
7.37687e-05
-0.000162048
5.26259e-05
-0.000150063
2.73993e-05
-0.00010921
1.05377e-05
-9.43004e-05
-3.00534e-06
-0.000117341
-2.47699e-05
-0.000134225
-3.13216e-05
-6.67367e-05
3.38874e-06
2.51858e-05
-4.70476e-05
4.06742e-05
9.79442e-05
2.74449e-05
4.29861e-05
2.14991e-05
3.03346e-06
2.06001e-05
-2.12745e-05
2.33104e-05
-2.52905e-05
3.10181e-05
-1.81501e-05
4.46533e-05
-2.44022e-05
5.76268e-05
-4.90138e-05
6.26879e-05
-8.87011e-05
5.70706e-05
-0.000129445
4.27818e-05
-0.000147759
2.3391e-05
-0.000130673
8.17499e-06
-9.39942e-05
7.60597e-06
-9.37316e-05
4.21327e-06
-0.000113948
-5.0635e-06
-0.000124948
-7.41065e-06
-6.43888e-05
-1.22128e-06
1.89966e-05
-4.82689e-05
6.51943e-05
8.68219e-05
6.29576e-05
4.52229e-05
5.92378e-05
6.75329e-06
5.69005e-05
-1.89371e-05
5.90284e-05
-2.74184e-05
6.52198e-05
-2.43418e-05
6.97268e-05
-2.89089e-05
6.96142e-05
-4.89015e-05
6.21851e-05
-8.12721e-05
4.5026e-05
-0.000112286
2.20248e-05
-0.000124758
4.25853e-06
-0.000112906
3.68296e-06
-9.34185e-05
1.15418e-05
-0.000101591
1.16455e-05
-0.000114051
1.31317e-05
-0.000126435
1.61264e-05
-6.73829e-05
-1.44452e-06
3.65675e-05
-4.97134e-05
6.84191e-05
7.00898e-05
7.28158e-05
4.08261e-05
7.10382e-05
8.53077e-06
6.77865e-05
-1.56855e-05
6.71965e-05
-2.68285e-05
7.09513e-05
-2.80967e-05
7.41407e-05
-3.20982e-05
7.2102e-05
-4.68628e-05
6.15345e-05
-7.07045e-05
4.36274e-05
-9.43786e-05
2.33918e-05
-0.000104522
1.15863e-05
-0.000101101
1.40422e-05
-9.58743e-05
1.78199e-05
-0.000105369
1.67586e-05
-0.000112989
1.87939e-05
-0.000128471
2.0376e-05
-6.8965e-05
-1.16378e-06
5.81074e-05
-5.08772e-05
5.96023e-05
5.56209e-05
6.57722e-05
3.46562e-05
6.5333e-05
8.96976e-06
6.22612e-05
-1.26139e-05
6.06508e-05
-2.52182e-05
6.25673e-05
-3.00132e-05
6.52765e-05
-3.48075e-05
6.48872e-05
-4.64732e-05
5.78257e-05
-6.36429e-05
4.43509e-05
-8.09038e-05
3.04279e-05
-9.0599e-05
2.23376e-05
-9.30108e-05
2.18481e-05
-9.53845e-05
2.13618e-05
-0.000104883
1.94527e-05
-0.00011108
2.11074e-05
-0.000130126
1.73636e-05
-6.52211e-05
-5.52785e-07
7.60239e-05
-5.14299e-05
4.99872e-05
4.52645e-05
5.562e-05
2.90233e-05
5.62756e-05
8.3141e-06
5.44046e-05
-1.07429e-05
5.28673e-05
-2.36808e-05
5.33541e-05
-3.04999e-05
5.50781e-05
-3.65316e-05
5.52875e-05
-4.66823e-05
5.1648e-05
-6.00033e-05
4.30576e-05
-7.23135e-05
3.32173e-05
-8.07587e-05
2.72031e-05
-8.69967e-05
2.51453e-05
-9.33266e-05
2.24542e-05
-0.000102192
2.06342e-05
-0.00010926
2.32848e-05
-0.000132776
1.49078e-05
-5.6844e-05
-2.00262e-07
9.1132e-05
-5.16302e-05
4.35158e-05
3.7515e-05
4.85391e-05
2.4e-05
5.01646e-05
6.68858e-06
4.93885e-05
-9.96693e-06
4.80057e-05
-2.22979e-05
4.76687e-05
-3.01627e-05
4.82982e-05
-3.71611e-05
4.80292e-05
-4.64129e-05
4.51578e-05
-5.71319e-05
3.93913e-05
-6.65469e-05
3.32929e-05
-7.46604e-05
2.94478e-05
-8.31518e-05
2.59523e-05
-8.9831e-05
2.17134e-05
-9.79541e-05
2.05303e-05
-0.000108076
2.42298e-05
-0.000136476
1.17623e-05
-4.43764e-05
-8.21693e-08
0.000102976
-5.17124e-05
3.90103e-05
3.11924e-05
4.36229e-05
1.93872e-05
4.56842e-05
4.62697e-06
4.54552e-05
-9.7381e-06
4.4293e-05
-2.11358e-05
4.37209e-05
-2.95906e-05
4.37736e-05
-3.72139e-05
4.30206e-05
-4.56599e-05
4.02204e-05
-5.43316e-05
3.60546e-05
-6.23812e-05
3.23594e-05
-7.09653e-05
2.91961e-05
-7.99892e-05
2.45125e-05
-8.51469e-05
1.94603e-05
-9.29023e-05
1.87475e-05
-0.000107363
2.1279e-05
-0.000139007
5.03125e-06
-2.81286e-05
8.66226e-07
0.000107141
-5.08461e-05
3.52513e-05
2.59342e-05
3.92531e-05
1.53852e-05
4.11022e-05
2.7774e-06
4.09539e-05
-9.59008e-06
4.00514e-05
-2.02337e-05
3.95589e-05
-2.90983e-05
3.93395e-05
-3.69947e-05
3.83358e-05
-4.46563e-05
3.61436e-05
-5.21394e-05
3.34469e-05
-5.96848e-05
3.08099e-05
-6.8328e-05
2.73187e-05
-7.64985e-05
2.20889e-05
-7.99169e-05
1.68838e-05
-8.76975e-05
1.55309e-05
-0.00010601
9.7263e-06
-0.000133203
-1.04346e-05
-7.96769e-06
1.03281e-06
9.56739e-05
-4.98133e-05
3.1847e-05
2.16072e-05
3.50528e-05
1.2179e-05
3.64629e-05
1.36686e-06
3.63659e-05
-9.49314e-06
3.57732e-05
-1.96415e-05
3.52977e-05
-2.86229e-05
3.4743e-05
-3.64401e-05
3.36753e-05
-4.35885e-05
3.2065e-05
-5.0529e-05
3.0108e-05
-5.77279e-05
2.77154e-05
-6.59352e-05
2.43723e-05
-7.31558e-05
1.98847e-05
-7.54292e-05
1.52412e-05
-8.3054e-05
1.38401e-05
-0.000104609
-5.41276e-06
-0.00011395
-2.11382e-05
7.75755e-06
-2.83294e-06
7.73686e-05
-5.26463e-05
2.85672e-05
1.81186e-05
3.10399e-05
9.70606e-06
3.21533e-05
2.53054e-07
3.22379e-05
-9.57759e-06
3.18841e-05
-1.92881e-05
3.13226e-05
-2.80611e-05
3.05282e-05
-3.56458e-05
2.94468e-05
-4.25069e-05
2.80747e-05
-4.91568e-05
2.64519e-05
-5.61053e-05
2.43932e-05
-6.38762e-05
2.18944e-05
-7.06572e-05
1.86706e-05
-7.22053e-05
1.40415e-05
-7.84248e-05
1.35922e-05
-0.00010416
5.77229e-06
-0.00010613
-1.30262e-05
2.65556e-05
-6.28147e-06
7.0624e-05
-5.89278e-05
2.53502e-05
1.53527e-05
2.73141e-05
7.74181e-06
2.83255e-05
-7.5867e-07
2.86095e-05
-9.86126e-06
2.83457e-05
-1.90246e-05
2.76377e-05
-2.73526e-05
2.66464e-05
-3.46544e-05
2.55379e-05
-4.13982e-05
2.4412e-05
-4.80307e-05
2.3313e-05
-5.50064e-05
2.182e-05
-6.2383e-05
2.04778e-05
-6.9315e-05
1.90962e-05
-7.08237e-05
1.4948e-05
-7.42765e-05
6.52884e-06
-9.57409e-05
-2.45135e-05
-7.50878e-05
-5.17922e-05
5.38341e-05
-1.61747e-05
3.50066e-05
-7.51025e-05
2.23115e-05
1.31447e-05
2.39683e-05
6.08481e-06
2.49683e-05
-1.75887e-06
2.53242e-05
-1.02169e-05
2.50078e-05
-1.87083e-05
2.41699e-05
-2.65144e-05
2.31328e-05
-3.36172e-05
2.22027e-05
-4.04681e-05
2.14661e-05
-4.72939e-05
2.09259e-05
-5.44663e-05
2.00994e-05
-6.15563e-05
2.00311e-05
-6.92465e-05
2.11353e-05
-7.19279e-05
2.01445e-05
-7.32857e-05
1.40373e-05
-8.96337e-05
-8.38617e-06
-5.26641e-05
-3.13905e-05
7.68384e-05
4.78799e-06
-1.17196e-06
-7.03145e-05
1.95346e-05
1.13431e-05
2.09574e-05
4.66182e-06
2.18642e-05
-2.6657e-06
2.21225e-05
-1.04751e-05
2.17049e-05
-1.82907e-05
2.0888e-05
-2.56976e-05
2.00364e-05
-3.27654e-05
1.94202e-05
-3.9852e-05
1.90239e-05
-4.68974e-05
1.90114e-05
-5.44539e-05
1.91415e-05
-6.16865e-05
2.02822e-05
-7.03868e-05
2.3694e-05
-7.53396e-05
2.66832e-05
-7.62747e-05
3.12105e-05
-9.41611e-05
4.8261e-05
-6.97145e-05
7.5279e-05
4.98204e-05
4.04391e-05
3.36676e-05
-2.98754e-05
1.6971e-05
9.8731e-06
1.81317e-05
3.50105e-06
1.88051e-05
-3.33915e-06
1.88884e-05
-1.05586e-05
1.8463e-05
-1.78653e-05
1.78495e-05
-2.50844e-05
1.72844e-05
-3.22001e-05
1.69596e-05
-3.95277e-05
1.69198e-05
-4.68576e-05
1.75345e-05
-5.50684e-05
1.8737e-05
-6.28891e-05
2.06519e-05
-7.23013e-05
2.52779e-05
-7.99654e-05
3.11856e-05
-8.21823e-05
4.16387e-05
-0.000104614
6.86953e-05
-9.67712e-05
0.000104629
1.38872e-05
6.85418e-05
6.97541e-05
3.86663e-05
1.45124e-05
8.72185e-06
1.53481e-05
2.66517e-06
1.57564e-05
-3.74758e-06
1.57477e-05
-1.055e-05
1.5456e-05
-1.75736e-05
1.50966e-05
-2.47253e-05
1.48043e-05
-3.19079e-05
1.48126e-05
-3.95361e-05
1.52777e-05
-4.73227e-05
1.64473e-05
-5.62377e-05
1.82668e-05
-6.47087e-05
2.0383e-05
-7.44172e-05
2.47493e-05
-8.43317e-05
3.16554e-05
-8.90882e-05
4.11701e-05
-0.000114129
6.26008e-05
-0.000118202
9.23938e-05
-1.59059e-05
6.69572e-05
9.51904e-05
0.000105623
1.20757e-05
7.89092e-06
1.26219e-05
2.11868e-06
1.28754e-05
-4.00111e-06
1.28992e-05
-1.0574e-05
1.27742e-05
-1.74487e-05
1.26349e-05
-2.45863e-05
1.26732e-05
-3.19463e-05
1.31134e-05
-3.99763e-05
1.40414e-05
-4.82509e-05
1.53844e-05
-5.75802e-05
1.71388e-05
-6.64633e-05
1.90767e-05
-7.6355e-05
2.20844e-05
-8.73395e-05
2.81191e-05
-9.51229e-05
3.20728e-05
-0.000118083
4.83328e-05
-0.000134462
7.18379e-05
-3.94111e-05
5.68249e-05
0.000110203
0.000162448
9.70734e-06
7.32533e-06
1.0084e-05
1.74175e-06
1.02922e-05
-4.20934e-06
1.03731e-05
-1.06552e-05
1.04007e-05
-1.74766e-05
1.05346e-05
-2.47203e-05
1.09782e-05
-3.239e-05
1.17515e-05
-4.07495e-05
1.28079e-05
-4.93074e-05
1.39369e-05
-5.8709e-05
1.52804e-05
-6.7807e-05
1.6915e-05
-7.79893e-05
1.8527e-05
-8.89516e-05
2.28656e-05
-9.94616e-05
2.11435e-05
-0.00011636
3.09691e-05
-0.000144288
5.3977e-05
-6.2419e-05
4.6274e-05
0.000117906
0.000208722
7.50818e-06
6.94104e-06
7.78168e-06
1.46797e-06
7.96023e-06
-4.38811e-06
8.12319e-06
-1.08182e-05
8.3791e-06
-1.77327e-05
8.83627e-06
-2.51776e-05
9.5378e-06
-3.30915e-05
1.03252e-05
-4.15371e-05
1.11795e-05
-5.01618e-05
1.19799e-05
-5.95093e-05
1.29858e-05
-6.88131e-05
1.43595e-05
-7.93628e-05
1.54588e-05
-9.00509e-05
1.85796e-05
-0.000102583
1.54158e-05
-0.000113196
1.96244e-05
-0.000148497
4.26358e-05
-8.54306e-05
3.77714e-05
0.000122771
0.000246494
5.4794e-06
6.72345e-06
5.62242e-06
1.32475e-06
5.87261e-06
-4.6385e-06
6.22406e-06
-1.11697e-05
6.72055e-06
-1.82292e-05
7.3228e-06
-2.57801e-05
7.95979e-06
-3.37284e-05
8.51749e-06
-4.20949e-05
9.09479e-06
-5.0739e-05
9.67091e-06
-6.00853e-05
1.05144e-05
-6.96568e-05
1.16728e-05
-8.05212e-05
1.29425e-05
-9.13203e-05
1.54608e-05
-0.000105101
1.47536e-05
-0.000112489
1.44022e-05
-0.000148146
3.52003e-05
-0.000106229
3.11841e-05
0.000126787
0.000277678
3.62066e-06
6.61484e-06
3.79032e-06
1.15517e-06
4.18134e-06
-5.02949e-06
4.66242e-06
-1.1651e-05
5.17304e-06
-1.87397e-05
5.63616e-06
-2.62434e-05
6.03233e-06
-3.41244e-05
6.36866e-06
-4.24313e-05
6.76995e-06
-5.11404e-05
7.22649e-06
-6.05417e-05
7.93222e-06
-7.03626e-05
8.81014e-06
-8.13992e-05
1.00889e-05
-9.25989e-05
1.17604e-05
-0.000106773
1.34701e-05
-0.000114199
1.07224e-05
-0.000145398
2.67169e-05
-0.000122223
2.53876e-05
0.000128116
0.000303065
2.11561e-06
6.5132e-06
2.3869e-06
8.83811e-07
2.73584e-06
-5.37826e-06
3.08944e-06
-1.20048e-05
3.39006e-06
-1.904e-05
3.62789e-06
-2.64814e-05
3.83787e-06
-3.43342e-05
4.05224e-06
-4.26456e-05
4.33529e-06
-5.14235e-05
4.65853e-06
-6.08649e-05
5.13535e-06
-7.08395e-05
5.64177e-06
-8.19057e-05
6.51107e-06
-9.34682e-05
7.01914e-06
-0.000107281
8.9545e-06
-0.000116134
5.98919e-06
-0.000142432
1.71266e-05
-0.000133361
2.12281e-05
0.000124015
0.000324294
8.14967e-07
9.43088e-07
1.06435e-06
1.17029e-06
1.25723e-06
1.33567e-06
1.41832e-06
1.50966e-06
1.62437e-06
1.74377e-06
1.91293e-06
2.06093e-06
2.30709e-06
2.23264e-06
3.17976e-06
1.15595e-06
8.1296e-06
1.55877e-05
)
;

boundaryField
{
    leftWall
    {
        type            calculated;
        value           uniform 0;
    }
    rightWall
    {
        type            calculated;
        value           uniform 0;
    }
    lowerWall
    {
        type            calculated;
        value           uniform 0;
    }
    atmosphere
    {
        type            calculated;
        value           nonuniform List<scalar> 
46
(
3.26992e-05
3.44688e-05
3.15716e-05
2.99982e-05
2.86681e-05
2.73228e-05
2.60389e-05
2.48466e-05
2.37461e-05
2.27344e-05
2.17999e-05
2.09313e-05
2.01146e-05
1.93364e-05
1.8582e-05
1.7836e-05
1.70845e-05
1.63169e-05
1.55189e-05
1.46807e-05
1.379e-05
1.28356e-05
1.18036e-05
1.22047e-05
1.05859e-05
8.79997e-06
6.82063e-06
6.43844e-06
7.55617e-07
-5.49924e-06
-1.21108e-05
-1.91265e-05
-2.65598e-05
-3.44167e-05
-4.27369e-05
-5.15383e-05
-6.09842e-05
-7.10086e-05
-8.20537e-05
-9.37143e-05
-0.000107206
-0.000117081
-0.000140408
-0.000140334
0.000116557
0.000339881
)
;
    }
    defaultFaces
    {
        type            empty;
        value           nonuniform List<scalar> 0();
    }
}


// ************************************************************************* //
