/*--------------------------------*- C++ -*----------------------------------*\
| =========                 |                                                 |
| \\      /  F ield         | OpenFOAM: The Open Source CFD Toolbox           |
|  \\    /   O peration     | Version:  2206                                  |
|   \\  /    A nd           | Website:  www.openfoam.com                      |
|    \\/     M anipulation  |                                                 |
\*---------------------------------------------------------------------------*/
FoamFile
{
    version     2.0;
    format      ascii;
    arch        "LSB;label=32;scalar=64";
    class       volVectorField;
    location    "0.925";
    object      U;
}
// * * * * * * * * * * * * * * * * * * * * * * * * * * * * * * * * * * * * * //

dimensions      [0 1 -1 0 0 0 0];

internalField   nonuniform List<vector> 
2268
(
(-0.00666533 0.00381221 0)
(-0.000656419 -0.00857601 0)
(0.0118915 -0.0135387 0)
(0.0241484 -0.0104565 0)
(0.0319779 -0.00542238 0)
(0.0350428 -0.00153031 0)
(0.0352123 0.000564572 0)
(0.0344481 0.00127233 0)
(0.0337846 0.00136369 0)
(0.0334177 0.00145265 0)
(0.0331355 0.00180972 0)
(0.0326779 0.00246035 0)
(0.0318642 0.00328617 0)
(0.0306028 0.00414695 0)
(0.0289678 0.00496487 0)
(0.0268156 0.00575978 0)
(0.0248219 0.00600865 0)
(0.0219264 0.00571601 0)
(0.0214563 0.00295324 0)
(0.0189183 0.00208754 0)
(0.0201404 -0.00341616 0)
(0.0263963 -0.0114553 0)
(0.0263698 0.0217997 0)
(-0.0081252 0.0110883 0)
(0.0012056 -0.0269231 0)
(0.0102999 -0.0376634 0)
(0.0211094 -0.0282547 0)
(0.0275038 -0.0145203 0)
(0.0301714 -0.00443568 0)
(0.0309599 0.000340158 0)
(0.0313049 0.00125741 0)
(0.0319598 0.000526126 0)
(0.0330439 -0.000315181 0)
(0.0344838 -0.000639167 0)
(0.0361249 -0.000407834 0)
(0.0378709 0.000184386 0)
(0.0396189 0.000907843 0)
(0.0415504 0.00160189 0)
(0.0430934 0.00217679 0)
(0.0458692 0.0025415 0)
(0.0469973 0.0026002 0)
(0.0520552 0.00188368 0)
(0.0515373 0.00187197 0)
(0.063196 -0.00186234 0)
(0.059101 0.00697528 0)
(0.047269 0.0839655 0)
(-0.00670385 0.0179017 0)
(0.0013737 -0.0424429 0)
(0.00713292 -0.0560551 0)
(0.0154807 -0.0413765 0)
(0.0204389 -0.0217121 0)
(0.0236695 -0.00773939 0)
(0.0261786 -0.00147242 0)
(0.0284764 -0.000565928 0)
(0.0307751 -0.00185348 0)
(0.0330056 -0.00321337 0)
(0.0350622 -0.00383306 0)
(0.0368728 -0.00371666 0)
(0.0384737 -0.00313514 0)
(0.0399017 -0.00242698 0)
(0.0412975 -0.00195264 0)
(0.0426506 -0.00222472 0)
(0.0449122 -0.00336279 0)
(0.0462449 -0.00651825 0)
(0.0526718 -0.0107435 0)
(0.0550447 -0.021798 0)
(0.0734876 -0.0332737 0)
(0.0591611 0.0285083 0)
(0.043956 0.179929 0)
(-0.00469228 0.0223661 0)
(-0.00228137 -0.0500997 0)
(-0.00169076 -0.0671912 0)
(0.00607836 -0.0511313 0)
(0.0114599 -0.0303288 0)
(0.0166654 -0.0158469 0)
(0.0217144 -0.0092304 0)
(0.0264266 -0.00784296 0)
(0.0307392 -0.00848298 0)
(0.0345671 -0.00901989 0)
(0.0378354 -0.00868907 0)
(0.0404406 -0.00757367 0)
(0.0422251 -0.00612051 0)
(0.0429865 -0.00479059 0)
(0.042632 -0.00393941 0)
(0.0412712 -0.00403595 0)
(0.0392042 -0.00570057 0)
(0.0361788 -0.00987885 0)
(0.0323848 -0.0174676 0)
(0.0302415 -0.0360395 0)
(0.0254035 -0.0311787 0)
(0.00592406 0.0981473 0)
(0.0130211 0.265837 0)
(-0.0036849 0.0316438 0)
(-0.00984453 -0.0459593 0)
(-0.0166767 -0.0722572 0)
(-0.00873068 -0.0624533 0)
(0.000490388 -0.0428061 0)
(0.0103984 -0.0279435 0)
(0.0188503 -0.0203508 0)
(0.0261012 -0.0177169 0)
(0.0323447 -0.0170619 0)
(0.0375858 -0.0162247 0)
(0.0417651 -0.0142732 0)
(0.0448119 -0.0111368 0)
(0.0467135 -0.00699151 0)
(0.0474568 -0.00216273 0)
(0.0468772 0.00271203 0)
(0.0445686 0.00680457 0)
(0.0401247 0.00933954 0)
(0.0330811 0.00979878 0)
(0.0232271 0.00806178 0)
(0.0071967 -0.00154947 0)
(-0.0235809 -0.00184151 0)
(-0.0350818 0.115387 0)
(-0.0119981 0.233239 0)
(-0.00207225 0.0442666 0)
(-0.00678562 -0.030219 0)
(-0.0113641 -0.0717903 0)
(-0.00584671 -0.07871 0)
(0.00342984 -0.0640657 0)
(0.0147145 -0.047032 0)
(0.0244507 -0.0364395 0)
(0.0322289 -0.0320754 0)
(0.0390725 -0.0302968 0)
(0.045414 -0.0281453 0)
(0.0510903 -0.0243471 0)
(0.0561588 -0.0187996 0)
(0.0604849 -0.0123814 0)
(0.0632337 -0.00608824 0)
(0.0631309 1.15618e-05 0)
(0.0594275 0.00647698 0)
(0.0522337 0.0136953 0)
(0.0417849 0.0217583 0)
(0.0276057 0.0314629 0)
(0.0102988 0.0411266 0)
(-0.0179009 0.0434893 0)
(-0.0316194 0.0844372 0)
(-0.0153265 0.153488 0)
(0.010326 0.0424715 0)
(0.0341512 -0.0193542 0)
(0.0477044 -0.0706838 0)
(0.0454164 -0.0875841 0)
(0.0412207 -0.0807833 0)
(0.0423989 -0.0635788 0)
(0.0478287 -0.0487333 0)
(0.0540175 -0.0416657 0)
(0.0597762 -0.0397119 0)
(0.0658682 -0.0373199 0)
(0.0709299 -0.0328595 0)
(0.0727269 -0.0279448 0)
(0.0714249 -0.0205398 0)
(0.0690568 -0.00761008 0)
(0.0665849 0.00943467 0)
(0.0625632 0.0266788 0)
(0.0552876 0.0419129 0)
(0.0453765 0.0554636 0)
(0.0340392 0.0692294 0)
(0.0224701 0.0804989 0)
(0.00715821 0.0838213 0)
(0.00254166 0.0898985 0)
(0.00235277 0.139596 0)
(0.0382812 -0.0585142 0)
(0.085631 -0.108757 0)
(0.0806822 -0.11657 0)
(0.0639848 -0.108909 0)
(0.0509213 -0.100811 0)
(0.0486282 -0.0914814 0)
(0.05611 -0.0798368 0)
(0.0670666 -0.0688485 0)
(0.0765426 -0.0618255 0)
(0.0845349 -0.0579795 0)
(0.0903252 -0.0472756 0)
(0.0919074 -0.0255832 0)
(0.0870592 -0.00627799 0)
(0.0791745 0.00500416 0)
(0.0717897 0.0148234 0)
(0.0674263 0.0288331 0)
(0.0653115 0.0464449 0)
(0.0640832 0.0629145 0)
(0.0597273 0.0784366 0)
(0.0551956 0.0903985 0)
(0.0496573 0.094505 0)
(0.0524239 0.0919224 0)
(0.00908934 0.182398 0)
(0.0745931 -0.113049 0)
(0.275132 -0.207732 0)
(0.538184 -0.217542 0)
(0.798489 -0.166789 0)
(0.933432 -0.0895395 0)
(0.917808 -0.0278215 0)
(0.741582 -0.00128799 0)
(0.478237 -0.0981615 0)
(0.407765 -0.0818026 0)
(0.250048 0.0338456 0)
(-0.143532 0.0205941 0)
(-0.135074 -0.142395 0)
(-0.00014919 -0.218375 0)
(0.149084 -0.190278 0)
(0.241202 -0.111696 0)
(0.218213 -0.0288039 0)
(0.0386216 0.0353673 0)
(-0.148059 -0.00592865 0)
(-0.115321 -0.105612 0)
(0.053466 -0.281473 0)
(0.265694 -0.453679 0)
(0.400639 -0.463031 0)
(0.573147 -0.299383 0)
(0.737759 -0.0675917 0)
(0.856852 0.167392 0)
(0.680317 0.436613 0)
(0.658703 0.348453 0)
(0.564122 0.274974 0)
(0.459717 0.389255 0)
(0.211385 0.260187 0)
(0.281529 0.0400371 0)
(0.232066 -0.0886576 0)
(0.198689 -0.121167 0)
(0.29327 0.0479597 0)
(0.276995 0.188483 0)
(0.140248 0.260059 0)
(-0.0759697 0.103942 0)
(-0.0886424 -0.192199 0)
(0.114768 -0.498599 0)
(0.595472 -0.409253 0)
(0.407415 -0.495074 0)
(0.362269 -0.390284 0)
(0.381283 -0.155192 0)
(0.182164 0.206589 0)
(0.295049 0.194733 0)
(0.523579 0.24089 0)
(0.440444 0.422164 0)
(0.388254 0.431229 0)
(0.34936 0.311956 0)
(0.223987 0.0938667 0)
(0.184251 -0.0816456 0)
(-0.130059 -0.26826 0)
(-0.102481 0.0579944 0)
(-0.0409619 0.424968 0)
(-0.039345 0.40318 0)
(0.0521973 0.236704 0)
(-0.0781621 -0.206511 0)
(0.0872995 -1.13504 0)
(0.594524 -0.690662 0)
(0.62016 -0.266516 0)
(0.267605 -0.314478 0)
(0.172063 0.171202 0)
(0.319155 0.0606355 0)
(0.364734 -0.162305 0)
(0.3321 0.137357 0)
(0.183341 0.625477 0)
(0.0693319 0.392894 0)
(0.0217793 0.262848 0)
(0.114319 0.184881 0)
(-0.328434 0.342243 0)
(-0.0787263 -0.263387 0)
(0.0888461 0.00670575 0)
(0.0298457 -0.0682331 0)
(-0.238086 0.429698 0)
(0.0399124 0.166913 0)
(-0.0917135 -0.221391 0)
(-0.153111 -1.50302 0)
(0.103977 -0.845219 0)
(0.125091 -0.33324 0)
(0.0622111 -0.209483 0)
(0.175993 -0.0307126 0)
(0.181096 -0.111727 0)
(-0.133686 0.20882 0)
(-0.256907 0.487085 0)
(-0.263382 0.524332 0)
(-0.271269 0.39941 0)
(-0.404302 0.385979 0)
(-0.787727 0.527055 0)
(-0.604534 -0.166504 0)
(-0.194594 -0.601743 0)
(-0.00689519 0.010392 0)
(-0.092101 0.47115 0)
(-0.289074 0.511807 0)
(-0.128406 -0.14521 0)
(-0.0633677 -0.341861 0)
(-0.358285 -1.1203 0)
(-0.337654 -0.615192 0)
(-0.364316 -0.371605 0)
(-0.373508 -0.148737 0)
(-0.469973 0.0710585 0)
(-0.585454 0.262705 0)
(-0.648834 0.447818 0)
(-0.608102 0.49934 0)
(-0.573468 0.555883 0)
(-0.80882 0.660078 0)
(-1.01133 0.711132 0)
(-0.900697 0.281946 0)
(-0.411844 -0.519798 0)
(-0.125872 -0.808879 0)
(-0.143911 -0.121259 0)
(-0.282586 0.571022 0)
(-0.11239 0.472166 0)
(-0.0900926 -0.131973 0)
(-0.0110378 -0.431734 0)
(-0.525635 -0.58857 0)
(-0.689814 -0.367715 0)
(-0.863505 -0.196821 0)
(-0.955039 0.0569341 0)
(-0.967781 0.250858 0)
(-0.921832 0.311335 0)
(-0.853892 0.297639 0)
(-0.865074 0.408611 0)
(-0.819608 0.723367 0)
(-0.758873 0.802646 0)
(-0.659817 0.69154 0)
(-0.396454 0.145683 0)
(0.0726712 -0.74262 0)
(0.144464 -0.966144 0)
(0.0846533 0.00761957 0)
(-0.444658 0.685546 0)
(0.0464885 0.0293735 0)
(-0.0607682 -0.0703963 0)
(0.0240343 -0.46629 0)
(-0.607669 -0.0848897 0)
(-0.678563 -0.210141 0)
(-0.827715 -0.154211 0)
(-0.921464 -0.0111595 0)
(-0.985517 0.0163866 0)
(-0.985618 0.0512025 0)
(-0.950714 0.185827 0)
(-0.841943 0.278015 0)
(-0.662585 0.411776 0)
(-0.492326 0.508749 0)
(-0.286496 0.298457 0)
(0.018601 -0.236941 0)
(0.468867 -0.98672 0)
(0.25212 -0.836363 0)
(0.283279 0.283953 0)
(-0.105535 0.79403 0)
(0.242184 -0.269525 0)
(-0.138497 -0.0591394 0)
(0.0693528 -0.435668 0)
(0.00430139 -0.176286 0)
(-0.0553238 -0.0435937 0)
(-0.158857 -0.0224757 0)
(-0.137433 -0.0411793 0)
(-0.110181 -0.0641122 0)
(-0.0807586 -0.0810663 0)
(-0.0516941 -0.0841453 0)
(-0.0237716 -0.0774351 0)
(0.0144658 -0.0671128 0)
(0.0579042 -0.0525609 0)
(0.0925812 -0.0331327 0)
(0.110361 -0.0116424 0)
(0.11584 0.00886135 0)
(0.117408 0.025748 0)
(0.116039 0.0357936 0)
(0.115414 0.04175 0)
(0.11695 0.0527778 0)
(0.120424 0.0683072 0)
(0.118483 0.0847537 0)
(0.116952 0.0957577 0)
(0.107944 0.0985406 0)
(0.101027 0.115305 0)
(0.0755753 0.207902 0)
(-0.0447906 -0.0794118 0)
(-0.030049 0.0612223 0)
(-0.0438136 -0.00670223 0)
(0.00645861 -0.0710957 0)
(0.0127213 -0.0938464 0)
(-0.00312089 -0.0870064 0)
(-0.0535913 -0.085185 0)
(-0.116424 -0.0912218 0)
(-0.161536 -0.119784 0)
(-0.168566 -0.146897 0)
(-0.0501137 -0.150905 0)
(0.0828507 -0.0515691 0)
(0.156702 -0.0132581 0)
(0.19604 0.0056823 0)
(0.214578 0.0214255 0)
(0.22491 0.0327129 0)
(0.230132 0.045732 0)
(0.227506 0.0626263 0)
(0.214586 0.0813914 0)
(0.185776 0.10746 0)
(0.132091 0.13149 0)
(0.115866 0.14532 0)
(0.0958847 0.125705 0)
(-0.0703765 -0.040227 0)
(-0.0490661 -0.00485532 0)
(-0.0173048 -0.0727961 0)
(0.00596138 -0.116739 0)
(0.0257091 -0.0998824 0)
(0.0457998 -0.069939 0)
(0.0640446 -0.0499319 0)
(0.103482 -0.0614891 0)
(0.136775 -0.103994 0)
(0.159812 -0.138679 0)
(0.168454 -0.239906 0)
(0.185086 -0.266063 0)
(0.250575 -0.129845 0)
(0.297318 -0.0403607 0)
(0.28503 -0.00536211 0)
(0.252933 -0.00246868 0)
(0.213344 0.0267299 0)
(0.101014 0.0886077 0)
(0.0688177 0.134388 0)
(0.0434271 0.149297 0)
(-0.00474037 0.166673 0)
(-0.432431 0.151601 0)
(-0.779622 0.412968 0)
(-0.0704912 0.018485 0)
(-0.0562096 -0.0169181 0)
(-0.0396265 -0.0965392 0)
(-0.025245 -0.127416 0)
(-0.0114488 -0.117547 0)
(0.00653682 -0.0975668 0)
(0.0256271 -0.0962265 0)
(0.0380944 -0.106385 0)
(0.0298817 -0.117279 0)
(0.00549957 -0.137381 0)
(-0.0346245 -0.17698 0)
(-0.0696612 -0.191929 0)
(-0.0677837 -0.136045 0)
(-0.038334 -0.032581 0)
(-0.0414627 0.0569952 0)
(-0.113656 0.144818 0)
(-0.231751 0.200797 0)
(-0.329046 0.168381 0)
(-0.417561 0.213421 0)
(-0.537261 0.407909 0)
(-0.602337 0.548251 0)
(-0.823393 0.507749 0)
(-0.943374 0.529015 0)
(-0.0585965 0.0770452 0)
(-0.0271856 -0.00991899 0)
(-0.0287454 -0.106326 0)
(-0.013878 -0.144821 0)
(-0.00542605 -0.140083 0)
(3.29347e-05 -0.12134 0)
(-0.0020841 -0.10458 0)
(-0.0161251 -0.0893325 0)
(-0.0371929 -0.0878192 0)
(-0.070731 -0.10923 0)
(-0.123737 -0.146562 0)
(-0.18259 -0.165724 0)
(-0.225582 -0.132323 0)
(-0.247068 -0.0302715 0)
(-0.271969 0.115651 0)
(-0.324339 0.238869 0)
(-0.39938 0.277622 0)
(-0.469496 0.228224 0)
(-0.513363 0.238957 0)
(-0.51808 0.401782 0)
(-0.545079 0.608161 0)
(-0.602896 0.641686 0)
(-0.630266 0.622055 0)
(-0.0457664 0.104072 0)
(-0.0205163 -0.0179118 0)
(-0.0398008 -0.114264 0)
(-0.029906 -0.149728 0)
(-0.0335884 -0.130753 0)
(-0.0432513 -0.098542 0)
(-0.0601681 -0.0749915 0)
(-0.0801747 -0.0609266 0)
(-0.101301 -0.0557886 0)
(-0.130995 -0.0634764 0)
(-0.177462 -0.0853003 0)
(-0.238538 -0.102039 0)
(-0.301323 -0.0782297 0)
(-0.350293 0.0134584 0)
(-0.382329 0.159556 0)
(-0.410753 0.291444 0)
(-0.449265 0.329921 0)
(-0.496636 0.289287 0)
(-0.526329 0.288374 0)
(-0.501195 0.391285 0)
(-0.449976 0.537691 0)
(-0.408678 0.632504 0)
(-0.353872 0.682826 0)
(-0.0403792 0.138486 0)
(-0.0356655 -0.00141956 0)
(-0.0479045 -0.116803 0)
(-0.0456415 -0.149159 0)
(-0.0574557 -0.123917 0)
(-0.0726515 -0.0901794 0)
(-0.0913511 -0.0638736 0)
(-0.113458 -0.0432764 0)
(-0.139222 -0.0295073 0)
(-0.170538 -0.0251894 0)
(-0.212689 -0.0302963 0)
(-0.268698 -0.0351968 0)
(-0.332618 -0.0142116 0)
(-0.386827 0.0611952 0)
(-0.414203 0.187992 0)
(-0.418507 0.310389 0)
(-0.421807 0.354433 0)
(-0.43625 0.321754 0)
(-0.44718 0.302529 0)
(-0.429265 0.356511 0)
(-0.376167 0.449688 0)
(-0.300908 0.524682 0)
(-0.208746 0.572567 0)
(-0.0369923 0.175213 0)
(-0.0331453 0.00765974 0)
(-0.0527542 -0.109006 0)
(-0.0591749 -0.136241 0)
(-0.0788185 -0.100916 0)
(-0.100773 -0.0608624 0)
(-0.124702 -0.0312876 0)
(-0.148526 -0.0104494 0)
(-0.173014 0.00394397 0)
(-0.200357 0.0133752 0)
(-0.2345 0.0189744 0)
(-0.279109 0.0254093 0)
(-0.331742 0.0463413 0)
(-0.378608 0.102251 0)
(-0.399232 0.197396 0)
(-0.38737 0.295785 0)
(-0.362646 0.340161 0)
(-0.347628 0.320678 0)
(-0.344475 0.298888 0)
(-0.339106 0.328054 0)
(-0.311607 0.389689 0)
(-0.254108 0.435747 0)
(-0.175914 0.451116 0)
(-0.0330229 0.210144 0)
(-0.0380059 0.0279907 0)
(-0.0613262 -0.096804 0)
(-0.0717912 -0.118531 0)
(-0.0954558 -0.0779935 0)
(-0.119148 -0.0385002 0)
(-0.143238 -0.0100577 0)
(-0.166132 0.0116326 0)
(-0.18891 0.0290643 0)
(-0.213075 0.0434967 0)
(-0.240429 0.0563887 0)
(-0.272878 0.0709483 0)
(-0.310032 0.0937354 0)
(-0.343975 0.134651 0)
(-0.358913 0.197829 0)
(-0.344526 0.26563 0)
(-0.311915 0.303923 0)
(-0.285398 0.302211 0)
(-0.277338 0.295134 0)
(-0.277454 0.316175 0)
(-0.264354 0.354869 0)
(-0.2293 0.381389 0)
(-0.180447 0.38351 0)
(-0.0284834 0.24484 0)
(-0.0402167 0.0516495 0)
(-0.065222 -0.0797465 0)
(-0.0793469 -0.0965139 0)
(-0.104511 -0.0506444 0)
(-0.128769 -0.00992651 0)
(-0.152548 0.0174924 0)
(-0.174006 0.0372723 0)
(-0.194061 0.0534195 0)
(-0.213935 0.0683877 0)
(-0.234766 0.0839411 0)
(-0.257181 0.101963 0)
(-0.280794 0.125213 0)
(-0.301808 0.157087 0)
(-0.311663 0.198592 0)
(-0.302747 0.242088 0)
(-0.279334 0.272499 0)
(-0.257912 0.284436 0)
(-0.249943 0.292716 0)
(-0.248532 0.311078 0)
(-0.238963 0.333394 0)
(-0.21736 0.346842 0)
(-0.190137 0.345513 0)
(-0.024165 0.27906 0)
(-0.0410736 0.0779455 0)
(-0.0675195 -0.0590753 0)
(-0.0834911 -0.073383 0)
(-0.108561 -0.025016 0)
(-0.13166 0.014555 0)
(-0.153191 0.0400002 0)
(-0.172118 0.0582808 0)
(-0.189461 0.0735458 0)
(-0.205717 0.0881589 0)
(-0.221509 0.103846 0)
(-0.237025 0.122011 0)
(-0.251769 0.143907 0)
(-0.263947 0.170297 0)
(-0.270018 0.200381 0)
(-0.266651 0.230412 0)
(-0.255391 0.254951 0)
(-0.24384 0.272517 0)
(-0.237825 0.287936 0)
(-0.234161 0.304482 0)
(-0.226475 0.318865 0)
(-0.214248 0.326686 0)
(-0.201201 0.324887 0)
(-0.0201126 0.311736 0)
(-0.0404962 0.105989 0)
(-0.0673679 -0.0368005 0)
(-0.083947 -0.0499197 0)
(-0.107756 -0.00010484 0)
(-0.129199 0.038205 0)
(-0.148498 0.0609339 0)
(-0.164771 0.076563 0)
(-0.179159 0.0900426 0)
(-0.192213 0.103588 0)
(-0.204342 0.118463 0)
(-0.215566 0.135542 0)
(-0.225459 0.155388 0)
(-0.233089 0.178012 0)
(-0.237174 0.20239 0)
(-0.236856 0.226344 0)
(-0.233026 0.247675 0)
(-0.228428 0.266068 0)
(-0.225036 0.282878 0)
(-0.221984 0.298279 0)
(-0.217877 0.310583 0)
(-0.213478 0.3181 0)
(-0.210766 0.318386 0)
(-0.0160149 0.342022 0)
(-0.0393009 0.134833 0)
(-0.0656636 -0.0139689 0)
(-0.0824016 -0.027238 0)
(-0.104134 0.0225377 0)
(-0.123548 0.0591689 0)
(-0.140557 0.0791334 0)
(-0.154515 0.0921105 0)
(-0.16644 0.103594 0)
(-0.176944 0.11577 0)
(-0.186448 0.129568 0)
(-0.19499 0.145413 0)
(-0.202304 0.163439 0)
(-0.207881 0.183443 0)
(-0.211214 0.204668 0)
(-0.212231 0.225814 0)
(-0.211613 0.245656 0)
(-0.210481 0.263842 0)
(-0.209576 0.280674 0)
(-0.209047 0.295968 0)
(-0.209206 0.308883 0)
(-0.211068 0.318439 0)
(-0.216266 0.322553 0)
(-0.0118403 0.3697 0)
(-0.0386277 0.163666 0)
(-0.0631053 0.00857228 0)
(-0.079928 -0.00567041 0)
(-0.0991243 0.0430569 0)
(-0.116485 0.0778389 0)
(-0.131356 0.0949752 0)
(-0.143346 0.105293 0)
(-0.153386 0.114813 0)
(-0.162066 0.125635 0)
(-0.169775 0.138372 0)
(-0.176585 0.153113 0)
(-0.182362 0.169732 0)
(-0.186852 0.187937 0)
(-0.189845 0.207202 0)
(-0.191407 0.226759 0)
(-0.192031 0.245847 0)
(-0.192439 0.264064 0)
(-0.193278 0.281365 0)
(-0.195128 0.297654 0)
(-0.198666 0.312566 0)
(-0.204974 0.325536 0)
(-0.216042 0.335011 0)
(-0.00817666 0.39547 0)
(-0.0392229 0.192 0)
(-0.0607721 0.0304082 0)
(-0.0776644 0.0144041 0)
(-0.094069 0.0612573 0)
(-0.109372 0.0942137 0)
(-0.122246 0.108752 0)
(-0.132528 0.116603 0)
(-0.14109 0.124308 0)
(-0.148441 0.133881 0)
(-0.154896 0.145634 0)
(-0.160508 0.159395 0)
(-0.165204 0.174884 0)
(-0.168871 0.191787 0)
(-0.171448 0.209724 0)
(-0.173047 0.228244 0)
(-0.174028 0.246907 0)
(-0.174959 0.265423 0)
(-0.176527 0.283713 0)
(-0.179527 0.301791 0)
(-0.184759 0.319626 0)
(-0.193383 0.337144 0)
(-0.207774 0.353794 0)
(-0.00602274 0.420858 0)
(-0.0411719 0.219668 0)
(-0.0597037 0.0512925 0)
(-0.0763756 0.0326909 0)
(-0.0899202 0.0770912 0)
(-0.103074 0.108305 0)
(-0.114027 0.120574 0)
(-0.122719 0.126284 0)
(-0.129955 0.132407 0)
(-0.13616 0.140869 0)
(-0.141562 0.151715 0)
(-0.146171 0.164566 0)
(-0.149926 0.179064 0)
(-0.152769 0.194913 0)
(-0.154714 0.211849 0)
(-0.155892 0.229621 0)
(-0.156599 0.248021 0)
(-0.157278 0.266936 0)
(-0.158546 0.286391 0)
(-0.161235 0.306557 0)
(-0.166194 0.327699 0)
(-0.174493 0.350277 0)
(-0.1884 0.375483 0)
(-0.00607877 0.447622 0)
(-0.0440356 0.246769 0)
(-0.0605449 0.071219 0)
(-0.0765182 0.0489412 0)
(-0.0872297 0.0904519 0)
(-0.0981336 0.120102 0)
(-0.107146 0.130441 0)
(-0.114203 0.134349 0)
(-0.120062 0.139137 0)
(-0.125057 0.146634 0)
(-0.129343 0.156644 0)
(-0.13289 0.168637 0)
(-0.135631 0.182211 0)
(-0.137526 0.197118 0)
(-0.138601 0.21319 0)
(-0.138974 0.230317 0)
(-0.138872 0.248452 0)
(-0.13862 0.267646 0)
(-0.138671 0.288075 0)
(-0.139705 0.310076 0)
(-0.142471 0.334144 0)
(-0.147708 0.361133 0)
(-0.156913 0.394056 0)
(-0.0082413 0.477201 0)
(-0.0473222 0.273626 0)
(-0.0635549 0.0904019 0)
(-0.0784082 0.0630516 0)
(-0.0863059 0.101171 0)
(-0.0947604 0.12949 0)
(-0.101754 0.138259 0)
(-0.107056 0.140666 0)
(-0.111379 0.144343 0)
(-0.114981 0.15101 0)
(-0.117963 0.160262 0)
(-0.120269 0.171451 0)
(-0.121826 0.184159 0)
(-0.122589 0.19818 0)
(-0.122568 0.213427 0)
(-0.12183 0.22988 0)
(-0.120508 0.247599 0)
(-0.118794 0.266752 0)
(-0.116933 0.287638 0)
(-0.115304 0.310716 0)
(-0.114395 0.336599 0)
(-0.114536 0.366229 0)
(-0.116165 0.403279 0)
(-0.0117988 0.510526 0)
(-0.0508985 0.300868 0)
(-0.0687881 0.109346 0)
(-0.0822671 0.0750666 0)
(-0.0873215 0.10907 0)
(-0.0930257 0.136316 0)
(-0.0978431 0.143891 0)
(-0.101214 0.14506 0)
(-0.10381 0.147814 0)
(-0.105823 0.153777 0)
(-0.107312 0.162361 0)
(-0.108201 0.172817 0)
(-0.10841 0.18472 0)
(-0.107879 0.197899 0)
(-0.106584 0.212313 0)
(-0.104521 0.227999 0)
(-0.101714 0.245064 0)
(-0.0982098 0.263728 0)
(-0.0940439 0.284349 0)
(-0.0892543 0.307429 0)
(-0.0839372 0.333594 0)
(-0.0780813 0.363684 0)
(-0.0712459 0.40057 0)
(-0.0159498 0.548126 0)
(-0.0550508 0.329498 0)
(-0.0763493 0.128724 0)
(-0.088428 0.0849662 0)
(-0.0905007 0.113748 0)
(-0.0929688 0.140233 0)
(-0.0953047 0.147103 0)
(-0.0965241 0.147324 0)
(-0.0971947 0.149347 0)
(-0.0974466 0.15475 0)
(-0.097304 0.16278 0)
(-0.0966739 0.172597 0)
(-0.0954549 0.183771 0)
(-0.093556 0.196145 0)
(-0.0909024 0.209704 0)
(-0.0874225 0.224501 0)
(-0.0830351 0.240649 0)
(-0.0776462 0.258357 0)
(-0.0711135 0.277959 0)
(-0.0632026 0.299916 0)
(-0.0535945 0.324764 0)
(-0.041908 0.353167 0)
(-0.0272631 0.386764 0)
(-0.0200797 0.590385 0)
(-0.0602494 0.360907 0)
(-0.08649 0.149351 0)
(-0.0973546 0.0926365 0)
(-0.0961421 0.114522 0)
(-0.0946193 0.140672 0)
(-0.0939561 0.147509 0)
(-0.0927152 0.147192 0)
(-0.0912531 0.148742 0)
(-0.0896234 0.153794 0)
(-0.0877907 0.161438 0)
(-0.085628 0.170751 0)
(-0.0829976 0.181289 0)
(-0.0797662 0.192907 0)
(-0.075799 0.205588 0)
(-0.070958 0.219378 0)
(-0.0650748 0.234368 0)
(-0.0579433 0.250718 0)
(-0.0492881 0.268674 0)
(-0.0387153 0.288573 0)
(-0.0256581 0.310798 0)
(-0.00938771 0.335667 0)
(0.011044 0.364012 0)
(-0.023668 0.637689 0)
(-0.0667339 0.396948 0)
(-0.0994671 0.17216 0)
(-0.109479 0.0978636 0)
(-0.104463 0.110516 0)
(-0.0978535 0.136769 0)
(-0.0935002 0.144606 0)
(-0.089393 0.144387 0)
(-0.0856027 0.145844 0)
(-0.0820313 0.150844 0)
(-0.0785342 0.158344 0)
(-0.0749202 0.167338 0)
(-0.0709912 0.177366 0)
(-0.0665624 0.188291 0)
(-0.0614404 0.200092 0)
(-0.0554248 0.21279 0)
(-0.0482834 0.226448 0)
(-0.0397407 0.241156 0)
(-0.0294483 0.257051 0)
(-0.0169274 0.274297 0)
(-0.00164376 0.293069 0)
(0.0174155 0.313446 0)
(0.041361 0.335433 0)
(-0.0266794 0.689699 0)
(-0.0740628 0.439962 0)
(-0.114907 0.198054 0)
(-0.124377 0.100094 0)
(-0.115354 0.100212 0)
(-0.102397 0.127227 0)
(-0.0933311 0.137712 0)
(-0.0859616 0.13861 0)
(-0.0797432 0.140586 0)
(-0.0742728 0.14595 0)
(-0.0692461 0.153617 0)
(-0.0643593 0.162517 0)
(-0.0593371 0.172189 0)
(-0.0539282 0.182508 0)
(-0.047889 0.193454 0)
(-0.0409723 0.205033 0)
(-0.032907 0.217269 0)
(-0.023387 0.230192 0)
(-0.0120547 0.243847 0)
(0.00156448 0.258231 0)
(0.0180784 0.273264 0)
(0.0381802 0.288976 0)
(0.0632325 0.304775 0)
(-0.0286871 0.744753 0)
(-0.0795528 0.491546 0)
(-0.131075 0.227648 0)
(-0.139949 0.0990937 0)
(-0.12727 0.0820863 0)
(-0.107092 0.110507 0)
(-0.092385 0.126139 0)
(-0.0815104 0.129704 0)
(-0.0729839 0.133051 0)
(-0.0658752 0.139318 0)
(-0.0596119 0.147512 0)
(-0.0537507 0.156557 0)
(-0.0479282 0.166032 0)
(-0.0418279 0.175845 0)
(-0.0351632 0.18599 0)
(-0.0276609 0.196466 0)
(-0.0190409 0.207276 0)
(-0.00898776 0.218407 0)
(0.00282697 0.229822 0)
(0.0168736 0.241377 0)
(0.0337128 0.252903 0)
(0.0536613 0.264227 0)
(0.0779498 0.274838 0)
(-0.0204099 0.80214 0)
(-0.0723653 0.552398 0)
(-0.142046 0.261847 0)
(-0.150198 0.0959984 0)
(-0.136136 0.0561592 0)
(-0.109639 0.0857186 0)
(-0.0889097 0.109699 0)
(-0.0747894 0.117999 0)
(-0.0645285 0.12368 0)
(-0.0563289 0.131401 0)
(-0.0493296 0.140456 0)
(-0.0429303 0.149851 0)
(-0.0366873 0.159256 0)
(-0.0302405 0.168647 0)
(-0.0232804 0.178048 0)
(-0.0155224 0.187469 0)
(-0.00669668 0.196906 0)
(0.0035126 0.206307 0)
(0.0154138 0.215548 0)
(0.0293675 0.224506 0)
(0.0457813 0.232947 0)
(0.0648683 0.240568 0)
(0.0873825 0.246999 0)
(0.0118346 0.839885 0)
(-0.0342836 0.639398 0)
(-0.1308 0.306947 0)
(-0.14358 0.095789 0)
(-0.133541 0.0255112 0)
(-0.105791 0.0539427 0)
(-0.0806224 0.0891876 0)
(-0.0644341 0.104508 0)
(-0.0536124 0.113403 0)
(-0.0452245 0.122957 0)
(-0.038188 0.133066 0)
(-0.0318052 0.142912 0)
(-0.0255936 0.152297 0)
(-0.0191797 0.161297 0)
(-0.0122605 0.169986 0)
(-0.00456257 0.178403 0)
(0.00418671 0.186511 0)
(0.0142559 0.194253 0)
(0.0258822 0.201519 0)
(0.039322 0.208184 0)
(0.0548411 0.214 0)
(0.0726415 0.218655 0)
(0.0930383 0.221776 0)
(0.0542447 0.810772 0)
(0.0326028 0.749659 0)
(-0.0759464 0.379564 0)
(-0.108177 0.111063 0)
(-0.109663 0.000224888 0)
(-0.0898232 0.0203932 0)
(-0.0651779 0.0671458 0)
(-0.0493388 0.0910951 0)
(-0.0397743 0.103605 0)
(-0.0323942 0.114996 0)
(-0.02616 0.126101 0)
(-0.0204113 0.136317 0)
(-0.0147027 0.145619 0)
(-0.00870166 0.154197 0)
(-0.00213791 0.162152 0)
(0.00524216 0.169547 0)
(0.0136511 0.176376 0)
(0.0232895 0.1826 0)
(0.0343319 0.188123 0)
(0.0469643 0.192807 0)
(0.0613469 0.196426 0)
(0.0776343 0.19871 0)
(0.0959061 0.19928 0)
(0.0833458 0.715585 0)
(0.0991337 0.820184 0)
(0.0104474 0.47924 0)
(-0.0443123 0.152805 0)
(-0.0625503 -0.00675876 0)
(-0.0592783 -0.00467175 0)
(-0.0416628 0.0484014 0)
(-0.0295315 0.0802482 0)
(-0.0232631 0.0959428 0)
(-0.0181128 0.108621 0)
(-0.0134943 0.120348 0)
(-0.00895682 0.13065 0)
(-0.00416327 0.139675 0)
(0.00109733 0.147674 0)
(0.00702619 0.154816 0)
(0.0138358 0.161187 0)
(0.0216552 0.166807 0)
(0.0306276 0.171643 0)
(0.0408752 0.175618 0)
(0.0525221 0.178599 0)
(0.0656496 0.180391 0)
(0.0803454 0.180765 0)
(0.0965918 0.1794 0)
(0.0814197 0.589592 0)
(0.134313 0.831158 0)
(0.083002 0.560432 0)
(0.0281949 0.211394 0)
(-0.00119228 0.00863246 0)
(-0.0173163 -0.0123673 0)
(-0.01277 0.038132 0)
(-0.00703209 0.0739835 0)
(-0.00521819 0.0917606 0)
(-0.00313315 0.104779 0)
(-0.000701931 0.116381 0)
(0.00219038 0.126345 0)
(0.00574724 0.1348 0)
(0.0100153 0.142031 0)
(0.0151064 0.148268 0)
(0.0211333 0.153591 0)
(0.0281774 0.158034 0)
(0.0363224 0.16158 0)
(0.0456383 0.164163 0)
(0.0561911 0.165671 0)
(0.0680048 0.165939 0)
(0.0811088 0.164772 0)
(0.095439 0.161932 0)
(0.0523191 0.476363 0)
(0.128921 0.800197 0)
(0.114288 0.601455 0)
(0.0816276 0.262842 0)
(0.0561326 0.0393666 0)
(0.0278711 -0.00337216 0)
(0.0158418 0.0386113 0)
(0.0147211 0.0740667 0)
(0.0128325 0.0917927 0)
(0.0114316 0.103963 0)
(0.011434 0.114621 0)
(0.0125739 0.123708 0)
(0.0147204 0.13124 0)
(0.0178484 0.137503 0)
(0.0219626 0.142701 0)
(0.0270839 0.146924 0)
(0.0332372 0.150207 0)
(0.0404491 0.152539 0)
(0.0487408 0.153865 0)
(0.0581286 0.154091 0)
(0.0685961 0.153081 0)
(0.0801282 0.15067 0)
(0.09263 0.146685 0)
(0.0167479 0.400473 0)
(0.0974624 0.749605 0)
(0.111318 0.60296 0)
(0.109775 0.291665 0)
(0.0960803 0.0704217 0)
(0.0647628 0.0164163 0)
(0.0422499 0.0493918 0)
(0.0340207 0.0806219 0)
(0.0286164 0.0958057 0)
(0.024396 0.106065 0)
(0.0222021 0.115141 0)
(0.0216472 0.122815 0)
(0.0224229 0.129079 0)
(0.0244016 0.134155 0)
(0.0275001 0.138195 0)
(0.0316673 0.141274 0)
(0.0368717 0.143415 0)
(0.0430904 0.144605 0)
(0.0503031 0.144796 0)
(0.0584865 0.143905 0)
(0.0675943 0.141821 0)
(0.0775787 0.138406 0)
(0.0883237 0.133538 0)
(-0.0081312 0.362248 0)
(0.0608997 0.691575 0)
(0.0959251 0.572803 0)
(0.122052 0.294361 0)
(0.119532 0.0942356 0)
(0.0892107 0.0426795 0)
(0.0622844 0.0675224 0)
(0.0493217 0.0916531 0)
(0.0411385 0.102868 0)
(0.0348957 0.110589 0)
(0.0309921 0.117583 0)
(0.0290182 0.123483 0)
(0.0285961 0.128227 0)
(0.029522 0.131955 0)
(0.0316509 0.134755 0)
(0.0348788 0.136667 0)
(0.0391285 0.137697 0)
(0.0443401 0.13782 0)
(0.050461 0.136989 0)
(0.0574386 0.135128 0)
(0.0652039 0.132146 0)
(0.0736871 0.12793 0)
(0.0827606 0.122393 0)
(-0.0181371 0.349421 0)
(0.0339814 0.631601 0)
(0.0853154 0.521743 0)
(0.127715 0.278173 0)
(0.130354 0.111506 0)
(0.101791 0.0711713 0)
(0.0745739 0.0893217 0)
(0.0596788 0.105191 0)
(0.0499102 0.111886 0)
(0.0424649 0.116798 0)
(0.0374377 0.121465 0)
(0.0344327 0.125397 0)
(0.0330702 0.128488 0)
(0.0331104 0.130787 0)
(0.034374 0.132316 0)
(0.0367262 0.133073 0)
(0.0400628 0.133038 0)
(0.044299 0.132175 0)
(0.0493599 0.13043 0)
(0.0551735 0.127731 0)
(0.0616555 0.124001 0)
(0.0687256 0.119147 0)
(0.0762551 0.113112 0)
(-0.0172723 0.347555 0)
(0.0224168 0.572567 0)
(0.0838926 0.460953 0)
(0.129746 0.25408 0)
(0.131457 0.126147 0)
(0.104555 0.0995312 0)
(0.0796657 0.111427 0)
(0.0650597 0.119328 0)
(0.054865 0.121768 0)
(0.0469836 0.123928 0)
(0.0414104 0.126244 0)
(0.0377845 0.128186 0)
(0.0357672 0.129609 0)
(0.0351216 0.130479 0)
(0.03566 0.130759 0)
(0.0372381 0.130406 0)
(0.0397412 0.129374 0)
(0.0430715 0.12761 0)
(0.0471419 0.125052 0)
(0.0518715 0.121631 0)
(0.0571684 0.117276 0)
(0.0629532 0.11191 0)
(0.0691063 0.105492 0)
(-0.0115143 0.34551 0)
(0.0237419 0.514867 0)
(0.0870293 0.399934 0)
(0.127114 0.231569 0)
(0.12457 0.141322 0)
(0.0999252 0.125901 0)
(0.0790259 0.131419 0)
(0.0660431 0.132645 0)
(0.0562946 0.131602 0)
(0.0486095 0.131287 0)
(0.0429801 0.13141 0)
(0.0391024 0.13148 0)
(0.0367028 0.131325 0)
(0.0355735 0.130842 0)
(0.0355421 0.129944 0)
(0.0364704 0.128555 0)
(0.0382446 0.126607 0)
(0.0407652 0.12403 0)
(0.0439431 0.120755 0)
(0.0476961 0.11671 0)
(0.0519349 0.111828 0)
(0.0565818 0.106041 0)
(0.0615307 0.0993119 0)
(-0.00555589 0.337536 0)
(0.0304719 0.458375 0)
(0.0885788 0.345648 0)
(0.118438 0.216125 0)
(0.111462 0.157629 0)
(0.0904311 0.148527 0)
(0.0742798 0.147959 0)
(0.0634564 0.144344 0)
(0.054715 0.140735 0)
(0.0476837 0.138334 0)
(0.0423639 0.136549 0)
(0.0385302 0.134968 0)
(0.0359834 0.133398 0)
(0.0345573 0.131691 0)
(0.0341095 0.129725 0)
(0.034519 0.127402 0)
(0.0356823 0.124633 0)
(0.0375063 0.121335 0)
(0.0399043 0.117432 0)
(0.0427977 0.11285 0)
(0.0461037 0.107521 0)
(0.0497488 0.101378 0)
(0.053639 0.0943874 0)
(-0.00080333 0.322936 0)
(0.0359729 0.40475 0)
(0.0847449 0.302179 0)
(0.103906 0.20889 0)
(0.0945606 0.17347 0)
(0.0784086 0.166158 0)
(0.0668353 0.160724 0)
(0.0581918 0.154129 0)
(0.0507594 0.148765 0)
(0.0446531 0.144706 0)
(0.0398817 0.14136 0)
(0.0363059 0.1384 0)
(0.0337979 0.13562 0)
(0.0322381 0.132848 0)
(0.0315172 0.129947 0)
(0.0315369 0.1268 0)
(0.0322063 0.123306 0)
(0.0334422 0.119385 0)
(0.0351662 0.114942 0)
(0.0373043 0.109904 0)
(0.0397775 0.104202 0)
(0.0425118 0.0977726 0)
(0.0454301 0.0905918 0)
(0.00275292 0.304191 0)
(0.0372905 0.356885 0)
(0.0751974 0.270642 0)
(0.0856377 0.207853 0)
(0.0765966 0.186654 0)
(0.0656359 0.178555 0)
(0.0577854 0.170079 0)
(0.0510959 0.161979 0)
(0.0450784 0.155468 0)
(0.0400066 0.150162 0)
(0.0359089 0.145608 0)
(0.0327278 0.141544 0)
(0.030392 0.137765 0)
(0.0288234 0.134099 0)
(0.0279441 0.130403 0)
(0.0276782 0.126558 0)
(0.027962 0.122456 0)
(0.0287098 0.118006 0)
(0.0298401 0.113115 0)
(0.0313004 0.107711 0)
(0.03301 0.101723 0)
(0.034911 0.0950964 0)
(0.0369214 0.0878064 0)
(0.00511546 0.284374 0)
(0.0345807 0.317287 0)
(0.0619988 0.249852 0)
(0.066612 0.209904 0)
(0.0597123 0.19595 0)
(0.0531317 0.186527 0)
(0.0479422 0.176722 0)
(0.042909 0.168052 0)
(0.0382342 0.160836 0)
(0.0341777 0.15466 0)
(0.0307905 0.149228 0)
(0.0280698 0.144327 0)
(0.0259863 0.139774 0)
(0.0244972 0.135401 0)
(0.0235518 0.131072 0)
(0.0230922 0.126667 0)
(0.0230573 0.12209 0)
(0.0233842 0.117228 0)
(0.0240063 0.112002 0)
(0.0248724 0.106318 0)
(0.0259198 0.100133 0)
(0.027104 0.0933752 0)
(0.0283566 0.085983 0)
(0.00617705 0.265653 0)
(0.0291542 0.28654 0)
(0.0475726 0.237261 0)
(0.0490462 0.212481 0)
(0.0447641 0.201506 0)
(0.0411627 0.191364 0)
(0.0377478 0.181376 0)
(0.034094 0.17261 0)
(0.0305921 0.165008 0)
(0.0274585 0.158284 0)
(0.0247701 0.152256 0)
(0.0225456 0.146754 0)
(0.0207736 0.141622 0)
(0.01943 0.136709 0)
(0.0184946 0.131886 0)
(0.0179368 0.127051 0)
(0.0177018 0.122097 0)
(0.017724 0.116905 0)
(0.017942 0.111419 0)
(0.018347 0.105542 0)
(0.0188921 0.0992023 0)
(0.0194914 0.0923229 0)
(0.0201441 0.0848855 0)
(0.00625318 0.250655 0)
(0.0231632 0.265606 0)
(0.0347833 0.230746 0)
(0.0348165 0.21453 0)
(0.0325005 0.204508 0)
(0.030531 0.194351 0)
(0.0282131 0.184664 0)
(0.0256063 0.175962 0)
(0.0230427 0.168159 0)
(0.0206789 0.161131 0)
(0.0186109 0.154735 0)
(0.0168562 0.14883 0)
(0.0154174 0.143287 0)
(0.0142762 0.138007 0)
(0.0134365 0.132877 0)
(0.0128717 0.127775 0)
(0.0125037 0.122568 0)
(0.0123275 0.117171 0)
(0.0122977 0.111521 0)
(0.0123338 0.105564 0)
(0.0124264 0.0991822 0)
(0.0125692 0.092351 0)
(0.0126898 0.0849898 0)
(0.00435434 0.235382 0)
(0.0129397 0.247922 0)
(0.0178667 0.227061 0)
(0.0176329 0.215719 0)
(0.016704 0.206143 0)
(0.0158027 0.196464 0)
(0.0145515 0.18723 0)
(0.0131533 0.178659 0)
(0.0117989 0.17075 0)
(0.0105307 0.163481 0)
(0.00938401 0.156767 0)
(0.00839159 0.150526 0)
(0.00758425 0.144657 0)
(0.00694541 0.139064 0)
(0.00643035 0.133642 0)
(0.00600967 0.128277 0)
(0.00567875 0.122872 0)
(0.00543787 0.11735 0)
(0.00528015 0.11161 0)
(0.00515052 0.105578 0)
(0.0050414 0.0991681 0)
(0.0049277 0.0923012 0)
(0.00480959 0.0848761 0)
(0.177466 0.153653 0)
(-0.0526668 0.0644843 0)
(-0.405013 0.197989 0)
(-0.734337 0.247098 0)
(0.0718152 0.132368 0)
(-0.588632 0.411363 0)
(-0.818031 0.37637 0)
(-0.894907 0.245342 0)
(-0.833171 0.723645 0)
(-0.918485 0.645598 0)
(-0.946313 0.463005 0)
(-0.897598 0.291188 0)
(-0.997486 0.652376 0)
(-0.997967 0.621202 0)
(-0.96523 0.440583 0)
(-0.866743 0.265363 0)
(-0.676406 0.628897 0)
(-0.682524 0.50903 0)
(-0.689856 0.281675 0)
(-0.59709 0.163183 0)
(-0.300719 0.677093 0)
(-0.233365 0.564006 0)
(-0.15836 0.335874 0)
(-0.102178 0.123495 0)
(-0.10181 0.569394 0)
(0.0073039 0.465325 0)
(0.0890129 0.278491 0)
(0.120834 0.0826707 0)
(-0.082749 0.426662 0)
(0.0107918 0.33648 0)
(0.0683606 0.192155 0)
(0.0801118 0.0502816 0)
(-0.123511 0.355067 0)
(-0.0688982 0.283273 0)
(-0.0387048 0.176533 0)
(-0.0370371 0.0718194 0)
(-0.161225 0.322394 0)
(-0.137039 0.266837 0)
(-0.128071 0.183665 0)
(-0.138409 0.0970613 0)
(-0.189882 0.306405 0)
(-0.184466 0.262027 0)
(-0.190266 0.194429 0)
(-0.212849 0.122919 0)
(-0.211952 0.305129 0)
(-0.219887 0.270171 0)
(-0.238188 0.214249 0)
(-0.272188 0.152386 0)
(-0.22752 0.315872 0)
(-0.247075 0.290314 0)
(-0.278867 0.243506 0)
(-0.326899 0.183779 0)
(-0.235618 0.336855 0)
(-0.26784 0.323534 0)
(-0.323645 0.289138 0)
(-0.404844 0.229792 0)
(-0.232902 0.368546 0)
(-0.278082 0.377004 0)
(-0.364508 0.364061 0)
(-0.472989 0.292272 0)
(-0.212926 0.40777 0)
(-0.260948 0.445649 0)
(-0.358303 0.452555 0)
(-0.459936 0.345527 0)
(-0.172931 0.443364 0)
(-0.206451 0.509591 0)
(-0.288001 0.534128 0)
(-0.379424 0.398918 0)
(-0.118618 0.462398 0)
(-0.123905 0.549421 0)
(-0.165831 0.598847 0)
(-0.251077 0.472882 0)
(-0.0599809 0.458653 0)
(-0.0371474 0.550914 0)
(-0.021273 0.631878 0)
(-0.0701217 0.560157 0)
(-0.00525907 0.435499 0)
(0.0359377 0.514293 0)
(0.0996145 0.607908 0)
(0.1305 0.609004 0)
(0.0403926 0.401012 0)
(0.0894982 0.455596 0)
(0.169572 0.529825 0)
(0.266295 0.571596 0)
(0.0737539 0.361749 0)
(0.123511 0.393453 0)
(0.19573 0.433185 0)
(0.30684 0.469431 0)
(0.0954281 0.321893 0)
(0.141859 0.338465 0)
(0.200335 0.351694 0)
(0.288261 0.360949 0)
(0.108276 0.284603 0)
(0.149528 0.292266 0)
(0.197265 0.292344 0)
(0.258253 0.282391 0)
(0.115107 0.251415 0)
(0.150661 0.253337 0)
(0.190654 0.247521 0)
(0.235235 0.231394 0)
(0.117847 0.222442 0)
(0.148147 0.220258 0)
(0.181898 0.21133 0)
(0.216917 0.194488 0)
(0.117764 0.197293 0)
(0.143628 0.192129 0)
(0.17203 0.181534 0)
(0.200364 0.165026 0)
(0.115701 0.175512 0)
(0.137863 0.168294 0)
(0.161692 0.156857 0)
(0.185195 0.140922 0)
(0.112078 0.156661 0)
(0.13108 0.148118 0)
(0.151059 0.136184 0)
(0.170897 0.120759 0)
(0.107007 0.140393 0)
(0.123215 0.131039 0)
(0.139913 0.118811 0)
(0.156563 0.103728 0)
(0.100572 0.126499 0)
(0.114228 0.116679 0)
(0.12806 0.104389 0)
(0.141763 0.0896795 0)
(0.0930178 0.114832 0)
(0.104343 0.104774 0)
(0.115681 0.0926038 0)
(0.126805 0.0783873 0)
(0.0847132 0.105195 0)
(0.0939886 0.0950223 0)
(0.103232 0.0830308 0)
(0.112257 0.0693137 0)
(0.0759983 0.0973141 0)
(0.0835394 0.0870702 0)
(0.0910508 0.0752324 0)
(0.0983856 0.0619391 0)
(0.0670778 0.0909239 0)
(0.0731513 0.0806207 0)
(0.0791908 0.0689107 0)
(0.0850488 0.0559647 0)
(0.0579998 0.0858283 0)
(0.062751 0.0754905 0)
(0.0674203 0.0639238 0)
(0.0718513 0.0512962 0)
(0.048689 0.0819227 0)
(0.0521783 0.0716248 0)
(0.055541 0.0602613 0)
(0.0586419 0.0479492 0)
(0.0391543 0.079114 0)
(0.0415005 0.0689169 0)
(0.043742 0.0577463 0)
(0.045814 0.0456204 0)
(0.029756 0.0772832 0)
(0.0312047 0.0671041 0)
(0.0326229 0.0559976 0)
(0.0339511 0.0438638 0)
(0.0208738 0.07618 0)
(0.0215603 0.066079 0)
(0.0222371 0.0550508 0)
(0.0228238 0.043019 0)
(0.0127952 0.0764394 0)
(0.0128442 0.0664977 0)
(0.0129484 0.0555505 0)
(0.013138 0.0434767 0)
(0.00472815 0.0763067 0)
(0.00463935 0.0661767 0)
(0.00466083 0.0550031 0)
(0.00478828 0.0426175 0)
(-0.829756 0.170836 0)
(-0.752349 -0.0770717 0)
(-0.726492 -0.0543733 0)
(-0.702523 0.0883622 0)
(-0.728794 0.105283 0)
(-0.841539 0.119906 0)
(-0.868143 0.195621 0)
(-0.852408 0.210535 0)
(-0.743797 0.292342 0)
(-0.51509 0.372346 0)
(-0.192882 0.0496863 0)
(0.352226 -0.656314 0)
(0.495761 -0.948421 0)
(0.181839 -0.64891 0)
(0.256682 0.205665 0)
(0.229403 0.81174 0)
(0.602482 0.208348 0)
(0.0296592 0.110945 0)
(0.142236 -0.595756 0)
(-0.880099 0.0696048 0)
(-0.838839 -0.150816 0)
(-0.797875 -0.127406 0)
(-0.633637 0.0276954 0)
(-0.448128 0.211861 0)
(-0.503025 0.21263 0)
(-0.736001 0.244879 0)
(-0.811197 0.211859 0)
(-0.773738 0.219211 0)
(-0.514596 0.147141 0)
(0.0244749 -0.376491 0)
(0.402059 -0.834908 0)
(0.384945 -0.869417 0)
(0.164065 -0.55198 0)
(0.185648 0.0140354 0)
(0.412239 0.664783 0)
(0.678505 0.261231 0)
(0.138971 0.147999 0)
(0.0910588 -0.430421 0)
(-0.823602 0.0982658 0)
(-0.953978 -0.105189 0)
(-0.863837 -0.217733 0)
(-0.677798 -0.135165 0)
(-0.419139 0.0987291 0)
(-0.126156 0.302083 0)
(-0.307336 0.392969 0)
(-0.611983 0.219799 0)
(-0.560474 0.0686544 0)
(-0.216949 -0.164042 0)
(0.282635 -0.624286 0)
(0.327458 -0.850216 0)
(0.18154 -0.769307 0)
(0.129391 -0.520586 0)
(0.248414 -0.078619 0)
(0.410272 0.435176 0)
(0.544686 0.401986 0)
(0.0790372 0.257408 0)
(0.0882676 -0.321454 0)
(-0.812904 0.158343 0)
(-0.770412 -0.105473 0)
(-0.779585 -0.266105 0)
(-0.666546 -0.292538 0)
(-0.493216 -0.147173 0)
(-0.238285 0.198742 0)
(0.0382476 0.487668 0)
(-0.197637 0.345877 0)
(-0.161023 -0.0281589 0)
(0.151203 -0.357344 0)
(0.340425 -0.675297 0)
(0.124327 -0.765607 0)
(-0.0471148 -0.673537 0)
(0.118618 -0.597053 0)
(0.302414 -0.16275 0)
(0.341757 0.351103 0)
(0.373741 0.590463 0)
(0.0286833 0.375439 0)
(0.0730883 -0.349265 0)
(-0.3831 0.049428 0)
(-0.229049 -0.116616 0)
(-0.448012 -0.155476 0)
(-0.591722 -0.298383 0)
(-0.52583 -0.286914 0)
(-0.393358 -0.00754002 0)
(-0.0352531 0.422359 0)
(0.0600162 0.383947 0)
(0.190728 -0.00481027 0)
(0.262984 -0.36676 0)
(0.201636 -0.58666 0)
(-0.278081 -0.588786 0)
(-0.149049 -0.740386 0)
(0.0688851 -0.738285 0)
(0.268221 -0.251436 0)
(0.327159 0.348665 0)
(0.28991 0.732484 0)
(0.000546948 0.50754 0)
(0.0637901 -0.31897 0)
(0.0246635 -0.0771652 0)
(0.0330361 -0.138078 0)
(-0.137942 -0.0239856 0)
(-0.459287 -0.186994 0)
(-0.558328 -0.294696 0)
(-0.500386 -0.0780167 0)
(-0.274162 0.216948 0)
(0.0265383 0.0925107 0)
(0.12263 -0.143969 0)
(0.150132 -0.367659 0)
(-0.22046 -0.380199 0)
(-0.604879 -0.52805 0)
(-0.264476 -0.914887 0)
(-0.0741266 -0.865842 0)
(0.131558 -0.340485 0)
(0.263849 0.350481 0)
(0.128048 0.839242 0)
(-0.0420048 0.566304 0)
(0.0831959 -0.346809 0)
(0.134365 -0.0909616 0)
(0.0228127 -0.0732235 0)
(-0.0930262 0.121305 0)
(-0.434389 -0.0892126 0)
(-0.647873 -0.2517 0)
(-0.582278 -0.108983 0)
(-0.404893 0.108377 0)
(-0.205159 0.178973 0)
(-0.0465092 -0.0882974 0)
(-0.281915 -0.197358 0)
(-1.00708 -0.0988526 0)
(-0.758975 -0.684891 0)
(-0.491847 -1.07334 0)
(-0.277962 -0.997332 0)
(-0.0692002 -0.448383 0)
(0.140596 0.369847 0)
(-0.109234 0.903898 0)
(-0.0968977 0.54817 0)
(0.110141 -0.270294 0)
(0.0488826 -0.0531254 0)
(-0.110393 0.0222768 0)
(-0.183634 0.266695 0)
(-0.40802 0.11962 0)
(-0.82999 -0.187957 0)
(-0.717871 -0.109629 0)
(-0.453842 -0.0122739 0)
(-0.235683 -0.146902 0)
(-0.48343 0.0184229 0)
(-1.13247 0.286951 0)
(-1.21753 -0.169551 0)
(-0.909642 -0.867518 0)
(-0.72826 -1.20789 0)
(-0.506687 -1.14955 0)
(-0.287322 -0.564492 0)
(0.00270063 0.368674 0)
(-0.235767 0.976755 0)
(-0.144158 0.37262 0)
(0.127101 -0.324351 0)
(-0.0909912 0.00337541 0)
(-0.228925 0.110678 0)
(-0.302357 0.372201 0)
(-0.57979 0.207205 0)
(-1.00168 -0.141054 0)
(-1.00043 -0.35078 0)
(-0.757549 -0.256112 0)
(-0.687284 -0.0137707 0)
(-1.04595 0.373117 0)
(-1.44266 0.365101 0)
(-1.2486 -0.317129 0)
(-1.02145 -0.995597 0)
(-0.885189 -1.3348 0)
(-0.713233 -1.29694 0)
(-0.499053 -0.677774 0)
(-0.16243 0.333379 0)
(-0.238787 1.01095 0)
(-0.158184 0.251899 0)
(0.145883 -0.331833 0)
(-0.19679 0.0503243 0)
(-0.287298 0.182808 0)
(-0.31382 0.479642 0)
(-0.520155 0.421919 0)
(-0.929356 0.0529041 0)
(-0.98041 -0.261947 0)
(-0.835697 -0.285894 0)
(-0.991194 0.150036 0)
(-1.37612 0.62545 0)
(-1.45702 0.336089 0)
(-1.1439 -0.46587 0)
(-0.960279 -1.09276 0)
(-0.910805 -1.41992 0)
(-0.840275 -1.40893 0)
(-0.670358 -0.81232 0)
(-0.308935 0.236791 0)
(-0.111547 0.948446 0)
(-0.158103 0.224021 0)
(0.163059 -0.341768 0)
(-0.267654 0.0903789 0)
(-0.311316 0.221999 0)
(-0.283801 0.536258 0)
(-0.411975 0.576815 0)
(-0.783903 0.173823 0)
(-0.862509 -0.239319 0)
(-0.806705 -0.264531 0)
(-1.03749 0.292117 0)
(-1.32738 0.700696 0)
(-1.19743 0.213851 0)
(-0.849755 -0.62236 0)
(-0.738745 -1.14824 0)
(-0.768746 -1.43702 0)
(-0.849165 -1.45813 0)
(-0.75602 -0.960702 0)
(-0.400339 0.0678313 0)
(0.0177339 0.799232 0)
(-0.159459 0.229872 0)
(0.175548 -0.355515 0)
(-0.320041 0.119601 0)
(-0.319808 0.226559 0)
(-0.232331 0.538775 0)
(-0.266775 0.684327 0)
(-0.586017 0.311044 0)
(-0.729718 -0.160123 0)
(-0.74528 -0.196329 0)
(-0.915971 0.385561 0)
(-1.04464 0.687078 0)
(-0.805403 0.0479827 0)
(-0.521481 -0.720431 0)
(-0.46417 -1.15063 0)
(-0.506133 -1.38908 0)
(-0.73377 -1.4246 0)
(-0.738059 -1.06731 0)
(-0.47802 -0.146177 0)
(0.00912868 0.630166 0)
(-0.172194 0.217435 0)
(0.165933 -0.343045 0)
(-0.370535 0.133156 0)
(-0.32616 0.193265 0)
(-0.167555 0.484284 0)
(-0.0817186 0.748547 0)
(-0.323609 0.476949 0)
(-0.570372 -0.0430497 0)
(-0.642211 -0.131719 0)
(-0.690078 0.369674 0)
(-0.676137 0.63763 0)
(-0.446498 -0.0424944 0)
(-0.222189 -0.772605 0)
(-0.206255 -1.14723 0)
(-0.21266 -1.30893 0)
(-0.517146 -1.32429 0)
(-0.626278 -1.09847 0)
(-0.493185 -0.28997 0)
(-0.0951124 0.482648 0)
(-0.198655 0.131521 0)
(0.12567 -0.287296 0)
(-0.454548 0.146166 0)
(-0.351379 0.134678 0)
(-0.106058 0.381188 0)
(0.0835898 0.735028 0)
(-0.0151509 0.640882 0)
(-0.356288 0.109227 0)
(-0.514223 -0.0788327 0)
(-0.475867 0.243282 0)
(-0.317404 0.551416 0)
(-0.118184 -0.0927901 0)
(0.049637 -0.802447 0)
(0.0370531 -1.1451 0)
(0.0381216 -1.22481 0)
(-0.256136 -1.18876 0)
(-0.451806 -1.06803 0)
(-0.426976 -0.450067 0)
(0.0587446 0.401709 0)
(-0.173787 0.155353 0)
(0.0894029 -0.461023 0)
(-0.49529 0.118828 0)
(-0.347735 -0.0120012 0)
(-0.107662 0.187161 0)
(0.19137 0.662598 0)
(0.244823 0.749576 0)
(-0.045179 0.318179 0)
(-0.341027 -0.0131392 0)
(-0.327146 0.0770902 0)
(-0.0724991 0.412859 0)
(0.178189 -0.135692 0)
(0.312308 -0.852643 0)
(0.277997 -1.13815 0)
(0.23744 -1.14956 0)
(-0.0315774 -1.05437 0)
(-0.256343 -0.98109 0)
(-0.371558 -0.647319 0)
(0.351798 0.115441 0)
(-0.129862 0.224396 0)
(0.0924891 -0.476615 0)
(-0.447284 0.0685742 0)
(-0.340769 -0.136375 0)
(-0.2101 0.00155714 0)
(0.0764248 0.436371 0)
(0.344465 0.742817 0)
(0.266952 0.517554 0)
(-0.0359083 0.172059 0)
(-0.137728 0.00910624 0)
(0.0217262 0.164411 0)
(0.366076 -0.298085 0)
(0.576713 -0.883016 0)
(0.488269 -1.12027 0)
(0.397313 -1.05746 0)
(0.112841 -0.911583 0)
(-0.0925422 -0.871137 0)
(-0.301626 -0.753867 0)
(0.393372 0.100651 0)
(-0.103205 0.362385 0)
(0.0778211 -0.404008 0)
(-0.406373 0.0639521 0)
(-0.442847 -0.172164 0)
(-0.425317 -0.0456048 0)
(-0.105964 0.306816 0)
(0.26945 0.632221 0)
(0.430539 0.575622 0)
(0.305325 0.295533 0)
(0.219325 0.0376464 0)
(0.313388 -0.0819021 0)
(0.639176 -0.450118 0)
(0.824409 -0.858423 0)
(0.669617 -1.03475 0)
(0.486079 -0.927366 0)
(0.163216 -0.759346 0)
(0.00339821 -0.758222 0)
(-0.244644 -0.796374 0)
(0.256827 -0.068962 0)
(-0.0797342 0.54667 0)
(0.151104 -0.511992 0)
(-0.342763 0.134354 0)
(-0.502534 -0.13542 0)
(-0.653065 -0.12883 0)
(-0.395723 0.118898 0)
(0.0672122 0.425162 0)
(0.425901 0.495836 0)
(0.535412 0.334318 0)
(0.60579 0.0532525 0)
(0.750041 -0.189446 0)
(0.913886 -0.512148 0)
(0.932046 -0.804767 0)
(0.736395 -0.891477 0)
(0.473982 -0.762837 0)
(0.156449 -0.622222 0)
(0.0479818 -0.65438 0)
(-0.205301 -0.761222 0)
(0.0204034 -0.167504 0)
(-0.13746 0.58518 0)
(0.237146 -0.537791 0)
(-0.190691 0.247625 0)
(-0.355461 -0.0339076 0)
(-0.586482 -0.163161 0)
(-0.541897 -0.139938 0)
(-0.220576 0.0677085 0)
(0.233584 0.271211 0)
(0.506864 0.239729 0)
(0.697196 0.0312419 0)
(0.801511 -0.248125 0)
(0.839556 -0.544532 0)
(0.778709 -0.743852 0)
(0.638297 -0.750547 0)
(0.405312 -0.608576 0)
(0.121798 -0.494496 0)
(0.0683088 -0.562107 0)
(-0.176314 -0.675422 0)
(-0.159671 -0.295599 0)
(0.13361 0.419925 0)
(0.273405 -0.181197 0)
(0.0488048 0.368608 0)
(-0.0532694 0.100401 0)
(-0.191903 -0.0269974 0)
(-0.268201 -0.113278 0)
(-0.260803 -0.121364 0)
(-0.0545886 -0.0399557 0)
(0.258988 -0.00800211 0)
(0.450675 -0.135789 0)
(0.558081 -0.337926 0)
(0.57021 -0.563466 0)
(0.52839 -0.683721 0)
(0.449009 -0.644074 0)
(0.287915 -0.48895 0)
(0.0636237 -0.40372 0)
(0.0875604 -0.494262 0)
(-0.138166 -0.577629 0)
(-0.232991 -0.266994 0)
(-0.174787 0.0973924 0)
(0.231101 -0.139859 0)
(0.278407 0.41883 0)
(0.229072 0.164339 0)
(0.16823 0.00319056 0)
(0.147626 -0.0865158 0)
(0.15805 -0.0904926 0)
(0.163434 -0.0679803 0)
(0.227193 -0.110448 0)
(0.33765 -0.215737 0)
(0.415826 -0.386136 0)
(0.402201 -0.562014 0)
(0.329065 -0.634251 0)
(0.240374 -0.564946 0)
(0.0994059 -0.401715 0)
(0.00052318 -0.370958 0)
(0.12063 -0.465806 0)
(-0.0995878 -0.52255 0)
(0.0337672 -0.272039 0)
(-0.18822 0.018433 0)
(0.221875 -0.207845 0)
(0.400209 0.391311 0)
(0.429778 0.200269 0)
(0.412851 0.035763 0)
(0.392124 -0.0723471 0)
(0.383624 -0.1059 0)
(0.402584 -0.0853646 0)
(0.43753 -0.101336 0)
(0.465578 -0.195835 0)
(0.450573 -0.346725 0)
(0.362065 -0.491391 0)
(0.216841 -0.558284 0)
(0.0703416 -0.496461 0)
(0.0133889 -0.373494 0)
(0.0226038 -0.398082 0)
(0.16326 -0.463396 0)
(-0.0647591 -0.510148 0)
(0.31858 -0.280426 0)
(-0.22902 0.110956 0)
(0.259129 -0.198202 0)
(0.403611 0.316141 0)
(0.475838 0.180265 0)
(0.485031 0.036502 0)
(0.464003 -0.0680294 0)
(0.442661 -0.109573 0)
(0.447544 -0.105741 0)
(0.475482 -0.119565 0)
(0.492241 -0.188678 0)
(0.454051 -0.30455 0)
(0.350607 -0.416966 0)
(0.213496 -0.462316 0)
(0.0916346 -0.430743 0)
(0.0854247 -0.385196 0)
(0.0835967 -0.423347 0)
(0.193601 -0.461096 0)
(-0.0403775 -0.51604 0)
(0.40892 -0.281912 0)
(-0.288059 0.20829 0)
(0.314569 -0.202868 0)
(0.348947 0.24541 0)
(0.421891 0.146318 0)
(0.44119 0.0317954 0)
(0.424797 -0.0578646 0)
(0.402699 -0.104079 0)
(0.399945 -0.116986 0)
(0.418639 -0.13602 0)
(0.435518 -0.188725 0)
(0.41516 -0.269087 0)
(0.33914 -0.350466 0)
(0.239672 -0.390724 0)
(0.160161 -0.391504 0)
(0.152124 -0.38993 0)
(0.120307 -0.42848 0)
(0.207826 -0.453859 0)
(-0.02789 -0.52217 0)
(0.441966 -0.274131 0)
(-0.347881 0.281275 0)
(0.373088 -0.207418 0)
(0.295951 0.198441 0)
(0.353009 0.123829 0)
(0.374798 0.0326226 0)
(0.367936 -0.0472445 0)
(0.352606 -0.0990602 0)
(0.345947 -0.124167 0)
(0.354903 -0.147263 0)
(0.366404 -0.190625 0)
(0.358024 -0.249578 0)
(0.315388 -0.307231 0)
(0.248076 -0.345723 0)
(0.189192 -0.365344 0)
(0.182388 -0.384229 0)
(0.134709 -0.421084 0)
(0.210401 -0.44589 0)
(-0.0227218 -0.5327 0)
(0.477715 -0.252436 0)
(-0.405788 0.340296 0)
(0.429486 -0.208619 0)
(0.26091 0.16529 0)
(0.30567 0.105703 0)
(0.328916 0.0298295 0)
(0.33105 -0.0418297 0)
(0.321045 -0.0934246 0)
(0.312378 -0.123688 0)
(0.314361 -0.150426 0)
(0.318815 -0.189632 0)
(0.310261 -0.238259 0)
(0.279444 -0.281537 0)
(0.235777 -0.312578 0)
(0.203443 -0.342506 0)
(0.194414 -0.371327 0)
(0.135159 -0.406158 0)
(0.201291 -0.439941 0)
(-0.020423 -0.550493 0)
(0.50051 -0.2133 0)
(-0.458461 0.396127 0)
(0.478628 -0.20747 0)
(0.235684 0.137556 0)
(0.273393 0.0866272 0)
(0.296842 0.0222265 0)
(0.302878 -0.0398422 0)
(0.295875 -0.0872442 0)
(0.287814 -0.120207 0)
(0.28682 -0.150506 0)
(0.287331 -0.18707 0)
(0.276118 -0.226152 0)
(0.249944 -0.260088 0)
(0.22249 -0.293655 0)
(0.204098 -0.331044 0)
(0.18783 -0.355578 0)
(0.125501 -0.386385 0)
(0.178668 -0.435748 0)
(-0.0185363 -0.563896 0)
(0.459936 -0.164178 0)
(-0.487922 0.431748 0)
(0.512074 -0.211295 0)
(0.214399 0.114242 0)
(0.246276 0.068846 0)
(0.266893 0.0137839 0)
(0.272096 -0.0396385 0)
(0.266513 -0.0836265 0)
(0.260604 -0.11889 0)
(0.259267 -0.150959 0)
(0.256677 -0.183411 0)
(0.245533 -0.215015 0)
(0.227769 -0.246084 0)
(0.211232 -0.28173 0)
(0.194436 -0.317012 0)
(0.170247 -0.333718 0)
(0.114249 -0.364749 0)
(0.146689 -0.431557 0)
(-0.0157696 -0.551295 0)
(0.253674 -0.0748417 0)
(-0.492719 0.434704 0)
(0.519234 -0.215758 0)
(0.19527 0.095065 0)
(0.221207 0.0543712 0)
(0.237146 0.00728856 0)
(0.240718 -0.039155 0)
(0.237068 -0.0808503 0)
(0.233215 -0.117143 0)
(0.23042 -0.149081 0)
(0.22526 -0.178701 0)
(0.216012 -0.207617 0)
(0.204327 -0.237656 0)
(0.191115 -0.27199 0)
(0.173188 -0.302618 0)
(0.150359 -0.31314 0)
(0.108181 -0.344615 0)
(0.117263 -0.428237 0)
(-0.00413193 -0.513271 0)
(0.0344966 0.0630624 0)
(-0.483715 0.334267 0)
(0.487352 -0.1409 0)
(0.176664 0.0793928 0)
(0.196999 0.0432184 0)
(0.208935 0.00271847 0)
(0.212312 -0.0388849 0)
(0.210901 -0.0789906 0)
(0.207844 -0.115103 0)
(0.203406 -0.146343 0)
(0.197043 -0.17462 0)
(0.18897 -0.202027 0)
(0.179311 -0.230502 0)
(0.167987 -0.262735 0)
(0.151763 -0.290272 0)
(0.136837 -0.296753 0)
(0.107002 -0.324808 0)
(0.0930921 -0.422552 0)
(0.0345569 -0.459181 0)
(0.15616 -0.0611148 0)
(-0.462931 0.307502 0)
(0.415591 -0.215263 0)
(0.157874 0.0668963 0)
(0.173721 0.0345724 0)
(0.183468 -0.00129364 0)
(0.187644 -0.0396618 0)
(0.187682 -0.0779625 0)
(0.184313 -0.112694 0)
(0.178481 -0.142816 0)
(0.171094 -0.170205 0)
(0.1638 -0.196848 0)
(0.156536 -0.224833 0)
(0.149202 -0.255476 0)
(0.136163 -0.282383 0)
(0.131634 -0.287067 0)
(0.111476 -0.30594 0)
(0.0746536 -0.398839 0)
(0.0653471 -0.309043 0)
(-0.386678 0.347533 0)
(-0.396486 0.266615 0)
(0.249021 -0.355637 0)
(0.139551 0.0570351 0)
(0.152305 0.0274799 0)
(0.161193 -0.00543139 0)
(0.165939 -0.0410747 0)
(0.166146 -0.0768721 0)
(0.161865 -0.109487 0)
(0.15539 -0.138504 0)
(0.148111 -0.165842 0)
(0.143163 -0.193026 0)
(0.138609 -0.221576 0)
(0.135418 -0.250591 0)
(0.127468 -0.279528 0)
(0.133572 -0.286718 0)
(0.131575 -0.295505 0)
(0.115168 -0.367907 0)
(0.120509 -0.255726 0)
(-0.219572 0.248452 0)
(-0.270384 0.126103 0)
(0.298551 -0.274615 0)
(0.122459 0.0490519 0)
(0.133095 0.0213034 0)
(0.141143 -0.00946273 0)
(0.145325 -0.0424344 0)
(0.144712 -0.0753599 0)
(0.139859 -0.105948 0)
(0.134334 -0.13449 0)
(0.128568 -0.162685 0)
(0.126341 -0.190818 0)
(0.123497 -0.220386 0)
(0.125114 -0.248878 0)
(0.125952 -0.282118 0)
(0.138746 -0.296962 0)
(0.161691 -0.300593 0)
(0.190829 -0.368578 0)
(0.27443 -0.247271 0)
(0.451002 0.239044 0)
(0.305603 -0.0569634 0)
(0.338045 -0.247392 0)
(0.106649 0.0424602 0)
(0.115447 0.0160467 0)
(0.121914 -0.012797 0)
(0.124508 -0.0431514 0)
(0.123097 -0.0735301 0)
(0.118904 -0.102925 0)
(0.115474 -0.131604 0)
(0.111356 -0.160792 0)
(0.111412 -0.189767 0)
(0.110926 -0.221474 0)
(0.118291 -0.251718 0)
(0.128456 -0.288991 0)
(0.142136 -0.314888 0)
(0.183448 -0.320277 0)
(0.240384 -0.403761 0)
(0.326274 -0.343215 0)
(0.624353 0.133161 0)
(0.594508 0.197026 0)
(0.425204 0.0204151 0)
(0.0916013 0.0371338 0)
(0.0983662 0.0120102 0)
(0.102686 -0.0149527 0)
(0.103821 -0.0431401 0)
(0.102622 -0.0719079 0)
(0.0999734 -0.100893 0)
(0.0983767 -0.129771 0)
(0.0959229 -0.159942 0)
(0.0988306 -0.1904 0)
(0.102019 -0.225252 0)
(0.113335 -0.258395 0)
(0.127925 -0.297544 0)
(0.140513 -0.334449 0)
(0.181727 -0.34806 0)
(0.252564 -0.449469 0)
(0.288332 -0.443052 0)
(0.527914 -0.0205901 0)
(0.591 0.338787 0)
(0.410989 0.287545 0)
(0.076723 0.0331712 0)
(0.0814239 0.00934543 0)
(0.0840544 -0.0160771 0)
(0.0847747 -0.0429779 0)
(0.084404 -0.0710005 0)
(0.083112 -0.0998588 0)
(0.0830185 -0.129157 0)
(0.0833039 -0.160837 0)
(0.0893498 -0.193447 0)
(0.0952802 -0.230782 0)
(0.106837 -0.266147 0)
(0.119736 -0.305901 0)
(0.133278 -0.349746 0)
(0.155081 -0.375596 0)
(0.236099 -0.478308 0)
(0.176696 -0.520722 0)
(0.4059 -0.121439 0)
(0.496846 0.414307 0)
(0.361823 0.538936 0)
(0.0620529 0.0304874 0)
(0.0652581 0.00762365 0)
(0.0671354 -0.0169983 0)
(0.0679672 -0.0433651 0)
(0.0682048 -0.0710577 0)
(0.0682902 -0.100086 0)
(0.0703333 -0.130481 0)
(0.0737853 -0.163847 0)
(0.0811993 -0.198161 0)
(0.0872301 -0.236348 0)
(0.09659 -0.272891 0)
(0.105253 -0.313574 0)
(0.121165 -0.358751 0)
(0.118775 -0.396868 0)
(0.205353 -0.478941 0)
(0.0587568 -0.569431 0)
(0.294167 -0.201738 0)
(0.396333 0.462743 0)
(0.309815 0.753391 0)
(0.0482559 0.0285929 0)
(0.050509 0.00628018 0)
(0.0518804 -0.018153 0)
(0.0528099 -0.0442411 0)
(0.0539723 -0.0719541 0)
(0.0561334 -0.101662 0)
(0.0602623 -0.133358 0)
(0.0650809 -0.167599 0)
(0.0712999 -0.202562 0)
(0.0757735 -0.240607 0)
(0.082773 -0.277959 0)
(0.0885005 -0.320102 0)
(0.105452 -0.363716 0)
(0.0914582 -0.411226 0)
(0.175208 -0.463605 0)
(0.0108043 -0.595903 0)
(0.217087 -0.285792 0)
(0.314488 0.49331 0)
(0.265498 0.92832 0)
(0.0355801 0.0271531 0)
(0.0366929 0.00528191 0)
(0.0377834 -0.0188398 0)
(0.0396126 -0.0449106 0)
(0.0423761 -0.0731254 0)
(0.0461189 -0.103547 0)
(0.0504726 -0.135775 0)
(0.0543081 -0.169829 0)
(0.0583208 -0.20477 0)
(0.0614383 -0.242523 0)
(0.0668727 -0.280704 0)
(0.0716861 -0.324105 0)
(0.0869134 -0.367041 0)
(0.0756211 -0.420854 0)
(0.146448 -0.452717 0)
(0.0296754 -0.602475 0)
(0.159746 -0.376421 0)
(0.2531 0.50862 0)
(0.229821 1.06645 0)
(0.0236699 0.0267523 0)
(0.0243954 0.0049903 0)
(0.0262039 -0.0189917 0)
(0.029121 -0.0454943 0)
(0.0325013 -0.0741204 0)
(0.0358098 -0.10454 0)
(0.0386697 -0.136421 0)
(0.0409086 -0.169897 0)
(0.043398 -0.204748 0)
(0.0458914 -0.242361 0)
(0.0501475 -0.281337 0)
(0.0544772 -0.325353 0)
(0.0654305 -0.369493 0)
(0.0604382 -0.426323 0)
(0.108758 -0.453925 0)
(0.0524204 -0.590851 0)
(0.0947895 -0.468458 0)
(0.201786 0.513605 0)
(0.198849 1.1848 0)
(0.0137223 0.0270939 0)
(0.0148962 0.00465306 0)
(0.0170679 -0.0200605 0)
(0.0194547 -0.0468584 0)
(0.0216298 -0.0753525 0)
(0.0233596 -0.10541 0)
(0.0247638 -0.137008 0)
(0.026061 -0.170359 0)
(0.0277276 -0.205481 0)
(0.0296117 -0.243291 0)
(0.0324355 -0.283116 0)
(0.0354446 -0.327474 0)
(0.0412364 -0.373474 0)
(0.03956 -0.429838 0)
(0.0627613 -0.46371 0)
(0.0447196 -0.575821 0)
(0.0293145 -0.533217 0)
(0.158278 0.511999 0)
(0.176801 1.26166 0)
(0.00533184 0.0260251 0)
(0.00601365 0.00294763 0)
(0.00678363 -0.0223898 0)
(0.00750236 -0.0492154 0)
(0.00809007 -0.0777008 0)
(0.00859186 -0.107895 0)
(0.00909977 -0.139827 0)
(0.00965753 -0.173662 0)
(0.0103488 -0.209473 0)
(0.011092 -0.24793 0)
(0.0120893 -0.288741 0)
(0.0130871 -0.333742 0)
(0.0146488 -0.381165 0)
(0.0139223 -0.436176 0)
(0.0198836 -0.475502 0)
(0.0157009 -0.572373 0)
(-0.00684676 -0.563654 0)
(0.100588 0.481699 0)
(0.145297 1.37858 0)
)
;

boundaryField
{
    leftWall
    {
        type            noSlip;
    }
    rightWall
    {
        type            noSlip;
    }
    lowerWall
    {
        type            noSlip;
    }
    atmosphere
    {
        type            pressureInletOutletVelocity;
        value           nonuniform List<vector> 
46
(
(0.00435434 0.235382 0)
(0.0129397 0.247922 0)
(0.0178667 0.227061 0)
(0.0176329 0.215719 0)
(0.016704 0.206143 0)
(0.0158027 0.196464 0)
(0.0145515 0.18723 0)
(0.0131533 0.178659 0)
(0.0117989 0.17075 0)
(0.0105307 0.163481 0)
(0.00938401 0.156767 0)
(0.00839159 0.150526 0)
(0.00758425 0.144657 0)
(0.00694541 0.139064 0)
(0.00643035 0.133642 0)
(0.00600967 0.128277 0)
(0.00567875 0.122872 0)
(0.00543787 0.11735 0)
(0.00528015 0.11161 0)
(0.00515052 0.105578 0)
(0.0050414 0.0991681 0)
(0.0049277 0.0923012 0)
(0.00480959 0.0848761 0)
(0.00472815 0.0763067 0)
(0.00463935 0.0661767 0)
(0.00466083 0.0550031 0)
(0.00478828 0.0426175 0)
(0.00533184 0.0260251 0)
(0.00601365 0.00294763 0)
(0 -0.0223898 0)
(0 -0.0492154 0)
(0 -0.0777008 0)
(0 -0.107895 0)
(0 -0.139827 0)
(0 -0.173662 0)
(0 -0.209473 0)
(0 -0.24793 0)
(0 -0.288741 0)
(0 -0.333742 0)
(0 -0.381165 0)
(0 -0.436176 0)
(0 -0.475502 0)
(0 -0.572373 0)
(0 -0.563654 0)
(0.100588 0.481699 0)
(0.145297 1.37858 0)
)
;
    }
    defaultFaces
    {
        type            empty;
    }
}


// ************************************************************************* //
