/*--------------------------------*- C++ -*----------------------------------*\
| =========                 |                                                 |
| \\      /  F ield         | OpenFOAM: The Open Source CFD Toolbox           |
|  \\    /   O peration     | Version:  2206                                  |
|   \\  /    A nd           | Website:  www.openfoam.com                      |
|    \\/     M anipulation  |                                                 |
\*---------------------------------------------------------------------------*/
FoamFile
{
    version     2.0;
    format      ascii;
    arch        "LSB;label=32;scalar=64";
    class       volVectorField;
    location    "0.95";
    object      U;
}
// * * * * * * * * * * * * * * * * * * * * * * * * * * * * * * * * * * * * * //

dimensions      [0 1 -1 0 0 0 0];

internalField   nonuniform List<vector> 
2268
(
(0.0226659 -0.0174312 0)
(0.0461143 -0.00674363 0)
(0.0216786 0.00976176 0)
(-0.0378125 0.0164394 0)
(-0.0698037 0.00731347 0)
(-0.0527677 -0.00371574 0)
(-0.0283625 -0.00330264 0)
(-0.0239429 0.00149008 0)
(-0.0367816 0.0048532 0)
(-0.0609893 0.00731494 0)
(-0.0928134 0.00834343 0)
(-0.126896 0.00568458 0)
(-0.149183 -0.00253102 0)
(-0.148442 -0.0115365 0)
(-0.140989 -0.0060584 0)
(-0.172348 0.0164165 0)
(-0.255846 0.0261591 0)
(-0.303836 0.00984428 0)
(-0.259789 -0.0138895 0)
(-0.194731 -0.0209888 0)
(-0.140924 -0.0199978 0)
(-0.0833001 -0.0214826 0)
(-0.0256991 -0.0167619 0)
(-0.0110794 -0.0162141 0)
(-0.040322 0.00887668 0)
(-0.0818828 0.0302279 0)
(-0.112114 0.0266197 0)
(-0.0973594 0.000661146 0)
(-0.0624065 -0.0173492 0)
(-0.0356821 -0.011431 0)
(-0.0264101 0.00333953 0)
(-0.0394685 0.0140398 0)
(-0.0644852 0.0208444 0)
(-0.0956383 0.0244139 0)
(-0.129045 0.0223019 0)
(-0.161128 0.0131533 0)
(-0.196911 0.00579528 0)
(-0.241054 0.0180902 0)
(-0.278837 0.037806 0)
(-0.284955 0.0302528 0)
(-0.21988 -0.00771647 0)
(-0.1386 -0.0396628 0)
(-0.0975542 -0.0402348 0)
(-0.0692229 -0.0341041 0)
(-0.0443897 -0.0399555 0)
(-0.00973678 -0.0369721 0)
(-0.02568 0.00416453 0)
(-0.0730345 0.0284735 0)
(-0.113319 0.0420546 0)
(-0.123349 0.02515 0)
(-0.104767 -0.0132592 0)
(-0.0738382 -0.0348904 0)
(-0.0435405 -0.0223661 0)
(-0.03221 0.00376063 0)
(-0.0419214 0.0225332 0)
(-0.0629653 0.0330255 0)
(-0.0872455 0.0378112 0)
(-0.111081 0.0364738 0)
(-0.135287 0.0302934 0)
(-0.164234 0.0255598 0)
(-0.194 0.0302376 0)
(-0.201735 0.0303465 0)
(-0.159315 -0.00014966 0)
(-0.0850522 -0.0459297 0)
(-0.044233 -0.0648969 0)
(-0.0309302 -0.0544564 0)
(-0.00989965 -0.0402776 0)
(-0.0187508 -0.0444972 0)
(0.00433546 -0.0431833 0)
(-0.0230885 0.0256455 0)
(-0.0633132 0.0474367 0)
(-0.0988182 0.0523285 0)
(-0.111017 0.0259298 0)
(-0.098787 -0.0228732 0)
(-0.06931 -0.0519129 0)
(-0.0459217 -0.0331164 0)
(-0.0385561 0.00387812 0)
(-0.0491873 0.0301544 0)
(-0.0710701 0.0440295 0)
(-0.0960386 0.0489661 0)
(-0.11823 0.0458592 0)
(-0.134185 0.0382457 0)
(-0.140976 0.0326633 0)
(-0.132302 0.030738 0)
(-0.102144 0.0179187 0)
(-0.0541419 -0.0177652 0)
(-0.0208502 -0.0544748 0)
(-0.0134609 -0.0659875 0)
(-0.0179261 -0.0567811 0)
(-0.00167511 -0.0401085 0)
(-0.0189132 -0.0451842 0)
(0.00466344 -0.044461 0)
(-0.0109987 0.040711 0)
(-0.0332939 0.0627739 0)
(-0.0640815 0.0630386 0)
(-0.0799315 0.0293578 0)
(-0.0689721 -0.0309476 0)
(-0.046489 -0.0644171 0)
(-0.0382492 -0.0386896 0)
(-0.0407886 0.00706632 0)
(-0.0565169 0.0391337 0)
(-0.0811829 0.056102 0)
(-0.109415 0.0611589 0)
(-0.135127 0.0548402 0)
(-0.150814 0.0410055 0)
(-0.148372 0.0266468 0)
(-0.122185 0.0137259 0)
(-0.0798701 -0.00618983 0)
(-0.041364 -0.03645 0)
(-0.019972 -0.0621531 0)
(-0.0100804 -0.0675672 0)
(-0.0102127 -0.0584033 0)
(-0.00388755 -0.0381846 0)
(-0.0208464 -0.0459356 0)
(-0.000577693 -0.0494956 0)
(0.00616123 0.0456903 0)
(0.00696367 0.0720751 0)
(-0.0162515 0.0729516 0)
(-0.0317427 0.0335762 0)
(-0.0209959 -0.0358508 0)
(-0.00557841 -0.0706041 0)
(-0.0214907 -0.0374491 0)
(-0.0353148 0.0152708 0)
(-0.0575356 0.0512026 0)
(-0.0839506 0.0708772 0)
(-0.114278 0.0765831 0)
(-0.14468 0.0669809 0)
(-0.164545 0.045395 0)
(-0.16355 0.0202178 0)
(-0.137498 -0.00262607 0)
(-0.0951648 -0.0257866 0)
(-0.0513881 -0.0522881 0)
(-0.016501 -0.0735236 0)
(0.00614117 -0.0741147 0)
(0.0140454 -0.06009 0)
(0.0129527 -0.0372223 0)
(-0.00746148 -0.0462273 0)
(-0.00449272 -0.0546816 0)
(0.0273358 0.0342563 0)
(0.0531785 0.0742982 0)
(0.0387229 0.0812744 0)
(0.0228148 0.0378907 0)
(0.0466001 -0.0393247 0)
(0.0505306 -0.0683708 0)
(0.00487351 -0.0274275 0)
(-0.0110327 0.0270434 0)
(-0.0330279 0.0619784 0)
(-0.0593162 0.0818329 0)
(-0.0929274 0.0898765 0)
(-0.130514 0.0773431 0)
(-0.157963 0.0468557 0)
(-0.161703 0.00971112 0)
(-0.135714 -0.024012 0)
(-0.0883251 -0.0533027 0)
(-0.0409113 -0.0767763 0)
(-0.00488701 -0.0882992 0)
(0.0235259 -0.0807139 0)
(0.0407029 -0.0583136 0)
(0.0395636 -0.029726 0)
(0.0139915 -0.0429842 0)
(-0.00140968 -0.0600174 0)
(0.0512415 0.00545519 0)
(0.100344 0.0690582 0)
(0.0943066 0.0854649 0)
(0.0909101 0.0314537 0)
(0.128989 -0.05035 0)
(0.0938914 -0.0564624 0)
(0.0381269 -0.00922338 0)
(0.0334753 0.0347101 0)
(0.00908399 0.0773178 0)
(-0.028889 0.105551 0)
(-0.0718619 0.11917 0)
(-0.114571 0.106256 0)
(-0.145764 0.0679444 0)
(-0.152742 0.0141801 0)
(-0.126943 -0.0396731 0)
(-0.0863127 -0.0702492 0)
(-0.0528715 -0.0870353 0)
(-0.019643 -0.10151 0)
(0.0163445 -0.102736 0)
(0.0407845 -0.073547 0)
(0.0494644 -0.0226256 0)
(0.0283376 -0.0198162 0)
(0.00975602 -0.054079 0)
(0.0728523 -0.00191356 0)
(-0.2021 0.0439778 0)
(-0.276413 -0.0101045 0)
(-0.0729207 -0.0728954 0)
(0.167136 -0.07129 0)
(0.335718 0.00363131 0)
(0.274316 0.0230823 0)
(0.0530014 0.0136486 0)
(0.109366 -0.0314317 0)
(0.260602 -0.0592676 0)
(0.385476 0.0173715 0)
(0.130402 0.0622805 0)
(-0.213159 0.0501711 0)
(-0.35975 0.0481643 0)
(-0.490606 0.0409497 0)
(-0.436997 -0.00427846 0)
(-0.246481 -0.0407173 0)
(-0.067532 -0.0304837 0)
(0.0427679 -0.00185651 0)
(-0.0418494 0.0531457 0)
(-0.264202 0.0967824 0)
(-0.2066 -0.0245839 0)
(-0.0772785 -0.149803 0)
(0.0953004 -0.164334 0)
(0.235599 -0.00219322 0)
(0.227648 0.0798808 0)
(-0.0772893 0.0564725 0)
(-0.074869 -0.0412357 0)
(-0.0853577 -0.0721057 0)
(0.172776 0.0622373 0)
(0.0923173 0.173218 0)
(-0.345394 0.146307 0)
(-0.504228 0.0708915 0)
(-0.497739 -0.00997797 0)
(-0.334299 -0.0946811 0)
(-0.184032 -0.136479 0)
(-0.0402706 -0.112856 0)
(0.122596 -0.00842824 0)
(-0.0839229 0.109742 0)
(-0.228501 0.127696 0)
(-0.172995 -0.0542387 0)
(-0.0574385 -0.213716 0)
(0.0339247 -0.217256 0)
(0.0301002 -0.0067892 0)
(-0.0949405 0.173081 0)
(-0.516046 0.154803 0)
(-0.571128 -0.0489587 0)
(-0.428507 -0.159417 0)
(-0.187138 0.00692347 0)
(-0.0346818 0.251484 0)
(-0.32709 0.237504 0)
(-0.404083 0.107091 0)
(-0.363728 -0.0131899 0)
(-0.303849 -0.11636 0)
(-0.237303 -0.175273 0)
(-0.0910059 -0.169454 0)
(0.114142 0.0376419 0)
(-0.0762943 0.16011 0)
(-0.167246 0.147496 0)
(-0.137138 -0.081487 0)
(-0.0323979 -0.254384 0)
(-0.0345106 -0.20685 0)
(-0.248605 0.104037 0)
(-0.575016 0.32229 0)
(-0.874148 0.193651 0)
(-0.751855 -0.138006 0)
(-0.638427 -0.260722 0)
(-0.450519 -0.0562677 0)
(-0.202743 0.255671 0)
(-0.277826 0.28323 0)
(-0.315047 0.110609 0)
(-0.328856 -0.0314914 0)
(-0.37567 -0.111452 0)
(-0.357243 -0.226211 0)
(-0.164759 -0.235892 0)
(0.0260007 0.0144145 0)
(-0.0429269 0.195405 0)
(-0.0901515 0.162363 0)
(-0.0572138 -0.0975094 0)
(0.00126585 -0.258405 0)
(-0.107703 -0.126452 0)
(-0.528099 0.261758 0)
(-0.863305 0.393618 0)
(-0.893307 0.133085 0)
(-0.668256 -0.197892 0)
(-0.665764 -0.312446 0)
(-0.61386 -0.129679 0)
(-0.388465 0.195076 0)
(-0.276952 0.278479 0)
(-0.310915 0.131876 0)
(-0.400506 0.0226727 0)
(-0.544669 -0.105137 0)
(-0.583516 -0.286953 0)
(-0.214746 -0.33063 0)
(0.0454597 -0.0182588 0)
(0.00495864 0.210422 0)
(0.00447125 0.168115 0)
(0.0692353 -0.103756 0)
(0.0659404 -0.224079 0)
(-0.132281 0.00801713 0)
(-0.722162 0.429095 0)
(-0.942433 0.463972 0)
(-0.619384 0.163767 0)
(-0.39236 -0.166839 0)
(-0.584239 -0.283323 0)
(-0.666649 -0.154892 0)
(-0.564701 0.114306 0)
(-0.383546 0.234892 0)
(-0.406915 0.160939 0)
(-0.636259 0.0644846 0)
(-1.04396 -0.084883 0)
(-0.946447 -0.355961 0)
(-0.221568 -0.516629 0)
(0.106051 -0.0509372 0)
(0.0510566 0.189507 0)
(0.108636 0.159501 0)
(0.190202 -0.104098 0)
(0.17139 -0.180617 0)
(-0.0229515 0.166614 0)
(-0.69204 0.569435 0)
(-0.778615 0.428973 0)
(-0.364741 0.046587 0)
(-0.358249 -0.208757 0)
(-0.603758 -0.222711 0)
(-0.695097 -0.125341 0)
(-0.674609 0.0957364 0)
(-0.533878 0.190533 0)
(-0.583051 0.201405 0)
(-1.18038 0.242734 0)
(-1.86905 0.175904 0)
(-0.626252 -0.715738 0)
(-0.161291 -0.74628 0)
(0.0831669 -0.0672994 0)
(0.0853426 0.133489 0)
(0.194674 0.122705 0)
(0.295609 -0.104714 0)
(0.271476 -0.150157 0)
(0.140448 0.264716 0)
(-0.435608 0.727105 0)
(-0.520219 0.397735 0)
(-0.0842456 -0.0800126 0)
(-0.381945 -0.133832 0)
(-0.73522 -0.15485 0)
(-0.797702 -0.113899 0)
(-0.717746 0.0536018 0)
(-0.81994 0.209363 0)
(-1.25285 0.395118 0)
(-1.90486 0.461448 0)
(-1.38143 -0.230823 0)
(-0.381313 -1.13414 0)
(-0.172474 -0.93886 0)
(0.0049632 -0.0732027 0)
(0.104243 -0.0588689 0)
(0.203706 0.0593054 0)
(0.205132 0.0995861 0)
(0.196813 0.0447675 0)
(0.166587 -0.0144983 0)
(0.0706444 -0.0203277 0)
(0.0482244 -0.0107743 0)
(0.0237076 0.0451045 0)
(-0.076025 0.0794599 0)
(-0.172852 0.0975006 0)
(-0.223096 0.107027 0)
(-0.248797 0.0920138 0)
(-0.260942 0.0521162 0)
(-0.261441 -0.00223831 0)
(-0.247323 -0.0453818 0)
(-0.2198 -0.0785024 0)
(-0.188933 -0.113701 0)
(-0.180111 -0.138072 0)
(-0.199267 -0.125203 0)
(-0.204491 -0.0762177 0)
(-0.130772 -0.0341516 0)
(-0.0188573 -0.0203583 0)
(0.0236656 -0.00609522 0)
(0.0597103 -0.298709 0)
(0.260062 -0.0153943 0)
(0.301342 0.11063 0)
(0.27107 0.0747427 0)
(0.205976 0.050315 0)
(0.102289 0.0550717 0)
(-0.0808243 0.0406828 0)
(-0.17471 0.142901 0)
(-0.270683 0.230334 0)
(-0.535979 0.24375 0)
(-0.698881 0.235789 0)
(-0.770543 0.176097 0)
(-0.788863 0.103458 0)
(-0.75278 4.51885e-05 0)
(-0.672178 -0.114455 0)
(-0.600203 -0.143642 0)
(-0.629137 -0.0868427 0)
(-0.780522 -0.0267127 0)
(-0.881734 -0.0110568 0)
(-0.835086 -0.114726 0)
(-0.640599 -0.235043 0)
(-0.353803 -0.231327 0)
(-0.102968 -0.145758 0)
(-0.0544226 -0.518517 0)
(0.19421 -0.196193 0)
(0.158882 0.0350043 0)
(0.12306 0.100303 0)
(0.00261627 0.183972 0)
(-0.130648 0.183662 0)
(-0.254913 0.190512 0)
(-0.580686 0.388685 0)
(-0.84574 0.533878 0)
(-1.20828 0.502237 0)
(-1.3435 0.284111 0)
(-1.39888 0.13958 0)
(-1.39885 0.0204543 0)
(-1.29318 -0.156622 0)
(-1.14579 -0.250435 0)
(-1.05681 -0.0973524 0)
(-1.06313 0.0795024 0)
(-1.10489 0.0570284 0)
(-1.01691 -0.147475 0)
(-0.841453 -0.332088 0)
(-0.640015 -0.452986 0)
(-0.449301 -0.49396 0)
(-0.287046 -0.409558 0)
(-0.17802 -0.429187 0)
(-0.213292 -0.0355143 0)
(-0.403227 0.190793 0)
(-0.468352 0.263378 0)
(-0.471784 0.310649 0)
(-0.619823 0.387292 0)
(-1.03589 0.635769 0)
(-0.99417 0.704481 0)
(-1.07122 0.753053 0)
(-1.08662 0.668391 0)
(-1.18601 0.491277 0)
(-1.49188 0.335323 0)
(-1.51844 -0.00762872 0)
(-1.34779 -0.319857 0)
(-1.2551 -0.372019 0)
(-1.19791 -0.217913 0)
(-1.13012 -0.0210716 0)
(-1.06775 -0.0562049 0)
(-1.00017 -0.256377 0)
(-0.879073 -0.441835 0)
(-0.711911 -0.623591 0)
(-0.595696 -0.655379 0)
(-0.5304 -0.501863 0)
(-0.306009 -0.0862591 0)
(-0.643402 0.216298 0)
(-1.00708 0.265427 0)
(-1.30488 0.291406 0)
(-1.62335 0.443086 0)
(-1.47537 0.508372 0)
(-1.42304 0.529839 0)
(-1.162 0.587876 0)
(-0.96068 0.589974 0)
(-0.778625 0.608022 0)
(-0.708106 0.720212 0)
(-0.947921 0.699733 0)
(-1.30109 -0.0939957 0)
(-1.35934 -0.394988 0)
(-1.38607 -0.420762 0)
(-1.30355 -0.237006 0)
(-1.19799 -0.0848042 0)
(-1.15063 -0.107423 0)
(-1.18077 -0.330583 0)
(-1.0976 -0.668759 0)
(-0.904975 -0.855884 0)
(-0.827525 -0.723697 0)
(-0.821624 -0.438321 0)
(-0.275186 0.313523 0)
(-0.691398 0.608565 0)
(-1.19616 0.679358 0)
(-1.64098 0.622622 0)
(-1.74723 0.357912 0)
(-1.66841 0.283034 0)
(-1.49548 0.242825 0)
(-1.32176 0.220269 0)
(-1.15815 0.247907 0)
(-1.01953 0.337044 0)
(-0.960745 0.541826 0)
(-0.933155 0.903257 0)
(-1.22332 0.270675 0)
(-1.59928 -0.269026 0)
(-1.62634 -0.44051 0)
(-1.50004 -0.381386 0)
(-1.37389 -0.17392 0)
(-1.25688 -0.0744079 0)
(-1.19011 -0.285538 0)
(-1.12024 -0.670825 0)
(-1.01294 -0.921803 0)
(-0.969655 -0.731321 0)
(-0.965372 -0.34219 0)
(-0.209418 0.639973 0)
(-0.437924 1.09495 0)
(-1.10065 1.42647 0)
(-1.43484 0.924735 0)
(-1.63736 0.346192 0)
(-1.65112 0.20029 0)
(-1.54461 0.210603 0)
(-1.44388 0.241563 0)
(-1.36132 0.277077 0)
(-1.3179 0.380446 0)
(-1.30509 0.642389 0)
(-1.33832 1.04824 0)
(-1.35809 0.70195 0)
(-1.45996 -0.0811407 0)
(-1.44782 -0.4576 0)
(-1.38064 -0.506507 0)
(-1.29207 -0.354453 0)
(-1.21571 -0.239661 0)
(-1.20628 -0.349139 0)
(-1.14255 -0.763129 0)
(-1.04581 -0.99729 0)
(-1.018 -0.775325 0)
(-0.949389 -0.326291 0)
(-0.213416 0.842587 0)
(-0.198742 1.56538 0)
(-0.809271 2.1324 0)
(-1.04158 1.40252 0)
(-1.32264 0.614018 0)
(-1.58213 0.207526 0)
(-1.75192 0.111375 0)
(-1.81192 0.130308 0)
(-1.81468 0.198075 0)
(-1.78996 0.404221 0)
(-1.68545 0.746297 0)
(-1.56119 0.966459 0)
(-1.36764 0.545667 0)
(-1.2638 -0.079013 0)
(-1.29586 -0.401896 0)
(-1.32177 -0.536841 0)
(-1.31579 -0.412335 0)
(-1.3088 -0.259515 0)
(-1.24654 -0.433959 0)
(-1.09292 -0.872446 0)
(-0.996683 -1.06231 0)
(-1.06412 -0.817675 0)
(-0.979535 -0.421344 0)
(-0.253178 0.955919 0)
(-0.111823 2.0304 0)
(-0.704704 2.39162 0)
(-0.780187 1.55641 0)
(-1.07577 0.905368 0)
(-1.3505 0.545845 0)
(-1.5511 0.352974 0)
(-1.69654 0.229315 0)
(-1.81631 0.154765 0)
(-1.85873 0.213541 0)
(-1.7413 0.444852 0)
(-1.48356 0.555548 0)
(-1.23479 0.25338 0)
(-1.15247 -0.122586 0)
(-1.19843 -0.353414 0)
(-1.2953 -0.44659 0)
(-1.3764 -0.329316 0)
(-1.26203 -0.333848 0)
(-1.07075 -0.755866 0)
(-0.993046 -1.02406 0)
(-0.974882 -1.02865 0)
(-1.14454 -0.737712 0)
(-1.09388 -0.59339 0)
(-0.315551 1.05326 0)
(-0.0183948 2.39765 0)
(-0.653883 2.46265 0)
(-0.582782 1.67527 0)
(-0.824974 1.10351 0)
(-0.981316 0.748041 0)
(-1.08224 0.510878 0)
(-1.16973 0.368446 0)
(-1.27431 0.289406 0)
(-1.35052 0.278814 0)
(-1.31927 0.323567 0)
(-1.16673 0.302899 0)
(-1.01731 0.109965 0)
(-0.974116 -0.137451 0)
(-1.00624 -0.330028 0)
(-1.05996 -0.427039 0)
(-1.06203 -0.408667 0)
(-0.97966 -0.365531 0)
(-0.886916 -0.56934 0)
(-0.912221 -0.978902 0)
(-0.99551 -0.976551 0)
(-0.961615 -0.775286 0)
(-0.957378 -0.677404 0)
(-0.397477 1.15511 0)
(0.121593 2.67887 0)
(-0.597858 2.53418 0)
(-0.402708 1.80747 0)
(-0.60607 1.23646 0)
(-0.638591 0.836991 0)
(-0.662248 0.567877 0)
(-0.70495 0.435292 0)
(-0.76399 0.369147 0)
(-0.796775 0.333657 0)
(-0.768276 0.311474 0)
(-0.678415 0.247106 0)
(-0.589439 0.10226 0)
(-0.557492 -0.0838126 0)
(-0.583459 -0.254609 0)
(-0.637102 -0.376997 0)
(-0.67172 -0.454723 0)
(-0.662086 -0.546026 0)
(-0.658834 -0.70311 0)
(-0.738089 -0.883198 0)
(-0.842513 -0.967384 0)
(-0.843645 -0.848776 0)
(-0.724856 -0.568668 0)
(-0.479351 1.22507 0)
(0.32024 2.92116 0)
(-0.552563 2.61737 0)
(-0.241799 1.8996 0)
(-0.444934 1.28956 0)
(-0.394445 0.858973 0)
(-0.430932 0.588109 0)
(-0.495839 0.478843 0)
(-0.551965 0.407581 0)
(-0.564303 0.334879 0)
(-0.523759 0.254687 0)
(-0.441776 0.150662 0)
(-0.354954 0.0216492 0)
(-0.292028 -0.101925 0)
(-0.261449 -0.209414 0)
(-0.259837 -0.301628 0)
(-0.2793 -0.380931 0)
(-0.30184 -0.479186 0)
(-0.336672 -0.62618 0)
(-0.421987 -0.781732 0)
(-0.533432 -0.866544 0)
(-0.610081 -0.888469 0)
(-0.575336 -0.858705 0)
(-0.529896 1.20017 0)
(0.230262 3.09666 0)
(-0.532498 2.68297 0)
(-0.127056 1.94208 0)
(-0.353069 1.28934 0)
(-0.267839 0.877571 0)
(-0.403834 0.652563 0)
(-0.526067 0.557919 0)
(-0.612566 0.449483 0)
(-0.636449 0.321694 0)
(-0.600778 0.187715 0)
(-0.521324 0.0522213 0)
(-0.422776 -0.0763938 0)
(-0.324534 -0.191727 0)
(-0.239459 -0.282382 0)
(-0.168845 -0.345735 0)
(-0.113889 -0.395324 0)
(-0.0807704 -0.460048 0)
(-0.086462 -0.551373 0)
(-0.143174 -0.671248 0)
(-0.224898 -0.760379 0)
(-0.306934 -0.795817 0)
(-0.344989 -0.807948 0)
(-0.62708 1.3683 0)
(0.226065 3.17615 0)
(-0.504745 2.70095 0)
(-0.044934 1.95962 0)
(-0.323623 1.29039 0)
(-0.264191 0.964569 0)
(-0.519151 0.806176 0)
(-0.694785 0.695619 0)
(-0.82206 0.527042 0)
(-0.859924 0.328675 0)
(-0.81659 0.129908 0)
(-0.711598 -0.0459182 0)
(-0.575396 -0.191703 0)
(-0.439761 -0.305103 0)
(-0.315114 -0.385797 0)
(-0.204209 -0.43845 0)
(-0.108081 -0.47456 0)
(-0.0368337 -0.517091 0)
(0.00653519 -0.569064 0)
(0.00336068 -0.631568 0)
(-0.0306606 -0.695701 0)
(-0.0964203 -0.743273 0)
(-0.143904 -0.761356 0)
(-0.732439 1.5919 0)
(0.284642 3.19627 0)
(-0.483366 2.67769 0)
(0.042577 1.98632 0)
(-0.335755 1.35056 0)
(-0.34597 1.14539 0)
(-0.700378 1.03092 0)
(-0.942771 0.878854 0)
(-1.12403 0.632987 0)
(-1.17232 0.338079 0)
(-1.10088 0.0502647 0)
(-0.941592 -0.185225 0)
(-0.742366 -0.349197 0)
(-0.550824 -0.456149 0)
(-0.385539 -0.523687 0)
(-0.248559 -0.563206 0)
(-0.13393 -0.582939 0)
(-0.0369392 -0.592514 0)
(0.032806 -0.607097 0)
(0.0688837 -0.631486 0)
(0.0698286 -0.665786 0)
(0.0366038 -0.690707 0)
(-0.00693904 -0.712723 0)
(-0.798982 1.70865 0)
(0.49746 3.18907 0)
(-0.486134 2.66937 0)
(0.145748 2.03709 0)
(-0.365826 1.50242 0)
(-0.451865 1.41717 0)
(-0.893061 1.34132 0)
(-1.20934 1.14365 0)
(-1.43308 0.777839 0)
(-1.48835 0.325646 0)
(-1.40066 -0.100299 0)
(-1.19273 -0.424475 0)
(-0.917555 -0.601698 0)
(-0.647773 -0.673215 0)
(-0.427931 -0.695331 0)
(-0.261238 -0.698017 0)
(-0.138874 -0.693929 0)
(-0.0472236 -0.688264 0)
(0.0234163 -0.679616 0)
(0.0749503 -0.670537 0)
(0.101922 -0.665455 0)
(0.103479 -0.667155 0)
(0.0788569 -0.673206 0)
(-0.839947 1.76737 0)
(0.730689 3.1308 0)
(-0.500525 2.74749 0)
(0.226773 2.10369 0)
(-0.371686 1.73867 0)
(-0.495025 1.75524 0)
(-0.970675 1.69968 0)
(-1.30359 1.40473 0)
(-1.51953 0.873849 0)
(-1.57097 0.275228 0)
(-1.49934 -0.283924 0)
(-1.30511 -0.722492 0)
(-1.02493 -0.93667 0)
(-0.697826 -0.972957 0)
(-0.431112 -0.918513 0)
(-0.235913 -0.855261 0)
(-0.103638 -0.802568 0)
(-0.0158511 -0.763334 0)
(0.0422913 -0.733979 0)
(0.080229 -0.70981 0)
(0.10437 -0.688352 0)
(0.117375 -0.66877 0)
(0.114818 -0.653136 0)
(-0.832601 1.76425 0)
(0.617679 3.08655 0)
(-0.40498 2.83996 0)
(0.23743 2.13596 0)
(-0.294301 2.001 0)
(-0.34758 2.08669 0)
(-0.772277 2.03466 0)
(-1.0415 1.6474 0)
(-1.20659 0.992167 0)
(-1.26304 0.258418 0)
(-1.2258 -0.447055 0)
(-1.0973 -0.980575 0)
(-0.91895 -1.25845 0)
(-0.628781 -1.29646 0)
(-0.355452 -1.16918 0)
(-0.16078 -1.02317 0)
(-0.0336928 -0.912346 0)
(0.0437988 -0.832603 0)
(0.0901344 -0.774311 0)
(0.114377 -0.730984 0)
(0.122971 -0.698838 0)
(0.122374 -0.673716 0)
(0.115877 -0.65136 0)
(-0.768519 1.7106 0)
(0.658747 3.10322 0)
(-0.11309 2.89966 0)
(0.267607 2.15916 0)
(-0.0590669 2.15715 0)
(0.024675 2.31784 0)
(-0.24364 2.30916 0)
(-0.454309 1.85824 0)
(-0.572413 1.15826 0)
(-0.669826 0.359014 0)
(-0.669718 -0.448379 0)
(-0.595869 -1.09867 0)
(-0.508912 -1.47438 0)
(-0.377969 -1.5457 0)
(-0.167952 -1.38841 0)
(-0.0173774 -1.17233 0)
(0.0765757 -1.00239 0)
(0.130259 -0.883647 0)
(0.156272 -0.800193 0)
(0.164667 -0.739012 0)
(0.160634 -0.693613 0)
(0.147701 -0.66049 0)
(0.128536 -0.635424 0)
(-0.634387 1.60605 0)
(0.63745 2.9188 0)
(0.338351 2.90662 0)
(0.535896 2.28594 0)
(0.40458 2.14633 0)
(0.516779 2.33529 0)
(0.510736 2.44887 0)
(0.394848 2.07197 0)
(0.275412 1.37698 0)
(0.165168 0.530046 0)
(0.0735183 -0.394523 0)
(0.070705 -1.13127 0)
(0.0901489 -1.54661 0)
(0.062516 -1.65805 0)
(0.125703 -1.5109 0)
(0.192429 -1.26223 0)
(0.227482 -1.05017 0)
(0.239981 -0.903888 0)
(0.236873 -0.803517 0)
(0.224353 -0.731289 0)
(0.205784 -0.678015 0)
(0.182657 -0.638699 0)
(0.155313 -0.608943 0)
(-0.251863 1.50602 0)
(0.601226 2.53315 0)
(0.885283 2.7237 0)
(1.10732 2.38523 0)
(1.11325 2.13114 0)
(1.14276 2.19499 0)
(1.26387 2.35906 0)
(1.29957 2.15268 0)
(1.21846 1.55353 0)
(1.09627 0.720562 0)
(0.93813 -0.24619 0)
(0.819805 -1.07068 0)
(0.747029 -1.5164 0)
(0.592767 -1.62914 0)
(0.49282 -1.50031 0)
(0.444484 -1.25639 0)
(0.401708 -1.03683 0)
(0.362373 -0.883236 0)
(0.324908 -0.77879 0)
(0.288736 -0.704231 0)
(0.25403 -0.649181 0)
(0.220118 -0.6081 0)
(0.185911 -0.576612 0)
(0.0349304 1.319 0)
(0.569784 1.99583 0)
(1.08653 2.26547 0)
(1.6161 2.23896 0)
(1.85905 2.13467 0)
(1.90511 2.12272 0)
(1.99136 2.20251 0)
(2.08156 2.09 0)
(2.07962 1.62656 0)
(1.98262 0.885402 0)
(1.82822 -0.0260672 0)
(1.61614 -0.876271 0)
(1.3906 -1.35077 0)
(1.10465 -1.46273 0)
(0.862453 -1.3539 0)
(0.694934 -1.14524 0)
(0.572421 -0.95425 0)
(0.481108 -0.818137 0)
(0.409808 -0.724521 0)
(0.350866 -0.6572 0)
(0.300552 -0.607049 0)
(0.256153 -0.568887 0)
(0.215548 -0.538921 0)
(0.100747 0.931703 0)
(0.506329 1.29386 0)
(1.09822 1.57583 0)
(1.72162 1.71894 0)
(2.22147 1.88176 0)
(2.50273 2.04633 0)
(2.637 2.1272 0)
(2.71948 2.03823 0)
(2.73607 1.66786 0)
(2.66274 1.02402 0)
(2.51808 0.190159 0)
(2.26987 -0.592178 0)
(1.90343 -1.03837 0)
(1.49698 -1.15584 0)
(1.14769 -1.08838 0)
(0.890755 -0.944065 0)
(0.708456 -0.811658 0)
(0.57782 -0.714518 0)
(0.48022 -0.644752 0)
(0.403375 -0.592778 0)
(0.340536 -0.552961 0)
(0.287384 -0.521803 0)
(0.241232 -0.496538 0)
(0.113293 0.663015 0)
(0.420387 0.82912 0)
(0.914505 0.888624 0)
(1.51762 1.03215 0)
(2.11654 1.34383 0)
(2.5869 1.70999 0)
(2.89074 1.96614 0)
(3.05154 1.98117 0)
(3.10294 1.7046 0)
(3.0575 1.14928 0)
(2.90966 0.420905 0)
(2.5995 -0.243262 0)
(2.14773 -0.624829 0)
(1.67748 -0.755038 0)
(1.28231 -0.750081 0)
(0.992402 -0.692684 0)
(0.787216 -0.635075 0)
(0.638852 -0.587362 0)
(0.527568 -0.548363 0)
(0.440548 -0.516485 0)
(0.370117 -0.490344 0)
(0.311318 -0.468715 0)
(0.261282 -0.45025 0)
(0.104087 0.469045 0)
(0.307455 0.490485 0)
(0.620724 0.417443 0)
(1.0479 0.480474 0)
(1.59075 0.772807 0)
(2.13552 1.21907 0)
(2.56955 1.62694 0)
(2.84982 1.79938 0)
(2.98506 1.65308 0)
(2.98308 1.22098 0)
(2.82387 0.652564 0)
(2.4903 0.150197 0)
(2.04379 -0.170681 0)
(1.61046 -0.334167 0)
(1.25497 -0.409952 0)
(0.995218 -0.444161 0)
(0.804562 -0.456826 0)
(0.660344 -0.455113 0)
(0.54872 -0.446347 0)
(0.459896 -0.435183 0)
(0.38731 -0.423599 0)
(0.326476 -0.412421 0)
(0.274784 -0.401645 0)
(0.076067 0.332618 0)
(0.177281 0.294424 0)
(0.323278 0.138612 0)
(0.515364 0.101286 0)
(0.857965 0.3263 0)
(1.31861 0.752284 0)
(1.7632 1.219 0)
(2.10928 1.51542 0)
(2.30694 1.52024 0)
(2.36069 1.26415 0)
(2.25703 0.872055 0)
(1.99806 0.495636 0)
(1.67118 0.210829 0)
(1.36593 0.00593479 0)
(1.12019 -0.14074 0)
(0.928369 -0.240976 0)
(0.773434 -0.300876 0)
(0.64793 -0.332654 0)
(0.546008 -0.348417 0)
(0.462206 -0.355301 0)
(0.392182 -0.357056 0)
(0.332631 -0.355853 0)
(0.281543 -0.352658 0)
(0.0465682 0.25665 0)
(0.078044 0.23344 0)
(0.0907191 0.0483249 0)
(0.104041 -0.0566524 0)
(0.192419 0.0660748 0)
(0.448635 0.429436 0)
(0.787081 0.889601 0)
(1.11095 1.23634 0)
(1.35627 1.35053 0)
(1.49113 1.23741 0)
(1.49275 0.990018 0)
(1.38853 0.707434 0)
(1.23909 0.440919 0)
(1.09023 0.211553 0)
(0.95485 0.0316897 0)
(0.828292 -0.0947574 0)
(0.713002 -0.176543 0)
(0.611909 -0.228252 0)
(0.52498 -0.260993 0)
(0.450479 -0.281568 0)
(0.386334 -0.294169 0)
(0.330598 -0.301525 0)
(0.282005 -0.305102 0)
(0.0243542 0.222202 0)
(0.0236967 0.241767 0)
(-0.0150289 0.0862874 0)
(-0.102262 -0.0247993 0)
(-0.182564 -0.000806776 0)
(-0.141683 0.251897 0)
(0.0430938 0.640145 0)
(0.297543 0.980656 0)
(0.544726 1.14359 0)
(0.733964 1.12293 0)
(0.847727 0.972666 0)
(0.891119 0.753282 0)
(0.891995 0.515109 0)
(0.85929 0.298549 0)
(0.797323 0.127417 0)
(0.719896 0.00380623 0)
(0.639331 -0.0833655 0)
(0.562397 -0.144377 0)
(0.491884 -0.186982 0)
(0.428552 -0.216661 0)
(0.372106 -0.237193 0)
(0.321792 -0.251255 0)
(0.277034 -0.260423 0)
(0.0076845 0.208776 0)
(-0.00295373 0.264433 0)
(-0.0455619 0.151874 0)
(-0.133572 0.074873 0)
(-0.253222 0.0769517 0)
(-0.328621 0.208991 0)
(-0.284462 0.466324 0)
(-0.127943 0.741652 0)
(0.0857627 0.909233 0)
(0.293831 0.93288 0)
(0.467093 0.83963 0)
(0.593858 0.676019 0)
(0.665373 0.489445 0)
(0.682968 0.317346 0)
(0.661217 0.176328 0)
(0.617006 0.0667731 0)
(0.563352 -0.0165167 0)
(0.50732 -0.079519 0)
(0.452187 -0.12662 0)
(0.400107 -0.161513 0)
(0.351962 -0.18724 0)
(0.307835 -0.20612 0)
(0.267708 -0.219586 0)
(-0.00335517 0.210028 0)
(-0.01587 0.285005 0)
(-0.0461296 0.203324 0)
(-0.103224 0.162568 0)
(-0.184766 0.179232 0)
(-0.258821 0.259248 0)
(-0.268713 0.406943 0)
(-0.185729 0.580192 0)
(-0.0301244 0.701934 0)
(0.149978 0.730416 0)
(0.31563 0.674532 0)
(0.442392 0.564791 0)
(0.519051 0.435041 0)
(0.550277 0.309089 0)
(0.548534 0.197899 0)
(0.526114 0.104678 0)
(0.49172 0.0291826 0)
(0.451583 -0.0312552 0)
(0.409725 -0.0788824 0)
(0.368153 -0.115942 0)
(0.328104 -0.144589 0)
(0.29031 -0.166605 0)
(0.255167 -0.183165 0)
(-0.00880167 0.219893 0)
(-0.0207634 0.300411 0)
(-0.0384731 0.234959 0)
(-0.0703861 0.212409 0)
(-0.110194 0.240645 0)
(-0.145527 0.304621 0)
(-0.148983 0.394975 0)
(-0.0972232 0.492744 0)
(0.00784122 0.563261 0)
(0.136317 0.5794 0)
(0.257711 0.544225 0)
(0.353724 0.473046 0)
(0.416774 0.384006 0)
(0.449047 0.291297 0)
(0.457038 0.20378 0)
(0.447701 0.125939 0)
(0.426829 0.0592211 0)
(0.399077 0.00372497 0)
(0.36776 -0.0419628 0)
(0.335045 -0.0790855 0)
(0.302351 -0.108923 0)
(0.270627 -0.132737 0)
(0.240497 -0.151406 0)
(-0.0101531 0.232954 0)
(-0.0199833 0.310873 0)
(-0.0283593 0.252869 0)
(-0.0456659 0.236652 0)
(-0.0626895 0.264925 0)
(-0.0718598 0.316202 0)
(-0.0615197 0.376384 0)
(-0.0201269 0.433788 0)
(0.0515119 0.472092 0)
(0.137596 0.478411 0)
(0.221427 0.453756 0)
(0.291222 0.404644 0)
(0.341234 0.34059 0)
(0.371047 0.270558 0)
(0.383231 0.201203 0)
(0.381494 0.136646 0)
(0.369588 0.0789633 0)
(0.350718 0.0289154 0)
(0.327663 -0.0137289 0)
(0.302379 -0.0496886 0)
(0.276116 -0.0796035 0)
(0.249929 -0.104266 0)
(0.224601 -0.124293 0)
(-0.00921953 0.245334 0)
(-0.0156745 0.316627 0)
(-0.0175658 0.262005 0)
(-0.026055 0.247942 0)
(-0.0324186 0.27241 0)
(-0.0306632 0.311391 0)
(-0.0143075 0.35194 0)
(0.0207663 0.386711 0)
(0.0724011 0.407075 0)
(0.132662 0.407893 0)
(0.192503 0.388633 0)
(0.244473 0.352316 0)
(0.284192 0.304254 0)
(0.3103 0.250078 0)
(0.323577 0.1945 0)
(0.325957 0.140871 0)
(0.319774 0.0912437 0)
(0.307313 0.0466458 0)
(0.290502 0.00745743 0)
(0.271039 -0.0266506 0)
(0.250256 -0.0558908 0)
(0.229015 -0.0807257 0)
(0.20806 -0.101558 0)
(-0.00724961 0.254925 0)
(-0.00996558 0.318065 0)
(-0.00753478 0.265055 0)
(-0.0103422 0.252012 0)
(-0.0110612 0.272487 0)
(-0.00480364 0.301784 0)
(0.0124311 0.328769 0)
(0.0415823 0.349066 0)
(0.0806025 0.35909 0)
(0.124933 0.35636 0)
(0.169179 0.340128 0)
(0.20863 0.311805 0)
(0.240124 0.274382 0)
(0.262245 0.231415 0)
(0.275007 0.186195 0)
(0.279358 0.141309 0)
(0.276712 0.0985447 0)
(0.268617 0.0589835 0)
(0.256494 0.0231466 0)
(0.241729 -0.00873039 0)
(0.225372 -0.0368872 0)
(0.20818 -0.061485 0)
(0.190857 -0.0826932 0)
(-0.00485098 0.260948 0)
(-0.00425879 0.316182 0)
(0.000698829 0.263963 0)
(0.00154251 0.25168 0)
(0.00425382 0.268657 0)
(0.012488 0.290538 0)
(0.0286825 0.30792 0)
(0.05277 0.31903 0)
(0.0830215 0.32277 0)
(0.116517 0.317796 0)
(0.14993 0.303444 0)
(0.180224 0.280312 0)
(0.205164 0.250121 0)
(0.223524 0.215155 0)
(0.235015 0.177703 0)
(0.240049 0.139708 0)
(0.239461 0.102639 0)
(0.234277 0.0674999 0)
(0.225553 0.0348943 0)
(0.214206 0.00516561 0)
(0.201116 -0.0217164 0)
(0.187057 -0.0457037 0)
(0.172473 -0.0668586 0)
(-0.0022944 0.263288 0)
(0.000790222 0.311946 0)
(0.00693257 0.260536 0)
(0.0101359 0.248741 0)
(0.0146859 0.262743 0)
(0.0236478 0.278808 0)
(0.0383822 0.289543 0)
(0.0583456 0.294828 0)
(0.082142 0.294696 0)
(0.10789 0.288397 0)
(0.133486 0.275331 0)
(0.156934 0.255712 0)
(0.176649 0.230569 0)
(0.19164 0.201399 0)
(0.201529 0.169795 0)
(0.206443 0.137201 0)
(0.206852 0.104792 0)
(0.203414 0.0734459 0)
(0.196848 0.0437621 0)
(0.187834 0.0161062 0)
(0.177047 -0.00926654 0)
(0.165053 -0.0323439 0)
(0.15221 -0.0530965 0)
(4.01398e-05 0.262087 0)
(0.00508228 0.306393 0)
(0.0115684 0.255821 0)
(0.0160425 0.244349 0)
(0.0214809 0.255843 0)
(0.0304824 0.267469 0)
(0.0436671 0.273622 0)
(0.0602483 0.27519 0)
(0.0791599 0.272712 0)
(0.099185 0.265691 0)
(0.118967 0.253595 0)
(0.137165 0.236472 0)
(0.152646 0.214963 0)
(0.164635 0.190072 0)
(0.172758 0.162921 0)
(0.176997 0.134585 0)
(0.177592 0.105995 0)
(0.174946 0.0779045 0)
(0.169539 0.0508783 0)
(0.161868 0.025314 0)
(0.152398 0.00147958 0)
(0.141633 -0.0205325 0)
(0.129943 -0.0406476 0)
(0.00195128 0.258006 0)
(0.00856365 0.29983 0)
(0.0150068 0.250468 0)
(0.0199784 0.239326 0)
(0.0256785 0.248646 0)
(0.0343135 0.256887 0)
(0.0459429 0.259917 0)
(0.0596859 0.259181 0)
(0.0747663 0.255353 0)
(0.0903957 0.248026 0)
(0.10568 0.236745 0)
(0.119698 0.221499 0)
(0.131634 0.202712 0)
(0.140892 0.181071 0)
(0.14714 0.157382 0)
(0.150293 0.132455 0)
(0.150458 0.107033 0)
(0.147879 0.081753 0)
(0.142878 0.057125 0)
(0.13583 0.0335263 0)
(0.127112 0.0112024 0)
(0.117217 -0.00968696 0)
(0.106549 -0.0291886 0)
(0.00341873 0.251791 0)
(0.0113086 0.292682 0)
(0.0176005 0.245115 0)
(0.0225645 0.234268 0)
(0.0280836 0.241664 0)
(0.0361043 0.247334 0)
(0.0461992 0.248308 0)
(0.0574869 0.246242 0)
(0.0694374 0.241732 0)
(0.0815345 0.234398 0)
(0.0931755 0.223871 0)
(0.103717 0.210134 0)
(0.112569 0.193475 0)
(0.119283 0.174383 0)
(0.12359 0.153448 0)
(0.125393 0.131291 0)
(0.12474 0.108508 0)
(0.121793 0.0856307 0)
(0.116801 0.0630974 0)
(0.110082 0.0412319 0)
(0.102003 0.0202404 0)
(0.0930075 0.000239427 0)
(0.0835568 -0.0189266 0)
(0.00441202 0.243336 0)
(0.0132006 0.284386 0)
(0.0193051 0.239667 0)
(0.0239699 0.229296 0)
(0.0290061 0.234956 0)
(0.0362126 0.238669 0)
(0.0447308 0.238385 0)
(0.0537831 0.235691 0)
(0.0630315 0.230987 0)
(0.072125 0.223907 0)
(0.080653 0.214165 0)
(0.0881656 0.201748 0)
(0.0942455 0.186858 0)
(0.0985785 0.169848 0)
(0.100974 0.151158 0)
(0.101365 0.131268 0)
(0.0997976 0.110656 0)
(0.0964141 0.0897593 0)
(0.0914418 0.0689318 0)
(0.0851768 0.0484276 0)
(0.0779755 0.028395 0)
(0.0702109 0.00887091 0)
(0.062382 -0.0102724 0)
(0.00513003 0.235978 0)
(0.0149551 0.277624 0)
(0.0211974 0.235608 0)
(0.0254495 0.225495 0)
(0.0299849 0.229753 0)
(0.0364959 0.232147 0)
(0.0436849 0.23118 0)
(0.0508969 0.228282 0)
(0.0579425 0.223637 0)
(0.064567 0.216904 0)
(0.0704974 0.20787 0)
(0.0754292 0.196519 0)
(0.0790928 0.182996 0)
(0.0813011 0.16756 0)
(0.081956 0.150549 0)
(0.0810499 0.132343 0)
(0.0786584 0.11333 0)
(0.0749292 0.0938658 0)
(0.070069 0.0742328 0)
(0.0643244 0.0546281 0)
(0.0579711 0.035142 0)
(0.0512862 0.0157295 0)
(0.0442227 -0.00374396 0)
(0.0053044 0.220008 0)
(0.014648 0.264214 0)
(0.0198759 0.228583 0)
(0.0233875 0.219812 0)
(0.0267846 0.222489 0)
(0.0316412 0.223716 0)
(0.0363595 0.222749 0)
(0.0408231 0.220363 0)
(0.0448522 0.216442 0)
(0.0482976 0.210693 0)
(0.0510369 0.202926 0)
(0.0529274 0.193089 0)
(0.053874 0.181253 0)
(0.0538313 0.167588 0)
(0.0528007 0.15234 0)
(0.0508299 0.135805 0)
(0.0480053 0.118301 0)
(0.0444396 0.100129 0)
(0.040261 0.0815468 0)
(0.0355946 0.0627414 0)
(0.0305744 0.0438063 0)
(0.025312 0.0246628 0)
(0.0205399 0.00508214 0)
(0.030451 0.0395928 0)
(0.0330107 -0.015876 0)
(0.0666618 -0.0507695 0)
(0.110702 -0.0792485 0)
(0.0307015 -0.0605059 0)
(0.093588 -0.0561099 0)
(0.140709 -0.0711839 0)
(0.162208 -0.0989099 0)
(-0.167011 -0.302301 0)
(-0.116364 -0.264405 0)
(-0.0750272 -0.227156 0)
(-0.0527868 -0.183282 0)
(-0.510405 -0.371259 0)
(-0.522647 -0.309718 0)
(-0.539052 -0.246348 0)
(-0.564216 -0.154643 0)
(-0.903007 -0.243594 0)
(-0.97802 -0.123537 0)
(-1.01534 -0.0111489 0)
(-1.01846 0.0637338 0)
(-1.03983 -0.102378 0)
(-1.10739 -0.0500343 0)
(-1.15336 -0.180715 0)
(-1.15958 -0.188505 0)
(-0.916277 -0.0176903 0)
(-0.942727 0.00887284 0)
(-0.932988 -0.0924327 0)
(-0.989924 0.0878003 0)
(-0.805153 -0.104089 0)
(-0.692891 0.0258023 0)
(-0.617135 0.0605037 0)
(-0.554713 -0.0737432 0)
(-0.980053 -0.493142 0)
(-0.826454 -0.382457 0)
(-0.661214 -0.277673 0)
(-0.527286 -0.198535 0)
(-0.980768 -0.715077 0)
(-0.984899 -0.690343 0)
(-0.920765 -0.645926 0)
(-0.819765 -0.595288 0)
(-0.58026 -0.41483 0)
(-0.514296 -0.568806 0)
(-0.626963 -0.670473 0)
(-0.726735 -0.617591 0)
(-0.508903 -0.732967 0)
(-0.476468 -0.566118 0)
(-0.421843 -0.420142 0)
(-0.339866 -0.349371 0)
(-0.352596 -0.788512 0)
(-0.346422 -0.735472 0)
(-0.318658 -0.678685 0)
(-0.270795 -0.63177 0)
(-0.175098 -0.739008 0)
(-0.197795 -0.690399 0)
(-0.2044 -0.672658 0)
(-0.195919 -0.687284 0)
(-0.0359446 -0.714657 0)
(-0.0584304 -0.667124 0)
(-0.0680132 -0.645681 0)
(-0.0688971 -0.653118 0)
(0.0508978 -0.670758 0)
(0.0365088 -0.654454 0)
(0.034298 -0.643772 0)
(0.0332955 -0.638635 0)
(0.103709 -0.644079 0)
(0.0953912 -0.638824 0)
(0.0882987 -0.634778 0)
(0.0832821 -0.630458 0)
(0.108694 -0.636322 0)
(0.102519 -0.627393 0)
(0.0949768 -0.619442 0)
(0.0861333 -0.612382 0)
(0.112342 -0.620268 0)
(0.10152 -0.610671 0)
(0.0904104 -0.600349 0)
(0.0785774 -0.590241 0)
(0.133088 -0.591418 0)
(0.118059 -0.58125 0)
(0.10292 -0.570879 0)
(0.0878259 -0.560211 0)
(0.160188 -0.55782 0)
(0.143521 -0.546932 0)
(0.126849 -0.536353 0)
(0.110305 -0.526057 0)
(0.186891 -0.520919 0)
(0.169146 -0.510572 0)
(0.15183 -0.50067 0)
(0.134914 -0.491224 0)
(0.209978 -0.481177 0)
(0.191212 -0.472264 0)
(0.173164 -0.463845 0)
(0.155745 -0.456035 0)
(0.228039 -0.438848 0)
(0.208393 -0.432053 0)
(0.189662 -0.425556 0)
(0.171672 -0.419492 0)
(0.240569 -0.394729 0)
(0.220409 -0.390349 0)
(0.201243 -0.386033 0)
(0.182856 -0.381967 0)
(0.247574 -0.350174 0)
(0.22749 -0.348202 0)
(0.208389 -0.346053 0)
(0.190038 -0.343937 0)
(0.249401 -0.306621 0)
(0.22999 -0.306861 0)
(0.211486 -0.306711 0)
(0.193666 -0.306397 0)
(0.246652 -0.26533 0)
(0.228405 -0.267489 0)
(0.210957 -0.269092 0)
(0.194106 -0.270367 0)
(0.240135 -0.22721 0)
(0.223425 -0.230957 0)
(0.207398 -0.234037 0)
(0.19188 -0.236667 0)
(0.230733 -0.19288 0)
(0.215805 -0.197915 0)
(0.201457 -0.202228 0)
(0.187545 -0.206024 0)
(0.219333 -0.162696 0)
(0.20632 -0.168767 0)
(0.1938 -0.174117 0)
(0.181655 -0.178931 0)
(0.206665 -0.136752 0)
(0.195571 -0.143663 0)
(0.184887 -0.149892 0)
(0.17452 -0.155605 0)
(0.193076 -0.114868 0)
(0.183735 -0.122446 0)
(0.174714 -0.129394 0)
(0.165939 -0.135848 0)
(0.178313 -0.0965405 0)
(0.170397 -0.104575 0)
(0.162687 -0.112025 0)
(0.155132 -0.118997 0)
(0.161688 -0.0809057 0)
(0.154752 -0.0891597 0)
(0.147915 -0.0968663 0)
(0.141148 -0.104091 0)
(0.142536 -0.0670475 0)
(0.136224 -0.0753118 0)
(0.129943 -0.083065 0)
(0.123672 -0.0903187 0)
(0.121066 -0.0543296 0)
(0.115249 -0.0625091 0)
(0.109458 -0.0702261 0)
(0.103663 -0.0774177 0)
(0.0985255 -0.0426637 0)
(0.0933314 -0.050818 0)
(0.0881958 -0.0585501 0)
(0.0830933 -0.0657717 0)
(0.0766426 -0.0324058 0)
(0.0722797 -0.0406674 0)
(0.0680116 -0.048568 0)
(0.0638942 -0.0561309 0)
(0.0568088 -0.0240625 0)
(0.0533299 -0.0325919 0)
(0.0499788 -0.0408703 0)
(0.0469483 -0.0490761 0)
(0.0390791 -0.017477 0)
(0.0361208 -0.0260605 0)
(0.033447 -0.03474 0)
(0.0312416 -0.0436724 0)
(0.0169928 -0.00974956 0)
(0.0150559 -0.019461 0)
(0.0134682 -0.029525 0)
(0.0123624 -0.0398618 0)
(0.168202 0.0228746 0)
(0.267586 0.0518568 0)
(0.385375 -0.113612 0)
(0.292388 -0.0948384 0)
(0.0986273 0.364548 0)
(-0.184079 0.907746 0)
(-0.303766 0.467803 0)
(-0.187856 0.047698 0)
(-0.63937 0.0702997 0)
(-1.06887 0.000702556 0)
(-1.13653 -0.0100027 0)
(-1.03146 0.202334 0)
(-1.21695 0.4306 0)
(-1.66275 0.683503 0)
(-1.39639 0.373182 0)
(-0.701942 -0.755014 0)
(-0.121343 -1.37153 0)
(-0.112478 -1.14249 0)
(0.212938 -0.0382185 0)
(0.189454 -0.0325324 0)
(0.27924 -0.0434295 0)
(0.331488 -0.139556 0)
(-0.0508231 0.106304 0)
(-0.272259 0.705 0)
(-0.247477 1.0711 0)
(-0.159529 0.380039 0)
(-0.236392 0.217889 0)
(-0.618647 0.349597 0)
(-1.02639 0.224031 0)
(-1.39664 -0.0267413 0)
(-1.76567 0.281794 0)
(-1.632 0.645763 0)
(-1.59955 0.615819 0)
(-0.910726 0.183702 0)
(-0.197132 -1.04315 0)
(0.194296 -1.53339 0)
(0.048147 -1.20193 0)
(-0.0647099 0.0998862 0)
(-0.0192829 -0.133947 0)
(-0.0747794 -0.100019 0)
(-0.351109 0.192069 0)
(-0.656852 0.483462 0)
(-0.674355 0.765397 0)
(-0.431116 0.768708 0)
(-0.399774 0.378879 0)
(-0.605164 0.472899 0)
(-0.850943 0.620044 0)
(-1.14921 0.604136 0)
(-1.5772 0.517587 0)
(-1.44109 0.105634 0)
(-1.16916 0.215044 0)
(-0.614787 -0.14928 0)
(-0.0755451 -0.832231 0)
(0.30591 -1.30202 0)
(0.402263 -1.55678 0)
(0.248147 -1.14608 0)
(0.0226386 0.0631603 0)
(-0.638462 0.0453014 0)
(-0.766602 0.306667 0)
(-0.870885 0.431683 0)
(-0.957214 0.479949 0)
(-0.864628 0.553813 0)
(-0.728907 0.545462 0)
(-0.790928 0.530589 0)
(-0.897974 0.706492 0)
(-1.15741 0.906005 0)
(-1.53579 1.08315 0)
(-1.53698 0.605753 0)
(-0.963891 -0.120094 0)
(-0.528025 -0.363505 0)
(-0.0500305 -0.560783 0)
(0.392209 -0.955258 0)
(0.600679 -1.47409 0)
(0.552694 -1.47527 0)
(0.431281 -1.10454 0)
(0.249224 0.232636 0)
(-1.00453 0.137036 0)
(-0.985099 0.216507 0)
(-1.03808 0.305533 0)
(-1.05632 0.480462 0)
(-1.00238 0.561858 0)
(-0.973173 0.569434 0)
(-1.00542 0.667372 0)
(-1.15448 0.920096 0)
(-1.38327 1.15248 0)
(-1.42752 0.964714 0)
(-0.969011 0.0727035 0)
(-0.476742 -0.614306 0)
(-0.114431 -0.835797 0)
(0.227973 -0.948448 0)
(0.740155 -1.24442 0)
(0.709189 -1.5231 0)
(0.601317 -1.37378 0)
(0.517831 -1.0311 0)
(0.441518 0.528495 0)
(-1.14107 -0.0594826 0)
(-1.07151 0.100067 0)
(-0.996013 0.315539 0)
(-0.97501 0.466985 0)
(-0.986613 0.530111 0)
(-0.932803 0.563562 0)
(-0.90601 0.729442 0)
(-0.990285 0.988125 0)
(-0.985244 1.07152 0)
(-0.699364 0.618925 0)
(-0.0935607 -0.25878 0)
(0.206553 -0.870081 0)
(0.484641 -1.19333 0)
(0.646206 -1.28865 0)
(1.00003 -1.36859 0)
(0.777216 -1.45688 0)
(0.599544 -1.26166 0)
(0.505167 -0.884785 0)
(0.370311 1.32792 0)
(-0.980481 0.00704848 0)
(-0.870402 0.0988653 0)
(-0.631223 0.305862 0)
(-0.436474 0.443759 0)
(-0.304746 0.395242 0)
(-0.308819 0.470408 0)
(-0.296702 0.70979 0)
(-0.289242 0.893609 0)
(-0.110903 0.818944 0)
(0.333228 0.244003 0)
(0.798209 -0.543427 0)
(1.09089 -1.09466 0)
(1.09269 -1.37227 0)
(1.0302 -1.30675 0)
(1.03942 -1.3059 0)
(0.687741 -1.29116 0)
(0.613412 -1.10516 0)
(0.311805 -0.48758 0)
(0.026232 1.57908 0)
(-0.392631 -0.155202 0)
(-0.265264 -0.206085 0)
(-0.124969 -0.188655 0)
(0.301954 -0.0485444 0)
(0.647098 0.525417 0)
(0.68124 0.65101 0)
(0.620279 0.725883 0)
(0.621197 0.685996 0)
(0.838532 0.433446 0)
(1.2748 -0.153263 0)
(1.64977 -0.803512 0)
(1.74136 -1.17091 0)
(1.42318 -1.25976 0)
(1.20794 -1.01139 0)
(0.892552 -1.14516 0)
(0.634146 -1.13997 0)
(0.606382 -0.989677 0)
(0.108258 0.0251837 0)
(-0.332075 1.32383 0)
(-0.354152 -0.0867581 0)
(-0.209363 -0.0265414 0)
(-0.168285 -0.110191 0)
(-0.0210029 -0.223698 0)
(0.0518969 -0.140995 0)
(0.80407 0.220317 0)
(1.34101 0.76524 0)
(1.5317 0.760196 0)
(1.74111 0.359846 0)
(2.03127 -0.278143 0)
(2.05557 -0.782084 0)
(1.77116 -0.93101 0)
(1.27998 -0.848719 0)
(1.07896 -0.750712 0)
(0.782387 -0.940291 0)
(0.657498 -0.975744 0)
(0.554255 -0.740645 0)
(-0.281539 0.563606 0)
(-0.289376 0.952993 0)
(-0.642594 -0.519557 0)
(-0.381884 -0.406402 0)
(-0.129212 -0.25702 0)
(0.0375495 -0.0991396 0)
(0.0605335 -0.0746863 0)
(0.0134239 -0.268808 0)
(0.396764 0.0611769 0)
(1.05324 0.151258 0)
(1.57855 -0.0295897 0)
(1.61075 -0.359019 0)
(1.38925 -0.546291 0)
(1.11624 -0.599529 0)
(0.922243 -0.600357 0)
(0.857079 -0.682694 0)
(0.753719 -0.811029 0)
(0.683508 -0.837628 0)
(0.410971 -0.244258 0)
(-0.412063 0.841598 0)
(-0.107596 0.705483 0)
(-0.727799 -0.619124 0)
(-0.612446 -0.56455 0)
(-0.448859 -0.543405 0)
(-0.216877 -0.466234 0)
(0.069851 -0.182431 0)
(0.20355 0.0492391 0)
(0.140539 -0.133099 0)
(0.331066 -0.198729 0)
(0.511917 -0.321225 0)
(0.62361 -0.407774 0)
(0.689366 -0.485935 0)
(0.719481 -0.544236 0)
(0.736461 -0.580039 0)
(0.737814 -0.656197 0)
(0.679273 -0.737659 0)
(0.557711 -0.678708 0)
(0.109347 0.34466 0)
(-0.425694 0.956141 0)
(-0.0541941 0.56558 0)
(-0.387268 -0.646514 0)
(-0.534985 -0.622792 0)
(-0.558999 -0.62079 0)
(-0.460778 -0.578966 0)
(-0.2727 -0.47257 0)
(0.0432621 -0.290913 0)
(0.259382 -0.104255 0)
(0.33804 -0.0778288 0)
(0.389418 -0.224558 0)
(0.465879 -0.360205 0)
(0.528285 -0.463853 0)
(0.573436 -0.529253 0)
(0.601846 -0.564133 0)
(0.582585 -0.626594 0)
(0.413726 -0.627267 0)
(0.0428551 -0.293719 0)
(-0.577271 0.831096 0)
(-0.471365 0.819883 0)
(-0.033302 0.388391 0)
(-0.217851 -0.530339 0)
(-0.157551 -0.411573 0)
(-0.280661 -0.68534 0)
(-0.443852 -0.687683 0)
(-0.435706 -0.597546 0)
(-0.275438 -0.448431 0)
(-0.0616392 -0.37085 0)
(0.0995975 -0.32059 0)
(0.182884 -0.333592 0)
(0.228309 -0.420179 0)
(0.253401 -0.511307 0)
(0.295931 -0.563555 0)
(0.356493 -0.55362 0)
(0.022423 -0.533067 0)
(-0.252903 -0.355142 0)
(-0.938656 0.468569 0)
(-0.902235 0.73127 0)
(-0.467204 0.430407 0)
(0.0210617 0.204708 0)
(-0.173172 -0.643254 0)
(-0.104174 -0.50635 0)
(-0.0151572 -0.472177 0)
(0.00270381 -0.476184 0)
(-0.17633 -0.718788 0)
(-0.330978 -0.581165 0)
(-0.264776 -0.433557 0)
(-0.103611 -0.34963 0)
(-0.0932966 -0.431674 0)
(-0.208285 -0.530442 0)
(-0.273353 -0.622477 0)
(-0.410831 -0.683973 0)
(-0.459958 -0.464069 0)
(-0.897446 -0.174168 0)
(-1.12183 0.327277 0)
(-1.12337 0.400346 0)
(-0.809618 0.25991 0)
(-0.288435 -0.151211 0)
(0.0332599 0.062602 0)
(-0.0782766 -0.659398 0)
(-0.0719696 -0.626703 0)
(-0.00808854 -0.612081 0)
(0.0370157 -0.502532 0)
(0.0169819 -0.473694 0)
(0.0212727 -0.448764 0)
(-0.145096 -0.656425 0)
(-0.264924 -0.518554 0)
(-0.24367 -0.354192 0)
(-0.211711 -0.307564 0)
(-0.284456 -0.385139 0)
(-0.507968 -0.405217 0)
(-0.700971 -0.100751 0)
(-0.77119 -0.06773 0)
(-0.85594 0.131814 0)
(-0.823278 0.197616 0)
(-0.553258 -0.120841 0)
(-0.215365 -0.510751 0)
(-0.0622115 -0.0335842 0)
(0.0223867 -0.640346 0)
(0.00227645 -0.61686 0)
(-0.00543955 -0.59236 0)
(-0.0194019 -0.553798 0)
(-0.0292024 -0.526249 0)
(-0.0181877 -0.385981 0)
(-0.00391699 -0.32513 0)
(-0.0464787 -0.353889 0)
(-0.0669583 -0.355765 0)
(-0.123842 -0.333837 0)
(-0.236611 -0.287249 0)
(-0.344147 -0.260839 0)
(-0.408737 -0.195039 0)
(-0.441517 -0.0285044 0)
(-0.499543 0.174285 0)
(-0.529587 0.165101 0)
(-0.418902 -0.257918 0)
(-0.272898 -0.669981 0)
(-0.2268 -0.147135 0)
(0.0701101 -0.619529 0)
(0.0397166 -0.598541 0)
(0.00425497 -0.567334 0)
(-0.0257871 -0.517611 0)
(-0.0592636 -0.473175 0)
(-0.0860524 -0.446494 0)
(-0.0918845 -0.431558 0)
(-0.0937729 -0.380648 0)
(-0.115695 -0.33343 0)
(-0.142836 -0.277929 0)
(-0.17675 -0.23977 0)
(-0.22306 -0.199418 0)
(-0.268521 -0.0995604 0)
(-0.288799 0.0281125 0)
(-0.272368 0.184704 0)
(-0.291196 0.183862 0)
(-0.311214 -0.260974 0)
(-0.297987 -0.738861 0)
(-0.286359 -0.437405 0)
(0.0694896 -0.595076 0)
(0.0374003 -0.564177 0)
(-0.00180884 -0.529658 0)
(-0.0382914 -0.49281 0)
(-0.0616163 -0.451613 0)
(-0.075419 -0.40788 0)
(-0.0887518 -0.368347 0)
(-0.0979733 -0.339125 0)
(-0.109499 -0.312185 0)
(-0.122917 -0.279234 0)
(-0.133526 -0.230867 0)
(-0.145838 -0.16196 0)
(-0.156423 -0.0895886 0)
(-0.146111 0.0020783 0)
(-0.109565 0.135123 0)
(-0.0703746 0.2117 0)
(-0.169566 -0.161746 0)
(-0.214488 -0.743602 0)
(-0.208051 -0.721033 0)
(0.0571271 -0.569266 0)
(0.0249991 -0.534597 0)
(-0.00818697 -0.49712 0)
(-0.0373927 -0.464382 0)
(-0.057825 -0.434968 0)
(-0.0690509 -0.409806 0)
(-0.073171 -0.381544 0)
(-0.0724671 -0.34786 0)
(-0.0701352 -0.309651 0)
(-0.0664892 -0.264853 0)
(-0.0607838 -0.215732 0)
(-0.0526453 -0.16073 0)
(-0.0425246 -0.0949767 0)
(-0.0213944 -0.0133467 0)
(-0.00399375 0.0822787 0)
(0.0793588 0.212218 0)
(-0.0161363 -0.0530702 0)
(-0.0617801 -0.679418 0)
(-0.0834109 -0.878411 0)
(0.0622993 -0.538955 0)
(0.0280983 -0.506405 0)
(-8.03721e-05 -0.473513 0)
(-0.0207232 -0.446639 0)
(-0.0347489 -0.423933 0)
(-0.0430548 -0.401589 0)
(-0.0463691 -0.375198 0)
(-0.0449955 -0.345688 0)
(-0.0356738 -0.316004 0)
(-0.0141518 -0.282644 0)
(0.0155842 -0.237945 0)
(0.0425367 -0.178122 0)
(0.0613514 -0.108385 0)
(0.0753604 -0.0280477 0)
(0.0796034 0.0489377 0)
(0.126299 0.190758 0)
(0.082854 -0.00302852 0)
(0.052461 -0.590188 0)
(0.0121633 -0.896016 0)
(0.0834018 -0.506653 0)
(0.0493776 -0.479335 0)
(0.0225716 -0.453694 0)
(0.00336685 -0.432406 0)
(-0.0101164 -0.414648 0)
(-0.019005 -0.39703 0)
(-0.0225886 -0.376132 0)
(-0.018244 -0.354197 0)
(0.00467607 -0.336454 0)
(0.0483205 -0.312938 0)
(0.096565 -0.26805 0)
(0.131283 -0.199498 0)
(0.146405 -0.117612 0)
(0.142708 -0.0311431 0)
(0.127529 0.0444975 0)
(0.123189 0.182627 0)
(0.0948331 0.00459889 0)
(0.104406 -0.561207 0)
(0.0549377 -0.83928 0)
(0.108137 -0.474594 0)
(0.0747686 -0.452431 0)
(0.0472228 -0.432671 0)
(0.0254866 -0.416476 0)
(0.00917589 -0.403208 0)
(-0.00189221 -0.390267 0)
(-0.00671104 -0.376489 0)
(0.00271323 -0.370013 0)
(0.0430908 -0.375657 0)
(0.10566 -0.364837 0)
(0.161881 -0.312006 0)
(0.191947 -0.222287 0)
(0.193234 -0.117502 0)
(0.16902 -0.0159637 0)
(0.134125 0.0675662 0)
(0.0958483 0.202635 0)
(0.0729151 -0.0090364 0)
(0.121939 -0.532678 0)
(0.0652229 -0.772934 0)
(0.128597 -0.44264 0)
(0.0945277 -0.424928 0)
(0.0652074 -0.409503 0)
(0.0406263 -0.397684 0)
(0.0209168 -0.389045 0)
(0.00679939 -0.381994 0)
(-0.00025893 -0.37933 0)
(0.015846 -0.397722 0)
(0.0683096 -0.432486 0)
(0.13139 -0.42583 0)
(0.17397 -0.352273 0)
(0.184656 -0.232422 0)
(0.16879 -0.101016 0)
(0.129639 0.0166717 0)
(0.0868986 0.106555 0)
(0.038282 0.234296 0)
(0.0440751 -0.0512452 0)
(0.127025 -0.514964 0)
(0.067623 -0.693863 0)
(0.143659 -0.409099 0)
(0.108114 -0.395593 0)
(0.0767966 -0.384163 0)
(0.0497367 -0.37627 0)
(0.0264669 -0.37173 0)
(0.00814445 -0.37072 0)
(-0.00413797 -0.382613 0)
(0.0138707 -0.430885 0)
(0.0566089 -0.488563 0)
(0.090859 -0.470644 0)
(0.0978276 -0.368489 0)
(0.0811183 -0.220442 0)
(0.0532942 -0.069314 0)
(0.0103664 0.0547307 0)
(-0.0247016 0.139459 0)
(-0.0525489 0.253938 0)
(0.038473 -0.127107 0)
(0.121478 -0.510136 0)
(0.061791 -0.613368 0)
(0.154283 -0.374677 0)
(0.117787 -0.36483 0)
(0.0848733 -0.356681 0)
(0.0553364 -0.351887 0)
(0.027762 -0.350119 0)
(0.00353862 -0.353888 0)
(-0.0180439 -0.380634 0)
(-0.011507 -0.450837 0)
(-0.00801562 -0.510795 0)
(-0.0257657 -0.468882 0)
(-0.064057 -0.343169 0)
(-0.106173 -0.183262 0)
(-0.142658 -0.0322945 0)
(-0.184146 0.0827057 0)
(-0.198685 0.182881 0)
(-0.140117 0.196682 0)
(0.063371 -0.247314 0)
(0.0967557 -0.500154 0)
(0.047581 -0.541839 0)
(0.161411 -0.339656 0)
(0.124562 -0.333258 0)
(0.0906803 -0.32772 0)
(0.0590633 -0.324515 0)
(0.0273354 -0.323311 0)
(-0.00353733 -0.328876 0)
(-0.0362884 -0.364324 0)
(-0.0561957 -0.437766 0)
(-0.108896 -0.477351 0)
(-0.18099 -0.412434 0)
(-0.257236 -0.277953 0)
(-0.322763 -0.122721 0)
(-0.376033 0.0208988 0)
(-0.394098 0.125319 0)
(-0.31648 0.137459 0)
(-0.128318 -0.00723157 0)
(0.0670098 -0.352159 0)
(0.0576917 -0.483949 0)
(0.0317551 -0.491704 0)
(0.16573 -0.304836 0)
(0.129422 -0.3013 0)
(0.0954538 -0.297582 0)
(0.0628314 -0.294812 0)
(0.0289055 -0.292397 0)
(-0.00620253 -0.295884 0)
(-0.0483896 -0.328057 0)
(-0.0988315 -0.385309 0)
(-0.194691 -0.398874 0)
(-0.299008 -0.322355 0)
(-0.39515 -0.188445 0)
(-0.468267 -0.0483956 0)
(-0.486067 0.0411489 0)
(-0.415717 0.0384688 0)
(-0.253452 -0.0611384 0)
(-0.052096 -0.224138 0)
(0.035529 -0.398976 0)
(0.0278129 -0.474245 0)
(0.0210605 -0.464528 0)
(0.167558 -0.271204 0)
(0.132805 -0.270145 0)
(0.100079 -0.26783 0)
(0.0684012 -0.265007 0)
(0.035666 -0.260732 0)
(0.0014823 -0.259347 0)
(-0.0427958 -0.277779 0)
(-0.107476 -0.309056 0)
(-0.213006 -0.305316 0)
(-0.315377 -0.233383 0)
(-0.388687 -0.126326 0)
(-0.412018 -0.0440312 0)
(-0.36591 -0.0324088 0)
(-0.254807 -0.0979537 0)
(-0.121026 -0.204282 0)
(-0.0188487 -0.308176 0)
(0.0264024 -0.419911 0)
(0.0233686 -0.471984 0)
(0.0161089 -0.447399 0)
(0.16735 -0.239579 0)
(0.135179 -0.240753 0)
(0.10507 -0.239867 0)
(0.0763965 -0.237488 0)
(0.0481465 -0.232379 0)
(0.0201487 -0.226382 0)
(-0.0158697 -0.229292 0)
(-0.0700485 -0.236314 0)
(-0.152249 -0.226374 0)
(-0.225802 -0.176884 0)
(-0.25876 -0.112694 0)
(-0.241 -0.0798914 0)
(-0.174951 -0.107475 0)
(-0.0834455 -0.184345 0)
(-0.0064675 -0.272165 0)
(0.034699 -0.35063 0)
(0.0491873 -0.425288 0)
(0.033254 -0.461638 0)
(0.0146963 -0.428488 0)
(0.165538 -0.210787 0)
(0.136801 -0.214189 0)
(0.110379 -0.215128 0)
(0.0861211 -0.214213 0)
(0.0639867 -0.210182 0)
(0.0444481 -0.202542 0)
(0.0223102 -0.196189 0)
(-0.00832609 -0.187973 0)
(-0.0503506 -0.175948 0)
(-0.0877609 -0.150298 0)
(-0.0921384 -0.123227 0)
(-0.0597711 -0.124242 0)
(3.33579e-05 -0.167713 0)
(0.0578314 -0.235019 0)
(0.0876414 -0.299906 0)
(0.0928386 -0.359767 0)
(0.0768665 -0.410753 0)
(0.0450658 -0.437765 0)
(0.0146169 -0.403967 0)
(0.162475 -0.185394 0)
(0.13764 -0.191097 0)
(0.115327 -0.194306 0)
(0.0957441 -0.195764 0)
(0.0792564 -0.194431 0)
(0.066771 -0.188553 0)
(0.0566386 -0.180052 0)
(0.0457289 -0.168885 0)
(0.0374928 -0.156265 0)
(0.0339154 -0.145175 0)
(0.0494054 -0.140231 0)
(0.0839363 -0.158184 0)
(0.126481 -0.201588 0)
(0.152427 -0.251333 0)
(0.152541 -0.298454 0)
(0.130282 -0.342758 0)
(0.0943773 -0.380894 0)
(0.052392 -0.403795 0)
(0.0142514 -0.374758 0)
(0.158165 -0.163608 0)
(0.137109 -0.171585 0)
(0.118515 -0.177264 0)
(0.102737 -0.181443 0)
(0.090074 -0.183365 0)
(0.0814516 -0.181164 0)
(0.0774097 -0.174962 0)
(0.0763386 -0.167302 0)
(0.0819261 -0.160785 0)
(0.0980338 -0.158448 0)
(0.124357 -0.164747 0)
(0.157547 -0.18654 0)
(0.184864 -0.219525 0)
(0.192488 -0.251721 0)
(0.177051 -0.280047 0)
(0.141516 -0.310728 0)
(0.0972695 -0.342672 0)
(0.0528544 -0.365576 0)
(0.0128148 -0.344094 0)
(0.152022 -0.145119 0)
(0.133988 -0.155094 0)
(0.11804 -0.163061 0)
(0.104554 -0.169714 0)
(0.093638 -0.174525 0)
(0.0860066 -0.176161 0)
(0.0830085 -0.17388 0)
(0.0839031 -0.170829 0)
(0.0915123 -0.173083 0)
(0.110709 -0.181284 0)
(0.138439 -0.193764 0)
(0.166944 -0.212273 0)
(0.18604 -0.231183 0)
(0.187153 -0.244643 0)
(0.167322 -0.255194 0)
(0.129095 -0.274256 0)
(0.0873958 -0.304173 0)
(0.0477448 -0.328799 0)
(0.0106949 -0.3154 0)
(0.142949 -0.129117 0)
(0.126814 -0.140609 0)
(0.11231 -0.150455 0)
(0.0998364 -0.159076 0)
(0.0893405 -0.166147 0)
(0.0815026 -0.170947 0)
(0.0776035 -0.172353 0)
(0.077472 -0.173997 0)
(0.084489 -0.185052 0)
(0.101482 -0.202536 0)
(0.123026 -0.218489 0)
(0.143259 -0.232651 0)
(0.157854 -0.238465 0)
(0.157093 -0.234776 0)
(0.135742 -0.229528 0)
(0.101266 -0.241247 0)
(0.0703456 -0.272063 0)
(0.0397144 -0.297616 0)
(0.0086959 -0.290824 0)
(0.129966 -0.114609 0)
(0.114867 -0.127208 0)
(0.101221 -0.138641 0)
(0.0894893 -0.148851 0)
(0.0793167 -0.157867 0)
(0.0719837 -0.165435 0)
(0.0681806 -0.170169 0)
(0.0687851 -0.176737 0)
(0.0757238 -0.196221 0)
(0.088033 -0.218345 0)
(0.0999491 -0.233336 0)
(0.110172 -0.246391 0)
(0.120819 -0.242581 0)
(0.114589 -0.222639 0)
(0.0911808 -0.205293 0)
(0.067831 -0.217757 0)
(0.0520271 -0.250351 0)
(0.0310662 -0.273974 0)
(0.00721442 -0.270994 0)
(0.113132 -0.100973 0)
(0.0990681 -0.114671 0)
(0.0866205 -0.127722 0)
(0.07636 -0.139398 0)
(0.0673853 -0.150525 0)
(0.0622395 -0.161129 0)
(0.0600644 -0.169585 0)
(0.0637824 -0.180355 0)
(0.0688812 -0.204319 0)
(0.0724953 -0.225264 0)
(0.0747828 -0.238073 0)
(0.0755378 -0.254632 0)
(0.0794349 -0.239741 0)
(0.0625049 -0.204903 0)
(0.0445214 -0.187497 0)
(0.0403574 -0.209145 0)
(0.036824 -0.239054 0)
(0.0232371 -0.257519 0)
(0.00606371 -0.255575 0)
(0.0939893 -0.0883511 0)
(0.0818101 -0.103554 0)
(0.0712991 -0.11841 0)
(0.0635314 -0.131621 0)
(0.0569475 -0.145324 0)
(0.0548866 -0.159168 0)
(0.0538855 -0.171323 0)
(0.0592815 -0.183676 0)
(0.0592658 -0.206129 0)
(0.0541898 -0.222663 0)
(0.0506137 -0.235318 0)
(0.0422559 -0.254919 0)
(0.0349962 -0.225443 0)
(0.0130322 -0.187225 0)
(0.0151628 -0.186961 0)
(0.0254487 -0.213468 0)
(0.0256647 -0.233753 0)
(0.0167097 -0.246455 0)
(0.00482251 -0.244007 0)
(0.0748999 -0.077533 0)
(0.0655285 -0.0945927 0)
(0.0573645 -0.111399 0)
(0.0527737 -0.126398 0)
(0.0491972 -0.142788 0)
(0.0489961 -0.158746 0)
(0.0470473 -0.172885 0)
(0.0503328 -0.18415 0)
(0.0453556 -0.202276 0)
(0.0365865 -0.215175 0)
(0.0313784 -0.227945 0)
(0.0157785 -0.244127 0)
(-0.000205706 -0.206719 0)
(-0.00896865 -0.184555 0)
(0.00987938 -0.201271 0)
(0.0184757 -0.21931 0)
(0.0175003 -0.23004 0)
(0.0114402 -0.238905 0)
(0.00336892 -0.235774 0)
(0.0576226 -0.0693118 0)
(0.0512873 -0.0881274 0)
(0.0455855 -0.107059 0)
(0.0440013 -0.123962 0)
(0.0423969 -0.141844 0)
(0.0416076 -0.15771 0)
(0.0378039 -0.171689 0)
(0.0376047 -0.181612 0)
(0.0316392 -0.19643 0)
(0.0238556 -0.207488 0)
(0.0191147 -0.218108 0)
(0.00180934 -0.227963 0)
(-0.0122491 -0.199096 0)
(-0.00142088 -0.19729 0)
(0.0112826 -0.211816 0)
(0.0132559 -0.220282 0)
(0.0116135 -0.226796 0)
(0.00735755 -0.2334 0)
(0.00199836 -0.230199 0)
(0.0424397 -0.0637164 0)
(0.0387491 -0.084023 0)
(0.0353719 -0.104969 0)
(0.0351368 -0.123026 0)
(0.033408 -0.140468 0)
(0.0311117 -0.155143 0)
(0.0270103 -0.168409 0)
(0.0251812 -0.178496 0)
(0.0213124 -0.191583 0)
(0.0159469 -0.201461 0)
(0.0125097 -0.209235 0)
(-4.4001e-05 -0.21606 0)
(-0.00605804 -0.202748 0)
(0.00741233 -0.207719 0)
(0.00885438 -0.213499 0)
(0.00863767 -0.2189 0)
(0.00745354 -0.224232 0)
(0.00438493 -0.229133 0)
(0.0010076 -0.226577 0)
(0.0280081 -0.0596907 0)
(0.0261507 -0.0816662 0)
(0.0241706 -0.103535 0)
(0.02331 -0.121631 0)
(0.0210641 -0.138141 0)
(0.0187346 -0.152405 0)
(0.0162093 -0.16556 0)
(0.0147882 -0.176603 0)
(0.0129286 -0.188586 0)
(0.00986501 -0.197672 0)
(0.00786806 -0.204303 0)
(0.00167846 -0.210683 0)
(0.000750454 -0.206047 0)
(0.00566697 -0.21009 0)
(0.00486455 -0.213201 0)
(0.00499082 -0.21822 0)
(0.0042653 -0.222696 0)
(0.00227463 -0.226423 0)
(0.000394179 -0.224855 0)
(0.0108945 -0.0573615 0)
(0.0101238 -0.0804217 0)
(0.00905133 -0.101919 0)
(0.00808041 -0.119965 0)
(0.00705051 -0.136422 0)
(0.00623539 -0.151031 0)
(0.00553828 -0.164355 0)
(0.00508841 -0.175942 0)
(0.00445722 -0.187391 0)
(0.00348084 -0.196309 0)
(0.0027799 -0.203021 0)
(0.00107535 -0.209072 0)
(0.00092037 -0.206681 0)
(0.00150022 -0.210529 0)
(0.00162403 -0.213988 0)
(0.00175796 -0.218631 0)
(0.00146395 -0.222638 0)
(0.000670728 -0.225861 0)
(3.73867e-05 -0.225075 0)
)
;

boundaryField
{
    leftWall
    {
        type            noSlip;
    }
    rightWall
    {
        type            noSlip;
    }
    lowerWall
    {
        type            noSlip;
    }
    atmosphere
    {
        type            pressureInletOutletVelocity;
        value           nonuniform List<vector> 
46
(
(0.0053044 0.220008 0)
(0.014648 0.264214 0)
(0.0198759 0.228583 0)
(0.0233875 0.219812 0)
(0.0267846 0.222489 0)
(0.0316412 0.223716 0)
(0.0363595 0.222749 0)
(0.0408231 0.220363 0)
(0.0448522 0.216442 0)
(0.0482976 0.210693 0)
(0.0510369 0.202926 0)
(0.0529274 0.193089 0)
(0.053874 0.181253 0)
(0.0538313 0.167588 0)
(0.0528007 0.15234 0)
(0.0508299 0.135805 0)
(0.0480053 0.118301 0)
(0.0444396 0.100129 0)
(0.040261 0.0815468 0)
(0.0355946 0.0627414 0)
(0.0305744 0.0438063 0)
(0.025312 0.0246628 0)
(0.0205399 0.00508214 0)
(0 -0.00974956 0)
(0 -0.019461 0)
(0 -0.029525 0)
(0 -0.0398618 0)
(0 -0.0573615 0)
(0 -0.0804217 0)
(0 -0.101919 0)
(0 -0.119965 0)
(0 -0.136422 0)
(0 -0.151031 0)
(0 -0.164355 0)
(0 -0.175942 0)
(0 -0.187391 0)
(0 -0.196309 0)
(0 -0.203021 0)
(0 -0.209072 0)
(0 -0.206681 0)
(0 -0.210529 0)
(0 -0.213988 0)
(0 -0.218631 0)
(0 -0.222638 0)
(0 -0.225861 0)
(0 -0.225075 0)
)
;
    }
    defaultFaces
    {
        type            empty;
    }
}


// ************************************************************************* //
