/*--------------------------------*- C++ -*----------------------------------*\
| =========                 |                                                 |
| \\      /  F ield         | OpenFOAM: The Open Source CFD Toolbox           |
|  \\    /   O peration     | Version:  2206                                  |
|   \\  /    A nd           | Website:  www.openfoam.com                      |
|    \\/     M anipulation  |                                                 |
\*---------------------------------------------------------------------------*/
FoamFile
{
    version     2.0;
    format      ascii;
    arch        "LSB;label=32;scalar=64";
    class       surfaceScalarField;
    location    "0.375";
    object      phi;
}
// * * * * * * * * * * * * * * * * * * * * * * * * * * * * * * * * * * * * * //

dimensions      [0 3 -1 0 0 0 0];

oriented        oriented;

internalField   nonuniform List<scalar> 
4432
(
-2.81372e-06
2.81372e-06
-1.20501e-06
-1.60871e-06
3.90863e-06
-5.11363e-06
1.04938e-05
-6.58522e-06
1.69619e-05
-6.4681e-06
2.24968e-05
-5.53486e-06
2.68983e-05
-4.40149e-06
3.02864e-05
-3.3881e-06
3.28814e-05
-2.59499e-06
3.48857e-05
-2.00428e-06
3.64289e-05
-1.54321e-06
3.75496e-05
-1.12078e-06
3.81806e-05
-6.30927e-07
3.80815e-05
9.90799e-08
3.674e-05
1.34149e-06
3.34641e-05
3.27593e-06
2.72943e-05
6.16977e-06
1.74484e-05
9.84588e-06
4.91846e-06
1.253e-05
-7.15911e-06
1.20776e-05
-1.60734e-05
8.91425e-06
-1.69254e-05
8.52066e-07
-1.69254e-05
-2.82605e-06
5.63978e-06
-9.79518e-07
-3.45525e-06
4.19612e-06
-1.02893e-05
1.07684e-05
-1.31575e-05
1.71841e-05
-1.28839e-05
2.2658e-05
-1.10087e-05
2.70146e-05
-8.7581e-06
3.03893e-05
-6.7628e-06
3.30073e-05
-5.21294e-06
3.5065e-05
-4.06205e-06
3.66827e-05
-3.16085e-06
3.78939e-05
-2.33195e-06
3.86719e-05
-1.40901e-06
3.90318e-05
-2.6079e-07
3.90552e-05
1.31808e-06
3.86731e-05
3.65806e-06
3.73845e-05
7.45836e-06
3.35535e-05
1.36769e-05
2.45364e-05
2.1547e-05
9.56074e-06
2.70532e-05
-5.98231e-06
2.44573e-05
-9.07059e-06
3.94036e-06
-2.5996e-05
-2.55457e-06
8.19434e-06
-5.71596e-07
-5.43822e-06
4.64971e-06
-1.55106e-05
1.11482e-05
-1.9656e-05
1.74043e-05
-1.914e-05
2.26985e-05
-1.6303e-05
2.691e-05
-1.29696e-05
3.02045e-05
-1.00573e-05
3.28129e-05
-7.82133e-06
3.49197e-05
-6.1688e-06
3.6626e-05
-4.86715e-06
3.79513e-05
-3.65731e-06
3.8849e-05
-2.30666e-06
3.92111e-05
-6.22857e-07
3.89482e-05
1.58097e-06
3.80709e-05
4.53537e-06
3.69086e-05
8.62062e-06
3.5894e-05
1.46915e-05
3.36293e-05
2.38117e-05
2.6834e-05
3.38486e-05
1.53238e-05
3.59674e-05
4.98806e-06
1.42761e-05
-2.1008e-05
-2.20331e-06
1.03977e-05
3.6645e-08
-7.67817e-06
5.26609e-06
-2.074e-05
1.164e-05
-2.60299e-05
1.76622e-05
-2.51621e-05
2.27072e-05
-2.13479e-05
2.67316e-05
-1.6994e-05
2.99387e-05
-1.32644e-05
3.2559e-05
-1.04417e-05
3.47548e-05
-8.36451e-06
3.65985e-05
-6.71087e-06
3.80851e-05
-5.14397e-06
3.91531e-05
-3.37465e-06
3.97048e-05
-1.17456e-06
3.96276e-05
1.65814e-06
3.88419e-05
5.32107e-06
3.74144e-05
1.00481e-05
3.60109e-05
1.60951e-05
3.56009e-05
2.42217e-05
3.47404e-05
3.47091e-05
2.90871e-05
4.16207e-05
1.6166e-05
2.71973e-05
-4.84201e-06
-1.75656e-06
1.21542e-05
6.71713e-07
-1.01064e-05
5.99802e-06
-2.60663e-05
1.22034e-05
-3.22353e-05
1.79268e-05
-3.08855e-05
2.26682e-05
-2.60893e-05
2.64807e-05
-2.08065e-05
2.96066e-05
-1.63903e-05
3.2267e-05
-1.31021e-05
3.45899e-05
-1.06875e-05
3.66107e-05
-8.73167e-06
3.82955e-05
-6.82872e-06
3.95677e-05
-4.64681e-06
4.03299e-05
-1.9368e-06
4.04908e-05
1.49719e-06
3.99942e-05
5.81776e-06
3.88322e-05
1.12101e-05
3.71819e-05
1.77454e-05
3.60548e-05
2.53487e-05
3.62316e-05
3.45323e-05
3.39348e-05
4.39174e-05
2.1803e-05
3.93291e-05
1.6961e-05
-1.19547e-06
1.33497e-05
1.48911e-06
-1.2791e-05
6.82114e-06
-3.13984e-05
1.28097e-05
-3.82239e-05
1.81934e-05
-3.62692e-05
2.26076e-05
-3.05036e-05
2.62107e-05
-2.44095e-05
2.92805e-05
-1.94602e-05
3.20172e-05
-1.58387e-05
3.45043e-05
-1.31747e-05
3.67336e-05
-1.09609e-05
3.86397e-05
-8.73486e-06
4.01306e-05
-6.13771e-06
4.11088e-05
-2.91497e-06
4.14922e-05
1.11378e-06
4.12517e-05
6.05831e-06
4.03905e-05
1.20712e-05
3.89519e-05
1.91841e-05
3.71738e-05
2.71269e-05
3.61461e-05
3.556e-05
3.43805e-05
4.56831e-05
2.39228e-05
4.97867e-05
4.08838e-05
-5.44569e-07
1.38943e-05
2.41165e-06
-1.57472e-05
7.66655e-06
-3.66533e-05
1.33812e-05
-4.39386e-05
1.84134e-05
-4.13013e-05
2.25216e-05
-3.46117e-05
2.59586e-05
-2.78466e-05
2.90255e-05
-2.2527e-05
3.1889e-05
-1.87022e-05
3.4581e-05
-1.58667e-05
3.70482e-05
-1.34282e-05
3.91962e-05
-1.08828e-05
4.09191e-05
-7.86059e-06
4.2118e-05
-4.1139e-06
4.27075e-05
5.24356e-07
4.26812e-05
6.08456e-06
4.20249e-05
1.27275e-05
4.08179e-05
2.03911e-05
3.89691e-05
2.89756e-05
3.68247e-05
3.77044e-05
3.42241e-05
4.82837e-05
2.54874e-05
5.85234e-05
6.63713e-05
1.87005e-07
1.37072e-05
3.42226e-06
-1.89825e-05
8.50037e-06
-4.17314e-05
1.38491e-05
-4.92872e-05
1.85171e-05
-4.59694e-05
2.23622e-05
-3.84568e-05
2.56974e-05
-3.11817e-05
2.88214e-05
-2.5651e-05
3.1854e-05
-2.17349e-05
3.47738e-05
-1.87864e-05
3.74895e-05
-1.61439e-05
3.98895e-05
-1.32828e-05
4.18617e-05
-9.83283e-06
4.32995e-05
-5.55164e-06
4.41542e-05
-3.3039e-07
4.43635e-05
5.87523e-06
4.38904e-05
1.32006e-05
4.28145e-05
2.1467e-05
4.11072e-05
3.06829e-05
3.85798e-05
4.02317e-05
3.49793e-05
5.18842e-05
2.67344e-05
6.67682e-05
9.31057e-05
1.42894e-05
-1.42894e-05
1.81262e-05
-3.8367e-06
8.79558e-06
9.33058e-06
2.2017e-06
6.59386e-06
-6.73631e-06
8.93802e-06
-1.47629e-05
8.02666e-06
-2.22519e-05
7.48896e-06
-2.8087e-05
5.83516e-06
-3.21649e-05
4.07796e-06
-3.47427e-05
2.57788e-06
-3.57181e-05
9.75397e-07
-3.51812e-05
-5.36779e-07
-3.32703e-05
-1.91083e-06
-3.00466e-05
-3.22363e-06
-2.56337e-05
-4.41286e-06
-2.01973e-05
-5.43644e-06
-1.38109e-05
-6.38633e-06
-6.46742e-06
-7.34344e-06
-6.46742e-06
1.67971e-05
-3.10866e-05
2.2418e-05
-9.45759e-06
1.07253e-05
2.10233e-05
9.85254e-07
1.63339e-05
-1.01094e-05
2.00327e-05
-1.86839e-05
1.66013e-05
-2.56026e-05
1.44077e-05
-3.01458e-05
1.03784e-05
-3.28281e-05
6.76036e-06
-3.42948e-05
4.04477e-06
-3.44977e-05
1.17837e-06
-3.33145e-05
-1.71978e-06
-3.08752e-05
-4.35e-06
-2.73215e-05
-6.77731e-06
-2.28804e-05
-8.8539e-06
-1.77525e-05
-1.05643e-05
-1.19752e-05
-1.21636e-05
-5.49847e-06
-1.38202e-05
-1.19659e-05
1.61937e-05
-4.72803e-05
2.5184e-05
-1.84479e-05
1.21196e-05
3.40877e-05
1.84326e-06
2.66103e-05
-8.90462e-06
3.07806e-05
-1.74924e-05
2.51891e-05
-2.47986e-05
2.17139e-05
-2.97487e-05
1.53286e-05
-3.2793e-05
9.80471e-06
-3.47332e-05
5.98512e-06
-3.51991e-05
1.64434e-06
-3.41324e-05
-2.78642e-06
-3.17631e-05
-6.71914e-06
-2.818e-05
-1.03604e-05
-2.36223e-05
-1.34114e-05
-1.83273e-05
-1.58592e-05
-1.235e-05
-1.81409e-05
-5.6788e-06
-2.04915e-05
-1.76447e-05
1.53012e-05
-6.25815e-05
2.63703e-05
-2.9517e-05
1.18564e-05
4.86016e-05
1.33987e-06
3.71268e-05
-8.70659e-06
4.0827e-05
-1.77678e-05
3.42503e-05
-2.55687e-05
2.95148e-05
-3.06623e-05
2.04222e-05
-3.35013e-05
1.26437e-05
-3.55384e-05
8.02238e-06
-3.60526e-05
2.15851e-06
-3.4957e-05
-3.88194e-06
-3.26113e-05
-9.06466e-06
-2.90087e-05
-1.39629e-05
-2.43874e-05
-1.80327e-05
-1.89867e-05
-2.12599e-05
-1.28334e-05
-2.42942e-05
-5.90815e-06
-2.74167e-05
-2.35529e-05
1.36347e-05
-7.62162e-05
2.4281e-05
-4.01633e-05
9.36253e-06
6.352e-05
-5.8047e-08
4.65475e-05
-9.10326e-06
4.98722e-05
-1.88425e-05
4.39896e-05
-2.71475e-05
3.78199e-05
-3.21501e-05
2.54248e-05
-3.44296e-05
1.49231e-05
-3.65999e-05
1.01929e-05
-3.71502e-05
2.70882e-06
-3.5921e-05
-5.11109e-06
-3.35254e-05
-1.14601e-05
-2.98142e-05
-1.76741e-05
-2.50583e-05
-2.27887e-05
-1.95294e-05
-2.67887e-05
-1.32085e-05
-3.06152e-05
-6.08322e-06
-3.4542e-05
-2.96361e-05
5.97889e-06
-8.21951e-05
1.92022e-05
-5.33867e-05
4.88915e-06
7.78331e-05
-3.76832e-06
5.52049e-05
-9.55017e-06
5.5654e-05
-2.03735e-05
5.48129e-05
-2.93295e-05
4.6776e-05
-3.41366e-05
3.0232e-05
-3.54819e-05
1.62685e-05
-3.79337e-05
1.26446e-05
-3.858e-05
3.35517e-06
-3.71176e-05
-6.57338e-06
-3.46869e-05
-1.38907e-05
-3.07995e-05
-2.15615e-05
-2.58315e-05
-2.77567e-05
-2.01268e-05
-3.24934e-05
-1.36089e-05
-3.71331e-05
-6.25465e-06
-4.18963e-05
-3.58907e-05
-7.46538e-06
-7.47297e-05
1.28687e-05
-7.37208e-05
-1.40502e-06
9.21068e-05
-8.97106e-06
6.2771e-05
-8.65384e-06
5.53367e-05
-2.20734e-05
6.82324e-05
-3.19745e-05
5.66771e-05
-3.66259e-05
3.48835e-05
-3.62962e-05
1.59388e-05
-3.94214e-05
1.57699e-05
-4.02581e-05
4.19186e-06
-3.84229e-05
-8.40853e-06
-3.60504e-05
-1.62631e-05
-3.19783e-05
-2.56335e-05
-2.67461e-05
-3.29889e-05
-2.0826e-05
-3.84135e-05
-1.40656e-05
-4.38934e-05
-6.44742e-06
-4.95145e-05
-4.23381e-05
-5.16306e-06
-6.95666e-05
1.12975e-05
-9.01814e-05
-9.45263e-06
0.000112857
-1.50784e-05
6.83967e-05
-6.85864e-06
4.71169e-05
-2.35476e-05
8.49214e-05
-3.47345e-05
6.78639e-05
-3.93869e-05
3.95359e-05
-3.65131e-05
1.30649e-05
-4.0643e-05
1.98998e-05
-4.21736e-05
5.72248e-06
-3.9471e-05
-1.11112e-05
-3.73685e-05
-1.83656e-05
-3.32261e-05
-2.9776e-05
-2.77689e-05
-3.84461e-05
-2.16519e-05
-4.45305e-05
-1.45873e-05
-5.09581e-05
-6.66953e-06
-5.74323e-05
-4.90077e-05
3.74379e-06
9.96346e-06
1.18098e-05
-2.70485e-05
2.18579e-05
-5.17795e-05
3.1454e-05
-5.88833e-05
3.97622e-05
-5.42776e-05
4.70459e-05
-4.57405e-05
5.39677e-05
-3.81035e-05
6.09284e-05
-3.26117e-05
6.79373e-05
-2.87439e-05
7.47791e-05
-2.56282e-05
8.11806e-05
-2.25454e-05
8.69061e-05
-1.90084e-05
9.17761e-05
-1.47028e-05
9.55822e-05
-9.35776e-06
9.82007e-05
-2.9489e-06
9.96714e-05
4.40449e-06
9.96421e-05
1.323e-05
9.81302e-05
2.29789e-05
9.5312e-05
3.35012e-05
9.10565e-05
4.44872e-05
8.58103e-05
5.71304e-05
8.2461e-05
7.01176e-05
9.20544e-05
8.35123e-05
9.80536e-06
1.58097e-07
2.19339e-05
-3.9177e-05
3.07472e-05
-6.05928e-05
3.63266e-05
-6.44627e-05
4.13883e-05
-5.93394e-05
4.73824e-05
-5.17346e-05
5.43989e-05
-4.512e-05
6.207e-05
-4.02828e-05
6.99389e-05
-3.66128e-05
7.75658e-05
-3.3255e-05
8.4583e-05
-2.95626e-05
9.07501e-05
-2.51755e-05
9.60147e-05
-1.99673e-05
0.000100538
-1.38816e-05
0.000104146
-6.55667e-06
0.000106168
2.38243e-06
0.000107237
1.21618e-05
0.000107026
2.3189e-05
0.00010595
3.45778e-05
0.000104382
4.60545e-05
0.000103281
5.8232e-05
0.000103914
6.94841e-05
8.65441e-05
0.000109425
1.88839e-05
-1.87258e-05
4.0193e-05
-6.04862e-05
4.66757e-05
-6.70755e-05
4.50349e-05
-6.28219e-05
4.5128e-05
-5.94324e-05
4.99186e-05
-5.65252e-05
5.77547e-05
-5.29562e-05
6.67823e-05
-4.93104e-05
7.59783e-05
-4.58088e-05
8.48136e-05
-4.20903e-05
9.29444e-05
-3.76934e-05
0.000100067
-3.22982e-05
0.000105807
-2.57075e-05
0.00010981
-1.78848e-05
0.000112261
-9.00724e-06
0.000114699
-5.52457e-08
0.000114262
1.25986e-05
0.000113394
2.40568e-05
0.000112903
3.50687e-05
0.000113168
4.57898e-05
0.000114052
5.73483e-05
0.000114727
6.88092e-05
8.11142e-05
0.000120156
3.01091e-05
-4.88348e-05
5.8728e-05
-8.9105e-05
5.82682e-05
-6.66158e-05
4.73937e-05
-5.19474e-05
4.22762e-05
-5.43149e-05
4.50344e-05
-5.92834e-05
5.16163e-05
-5.95381e-05
5.94978e-05
-5.7192e-05
6.78247e-05
-5.41357e-05
7.6514e-05
-5.07796e-05
8.56844e-05
-4.68638e-05
9.55059e-05
-4.21197e-05
0.000105885
-3.60867e-05
0.000116692
-2.86921e-05
0.000127472
-1.97868e-05
0.000135508
-8.09106e-06
0.000137773
1.03335e-05
0.000136015
2.58143e-05
0.00013272
3.83641e-05
0.000129247
4.92626e-05
0.00012652
6.00753e-05
0.000125448
6.98815e-05
7.82027e-05
0.000128359
3.31794e-05
-8.20142e-05
5.67493e-05
-0.000112675
3.56892e-05
-4.55557e-05
1.91152e-05
-3.53734e-05
1.12746e-05
-4.64743e-05
6.88555e-06
-5.48944e-05
3.78079e-06
-5.64334e-05
1.6118e-06
-5.50231e-05
1.16951e-06
-5.36935e-05
3.16983e-06
-5.278e-05
7.97816e-06
-5.16721e-05
1.5722e-05
-4.98635e-05
2.51025e-05
-4.54672e-05
3.48263e-05
-3.84159e-05
4.61166e-05
-3.10771e-05
6.8857e-05
-3.08315e-05
0.000104224
-2.50331e-05
0.000130177
-1.38693e-07
0.000138904
2.96371e-05
0.000140935
4.72309e-05
0.000140755
6.02559e-05
0.000140405
7.02315e-05
7.74719e-05
0.000141136
-2.8352e-06
-7.9179e-05
-1.61507e-05
-9.93595e-05
-1.30366e-05
-4.86699e-05
-1.04516e-06
-4.7365e-05
7.40041e-07
-4.82596e-05
-1.69254e-06
-5.2462e-05
-4.84948e-06
-5.32766e-05
-7.59179e-06
-5.22809e-05
-9.29335e-06
-5.1992e-05
-8.94109e-06
-5.31323e-05
-5.44833e-06
-5.51649e-05
4.55575e-07
-5.57674e-05
6.14481e-06
-5.11564e-05
9.34964e-06
-4.16207e-05
1.43418e-05
-3.60692e-05
2.76781e-05
-4.41678e-05
5.55588e-05
-5.29137e-05
9.53756e-05
-3.99555e-05
0.000126245
-1.23225e-06
0.000137661
3.58152e-05
0.000131722
6.61943e-05
0.000138771
6.31826e-05
7.06371e-05
0.000145606
-2.1456e-05
-5.77231e-05
-3.75602e-05
-8.32554e-05
-2.10311e-05
-6.5199e-05
-1.18274e-05
-5.65689e-05
-7.43605e-06
-5.2651e-05
-7.30861e-06
-5.25895e-05
-8.47741e-06
-5.21079e-05
-9.42206e-06
-5.13364e-05
-9.6121e-06
-5.18021e-05
-8.4504e-06
-5.4294e-05
-5.57947e-06
-5.80358e-05
-1.23953e-06
-6.01073e-05
3.49466e-06
-5.58906e-05
6.60888e-06
-4.47349e-05
1.15311e-05
-4.09914e-05
3.16946e-05
-6.43313e-05
6.03593e-05
-8.15784e-05
9.26786e-05
-7.22747e-05
0.000132303
-4.08568e-05
0.000160334
7.78448e-06
0.000173398
5.31306e-05
0.00016184
7.47406e-05
8.01613e-05
0.000152316
-1.39838e-05
-4.37394e-05
-1.5602e-05
-8.16374e-05
-1.20989e-05
-6.87021e-05
-9.77341e-06
-5.88944e-05
-7.79159e-06
-5.46329e-05
-6.87437e-06
-5.35068e-05
-6.67745e-06
-5.2305e-05
-6.84223e-06
-5.11717e-05
-7.17412e-06
-5.14703e-05
-7.52053e-06
-5.39477e-05
-7.51857e-06
-5.80378e-05
-6.42368e-06
-6.12022e-05
-3.46914e-06
-5.88451e-05
1.61546e-06
-4.98195e-05
1.04001e-05
-4.97761e-05
2.66854e-05
-8.06166e-05
4.61673e-05
-0.00010106
7.19702e-05
-9.80776e-05
0.000106584
-7.54705e-05
0.000145923
-3.15541e-05
0.000174786
2.42675e-05
0.000179398
7.01282e-05
9.0123e-05
0.000169437
-5.33646e-06
-3.8403e-05
-8.28433e-06
-7.86896e-05
-8.64529e-06
-6.83412e-05
-7.77187e-06
-5.97679e-05
-6.31606e-06
-5.60888e-05
-5.27881e-06
-5.45442e-05
-4.64427e-06
-5.29396e-05
-4.48269e-06
-5.13334e-05
-5.00135e-06
-5.09517e-05
-6.20864e-06
-5.27404e-05
-7.8742e-06
-5.63722e-05
-8.91226e-06
-6.01641e-05
-7.25679e-06
-6.05005e-05
-6.83797e-07
-5.63924e-05
7.5289e-06
-5.79887e-05
8.05112e-06
-8.11388e-05
8.831e-06
-0.00010184
1.73274e-05
-0.000106574
3.92934e-05
-9.74365e-05
7.33875e-05
-6.56481e-05
0.000104782
-7.12683e-06
0.00012564
4.92702e-05
8.35849e-05
0.000132178
-2.51197e-06
-3.5891e-05
-5.1187e-06
-7.6083e-05
-5.78092e-06
-6.76791e-05
-5.47661e-06
-6.00722e-05
-4.5665e-06
-5.69989e-05
-3.64234e-06
-5.54683e-05
-2.75674e-06
-5.38252e-05
-2.0241e-06
-5.20661e-05
-1.82171e-06
-5.11542e-05
-2.47345e-06
-5.20887e-05
-4.02558e-06
-5.48201e-05
-5.83463e-06
-5.8355e-05
-5.77184e-06
-6.05633e-05
-1.66489e-06
-6.04994e-05
2.51934e-06
-6.2173e-05
-2.89015e-06
-7.57293e-05
-1.36343e-05
-9.10959e-05
-2.36776e-05
-9.65307e-05
-2.72292e-05
-9.38848e-05
-1.84482e-05
-7.4429e-05
2.96105e-06
-2.8536e-05
2.77916e-05
2.44398e-05
6.34066e-05
4.79699e-05
-6.4511e-07
-3.5246e-05
-2.60359e-06
-7.41246e-05
-3.55237e-06
-6.67303e-05
-3.51517e-06
-6.01094e-05
-2.86549e-06
-5.76485e-05
-2.00207e-06
-5.63317e-05
-9.06213e-07
-5.49211e-05
3.82611e-07
-5.3355e-05
1.52003e-06
-5.22917e-05
1.98834e-06
-5.2557e-05
1.5399e-06
-5.43716e-05
3.99562e-07
-5.72146e-05
-2.30698e-07
-5.9933e-05
1.14301e-06
-6.18731e-05
3.41081e-06
-6.44408e-05
-1.15225e-06
-7.11663e-05
-1.2729e-05
-7.95192e-05
-2.64742e-05
-8.27855e-05
-4.04604e-05
-7.98985e-05
-5.57953e-05
-5.9094e-05
-5.55673e-05
-2.87639e-05
-3.70892e-05
5.96174e-06
3.48835e-05
-8.56601e-06
2.15234e-07
-3.54612e-05
-1.10603e-06
-7.28034e-05
-1.90973e-06
-6.59266e-05
-1.90525e-06
-6.01139e-05
-1.41113e-06
-5.81426e-05
-6.21895e-07
-5.7121e-05
4.94313e-07
-5.60374e-05
1.99475e-06
-5.48555e-05
3.6563e-06
-5.39533e-05
4.9882e-06
-5.3889e-05
5.58547e-06
-5.49688e-05
5.33703e-06
-5.69661e-05
4.67832e-06
-5.92743e-05
4.31165e-06
-6.15064e-05
3.79139e-06
-6.39206e-05
-9.3472e-08
-6.72815e-05
-8.98122e-06
-7.06314e-05
-1.81285e-05
-7.36382e-05
-2.42379e-05
-7.37891e-05
-2.39222e-05
-5.94096e-05
-1.95007e-05
-3.31853e-05
-7.0116e-06
-6.52729e-06
1.5585e-05
1.2287e-05
6.17105e-07
-3.60784e-05
-1.95704e-07
-7.19906e-05
-7.60366e-07
-6.53619e-05
-7.07708e-07
-6.01665e-05
-2.53899e-07
-5.85963e-05
4.51895e-07
-5.78267e-05
1.44059e-06
-5.70261e-05
2.78365e-06
-5.61986e-05
4.3795e-06
-5.55492e-05
5.87606e-06
-5.53855e-05
6.85028e-06
-5.5943e-05
7.02954e-06
-5.71453e-05
6.40588e-06
-5.86506e-05
5.0471e-06
-6.01477e-05
2.67682e-06
-6.15504e-05
-1.73586e-06
-6.28688e-05
-8.97377e-06
-6.33935e-05
-2.04891e-05
-6.21229e-05
-3.57032e-05
-5.8575e-05
-4.6025e-05
-4.90879e-05
-4.52125e-05
-3.39977e-05
-3.55305e-05
-1.62092e-05
-6.6036e-07
-1.92851e-05
7.98493e-07
-3.68769e-05
3.32845e-07
-7.1525e-05
6.30466e-08
-6.50921e-05
2.10491e-07
-6.03139e-05
6.57628e-07
-5.90434e-05
1.30015e-06
-5.84692e-05
2.1299e-06
-5.78559e-05
3.17742e-06
-5.72462e-05
4.39727e-06
-5.6769e-05
5.57843e-06
-5.65666e-05
6.38833e-06
-5.67529e-05
6.54221e-06
-5.72992e-05
5.90853e-06
-5.8017e-05
4.42167e-06
-5.86609e-05
1.93502e-06
-5.90638e-05
-1.89361e-06
-5.90402e-05
-7.12001e-06
-5.81671e-05
-1.35962e-05
-5.56467e-05
-2.14099e-05
-5.07614e-05
-2.80755e-05
-4.24223e-05
-3.09044e-05
-3.11687e-05
-2.81768e-05
-1.89367e-05
-7.27609e-06
-2.1561e-05
8.57522e-07
-3.77345e-05
7.1848e-07
-7.1386e-05
6.53673e-07
-6.50273e-05
9.0936e-07
-6.05695e-05
1.37915e-06
-5.95132e-05
1.9891e-06
-5.90792e-05
2.71102e-06
-5.85778e-05
3.53156e-06
-5.80667e-05
4.40901e-06
-5.76464e-05
5.22004e-06
-5.73776e-05
5.75701e-06
-5.72898e-05
5.81175e-06
-5.7354e-05
5.2544e-06
-5.74597e-05
4.02574e-06
-5.74323e-05
2.04936e-06
-5.70874e-05
-7.88535e-07
-5.62023e-05
-4.4644e-06
-5.44913e-05
-8.67493e-06
-5.14363e-05
-1.28718e-05
-4.65645e-05
-1.57822e-05
-3.9512e-05
-1.6298e-05
-3.06529e-05
-1.42256e-05
-2.10091e-05
-1.13696e-05
-1.0132e-05
8.73738e-07
-3.86083e-05
9.89748e-07
-7.15021e-05
1.09857e-06
-6.51362e-05
1.45162e-06
-6.09225e-05
1.96152e-06
-6.00231e-05
2.56868e-06
-5.96863e-05
3.24435e-06
-5.92535e-05
3.95783e-06
-5.87802e-05
4.66023e-06
-5.83488e-05
5.27071e-06
-5.7988e-05
5.67384e-06
-5.76929e-05
5.7445e-06
-5.74247e-05
5.38448e-06
-5.70997e-05
4.54237e-06
-5.65902e-05
3.18951e-06
-5.57345e-05
1.32229e-06
-5.4335e-05
-1.01323e-06
-5.21557e-05
-3.53915e-06
-4.89104e-05
-5.77632e-06
-4.43274e-05
-6.96839e-06
-3.83199e-05
-6.47127e-06
-3.11499e-05
-4.0921e-06
-2.33882e-05
-1.55092e-05
4.74508e-08
8.88794e-07
-3.94971e-05
1.19226e-06
-7.18057e-05
1.44261e-06
-6.53865e-05
1.88624e-06
-6.13661e-05
2.44691e-06
-6.05837e-05
3.07247e-06
-6.03119e-05
3.74164e-06
-5.99226e-05
4.42737e-06
-5.94659e-05
5.08529e-06
-5.90066e-05
5.65647e-06
-5.85592e-05
6.07136e-06
-5.81079e-05
6.25742e-06
-5.76108e-05
6.15339e-06
-5.69958e-05
5.724e-06
-5.61608e-05
4.96788e-06
-5.49783e-05
3.92766e-06
-5.32947e-05
2.70692e-06
-5.0935e-05
1.51741e-06
-4.77209e-05
7.13323e-07
-4.35234e-05
7.40254e-07
-3.83468e-05
1.98293e-06
-3.23926e-05
4.61299e-06
-2.60182e-05
-1.94887e-05
8.59262e-06
9.18476e-07
-4.04157e-05
1.35603e-06
-7.22433e-05
1.71907e-06
-6.57496e-05
2.24661e-06
-6.18937e-05
2.86518e-06
-6.12023e-05
3.52539e-06
-6.09721e-05
4.21316e-06
-6.06104e-05
4.91098e-06
-6.01637e-05
5.58732e-06
-5.9683e-05
6.19998e-06
-5.91719e-05
6.70221e-06
-5.86102e-05
7.04974e-06
-5.79584e-05
7.20972e-06
-5.71558e-05
7.16991e-06
-5.6121e-05
6.94616e-06
-5.47545e-05
6.59387e-06
-5.29424e-05
6.22244e-06
-5.05636e-05
6.01083e-06
-4.75094e-05
6.20845e-06
-4.37211e-05
7.09402e-06
-3.92324e-05
8.90403e-06
-3.42025e-05
1.17612e-05
-2.88753e-05
-2.33606e-05
1.56331e-05
9.66998e-07
-4.13827e-05
1.49787e-06
-7.27742e-05
1.95079e-06
-6.62025e-05
2.55608e-06
-6.2499e-05
3.23685e-06
-6.18831e-05
3.94503e-06
-6.16803e-05
4.67177e-06
-6.13371e-05
5.4074e-06
-6.08993e-05
6.13263e-06
-6.04082e-05
6.82086e-06
-5.98601e-05
7.443e-06
-5.92323e-05
7.97373e-06
-5.84892e-05
8.39893e-06
-5.7581e-05
8.72259e-06
-5.64446e-05
8.97296e-06
-5.50048e-05
9.2094e-06
-5.31787e-05
9.5299e-06
-5.08841e-05
1.00758e-05
-4.80553e-05
1.10233e-05
-4.46685e-05
1.2554e-05
-4.07631e-05
1.48176e-05
-3.64661e-05
1.78927e-05
-3.19503e-05
-2.72234e-05
2.17556e-05
1.03189e-06
-4.24146e-05
1.62687e-06
-7.33692e-05
2.15226e-06
-6.67279e-05
2.83003e-06
-6.31768e-05
3.57467e-06
-6.26277e-05
4.33995e-06
-6.24456e-05
5.12147e-06
-6.21186e-05
5.91566e-06
-6.16934e-05
6.71219e-06
-6.12047e-05
7.49695e-06
-6.06449e-05
8.25553e-06
-5.99909e-05
8.97745e-06
-5.92111e-05
9.66143e-06
-5.82649e-05
1.03208e-05
-5.71039e-05
1.09885e-05
-5.56724e-05
1.17216e-05
-5.39117e-05
1.26033e-05
-5.17658e-05
1.37423e-05
-4.91944e-05
1.52627e-05
-4.61889e-05
1.72866e-05
-4.27871e-05
1.99123e-05
-3.90917e-05
2.31894e-05
-3.52274e-05
-3.11331e-05
2.70991e-05
1.10876e-06
-4.35234e-05
1.74652e-06
-7.4007e-05
2.33152e-06
-6.7313e-05
3.07691e-06
-6.39222e-05
3.88512e-06
-6.3436e-05
4.71221e-06
-6.32727e-05
5.55815e-06
-6.29646e-05
6.42459e-06
-6.25599e-05
7.30797e-06
-6.2088e-05
8.20293e-06
-6.15398e-05
9.10539e-06
-6.08934e-05
1.00154e-05
-6.01211e-05
1.09408e-05
-5.91903e-05
1.19005e-05
-5.80635e-05
1.29283e-05
-5.67001e-05
1.40752e-05
-5.50586e-05
1.54103e-05
-5.31009e-05
1.70176e-05
-5.08017e-05
1.89873e-05
-4.81587e-05
2.14046e-05
-4.52043e-05
2.43359e-05
-4.2023e-05
2.78119e-05
-3.87033e-05
-3.51393e-05
3.1818e-05
1.19246e-06
-4.47159e-05
1.857e-06
-7.46715e-05
2.49304e-06
-6.7949e-05
3.30113e-06
-6.47303e-05
4.17102e-06
-6.43059e-05
5.06088e-06
-6.41626e-05
5.97504e-06
-6.38787e-05
6.9196e-06
-6.35044e-05
7.89626e-06
-6.30646e-05
8.90595e-06
-6.25494e-05
9.95154e-06
-6.19389e-05
1.10401e-05
-6.12097e-05
1.21851e-05
-6.03352e-05
1.34087e-05
-5.9287e-05
1.47436e-05
-5.8035e-05
1.62351e-05
-5.65501e-05
1.79405e-05
-5.48064e-05
1.99258e-05
-5.2787e-05
2.22585e-05
-5.04914e-05
2.5e-05
-4.79457e-05
2.8197e-05
-4.522e-05
3.18689e-05
-4.23751e-05
-3.92763e-05
3.60059e-05
1.27747e-06
-4.59934e-05
1.95831e-06
-7.53524e-05
2.64029e-06
-6.8631e-05
3.50564e-06
-6.55957e-05
4.43339e-06
-6.52337e-05
5.3839e-06
-6.51131e-05
6.36564e-06
-6.48604e-05
7.38822e-06
-6.45269e-05
8.45737e-06
-6.41337e-05
9.57868e-06
-6.36707e-05
1.07599e-05
-6.31201e-05
1.20126e-05
-6.24624e-05
1.33537e-05
-6.16763e-05
1.48065e-05
-6.07397e-05
1.64022e-05
-5.96307e-05
1.81808e-05
-5.83288e-05
2.01906e-05
-5.68162e-05
2.24848e-05
-5.50812e-05
2.51161e-05
-5.31226e-05
2.81308e-05
-5.09603e-05
3.15638e-05
-4.86529e-05
3.5429e-05
-4.62403e-05
-4.35714e-05
3.9724e-05
1.35855e-06
-4.73519e-05
2.05253e-06
-7.60463e-05
2.77751e-06
-6.93559e-05
3.69389e-06
-6.6512e-05
4.67352e-06
-6.62133e-05
5.67995e-06
-6.61195e-05
6.72506e-06
-6.59055e-05
7.82112e-06
-6.56229e-05
8.97681e-06
-6.52893e-05
1.02011e-05
-6.4895e-05
1.15053e-05
-6.44243e-05
1.29039e-05
-6.38609e-05
1.44157e-05
-6.31881e-05
1.60646e-05
-6.23885e-05
1.78799e-05
-6.14459e-05
1.98973e-05
-6.03462e-05
2.2158e-05
-5.9077e-05
2.47068e-05
-5.763e-05
2.75868e-05
-5.60025e-05
3.08349e-05
-5.42084e-05
3.44792e-05
-5.22972e-05
3.85332e-05
-5.02944e-05
-4.80423e-05
4.30041e-05
1.43285e-06
-4.87847e-05
2.14395e-06
-7.67573e-05
2.90967e-06
-7.01216e-05
3.8698e-06
-6.74721e-05
4.89367e-06
-6.72371e-05
5.94914e-06
-6.71749e-05
7.05052e-06
-6.70069e-05
8.21184e-06
-6.67842e-05
9.44398e-06
-6.65215e-05
1.07584e-05
-6.62094e-05
1.2169e-05
-6.58348e-05
1.36923e-05
-6.53841e-05
1.53483e-05
-6.48441e-05
1.7161e-05
-6.42011e-05
1.91581e-05
-6.34431e-05
2.1372e-05
-6.25601e-05
2.38388e-05
-6.15438e-05
2.65971e-05
-6.03883e-05
2.9684e-05
-5.90894e-05
3.31314e-05
-5.76558e-05
3.69637e-05
-5.61294e-05
4.1198e-05
-5.45288e-05
-5.26958e-05
4.58514e-05
1.50193e-06
-5.02866e-05
2.23709e-06
-7.74923e-05
3.03989e-06
-7.09242e-05
4.03534e-06
-6.84674e-05
5.09513e-06
-6.82968e-05
6.19149e-06
-6.82712e-05
7.34018e-06
-6.81556e-05
8.55621e-06
-6.80003e-05
9.85209e-06
-6.78174e-05
1.12412e-05
-6.75985e-05
1.27393e-05
-6.73328e-05
1.43643e-05
-6.70091e-05
1.61372e-05
-6.6617e-05
1.80819e-05
-6.61458e-05
2.02253e-05
-6.55865e-05
2.25971e-05
-6.49319e-05
2.52298e-05
-6.41766e-05
2.81577e-05
-6.33163e-05
3.14142e-05
-6.23458e-05
3.50285e-05
-6.12699e-05
3.90235e-05
-6.01245e-05
4.34223e-05
-5.89277e-05
-5.75256e-05
4.82519e-05
1.57082e-06
-5.18573e-05
2.33338e-06
-7.82547e-05
3.1659e-06
-7.17566e-05
4.18759e-06
-6.94889e-05
5.27487e-06
-6.93839e-05
6.4036e-06
-6.93999e-05
7.59005e-06
-6.93421e-05
8.8497e-06
-6.926e-05
1.01961e-05
-6.91639e-05
1.16441e-05
-6.90465e-05
1.32106e-05
-6.88992e-05
1.49148e-05
-6.87133e-05
1.67783e-05
-6.84805e-05
1.88251e-05
-6.81927e-05
2.10816e-05
-6.78431e-05
2.35759e-05
-6.74263e-05
2.63381e-05
-6.69389e-05
2.93994e-05
-6.63775e-05
3.27909e-05
-6.57372e-05
3.65403e-05
-6.50194e-05
4.06705e-05
-6.42547e-05
4.521e-05
-6.34673e-05
-6.25115e-05
5.01957e-05
1.64512e-06
-5.35023e-05
2.42849e-06
-7.90379e-05
3.27857e-06
-7.26065e-05
4.31741e-06
-7.05276e-05
5.42388e-06
-7.04903e-05
6.57644e-06
-7.05524e-05
7.7914e-06
-7.05571e-05
9.08436e-06
-7.05531e-05
1.04695e-05
-7.05491e-05
1.19624e-05
-7.05395e-05
1.35809e-05
-7.05177e-05
1.53449e-05
-7.04773e-05
1.72765e-05
-7.04121e-05
1.94e-05
-7.03162e-05
2.17413e-05
-7.01845e-05
2.43281e-05
-7.00132e-05
2.71891e-05
-6.97999e-05
3.03536e-05
-6.9542e-05
3.38514e-05
-6.92349e-05
3.77098e-05
-6.88778e-05
4.19512e-05
-6.84961e-05
4.66067e-05
-6.8123e-05
-6.76268e-05
5.17218e-05
1.72752e-06
-5.52297e-05
2.51196e-06
-7.98222e-05
3.36388e-06
-7.34583e-05
4.41103e-06
-7.15746e-05
5.52811e-06
-7.16073e-05
6.69553e-06
-7.17199e-05
7.92978e-06
-7.17914e-05
9.24646e-06
-7.18698e-05
1.066e-05
-7.19627e-05
1.21866e-05
-7.2066e-05
1.38443e-05
-7.21754e-05
1.56534e-05
-7.22865e-05
1.76364e-05
-7.23951e-05
1.98175e-05
-7.24974e-05
2.22231e-05
-7.25902e-05
2.48808e-05
-7.26709e-05
2.78192e-05
-7.27382e-05
3.1067e-05
-7.27897e-05
3.4654e-05
-7.28219e-05
3.86083e-05
-7.2832e-05
4.29518e-05
-7.28396e-05
4.77144e-05
-7.28857e-05
-7.28583e-05
5.29458e-05
1.81638e-06
-5.7046e-05
2.56972e-06
-8.05754e-05
3.40644e-06
-7.42949e-05
4.45242e-06
-7.26205e-05
5.57009e-06
-7.27249e-05
6.74153e-06
-7.28913e-05
7.98424e-06
-7.30342e-05
9.31387e-06
-7.31996e-05
1.07451e-05
-7.3394e-05
1.22941e-05
-7.36152e-05
1.39794e-05
-7.38606e-05
1.58212e-05
-7.41283e-05
1.78422e-05
-7.44161e-05
2.0067e-05
-7.47222e-05
2.25224e-05
-7.50456e-05
2.5237e-05
-7.53855e-05
2.82402e-05
-7.57414e-05
3.15623e-05
-7.61116e-05
3.52344e-05
-7.64939e-05
3.92874e-05
-7.6885e-05
4.37456e-05
-7.72978e-05
4.86354e-05
-7.77756e-05
-7.82288e-05
5.40057e-05
1.90769e-06
-5.89536e-05
2.58778e-06
-8.12555e-05
3.39161e-06
-7.50987e-05
4.4247e-06
-7.36534e-05
5.52924e-06
-7.38293e-05
6.68988e-06
-7.40519e-05
7.92587e-06
-7.42702e-05
9.25298e-06
-7.45268e-05
1.0686e-05
-7.48272e-05
1.22415e-05
-7.51707e-05
1.39378e-05
-7.5557e-05
1.57954e-05
-7.59859e-05
1.78372e-05
-7.64578e-05
2.00885e-05
-7.69736e-05
2.25773e-05
-7.75344e-05
2.53337e-05
-7.81419e-05
2.83893e-05
-7.87969e-05
3.17773e-05
-7.94995e-05
3.5533e-05
-8.02495e-05
3.96931e-05
-8.10451e-05
4.42882e-05
-8.18929e-05
4.93437e-05
-8.28312e-05
-8.37928e-05
5.49076e-05
1.99785e-06
-6.09515e-05
2.55478e-06
-8.18124e-05
3.3064e-06
-7.58502e-05
4.31075e-06
-7.46576e-05
5.38265e-06
-7.49011e-05
6.51171e-06
-7.51809e-05
7.71885e-06
-7.54774e-05
9.01985e-06
-7.58279e-05
1.04297e-05
-7.62372e-05
1.1965e-05
-7.67061e-05
1.36444e-05
-7.72363e-05
1.54885e-05
-7.783e-05
1.75208e-05
-7.84902e-05
1.97678e-05
-7.92206e-05
2.22589e-05
-8.00256e-05
2.50265e-05
-8.09094e-05
2.81052e-05
-8.18755e-05
3.1533e-05
-8.29271e-05
3.53516e-05
-8.40681e-05
3.96063e-05
-8.52998e-05
4.43384e-05
-8.66251e-05
4.95792e-05
-8.80722e-05
-8.95939e-05
5.53802e-05
2.08264e-06
-6.30342e-05
2.46251e-06
-8.21923e-05
3.14159e-06
-7.65291e-05
4.09619e-06
-7.56121e-05
5.10985e-06
-7.59147e-05
6.18034e-06
-7.62515e-05
7.32919e-06
-7.66264e-05
8.57178e-06
-7.70706e-05
9.92312e-06
-7.75886e-05
1.13999e-05
-7.81829e-05
1.30207e-05
-7.88571e-05
1.48066e-05
-7.96158e-05
1.67815e-05
-8.04651e-05
1.89731e-05
-8.14121e-05
2.14123e-05
-8.24648e-05
2.41339e-05
-8.36309e-05
2.71763e-05
-8.49177e-05
3.05828e-05
-8.63336e-05
3.44031e-05
-8.78883e-05
3.86918e-05
-8.95886e-05
4.35044e-05
-9.14377e-05
4.88869e-05
-9.34548e-05
-9.56102e-05
5.49031e-05
2.15172e-06
-6.51859e-05
2.30689e-06
-8.23474e-05
2.89633e-06
-7.71185e-05
3.77603e-06
-7.64917e-05
4.70277e-06
-7.68414e-05
5.68451e-06
-7.72332e-05
6.742e-06
-7.76839e-05
7.88949e-06
-7.82181e-05
9.1416e-06
-7.88407e-05
1.05147e-05
-7.95561e-05
1.20273e-05
-8.03696e-05
1.37001e-05
-8.12887e-05
1.55575e-05
-8.23224e-05
1.76273e-05
-8.34819e-05
1.9942e-05
-8.47794e-05
2.2538e-05
-8.62268e-05
2.54568e-05
-8.78365e-05
2.87467e-05
-8.96234e-05
3.24635e-05
-9.16051e-05
3.66706e-05
-9.37958e-05
4.14383e-05
-9.62056e-05
4.68344e-05
-9.8851e-05
-0.000101721
5.29457e-05
2.18624e-06
-6.73721e-05
2.09127e-06
-8.22523e-05
2.58253e-06
-7.76097e-05
3.36194e-06
-7.7271e-05
4.17611e-06
-7.76555e-05
5.04216e-06
-7.80993e-05
5.97875e-06
-7.86205e-05
6.99826e-06
-7.92376e-05
8.11434e-06
-7.99568e-05
9.34253e-06
-8.07842e-05
1.07006e-05
-8.17277e-05
1.22089e-05
-8.2797e-05
1.38908e-05
-8.40043e-05
1.57741e-05
-8.53652e-05
1.78912e-05
-8.68964e-05
2.0279e-05
-8.86145e-05
2.29804e-05
-9.05378e-05
2.60458e-05
-9.26887e-05
2.95343e-05
-9.50936e-05
3.35143e-05
-9.7776e-05
3.80673e-05
-0.000100759
4.32821e-05
-0.000104066
-0.000107714
4.92747e-05
2.16655e-06
-6.95386e-05
1.82896e-06
-8.19147e-05
2.2239e-06
-7.80046e-05
2.88369e-06
-7.79308e-05
3.56913e-06
-7.8341e-05
4.30242e-06
-7.88325e-05
5.09906e-06
-7.94172e-05
5.96921e-06
-8.01077e-05
6.92498e-06
-8.09125e-05
7.9808e-06
-8.184e-05
9.15345e-06
-8.29003e-05
1.0462e-05
-8.41055e-05
1.19284e-05
-8.54708e-05
1.35792e-05
-8.70159e-05
1.54451e-05
-8.87621e-05
1.75618e-05
-9.07312e-05
1.99712e-05
-9.29471e-05
2.27227e-05
-9.54401e-05
2.58741e-05
-9.82451e-05
2.94945e-05
-0.000101396
3.36676e-05
-0.000104932
3.84935e-05
-0.000108892
-0.000113325
4.41046e-05
2.07671e-06
-7.16153e-05
1.53816e-06
-8.13761e-05
1.84719e-06
-7.83136e-05
2.37848e-06
-7.84621e-05
2.93085e-06
-7.88933e-05
3.52602e-06
-7.94277e-05
4.17599e-06
-8.00671e-05
4.88911e-06
-8.08208e-05
5.67584e-06
-8.16992e-05
6.54909e-06
-8.27133e-05
7.52412e-06
-8.38754e-05
8.61825e-06
-8.51997e-05
9.85158e-06
-8.67041e-05
1.1248e-05
-8.84123e-05
1.28353e-05
-9.03494e-05
1.46465e-05
-9.25423e-05
1.672e-05
-9.50206e-05
1.91016e-05
-9.78216e-05
2.18445e-05
-0.000100988
2.50133e-05
-0.000104565
2.86864e-05
-0.000108605
3.29606e-05
-0.000113166
-0.000118321
3.79566e-05
1.89242e-06
-7.35077e-05
1.23355e-06
-8.07172e-05
1.47154e-06
-7.85515e-05
1.87461e-06
-7.88651e-05
2.29783e-06
-7.93165e-05
2.75763e-06
-7.98875e-05
3.26329e-06
-8.05727e-05
3.82206e-06
-8.13796e-05
4.44248e-06
-8.23196e-05
5.13519e-06
-8.3406e-05
5.91322e-06
-8.46535e-05
6.79203e-06
-8.60786e-05
7.78963e-06
-8.77017e-05
8.92639e-06
-8.9549e-05
1.02261e-05
-9.1649e-05
1.1717e-05
-9.40331e-05
1.34333e-05
-9.67368e-05
1.54147e-05
-9.9803e-05
1.77077e-05
-0.000103281
2.03688e-05
-0.000107227
2.34669e-05
-0.000111703
2.70862e-05
-0.000116786
-0.000122557
3.13222e-05
1.5895e-06
-7.50972e-05
9.31157e-07
-8.00588e-05
1.1109e-06
-7.87312e-05
1.39249e-06
-7.91466e-05
1.696e-06
-7.962e-05
2.0294e-06
-8.02209e-05
2.39978e-06
-8.09431e-05
2.81339e-06
-8.17932e-05
3.27668e-06
-8.27829e-05
3.79756e-06
-8.39269e-05
4.38639e-06
-8.52424e-05
5.0562e-06
-8.67485e-05
5.82211e-06
-8.84676e-05
6.70064e-06
-9.04274e-05
7.71088e-06
-9.26591e-05
8.87572e-06
-9.51979e-05
1.02229e-05
-9.80839e-05
1.17845e-05
-0.000101365
1.35984e-05
-0.000105095
1.57098e-05
-0.000109338
1.81735e-05
-0.000114167
2.10565e-05
-0.000119669
-0.000125942
2.44416e-05
1.19361e-06
-7.62908e-05
6.56708e-07
-7.95218e-05
7.84492e-07
-7.8859e-05
9.60891e-07
-7.9323e-05
1.1619e-06
-7.9821e-05
1.38636e-06
-8.04454e-05
1.63832e-06
-8.11951e-05
1.92253e-06
-8.20774e-05
2.24384e-06
-8.31042e-05
2.60788e-06
-8.42911e-05
3.02173e-06
-8.56564e-05
3.49455e-06
-8.72214e-05
4.03762e-06
-8.90106e-05
4.66371e-06
-9.10534e-05
5.38714e-06
-9.33825e-05
6.22425e-06
-9.6035e-05
7.19462e-06
-9.90542e-05
8.32129e-06
-0.000102491
9.63127e-06
-0.000106405
1.11559e-05
-0.000110863
1.29321e-05
-0.000115943
1.50035e-05
-0.00012174
-0.000128369
1.74302e-05
7.77402e-07
-7.70681e-05
4.1689e-07
-7.91613e-05
4.96728e-07
-7.89388e-05
5.92266e-07
-7.94186e-05
7.11755e-07
-7.99405e-05
8.47683e-07
-8.05813e-05
1.00081e-06
-8.13482e-05
1.17381e-06
-8.22503e-05
1.36974e-06
-8.33002e-05
1.59207e-06
-8.45135e-05
1.84494e-06
-8.59094e-05
2.13363e-06
-8.751e-05
2.46487e-06
-8.93418e-05
2.84648e-06
-9.1435e-05
3.28714e-06
-9.38232e-05
3.79645e-06
-9.65443e-05
4.38559e-06
-9.96433e-05
5.06794e-06
-0.000103174
5.85874e-06
-0.000107196
6.77545e-06
-0.00011178
7.83816e-06
-0.000117006
9.06915e-06
-0.000122971
-0.000129786
1.04859e-05
3.37365e-07
1.58495e-07
1.92815e-07
2.286e-07
2.73942e-07
3.25947e-07
3.84038e-07
4.48718e-07
5.20918e-07
6.01988e-07
6.93618e-07
7.97639e-07
9.15934e-07
1.05066e-06
1.20462e-06
1.38131e-06
1.58456e-06
1.81835e-06
2.08695e-06
2.39561e-06
2.75076e-06
3.15926e-06
3.62564e-06
4.23997e-05
4.11126e-05
1.42759e-05
2.81238e-05
3.72976e-06
1.05461e-05
-1.71459e-05
2.08756e-05
0.000102278
4.82596e-05
8.2751e-05
4.76504e-05
5.04909e-05
4.28061e-05
3.6105e-05
-2.75994e-06
0.000124319
4.4097e-05
0.000123694
4.82752e-05
0.000115446
5.10544e-05
5.22707e-05
9.92802e-05
0.000132391
4.00654e-05
0.000137839
4.28275e-05
0.000142941
4.59521e-05
4.91519e-05
0.00014606
0.000142428
3.87727e-05
0.000145149
4.01072e-05
0.000149628
4.1473e-05
4.30883e-05
0.000155691
0.000147541
3.6838e-05
0.000149596
3.80519e-05
0.000152399
3.86699e-05
3.91191e-05
0.000156368
0.000148922
4.02319e-05
0.000147011
3.99626e-05
0.00014765
3.80306e-05
3.72814e-05
0.000149488
0.000164324
4.53447e-05
0.000158862
4.5424e-05
0.000153522
4.33713e-05
4.02505e-05
0.000150553
0.000130487
4.70357e-05
0.000127145
4.87662e-05
0.000122433
4.80833e-05
4.61022e-05
0.000116581
5.39889e-05
4.10168e-05
5.77635e-05
4.49916e-05
6.03342e-05
4.55126e-05
4.48423e-05
6.15941e-05
7.54708e-06
2.49037e-05
2.48413e-05
2.76973e-05
4.17443e-05
2.86094e-05
2.9662e-05
5.69246e-05
2.44354e-05
1.27553e-05
3.68054e-05
1.53274e-05
4.72821e-05
1.81327e-05
2.04206e-05
5.65234e-05
-1.06891e-05
4.15931e-06
-3.11191e-06
7.75015e-06
3.60094e-06
1.14198e-05
1.3861e-05
1.01606e-05
-1.81336e-05
7.31862e-07
-1.39548e-05
3.57129e-06
-8.48248e-06
5.94752e-06
7.77787e-06
-2.39925e-06
-7.3465e-06
-2.0536e-06
-3.70216e-06
-7.30553e-08
5.18223e-07
1.72716e-06
3.26599e-06
5.0302e-06
2.7161e-06
-4.72223e-06
5.78175e-06
-3.13866e-06
9.16261e-06
-1.65364e-06
-2.99751e-07
1.27284e-05
1.09277e-05
-7.05725e-06
1.35317e-05
-5.74262e-06
1.63511e-05
-4.47302e-06
-3.27287e-06
1.93243e-05
1.77981e-05
-9.22224e-06
2.01621e-05
-8.10653e-06
2.26948e-05
-7.00575e-06
-5.94418e-06
2.53662e-05
2.38371e-05
-1.13037e-05
2.60721e-05
-1.03415e-05
2.84422e-05
-9.37587e-06
-8.43208e-06
3.09302e-05
2.91521e-05
-1.33567e-05
3.13311e-05
-1.25205e-05
3.3625e-05
-1.16696e-05
-1.08301e-05
3.60231e-05
3.38841e-05
-1.54228e-05
3.60573e-05
-1.46937e-05
3.83297e-05
-1.3942e-05
-1.31923e-05
4.0692e-05
3.81133e-05
-1.75301e-05
4.03144e-05
-1.68948e-05
4.26037e-05
-1.62313e-05
-1.55562e-05
4.49677e-05
4.18934e-05
-1.96996e-05
4.41471e-05
-1.91485e-05
4.64805e-05
-1.85646e-05
-1.79498e-05
4.88741e-05
4.52498e-05
-2.19453e-05
4.75736e-05
-2.14723e-05
4.99701e-05
-2.09612e-05
-2.03986e-05
5.24188e-05
4.81818e-05
-2.42758e-05
5.05875e-05
-2.38781e-05
5.30624e-05
-2.34361e-05
-2.29274e-05
5.5591e-05
5.0669e-05
-2.66931e-05
5.31634e-05
-2.63727e-05
5.57297e-05
-2.60025e-05
-2.55597e-05
5.8362e-05
5.26943e-05
-2.91918e-05
5.52766e-05
-2.89551e-05
5.79421e-05
-2.8668e-05
-2.83127e-05
6.06951e-05
5.42902e-05
-3.17603e-05
5.6951e-05
-3.1616e-05
5.97115e-05
-3.14286e-05
-3.1188e-05
6.25867e-05
5.55763e-05
-3.43909e-05
5.8308e-05
-3.43478e-05
6.11563e-05
-3.42768e-05
-3.41766e-05
6.4145e-05
5.67102e-05
-3.70954e-05
5.9528e-05
-3.71656e-05
6.24805e-05
-3.72293e-05
-3.72922e-05
6.5596e-05
5.77191e-05
-3.9907e-05
6.06635e-05
-4.01101e-05
6.37644e-05
-4.03301e-05
-4.05766e-05
6.70488e-05
5.8331e-05
-4.28579e-05
6.14399e-05
-4.32189e-05
6.47272e-05
-4.36173e-05
-4.4061e-05
6.82116e-05
5.79923e-05
-4.59471e-05
6.12667e-05
-4.64933e-05
6.47392e-05
-4.70899e-05
-4.77382e-05
6.84164e-05
5.61162e-05
-4.91177e-05
5.94975e-05
-4.98745e-05
6.30961e-05
-5.06885e-05
-5.15521e-05
6.691e-05
5.24167e-05
-5.22598e-05
5.57884e-05
-5.32462e-05
5.93944e-05
-5.42944e-05
-5.53907e-05
6.3233e-05
4.70843e-05
-5.52394e-05
5.02972e-05
-5.6459e-05
5.37511e-05
-5.77482e-05
-5.90936e-05
5.7454e-05
4.06396e-05
-5.79222e-05
4.35364e-05
-5.93557e-05
4.666e-05
-6.08717e-05
-6.24651e-05
5.00315e-05
3.35892e-05
-6.01892e-05
3.60305e-05
-6.1797e-05
3.86587e-05
-6.34999e-05
-6.53053e-05
4.14989e-05
2.62212e-05
-6.19686e-05
2.81306e-05
-6.37063e-05
3.01741e-05
-6.55435e-05
-6.74965e-05
3.23654e-05
1.87132e-05
-6.32516e-05
2.00814e-05
-6.50746e-05
2.1539e-05
-6.70011e-05
-6.90476e-05
2.309e-05
1.12737e-05
-6.40393e-05
1.21001e-05
-6.5901e-05
1.29779e-05
-6.78788e-05
-6.99866e-05
1.39169e-05
3.88483e-06
4.15604e-06
4.44469e-06
4.75286e-06
-2.2301e-05
-2.63899e-05
-2.26426e-06
-0.000110218
-2.71999e-05
0.000137793
-5.68105e-05
9.80073e-05
-1.86806e-05
8.98705e-06
-6.52591e-05
0.0001315
-9.56252e-05
9.823e-05
-0.000106902
5.08126e-05
-8.28197e-05
-1.10174e-05
-9.6186e-05
3.3266e-05
-9.99513e-05
9.48776e-06
-9.01515e-05
-2.09109e-05
-8.59992e-05
-2.25179e-05
-7.59697e-05
-3.98055e-05
-6.25934e-05
-5.18224e-05
-4.93294e-05
-5.77946e-05
-3.33651e-05
-6.69225e-05
-1.50735e-05
-7.57239e-05
-6.40813e-05
-8.72576e-05
5.81078e-05
-0.000187428
-1.0048e-05
-0.000122551
7.29159e-05
-0.000129465
0.00010492
-6.19346e-05
-5.8543e-05
-8.5034e-05
0.000154599
-0.000139038
0.000152234
-0.000120416
3.21899e-05
-8.65728e-05
-4.48602e-05
-0.000124314
7.10072e-05
-0.000142124
2.72974e-05
-0.000106353
-5.66814e-05
-0.000106589
-2.22819e-05
-8.98041e-05
-5.65908e-05
-6.76554e-05
-7.39711e-05
-5.37207e-05
-7.17294e-05
-3.73322e-05
-8.33111e-05
-1.68374e-05
-9.62187e-05
-8.09187e-05
4.36423e-05
0.000113746
-6.46262e-05
9.82205e-05
-0.000111161
0.000119451
-0.000112455
0.000106214
-0.00022392
5.29224e-05
-0.000136568
6.72474e-05
-0.000104277
0.000119943
-0.000124335
5.22479e-05
-8.90131e-05
-8.01825e-05
-0.000131891
0.000113885
-0.000135292
3.06985e-05
-0.000117797
-7.41764e-05
-0.000146973
6.89464e-06
-0.000121806
-8.17578e-05
-8.40434e-05
-0.000111734
-5.98677e-05
-9.59052e-05
-4.22778e-05
-0.000100901
-1.91991e-05
-0.000119297
-0.000100118
0.000138461
0.000121345
0.000112336
0.000124346
0.000100639
0.000131148
8.70785e-05
0.000119775
3.43665e-05
0.000105634
-6.67906e-06
0.000108293
1.3882e-06
0.000111876
-2.86397e-05
8.22758e-05
-0.000160217
5.13945e-05
-0.000106946
6.06141e-05
-0.000109382
3.31347e-05
-9.3112e-05
-9.04469e-05
-0.000129892
4.36742e-05
-0.000155728
-5.59219e-05
-0.000130817
-0.000136645
-8.10175e-05
-0.000145705
-5.14696e-05
-0.000130449
-2.39662e-05
-0.000146801
-0.000124084
0.000169748
0.000107288
0.00018036
0.000113734
0.000192654
0.000118853
0.00019535
0.000117079
0.000187501
0.000113483
0.000183718
0.000112076
0.000185877
0.000109717
0.000168898
9.92544e-05
0.000125516
9.47765e-05
8.73039e-05
9.88263e-05
3.84986e-05
8.19401e-05
-0.000109022
5.70742e-05
-8.96668e-05
2.43185e-05
-0.000117352
-2.82363e-05
-0.000145802
-0.000108195
-0.000116296
-0.000175211
-7.27823e-05
-0.000173963
-4.01077e-05
-0.000179476
-0.000164192
0.000169427
9.42292e-05
0.00018506
9.81006e-05
0.000202249
0.000101664
0.000216563
0.000102766
0.000228401
0.000101645
0.000240129
0.000100348
0.00024984
0.000100006
0.000250147
9.89474e-05
0.000242791
0.000102132
0.000235198
0.000106419
0.000214182
0.000102956
0.000174416
9.68407e-05
0.00011674
8.19941e-05
4.53109e-05
4.3193e-05
-3.69118e-05
-2.59728e-05
-0.000101496
-0.000110627
-0.000104542
-0.000170917
-7.32534e-05
-0.000210764
-0.000237445
0.000158798
8.49188e-05
0.000172405
8.4494e-05
0.000187258
8.68109e-05
0.000201703
8.83209e-05
0.000215568
8.77798e-05
0.000229407
8.65094e-05
0.00024349
8.59232e-05
0.000255111
8.73265e-05
0.000264007
9.32361e-05
0.000269792
0.000100634
0.000267966
0.000104781
0.000257903
0.000106904
0.000233563
0.000106333
0.000181507
9.52498e-05
9.48145e-05
6.07192e-05
-9.93894e-06
-5.87327e-06
-9.2426e-05
-8.84299e-05
-9.61516e-05
-0.000207038
-0.000333597
0.000149214
8.62572e-05
0.000153555
8.01534e-05
0.000166696
7.36695e-05
0.000180714
7.43035e-05
0.000194027
7.44665e-05
0.000207447
7.30891e-05
0.000222663
7.07079e-05
0.000237999
7.19903e-05
0.000251641
7.95943e-05
0.000261911
9.03636e-05
0.000267
9.96923e-05
0.000267397
0.000106507
0.000257744
0.000115987
0.000232808
0.000120185
0.000182295
0.000111232
0.000102641
7.37816e-05
9.61241e-06
4.59823e-06
-9.40468e-05
-0.000103379
-0.000427644
0.000102536
0.000100302
8.92471e-05
9.34423e-05
8.82222e-05
7.46944e-05
0.000108151
5.43747e-05
0.000135657
4.69604e-05
0.000159732
4.90141e-05
0.000180222
5.0218e-05
0.000198761
5.34513e-05
0.000218358
5.99974e-05
0.000236061
7.2661e-05
0.000248975
8.67779e-05
0.00025249
0.000102993
0.000248767
0.00011971
0.000237226
0.000131725
0.000215658
0.000132801
0.000170982
0.000118457
9.97328e-05
7.58475e-05
2.73963e-05
-3.10426e-05
-0.000400248
6.52951e-05
9.66012e-05
8.53745e-05
7.33629e-05
0.000119121
4.09476e-05
0.000148578
2.49177e-05
0.00016281
3.27286e-05
0.000169654
4.21705e-05
0.000176559
4.33129e-05
0.000184143
4.58672e-05
0.000190937
5.32039e-05
0.00020183
6.17675e-05
0.000214905
7.37026e-05
0.000225107
9.27915e-05
0.000217699
0.000127118
0.000216135
0.00013329
0.000211308
0.000137627
0.000198752
0.000131014
0.000171898
0.000102701
0.000109927
3.09285e-05
-0.000290321
9.00774e-05
6.34484e-05
0.000119203
4.42374e-05
0.000127911
3.22392e-05
0.0001145
3.83294e-05
9.80395e-05
4.91889e-05
9.1027e-05
4.9183e-05
9.47868e-05
3.95532e-05
0.000107538
3.31163e-05
0.000124611
3.61309e-05
0.000139601
4.67772e-05
0.000151885
6.14184e-05
0.000170723
7.39535e-05
0.0001906
0.000107241
0.000174897
0.000148994
0.000180205
0.000132319
0.000184126
0.000127093
0.000177274
0.000109554
0.000151852
5.63503e-05
-0.000138469
7.41342e-05
4.58377e-05
7.76004e-05
4.07712e-05
6.60861e-05
4.37536e-05
5.38671e-05
5.05485e-05
4.98488e-05
5.32072e-05
5.10924e-05
4.79394e-05
5.36586e-05
3.69869e-05
5.97865e-05
2.69883e-05
7.21722e-05
2.37451e-05
8.63233e-05
3.26263e-05
9.54121e-05
5.233e-05
0.00010066
6.87057e-05
0.000117661
9.02398e-05
0.000134187
0.000132468
0.000120666
0.00014584
0.000144504
0.000103255
0.000149846
0.000104212
0.000131058
7.51375e-05
-7.41025e-06
2.13124e-05
3.4686e-05
2.55451e-05
3.65387e-05
2.83439e-05
4.09548e-05
3.37945e-05
4.50979e-05
4.15565e-05
4.54453e-05
4.82508e-05
4.12451e-05
5.1446e-05
3.37916e-05
5.2271e-05
2.61632e-05
5.41582e-05
2.18578e-05
6.04352e-05
2.63494e-05
6.72889e-05
4.54766e-05
6.1118e-05
7.48767e-05
4.88131e-05
0.000102545
5.50714e-05
0.00012621
6.62149e-05
0.000134696
9.92777e-05
7.01919e-05
0.000109324
9.41659e-05
9.45807e-05
8.98807e-05
8.71705e-05
9.46269e-06
2.28242e-05
1.85842e-05
2.74174e-05
2.73817e-05
3.21573e-05
3.63679e-05
3.61116e-05
4.44786e-05
3.73345e-05
5.08656e-05
3.48581e-05
5.51726e-05
2.94844e-05
5.72453e-05
2.40905e-05
5.71998e-05
2.19034e-05
5.74537e-05
2.60958e-05
6.0732e-05
4.21985e-05
5.94371e-05
7.61717e-05
4.06599e-05
0.000121322
2.17261e-05
0.000145144
4.57736e-05
0.000110649
6.3942e-05
5.20234e-05
7.00854e-05
8.80224e-05
6.02019e-05
9.97642e-05
0.000147372
1.5163e-05
1.26915e-05
2.41813e-05
1.83991e-05
3.25467e-05
2.37918e-05
4.02304e-05
2.84279e-05
4.71274e-05
3.04374e-05
5.34854e-05
2.85001e-05
5.93587e-05
2.36112e-05
6.40383e-05
1.94108e-05
6.60986e-05
1.98432e-05
6.5324e-05
2.68706e-05
6.49799e-05
4.25427e-05
6.84258e-05
7.27258e-05
6.52364e-05
0.000124511
4.83465e-05
0.000162033
4.77776e-05
0.000111217
4.13346e-05
5.84664e-05
3.91878e-05
9.01692e-05
3.22013e-05
0.000106751
0.000179574
2.11791e-05
4.24086e-06
2.92086e-05
1.03697e-05
3.66948e-05
1.63055e-05
4.36712e-05
2.14515e-05
5.04712e-05
2.36375e-05
5.76214e-05
2.13498e-05
6.51381e-05
1.60944e-05
7.2128e-05
1.2421e-05
7.70236e-05
1.49477e-05
7.84945e-05
2.53998e-05
7.69791e-05
4.40581e-05
7.75346e-05
7.21704e-05
8.18145e-05
0.000120231
7.28355e-05
0.000171012
4.66456e-05
0.000137407
2.42041e-05
8.0908e-05
1.77383e-05
9.6635e-05
1.23798e-05
0.000112109
0.000191954
2.66414e-05
-3.07627e-06
3.38985e-05
3.11257e-06
4.08596e-05
9.34453e-06
4.76433e-05
1.46679e-05
5.47958e-05
1.6485e-05
6.29563e-05
1.31892e-05
7.19941e-05
7.05658e-06
8.07392e-05
3.67593e-06
8.74594e-05
8.22767e-06
9.06122e-05
2.2247e-05
8.94024e-05
4.52678e-05
8.55598e-05
7.6013e-05
8.53957e-05
0.000120395
7.3237e-05
0.000183171
2.35594e-05
0.000187085
1.03047e-05
9.41628e-05
3.31549e-06
0.000103624
-4.62475e-06
0.000120049
0.000187329
3.19718e-05
-9.68192e-06
3.86872e-05
-3.60266e-06
4.53388e-05
2.69293e-06
5.21712e-05
7.83555e-06
5.97995e-05
8.85672e-06
6.88293e-05
4.15931e-06
7.88873e-05
-3.00137e-06
8.84395e-05
-5.87628e-06
9.57233e-05
9.43852e-07
9.92126e-05
1.87577e-05
9.8558e-05
4.59224e-05
9.31308e-05
8.14402e-05
8.76944e-05
0.000125832
7.61348e-05
0.000194731
4.22968e-05
0.000220923
-8.05148e-06
0.000144511
-1.10544e-05
0.000106627
-1.46921e-05
0.000123687
0.000172637
3.70822e-05
-1.58338e-05
4.34247e-05
-9.94501e-06
4.99615e-05
-3.8439e-06
5.69384e-05
8.58611e-07
6.50303e-05
7.64913e-07
7.47352e-05
-5.54557e-06
8.52711e-05
-1.35372e-05
9.46654e-05
-1.52707e-05
0.000101431
-5.82159e-06
0.000104786
1.54028e-05
0.000104638
4.607e-05
0.000100083
8.59952e-05
9.36129e-05
0.000132303
8.46338e-05
0.00020371
4.88746e-05
0.000256682
-5.16292e-06
0.000198548
-1.10293e-05
0.000112493
-1.77954e-05
0.000130453
0.000154841
4.19125e-05
-2.17231e-05
4.80434e-05
-1.60759e-05
5.45292e-05
-1.03297e-05
6.16606e-05
-6.2727e-06
7.00393e-05
-7.61372e-06
8.00306e-05
-1.55369e-05
9.05499e-05
-2.40567e-05
9.89669e-05
-2.36878e-05
0.000103906
-1.07603e-05
0.000106455
1.28537e-05
0.000106901
4.56237e-05
0.000103909
8.8988e-05
9.71409e-05
0.00013907
8.87602e-05
0.000212091
6.46135e-05
0.000280829
1.85306e-05
0.000244631
1.01418e-05
0.000120882
-8.00281e-06
0.000148598
0.000146838
4.64322e-05
-2.74633e-05
5.24733e-05
-2.21171e-05
5.90352e-05
-1.68916e-05
6.63218e-05
-1.35591e-05
7.4683e-05
-1.5975e-05
8.43332e-05
-2.51873e-05
9.40642e-05
-3.37879e-05
0.000100829
-3.04527e-05
0.000102796
-1.27268e-05
0.0001029
1.27502e-05
0.000103308
4.52155e-05
0.000101569
9.07265e-05
9.40244e-05
0.000146615
8.21153e-05
0.000224
5.8723e-05
0.000304221
3.02492e-05
0.000273105
3.13051e-05
0.000119826
-1.59393e-06
0.000181497
0.000145245
5.06729e-05
-3.31686e-05
5.67726e-05
-2.82167e-05
6.3462e-05
-2.3581e-05
7.08645e-05
-2.09616e-05
7.92095e-05
-2.43201e-05
8.82756e-05
-3.42536e-05
9.63753e-05
-4.18877e-05
0.000100474
-3.45514e-05
9.87732e-05
-1.10257e-05
9.48554e-05
1.66679e-05
9.31063e-05
4.69643e-05
9.08428e-05
9.29899e-05
8.10759e-05
0.000156382
6.2882e-05
0.000242194
3.85279e-05
0.000328575
1.78035e-05
0.00029383
2.38029e-05
0.000113827
3.4464e-06
0.000201853
0.000148691
5.46684e-05
-3.8963e-05
6.09557e-05
-3.4504e-05
6.77916e-05
-3.04169e-05
7.52374e-05
-2.84074e-05
8.36711e-05
-3.2754e-05
9.22361e-05
-4.28188e-05
9.80839e-05
-4.77355e-05
9.81416e-05
-3.46089e-05
9.13931e-05
-4.27721e-06
8.19122e-05
2.61486e-05
7.51615e-05
5.37149e-05
6.87298e-05
9.94216e-05
5.43864e-05
0.000170726
3.44853e-05
0.000262095
3.37876e-05
0.000329273
1.1829e-05
0.000315788
-2.23921e-06
0.000127895
5.50341e-05
0.00014458
0.000203725
5.83991e-05
-4.49433e-05
6.49595e-05
-4.10643e-05
7.20955e-05
-3.7553e-05
7.96603e-05
-3.59724e-05
8.81655e-05
-4.12593e-05
9.61506e-05
-5.08039e-05
9.94834e-05
-5.10682e-05
9.42969e-05
-2.94225e-05
8.11778e-05
8.84172e-06
6.43659e-05
4.29605e-05
4.89155e-05
6.91654e-05
3.50909e-05
0.000113246
1.74362e-05
0.00018838
7.50074e-06
0.00027203
2.4835e-05
0.000311938
1.19015e-05
0.000328722
4.53776e-05
9.44188e-05
8.0434e-05
0.000109524
0.000284159
6.18343e-05
-5.11867e-05
6.87847e-05
-4.80147e-05
7.64408e-05
-4.52092e-05
8.43656e-05
-4.38972e-05
9.31781e-05
-5.00719e-05
0.000100718
-5.8344e-05
0.000102029
-5.23787e-05
9.30543e-05
-2.04483e-05
7.3124e-05
2.8772e-05
4.72803e-05
6.88041e-05
2.33087e-05
9.3137e-05
6.88826e-06
0.000129666
6.65098e-08
0.000195202
2.11658e-05
0.000250931
7.0143e-05
0.000262961
0.000136183
0.000262682
0.000156784
7.38182e-05
0.000125684
0.000140623
0.000409843
6.49623e-05
-5.77871e-05
7.24704e-05
-5.55229e-05
8.07318e-05
-5.34707e-05
8.9276e-05
-5.24413e-05
9.90746e-05
-5.98705e-05
0.000107179
-6.64486e-05
0.000108022
-5.32212e-05
9.95427e-05
-1.19696e-05
7.7034e-05
5.12807e-05
4.54343e-05
0.000100404
2.51241e-05
0.000113447
2.58686e-05
0.000128922
4.89924e-05
0.000172078
0.000103153
0.00019677
0.000171485
0.000194629
0.00024362
0.000190548
0.000230173
8.72654e-05
0.00014249
0.000228306
0.000552332
6.7759e-05
-6.48509e-05
7.59344e-05
-6.36982e-05
8.48277e-05
-6.2364e-05
9.42941e-05
-6.19077e-05
0.000105719
-7.12958e-05
0.000116171
-7.69005e-05
0.000119768
-5.68182e-05
0.00011732
-9.52145e-06
0.000104744
6.38568e-05
8.20964e-05
0.000123051
8.75836e-05
0.00010796
0.000128273
8.82325e-05
0.000183443
0.000116908
0.000237899
0.000142314
0.000256654
0.000175874
0.000264699
0.000182502
0.000213877
0.000138088
0.000128102
0.000314081
0.000680435
7.01464e-05
-7.24106e-05
7.88904e-05
-7.24422e-05
8.85327e-05
-7.20062e-05
9.93746e-05
-7.27496e-05
0.000113073
-8.49948e-05
0.000127861
-9.16877e-05
0.000138281
-6.72387e-05
0.000148126
-1.93663e-05
0.000157541
5.44419e-05
0.000171934
0.000108658
0.000223818
5.60752e-05
0.000287509
2.45416e-05
0.000308448
9.59685e-05
0.000289336
0.000161426
0.00027336
0.00019185
0.000264327
0.000191535
0.000212119
0.000190296
0.000108694
0.000417505
0.000789129
7.2083e-05
-8.03486e-05
8.10309e-05
-8.13899e-05
9.1253e-05
-8.22283e-05
0.000103308
-8.48046e-05
0.000120147
-0.000101834
0.000142109
-0.000113649
0.000160074
-8.52046e-05
0.000182229
-4.15207e-05
0.000220329
1.63419e-05
0.000284404
4.45831e-05
0.000330158
1.0321e-05
0.000283412
7.12869e-05
0.000255495
0.000123886
0.000247816
0.000169104
0.000258026
0.00018164
0.000269852
0.00017971
0.000227623
0.000232525
7.18819e-05
0.000573246
0.000861011
7.37781e-05
-8.85306e-05
8.26108e-05
-9.02226e-05
9.27322e-05
-9.23497e-05
0.000104615
-9.66876e-05
0.00012339
-0.000120609
0.000152014
-0.000142273
0.000169006
-0.000102196
0.000184299
-5.68139e-05
0.000235016
-3.43754e-05
0.000287412
-7.81211e-06
0.000228405
6.9328e-05
0.000193609
0.000106083
0.000192895
0.0001246
0.000206821
0.000155178
0.000230576
0.000157885
0.000279505
0.000130781
0.000168533
0.000343497
-1.48999e-05
0.000756679
0.000846111
7.54934e-05
-9.69751e-05
8.43692e-05
-9.90984e-05
9.41928e-05
-0.000102173
0.000105208
-0.000107703
0.000121063
-0.000136464
0.000145969
-0.00016718
0.000159588
-0.000115815
0.000186267
-8.3493e-05
0.00022487
-7.29787e-05
0.000209546
7.51174e-06
0.000169627
0.000109247
0.000150325
0.000125385
0.000162297
0.000112628
0.000189911
0.000127564
0.000209972
0.000137824
0.000268642
7.21105e-05
-2.57157e-05
0.000637855
-0.000111332
0.000842295
0.000734779
7.70074e-05
-0.000105771
8.63156e-05
-0.000108407
9.6373e-05
-0.000112231
0.000107237
-0.000118567
0.000117748
-0.000146975
0.000132868
-0.000182299
0.000156638
-0.000139585
0.000206833
-0.000133687
0.000208115
-7.42609e-05
0.000178174
3.74528e-05
0.000176076
0.000111345
0.000163515
0.000137946
0.000163102
0.000113041
0.000174331
0.000116335
0.00021958
9.25751e-05
0.000231003
6.06879e-05
-0.000169422
0.00103828
-0.000128977
0.00080185
0.000605801
7.76301e-05
-0.000114985
8.76791e-05
-0.000118456
9.84634e-05
-0.000123015
0.000109312
-0.000129415
0.000116456
-0.000154119
0.000125355
-0.000191199
0.00016031
-0.00017454
0.000188814
-0.00016219
0.000219245
-0.000104692
0.000211689
4.50089e-05
0.000206358
0.000116675
0.000216732
0.000127572
0.000238956
9.08174e-05
0.000260503
9.47875e-05
0.000271139
8.19385e-05
5.34493e-05
0.000278378
-0.000185872
0.0012776
-0.00012034
0.000736318
0.000485461
7.65671e-05
-0.000124642
8.75157e-05
-0.000129404
9.94059e-05
-0.000134905
0.000111263
-0.000141273
0.000118649
-0.000161505
0.000125787
-0.000198337
0.000162799
-0.000211552
0.000211682
-0.000211073
0.000231327
-0.000124337
0.00020533
7.10066e-05
0.000177109
0.000144896
0.000191732
0.000112948
0.000229972
5.25773e-05
0.000238264
8.64957e-05
0.000161988
0.000158215
-2.36974e-05
0.000464063
-0.000137493
0.0013914
-0.000144688
0.000743512
0.000340773
7.31971e-05
-0.000134606
8.48767e-05
-0.000141084
9.80898e-05
-0.000148119
0.00011239
-0.000155573
0.000122206
-0.00017132
0.000129105
-0.000205236
0.000158096
-0.000240543
0.000204938
-0.000257916
0.00020046
-0.000119859
0.000172658
9.88085e-05
0.000144409
0.000173145
0.000155782
0.000101575
0.000191223
1.71366e-05
0.000183135
9.4583e-05
8.21988e-05
0.000259151
-8.14318e-06
0.000554404
-7.03513e-05
0.00145361
-0.000180657
0.000853818
0.000160116
6.72916e-05
-0.000144443
7.91356e-05
-0.000152928
9.32991e-05
-0.000162282
0.000110113
-0.000172388
0.000124204
-0.000185412
0.00013187
-0.000212901
0.000142644
-0.000251317
0.00014116
-0.000256432
0.000166745
-0.000145444
0.000152611
0.000112942
0.000127608
0.000198148
0.000117075
0.000112108
0.000157029
-2.28176e-05
0.000158085
9.35276e-05
8.93593e-05
0.000327877
3.87003e-05
0.000605063
3.56929e-05
0.00145661
-9.95859e-05
0.000989097
6.05298e-05
5.9087e-05
-0.000153499
7.02386e-05
-0.00016408
8.41712e-05
-0.000176215
0.00010211
-0.000190327
0.000121432
-0.000204734
0.000135843
-0.000227313
0.000147062
-0.000262535
0.000114755
-0.000224125
0.000159585
-0.000190273
0.000148073
0.000124454
0.000119355
0.000226865
9.09212e-05
0.000140543
0.000138264
-7.01606e-05
0.000155728
7.60636e-05
0.000128846
0.00035476
8.66778e-05
0.000647231
0.00011373
0.00142956
1.05298e-05
0.0010923
7.10595e-05
4.91427e-05
-0.000161143
5.85665e-05
-0.000173504
7.04854e-05
-0.000188134
8.65652e-05
-0.000206407
0.00010782
-0.000225988
0.000133427
-0.000252919
0.00016491
-0.000294019
0.000184842
-0.000244058
0.000174029
-0.00017946
0.000152043
0.00014644
0.000122215
0.000256693
7.62722e-05
0.000186485
0.000123858
-0.000117746
0.000151169
4.87527e-05
0.000151029
0.0003549
0.000109063
0.000689197
0.000134434
0.00140419
6.34228e-05
0.00116331
0.000134482
3.82394e-05
-0.000167017
4.52077e-05
-0.000180472
5.35651e-05
-0.000196491
6.3835e-05
-0.000216677
7.81945e-05
-0.000240348
0.000102026
-0.000276751
0.000133761
-0.000325754
0.000174476
-0.000284773
0.000150748
-0.000155731
0.000151078
0.00014611
0.000119845
0.000287926
6.69827e-05
0.000239348
0.000101264
-0.000152027
0.000133716
1.63e-05
0.00014161
0.000347006
9.63545e-05
0.000734453
0.000106188
0.00139436
6.1298e-05
0.0012082
0.00019578
2.71361e-05
-0.000171063
3.17149e-05
-0.000185051
3.66466e-05
-0.000201423
4.09369e-05
-0.000220967
4.42809e-05
-0.000243692
4.46008e-05
-0.000277071
3.71989e-05
-0.000318352
8.88278e-05
-0.000336402
9.59559e-05
-0.00016286
0.000139634
0.000102432
0.000119704
0.000307855
7.43618e-05
0.00028469
9.81725e-05
-0.000175838
9.16552e-05
2.28173e-05
9.64491e-05
0.000342212
5.022e-05
0.000780682
5.44175e-05
0.00139016
2.93879e-05
0.00123323
0.000225168
1.62243e-05
-0.000173371
1.88509e-05
-0.000187678
2.16107e-05
-0.000204183
2.37005e-05
-0.000223057
2.34134e-05
-0.000243405
1.10734e-05
-0.000264731
-3.1234e-05
-0.000276045
-6.80815e-05
-0.000299554
2.00402e-05
-0.000250981
0.000161441
-3.89691e-05
0.000104799
0.000364497
-1.30623e-05
0.000402552
-1.65723e-05
-0.000172328
1.20797e-05
-5.83452e-06
1.37866e-05
0.000340505
-2.14452e-05
0.000815914
2.87076e-06
0.00136584
3.77505e-06
0.00123232
0.000228943
5.50793e-06
6.37319e-06
7.31515e-06
8.27227e-06
9.42305e-06
1.17381e-05
1.78307e-05
4.90597e-05
0.000193116
0.000481362
9.62693e-05
-0.000286969
-0.000181608
-0.000115994
-9.08629e-05
-7.80165e-05
-3.19715e-05
-4.64456e-05
)
;

boundaryField
{
    leftWall
    {
        type            calculated;
        value           uniform 0;
    }
    rightWall
    {
        type            calculated;
        value           uniform 0;
    }
    lowerWall
    {
        type            calculated;
        value           uniform 0;
    }
    atmosphere
    {
        type            calculated;
        value           nonuniform List<scalar> 
46
(
-7.74054e-05
-7.89824e-05
-7.89731e-05
-7.94544e-05
-7.99859e-05
-8.06333e-05
-8.14062e-05
-8.2315e-05
-8.33725e-05
-8.45947e-05
-8.6001e-05
-8.7614e-05
-8.94601e-05
-9.15697e-05
-9.39771e-05
-9.67209e-05
-9.98465e-05
-0.000103407
-0.000107464
-0.000112088
-0.000117361
-0.000123379
-0.000130252
-6.42985e-05
-6.61721e-05
-6.81675e-05
-7.02949e-05
-0.000174126
-0.000188543
-0.000205125
-0.000224014
-0.000244556
-0.000267046
-0.000282137
-0.000330783
-0.000395038
-0.000327215
0.00074959
0.000785789
-0.000277689
-7.14485e-05
0.000315373
0.000803068
0.0013198
0.0012468
0.000182498
)
;
    }
    defaultFaces
    {
        type            empty;
        value           nonuniform List<scalar> 0();
    }
}


// ************************************************************************* //
