/*--------------------------------*- C++ -*----------------------------------*\
| =========                 |                                                 |
| \\      /  F ield         | OpenFOAM: The Open Source CFD Toolbox           |
|  \\    /   O peration     | Version:  2206                                  |
|   \\  /    A nd           | Website:  www.openfoam.com                      |
|    \\/     M anipulation  |                                                 |
\*---------------------------------------------------------------------------*/
FoamFile
{
    version     2.0;
    format      ascii;
    arch        "LSB;label=32;scalar=64";
    class       surfaceScalarField;
    location    "0.65";
    object      phi;
}
// * * * * * * * * * * * * * * * * * * * * * * * * * * * * * * * * * * * * * //

dimensions      [0 3 -1 0 0 0 0];

oriented        oriented;

internalField   nonuniform List<scalar> 
4432
(
-3.00579e-06
3.00579e-06
-2.5956e-06
-4.10184e-07
-1.46441e-06
-1.13118e-06
-1.30998e-06
-1.54428e-07
-2.12362e-06
8.13646e-07
-3.45415e-06
1.33053e-06
-4.84723e-06
1.39309e-06
-6.05962e-06
1.21238e-06
-7.01883e-06
9.5921e-07
-7.73716e-06
7.18327e-07
-8.25556e-06
5.18403e-07
-8.60737e-06
3.51807e-07
-8.80082e-06
1.93449e-07
-8.82175e-06
2.0921e-08
-8.63482e-06
-1.86932e-07
-8.17797e-06
-4.56861e-07
-7.33101e-06
-8.46959e-07
-5.86298e-06
-1.46804e-06
-3.17374e-06
-2.68924e-06
8.44434e-07
-4.01818e-06
7.56608e-06
-6.72165e-06
1.38932e-05
-6.32708e-06
1.38932e-05
-3.21951e-06
6.22529e-06
-3.07711e-06
-5.52593e-07
-2.4221e-06
-1.7862e-06
-2.6117e-06
3.51657e-08
-3.62412e-06
1.82606e-06
-4.98579e-06
2.69219e-06
-6.27495e-06
2.68224e-06
-7.27537e-06
2.2128e-06
-7.93623e-06
1.62007e-06
-8.27758e-06
1.05968e-06
-8.32617e-06
5.66996e-07
-8.10361e-06
1.29257e-07
-7.60324e-06
-3.06912e-07
-6.83063e-06
-7.5169e-07
-5.78417e-06
-1.23338e-06
-4.4368e-06
-1.80422e-06
-2.73639e-06
-2.54736e-06
-5.99951e-07
-3.60446e-06
1.62805e-06
-4.91723e-06
5.02941e-06
-7.41953e-06
7.76788e-06
-9.46011e-06
6.10189e-06
-4.66108e-06
1.9995e-05
-3.36183e-06
9.58713e-06
-3.93387e-06
1.94484e-08
-4.00608e-06
-1.71399e-06
-4.60266e-06
6.31756e-07
-5.71905e-06
2.94244e-06
-6.95877e-06
3.93191e-06
-8.05077e-06
3.77424e-06
-8.8842e-06
3.04623e-06
-9.4476e-06
2.18347e-06
-9.76656e-06
1.37864e-06
-9.86313e-06
6.6356e-07
-9.73908e-06
5.20609e-09
-9.42537e-06
-6.20628e-07
-8.92817e-06
-1.2489e-06
-8.27182e-06
-1.88974e-06
-7.49759e-06
-2.57846e-06
-6.67205e-06
-3.37291e-06
-5.97639e-06
-4.30012e-06
-5.41764e-06
-5.47599e-06
-5.5732e-06
-7.26398e-06
-6.6217e-06
-8.41161e-06
-7.8911e-06
-3.39169e-06
1.21039e-05
-3.64988e-06
1.3237e-05
-5.39677e-06
1.76634e-06
-6.45234e-06
-6.58417e-07
-7.54101e-06
1.72043e-06
-8.78467e-06
4.1861e-06
-9.92827e-06
5.07551e-06
-1.08388e-05
4.68477e-06
-1.14759e-05
3.68333e-06
-1.18475e-05
2.55507e-06
-1.19802e-05
1.51131e-06
-1.19143e-05
5.97695e-07
-1.16983e-05
-2.10789e-07
-1.13478e-05
-9.7111e-07
-1.0921e-05
-1.67569e-06
-1.04544e-05
-2.35632e-06
-9.99167e-06
-3.04121e-06
-9.62709e-06
-3.73749e-06
-9.52042e-06
-4.40679e-06
-1.00087e-05
-4.98768e-06
-1.16958e-05
-5.57688e-06
-1.37141e-05
-6.39333e-06
-1.13984e-05
-5.7074e-06
7.05528e-07
-5.29296e-06
1.853e-05
-8.43931e-06
4.91269e-06
-1.0023e-05
9.25244e-07
-1.13211e-05
3.01859e-06
-1.26105e-05
5.4755e-06
-1.35787e-05
6.04372e-06
-1.41962e-05
5.30226e-06
-1.45197e-05
4.00681e-06
-1.46163e-05
2.65169e-06
-1.45483e-05
1.44332e-06
-1.43344e-05
3.83781e-07
-1.39354e-05
-6.09857e-07
-1.33912e-05
-1.51532e-06
-1.27218e-05
-2.34509e-06
-1.19705e-05
-3.10762e-06
-1.11849e-05
-3.82681e-06
-1.04139e-05
-4.50848e-06
-9.68824e-06
-5.13242e-06
-9.04961e-06
-5.62631e-06
-8.67101e-06
-5.95548e-06
-8.38123e-06
-6.6831e-06
-5.94261e-06
-8.14602e-06
-5.23708e-06
-6.76368e-06
2.52937e-05
-1.20065e-05
1.01555e-05
-1.43288e-05
3.24753e-06
-1.56959e-05
4.38573e-06
-1.72488e-05
7.02843e-06
-1.85726e-05
7.36747e-06
-1.94798e-05
6.20946e-06
-1.99057e-05
4.43275e-06
-1.97785e-05
2.52443e-06
-1.91375e-05
8.02383e-07
-1.82276e-05
-5.26132e-07
-1.7297e-05
-1.54047e-06
-1.63234e-05
-2.48895e-06
-1.53543e-05
-3.31414e-06
-1.44387e-05
-4.02327e-06
-1.35182e-05
-4.74727e-06
-1.24755e-05
-5.55118e-06
-1.12766e-05
-6.33138e-06
-9.90965e-06
-6.99321e-06
-8.28851e-06
-7.57662e-06
-6.11137e-06
-8.86024e-06
-2.85403e-06
-1.14034e-05
-8.09111e-06
-5.08909e-06
3.03827e-05
-1.27747e-05
1.78411e-05
-1.72359e-05
7.70868e-06
-1.96803e-05
6.83014e-06
-2.1274e-05
8.62208e-06
-2.20956e-05
8.18916e-06
-2.23566e-05
6.47043e-06
-2.2258e-05
4.33411e-06
-2.19622e-05
2.22865e-06
-2.17164e-05
5.56553e-07
-2.15936e-05
-6.48916e-07
-2.1483e-05
-1.65111e-06
-2.13627e-05
-2.60923e-06
-2.11969e-05
-3.47993e-06
-2.09859e-05
-4.23428e-06
-2.05894e-05
-5.14375e-06
-1.98603e-05
-6.28023e-06
-1.87727e-05
-7.419e-06
-1.73099e-05
-8.45608e-06
-1.52754e-05
-9.61104e-06
-1.22502e-05
-1.18855e-05
-6.61681e-06
-1.70368e-05
-1.47079e-05
8.37429e-07
2.95453e-05
-4.25768e-06
2.29363e-05
-1.06416e-05
1.40926e-05
-1.56118e-05
1.18003e-05
-1.8235e-05
1.12453e-05
-2.01731e-05
1.01273e-05
-2.21012e-05
8.3985e-06
-2.37151e-05
5.94803e-06
-2.46067e-05
3.12022e-06
-2.46902e-05
6.40096e-07
-2.453e-05
-8.09102e-07
-2.43856e-05
-1.79549e-06
-2.40582e-05
-2.93664e-06
-2.30996e-05
-4.43854e-06
-2.10377e-05
-6.29623e-06
-1.80013e-05
-8.18007e-06
-1.45236e-05
-9.75793e-06
-1.09879e-05
-1.09547e-05
-7.85097e-06
-1.1593e-05
-6.3661e-06
-1.10959e-05
-7.51988e-06
-1.07317e-05
-9.51894e-06
-1.50377e-05
-2.42269e-05
-5.29666e-05
5.29666e-05
-0.000120969
6.80025e-05
-0.00017631
5.53411e-05
-0.000200668
2.43573e-05
-0.000141157
-5.95108e-05
-1.59728e-05
-0.000125184
0.000117433
-0.000133406
0.000165431
-4.79983e-05
0.000154732
1.06993e-05
0.000156996
-2.26449e-06
0.000180238
-2.32417e-05
0.00019149
-1.1252e-05
0.000200012
-8.52231e-06
0.000258026
-5.80137e-05
0.000340238
-8.2212e-05
0.000338676
1.56256e-06
0.000232798
0.000105877
8.02886e-05
0.00015251
8.02886e-05
-8.17823e-05
0.000134749
-0.000213609
0.00019983
-0.00025563
9.73616e-05
-0.000163345
-6.79277e-05
-3.79394e-06
-0.000219062
0.000130609
-0.000259587
0.00025293
-0.000255727
0.000308599
-0.000103667
0.000295247
2.40517e-05
0.000249443
4.35397e-05
0.000171101
5.51e-05
0.000102902
5.6947e-05
0.000105928
-1.15488e-05
0.000248595
-0.00020068
0.000414238
-0.000247855
0.000491542
-7.57413e-05
0.000384763
0.000212656
0.000195422
0.000341851
0.000275711
-6.39157e-05
0.000198665
-0.000154008
0.000289922
-4.94927e-05
-7.15405e-06
0.0001034
-0.000220821
0.000181269
-0.000296931
0.000229778
-0.000308096
0.000255914
-0.000281863
0.000224322
-7.20758e-05
0.000178241
7.01332e-05
8.46998e-05
0.000137081
-1.84212e-05
0.000158221
-3.42935e-05
7.28193e-05
9.44778e-05
-0.00014032
0.00026655
-0.000372753
0.000383025
-0.000364329
0.000432172
-0.000124889
0.000318321
0.000326507
0.000128477
0.000531694
0.000404188
-4.29781e-05
0.000241643
5.45332e-05
0.000192411
0.00016721
-0.000119831
0.000211558
-0.000265168
0.000224251
-0.000309624
0.000244991
-0.000328836
0.00024763
-0.000284502
0.00020408
-2.85254e-05
9.33714e-05
0.000180842
-5.8205e-05
0.000288657
-0.000196843
0.000296859
-3.65775e-05
-8.74462e-05
0.000177101
-0.000353998
0.000269267
-0.000464919
0.000353013
-0.000448076
0.000408744
-0.00018062
0.000266602
0.00046865
6.69463e-05
0.00073135
0.000471134
8.9174e-06
0.000232725
0.000162108
3.92207e-05
0.000217021
-0.000174744
0.000216404
-0.000264552
0.000217262
-0.000310481
0.000222442
-0.000334016
0.000190553
-0.000252613
0.000169059
-7.03128e-06
4.15176e-05
0.000308383
-0.000141244
0.000471419
-8.6203e-05
0.000241818
7.79938e-05
-0.000251643
0.000170333
-0.000446338
0.000211383
-0.000505969
0.000238244
-0.000474936
0.000304336
-0.000246712
0.000264394
0.000508592
6.20727e-05
0.000933671
0.000533207
2.73964e-05
0.000205329
0.000161309
-9.46919e-05
0.000194971
-0.000208406
0.00020231
-0.000271891
0.000202137
-0.000310308
0.000156632
-0.000288512
0.000166311
-0.000262291
0.000162444
-3.16481e-06
5.07162e-05
0.000420111
-7.53968e-05
0.000597532
2.00317e-05
0.00014639
9.61995e-05
-0.000327811
0.000116012
-0.00046615
0.000157032
-0.000546989
0.000200301
-0.000518205
0.000207279
-0.00025369
0.000211558
0.000504312
4.63891e-05
0.00109884
0.000579596
0.000150944
5.43846e-05
0.000170134
-0.000113882
0.000178943
-0.000217215
0.000189285
-0.000282232
0.000129018
-0.000250042
9.55222e-05
-0.000255016
9.41904e-05
-0.00026096
0.000107811
-1.67857e-05
8.29699e-05
0.000444953
3.20874e-05
0.000648414
9.7599e-05
8.08783e-05
6.59039e-05
-0.000296116
8.65618e-05
-0.000486808
0.000122358
-0.000582786
0.000162366
-0.000558213
0.000205967
-0.00029729
0.000158778
0.000551501
2.23798e-05
0.00123524
0.000601976
0.000106978
-5.25934e-05
0.000154606
-0.00016151
0.000190129
-0.000252738
0.000117787
-0.00020989
6.17778e-05
-0.000194033
9.73937e-06
-0.000202978
-1.99327e-05
-0.000231288
1.93662e-06
-3.8655e-05
4.07925e-05
0.000406097
0.00015536
0.000533846
0.000179185
5.70532e-05
0.000158346
-0.000275277
0.000182429
-0.000510891
0.000172234
-0.000572591
0.00016924
-0.000555218
0.000233658
-0.000361708
0.000165302
0.000619857
1.62244e-05
0.00138432
0.0006182
1.6834e-06
2.78619e-05
4.82012e-07
2.41376e-05
-4.15668e-06
1.87313e-05
-9.31378e-06
1.69574e-05
-1.4193e-05
1.61245e-05
-1.82482e-05
1.41825e-05
-2.151e-05
1.16603e-05
-2.36181e-05
8.05616e-06
-2.3477e-05
2.97912e-06
-1.87475e-05
-4.08949e-06
-1.16012e-05
-7.95539e-06
-4.46764e-06
-8.92902e-06
2.70773e-06
-1.0112e-05
1.09304e-05
-1.26613e-05
2.03889e-05
-1.57547e-05
3.01258e-05
-1.7917e-05
3.90182e-05
-1.86504e-05
4.62983e-05
-1.82348e-05
5.03238e-05
-1.56185e-05
4.47413e-05
-5.5134e-06
2.1533e-05
1.24765e-05
-9.09821e-06
1.55935e-05
-7.3093e-06
-2.60158e-05
-3.87075e-06
3.17327e-05
-9.19152e-06
2.94584e-05
-1.72303e-05
2.67701e-05
-2.33197e-05
2.30468e-05
-2.72429e-05
2.00477e-05
-2.70904e-05
1.403e-05
-2.31066e-05
7.67652e-06
-1.2898e-05
-2.1525e-06
1.86802e-05
-2.8599e-05
4.23142e-05
-2.77235e-05
5.09157e-05
-1.65569e-05
5.46362e-05
-1.26495e-05
5.75284e-05
-1.30042e-05
5.95398e-05
-1.46726e-05
6.0394e-05
-1.66088e-05
6.00242e-05
-1.75472e-05
5.83732e-05
-1.69993e-05
5.53066e-05
-1.51682e-05
5.14315e-05
-1.17434e-05
5.00418e-05
-4.12372e-06
5.07368e-05
1.17814e-05
4.2142e-05
2.41883e-05
3.27329e-05
2.0997e-06
-1.17014e-05
4.34341e-05
-1.70842e-05
3.48412e-05
-1.85044e-05
2.81902e-05
-1.52663e-05
1.98087e-05
-1.0567e-05
1.53485e-05
-2.40816e-05
2.75446e-05
-1.99128e-05
3.50761e-06
-4.9339e-06
-1.71314e-05
4.1099e-06
-3.76429e-05
1.61269e-05
-3.97406e-05
3.02524e-05
-3.06823e-05
4.15094e-05
-2.39065e-05
4.9035e-05
-2.05297e-05
5.28734e-05
-1.8511e-05
5.37498e-05
-1.74851e-05
5.2888e-05
-1.66853e-05
5.14634e-05
-1.55747e-05
5.025e-05
-1.39548e-05
5.01559e-05
-1.16493e-05
5.38561e-05
-7.82402e-06
6.73667e-05
-1.7294e-06
8.8489e-05
3.06586e-06
1.29006e-05
0.000108321
-1.77327e-05
6.11668e-05
-2.53019e-05
4.24104e-05
-2.66535e-05
2.95418e-05
-2.55222e-05
1.86774e-05
-2.19604e-05
1.17866e-05
1.11883e-06
4.4653e-06
2.37392e-05
-1.91129e-05
4.08636e-05
-3.42558e-05
4.52628e-05
-4.20421e-05
4.59896e-05
-4.04674e-05
4.90014e-05
-3.3694e-05
5.18204e-05
-2.67255e-05
5.32716e-05
-2.19808e-05
5.37113e-05
-1.89507e-05
5.34307e-05
-1.72045e-05
5.29974e-05
-1.6252e-05
5.30061e-05
-1.55833e-05
5.3867e-05
-1.48157e-05
5.58812e-05
-1.36636e-05
6.00087e-05
-1.19516e-05
6.80418e-05
-9.76258e-06
8.10108e-05
-9.9033e-06
-9.12213e-06
0.000103033
-1.00188e-05
7.11856e-05
-1.79246e-05
5.03162e-05
-1.56724e-05
2.72895e-05
-4.61903e-06
7.62401e-06
1.22949e-05
-5.12734e-06
3.45602e-05
-1.78e-05
4.58479e-05
-3.04007e-05
4.95594e-05
-3.79673e-05
4.76635e-05
-4.01463e-05
4.50277e-05
-3.78316e-05
4.40865e-05
-3.27529e-05
4.44544e-05
-2.70934e-05
4.51792e-05
-2.27055e-05
4.60903e-05
-1.98618e-05
4.71586e-05
-1.82727e-05
4.84662e-05
-1.75595e-05
5.01887e-05
-1.73058e-05
5.25643e-05
-1.71913e-05
5.59479e-05
-1.70473e-05
6.08911e-05
-1.6895e-05
6.80309e-05
-1.69024e-05
7.62082e-05
-1.80807e-05
-2.02058e-05
8.72918e-05
-6.36025e-07
7.18216e-05
-1.70491e-06
5.13851e-05
3.66535e-06
2.19193e-05
1.32203e-05
-1.931e-06
2.47616e-05
-1.66686e-05
3.43203e-05
-2.73588e-05
3.94898e-05
-3.55703e-05
4.14087e-05
-3.98863e-05
4.1299e-05
-4.00366e-05
4.05032e-05
-3.70358e-05
4.01465e-05
-3.23962e-05
4.06394e-05
-2.75864e-05
4.16886e-05
-2.37547e-05
4.31006e-05
-2.12737e-05
4.48299e-05
-2.00019e-05
4.6901e-05
-1.96305e-05
4.94109e-05
-1.98157e-05
5.24955e-05
-2.0276e-05
5.63045e-05
-2.08563e-05
6.09724e-05
-2.1563e-05
6.6629e-05
-2.25591e-05
7.28423e-05
-2.42941e-05
-2.69877e-05
7.96241e-05
6.39385e-06
6.54277e-05
7.81487e-06
4.99641e-05
1.15304e-05
1.82037e-05
1.54925e-05
-5.89308e-06
2.18055e-05
-2.29817e-05
2.91891e-05
-3.47423e-05
3.47965e-05
-4.11777e-05
3.76202e-05
-4.271e-05
3.81847e-05
-4.06012e-05
3.76537e-05
-3.65048e-05
3.71431e-05
-3.18856e-05
3.7326e-05
-2.77693e-05
3.83247e-05
-2.47533e-05
4.00348e-05
-2.29838e-05
4.23204e-05
-2.22875e-05
4.50609e-05
-2.2371e-05
4.81852e-05
-2.29398e-05
5.16793e-05
-2.37701e-05
5.55724e-05
-2.47494e-05
5.98981e-05
-2.58888e-05
6.46447e-05
-2.73057e-05
6.95723e-05
-2.92217e-05
-3.18095e-05
7.43941e-05
4.4763e-06
6.09514e-05
7.80359e-06
4.66368e-05
9.39608e-06
1.66113e-05
1.31415e-05
-9.63854e-06
2.01288e-05
-2.9969e-05
2.7222e-05
-4.18354e-05
3.19214e-05
-4.58772e-05
3.38257e-05
-4.46144e-05
3.38659e-05
-4.06414e-05
3.3283e-05
-3.5922e-05
3.30427e-05
-3.16453e-05
3.36494e-05
-2.8376e-05
3.51777e-05
-2.62816e-05
3.74724e-05
-2.52785e-05
4.03233e-05
-2.51383e-05
4.35457e-05
-2.55934e-05
4.70147e-05
-2.64088e-05
5.06676e-05
-2.7423e-05
5.44833e-05
-2.85651e-05
5.8446e-05
-2.98516e-05
6.25057e-05
-3.13655e-05
6.65159e-05
-3.32319e-05
-3.55474e-05
7.02538e-05
-3.28781e-07
6.12802e-05
1.68097e-06
4.46271e-05
4.68206e-06
1.36102e-05
1.1241e-05
-1.61974e-05
1.90232e-05
-3.77513e-05
2.51817e-05
-4.79939e-05
2.85737e-05
-4.92692e-05
2.96011e-05
-4.56419e-05
2.94184e-05
-4.04587e-05
2.91506e-05
-3.56542e-05
2.95169e-05
-3.20116e-05
3.07995e-05
-2.96585e-05
3.2957e-05
-2.84392e-05
3.57817e-05
-2.81032e-05
3.9031e-05
-2.83875e-05
4.25023e-05
-2.90646e-05
4.60614e-05
-2.99679e-05
4.9641e-05
-3.10026e-05
5.32176e-05
-3.21417e-05
5.67792e-05
-3.34131e-05
6.02923e-05
-3.48786e-05
6.36716e-05
-3.66113e-05
-3.8658e-05
6.67822e-05
-3.63998e-06
6.49202e-05
-2.61501e-06
4.36022e-05
2.44018e-06
8.55503e-06
1.0467e-05
-2.42242e-05
1.80364e-05
-4.53206e-05
2.30443e-05
-5.30019e-05
2.52552e-05
-5.148e-05
2.56548e-05
-4.60414e-05
2.55192e-05
-4.03231e-05
2.57852e-05
-3.59202e-05
2.68902e-05
-3.31167e-05
2.88837e-05
-3.16521e-05
3.15949e-05
-3.11504e-05
3.47736e-05
-3.12819e-05
3.81858e-05
-3.17996e-05
4.16601e-05
-3.25388e-05
4.50988e-05
-3.34066e-05
4.84633e-05
-3.4367e-05
5.17481e-05
-3.54264e-05
5.49518e-05
-3.66168e-05
5.8054e-05
-3.79808e-05
6.10005e-05
-3.95577e-05
-4.13644e-05
6.37069e-05
-3.35093e-06
6.82711e-05
-2.64367e-06
4.28949e-05
2.91079e-06
3.0006e-06
1.07504e-05
-3.20638e-05
1.73235e-05
-5.18937e-05
2.09978e-05
-5.66762e-05
2.21937e-05
-5.26759e-05
2.22712e-05
-4.6119e-05
2.24542e-05
-4.05061e-05
2.33894e-05
-3.68554e-05
2.52152e-05
-3.49425e-05
2.7783e-05
-3.422e-05
3.08406e-05
-3.4208e-05
3.41418e-05
-3.45832e-05
3.75015e-05
-3.51592e-05
4.08086e-05
-3.58459e-05
4.40157e-05
-3.66136e-05
4.71158e-05
-3.74671e-05
5.01174e-05
-3.84279e-05
5.30237e-05
-3.95231e-05
5.58199e-05
-4.07769e-05
5.8468e-05
-4.22058e-05
-4.38097e-05
6.09133e-05
-1.33772e-06
6.96089e-05
-4.13501e-07
4.19707e-05
4.73401e-06
-2.14689e-06
1.16534e-05
-3.89832e-05
1.68438e-05
-5.70841e-05
1.9199e-05
-5.90314e-05
1.96558e-05
-5.31327e-05
1.97133e-05
-4.61765e-05
2.03745e-05
-4.11674e-05
2.1953e-05
-3.84339e-05
2.43302e-05
-3.73198e-05
2.72317e-05
-3.71216e-05
3.03886e-05
-3.73649e-05
3.36038e-05
-3.77984e-05
3.67633e-05
-3.83186e-05
3.98199e-05
-3.89024e-05
4.27679e-05
-3.95616e-05
4.56189e-05
-4.03181e-05
4.83837e-05
-4.11927e-05
5.10619e-05
-4.22011e-05
5.36378e-05
-4.33528e-05
5.60821e-05
-4.46501e-05
-4.60858e-05
5.83582e-05
6.89282e-07
6.89196e-05
1.69895e-06
4.09611e-05
6.78485e-06
-7.23277e-06
1.26936e-05
-4.48919e-05
1.64881e-05
-6.08787e-05
1.77432e-05
-6.02865e-05
1.77819e-05
-5.31714e-05
1.80439e-05
-4.64385e-05
1.921e-05
-4.23335e-05
2.12822e-05
-4.05062e-05
2.39674e-05
-4.00051e-05
2.69495e-05
-4.01037e-05
3.00015e-05
-4.04169e-05
3.30007e-05
-4.07976e-05
3.59026e-05
-4.12204e-05
3.87062e-05
-4.1706e-05
4.14267e-05
-4.2282e-05
4.40773e-05
-4.29686e-05
4.66618e-05
-4.37771e-05
4.91729e-05
-4.47122e-05
5.15942e-05
-4.5774e-05
5.39029e-05
-4.69587e-05
-4.82578e-05
5.6075e-05
1.64374e-06
6.72759e-05
3.45673e-06
3.91481e-05
8.55694e-06
-1.2333e-05
1.35618e-05
-4.98967e-05
1.61811e-05
-6.3498e-05
1.66713e-05
-6.07766e-05
1.65944e-05
-5.30945e-05
1.71837e-05
-4.70278e-05
1.87746e-05
-4.39243e-05
2.11326e-05
-4.28643e-05
2.38878e-05
-4.27603e-05
2.67561e-05
-4.29719e-05
2.95863e-05
-4.32472e-05
3.23289e-05
-4.35402e-05
3.49876e-05
-4.3879e-05
3.75819e-05
-4.43002e-05
4.01271e-05
-4.48272e-05
4.26281e-05
-4.54695e-05
4.50795e-05
-4.62284e-05
4.74691e-05
-4.71018e-05
4.9781e-05
-4.80858e-05
5.19976e-05
-4.91753e-05
-5.03626e-05
5.41025e-05
1.68229e-06
6.55936e-05
4.64243e-06
3.6188e-05
9.86007e-06
-1.75506e-05
1.41491e-05
-5.41857e-05
1.59101e-05
-6.5259e-05
1.59782e-05
-6.08447e-05
1.60073e-05
-5.31236e-05
1.69459e-05
-4.79663e-05
1.88249e-05
-4.58033e-05
2.12715e-05
-4.53109e-05
2.39247e-05
-4.54135e-05
2.65768e-05
-4.56241e-05
2.91566e-05
-4.5827e-05
3.16665e-05
-4.605e-05
3.41302e-05
-4.63427e-05
3.65661e-05
-4.67361e-05
3.89796e-05
-4.72406e-05
4.13654e-05
-4.78552e-05
4.37122e-05
-4.85751e-05
4.60058e-05
-4.93953e-05
4.82315e-05
-5.03114e-05
5.03743e-05
-5.13181e-05
-5.24093e-05
5.2421e-05
1.54459e-06
6.4049e-05
5.4466e-06
3.2286e-05
1.07913e-05
-2.28954e-05
1.4538e-05
-5.79324e-05
1.57235e-05
-6.64445e-05
1.56278e-05
-6.0749e-05
1.58756e-05
-5.33713e-05
1.71107e-05
-4.92015e-05
1.91343e-05
-4.78269e-05
2.15252e-05
-4.77019e-05
2.39874e-05
-4.78757e-05
2.64014e-05
-4.80381e-05
2.87571e-05
-4.81828e-05
3.10809e-05
-4.83738e-05
3.33952e-05
-4.8657e-05
3.57075e-05
-4.90483e-05
3.80126e-05
-4.95457e-05
4.02994e-05
-5.01419e-05
4.2554e-05
-5.08297e-05
4.4762e-05
-5.16033e-05
4.69089e-05
-5.24582e-05
4.8979e-05
-5.33881e-05
-5.43896e-05
5.09594e-05
1.67257e-06
6.23764e-05
6.21312e-06
2.77454e-05
1.16028e-05
-2.8285e-05
1.49047e-05
-6.12343e-05
1.56896e-05
-6.72294e-05
1.55676e-05
-6.0627e-05
1.60491e-05
-5.38528e-05
1.74892e-05
-5.06415e-05
1.95361e-05
-4.98738e-05
2.17867e-05
-4.99525e-05
2.4033e-05
-5.0122e-05
2.62308e-05
-5.0236e-05
2.84044e-05
-5.03563e-05
3.05819e-05
-5.05513e-05
3.27749e-05
-5.08501e-05
3.49801e-05
-5.12535e-05
3.71867e-05
-5.17523e-05
3.93817e-05
-5.23368e-05
4.1551e-05
-5.29988e-05
4.36795e-05
-5.37318e-05
4.57514e-05
-5.453e-05
4.77477e-05
-5.53844e-05
-5.62967e-05
4.96549e-05
2.15904e-06
6.02174e-05
7.20519e-06
2.26992e-05
1.25494e-05
-3.36292e-05
1.54083e-05
-6.40932e-05
1.5849e-05
-6.76701e-05
1.57352e-05
-6.05132e-05
1.64048e-05
-5.45223e-05
1.79494e-05
-5.21861e-05
1.99295e-05
-5.18539e-05
2.19999e-05
-5.20229e-05
2.40394e-05
-5.21616e-05
2.60552e-05
-5.22518e-05
2.80815e-05
-5.23827e-05
3.01376e-05
-5.26074e-05
3.22238e-05
-5.29362e-05
3.43309e-05
-5.33606e-05
3.6447e-05
-5.38683e-05
3.85591e-05
-5.44489e-05
4.0653e-05
-5.50926e-05
4.27126e-05
-5.57914e-05
4.47202e-05
-5.65376e-05
4.66531e-05
-5.73172e-05
-5.81401e-05
4.84966e-05
2.92676e-06
5.72906e-05
8.53392e-06
1.70921e-05
1.37659e-05
-3.88613e-05
1.61107e-05
-6.64381e-05
1.61854e-05
-6.77449e-05
1.60606e-05
-6.03883e-05
1.68502e-05
-5.53118e-05
1.84085e-05
-5.37443e-05
2.02605e-05
-5.37059e-05
2.21386e-05
-5.3901e-05
2.39935e-05
-5.40165e-05
2.58578e-05
-5.41162e-05
2.77613e-05
-5.42862e-05
2.97114e-05
-5.45574e-05
3.17015e-05
-5.49263e-05
3.37209e-05
-5.538e-05
3.57582e-05
-5.59055e-05
3.78014e-05
-5.6492e-05
3.98356e-05
-5.71268e-05
4.18447e-05
-5.78004e-05
4.38101e-05
-5.85029e-05
4.57067e-05
-5.92138e-05
-5.99516e-05
4.75183e-05
3.82932e-06
5.34613e-05
1.01365e-05
1.07848e-05
1.52103e-05
-4.39351e-05
1.69487e-05
-6.81764e-05
1.66224e-05
-6.74186e-05
1.64642e-05
-6.02301e-05
1.73114e-05
-5.6159e-05
1.88121e-05
-5.5245e-05
2.05004e-05
-5.53943e-05
2.21921e-05
-5.55927e-05
2.38877e-05
-5.57121e-05
2.56256e-05
-5.58541e-05
2.74239e-05
-5.60845e-05
2.92807e-05
-5.64142e-05
3.11866e-05
-5.68322e-05
3.31317e-05
-5.7325e-05
3.51052e-05
-5.7879e-05
3.70962e-05
-5.84829e-05
3.90904e-05
-5.91209e-05
4.10737e-05
-5.97836e-05
4.30283e-05
-6.04575e-05
4.49305e-05
-6.1116e-05
-6.17824e-05
4.67613e-05
4.73731e-06
4.8724e-05
1.18404e-05
3.68166e-06
1.67069e-05
-4.88016e-05
1.77681e-05
-6.92376e-05
1.70479e-05
-6.66985e-05
1.68629e-05
-6.00451e-05
1.7724e-05
-5.70201e-05
1.91195e-05
-5.66405e-05
2.06323e-05
-5.69071e-05
2.21559e-05
-5.71163e-05
2.37181e-05
-5.72744e-05
2.53503e-05
-5.74863e-05
2.70581e-05
-5.77923e-05
2.88342e-05
-5.81903e-05
3.06687e-05
-5.86668e-05
3.25529e-05
-5.92091e-05
3.44773e-05
-5.98033e-05
3.64324e-05
-6.0438e-05
3.84069e-05
-6.10953e-05
4.03908e-05
-6.17675e-05
4.23702e-05
-6.24369e-05
4.43276e-05
-6.30733e-05
-6.36961e-05
4.62413e-05
5.55829e-06
4.31657e-05
1.34906e-05
-4.25069e-06
1.80328e-05
-5.33438e-05
1.83893e-05
-6.95941e-05
1.73501e-05
-6.56593e-05
1.71796e-05
-5.98746e-05
1.80312e-05
-5.78716e-05
1.92986e-05
-5.79079e-05
2.06447e-05
-5.82533e-05
2.20267e-05
-5.84983e-05
2.34806e-05
-5.87284e-05
2.50245e-05
-5.90302e-05
2.66547e-05
-5.94226e-05
2.83616e-05
-5.98971e-05
3.0136e-05
-6.04412e-05
3.19703e-05
-6.10435e-05
3.38573e-05
-6.16902e-05
3.57901e-05
-6.23707e-05
3.77626e-05
-6.30678e-05
3.97704e-05
-6.37753e-05
4.18062e-05
-6.44727e-05
4.38636e-05
-6.51306e-05
-6.57569e-05
4.59245e-05
6.35357e-06
3.68121e-05
1.48871e-05
-1.27842e-05
1.89731e-05
-5.74298e-05
1.86654e-05
-6.92865e-05
1.7448e-05
-6.44418e-05
1.73538e-05
-5.97804e-05
1.81872e-05
-5.87049e-05
1.93254e-05
-5.90461e-05
2.05292e-05
-5.94571e-05
2.17995e-05
-5.97686e-05
2.31674e-05
-6.00963e-05
2.46377e-05
-6.05005e-05
2.62012e-05
-6.09861e-05
2.78481e-05
-6.1544e-05
2.95708e-05
-6.21639e-05
3.13633e-05
-6.2836e-05
3.32213e-05
-6.35481e-05
3.51415e-05
-6.42909e-05
3.71245e-05
-6.50508e-05
3.91703e-05
-6.58212e-05
4.12814e-05
-6.65838e-05
4.34634e-05
-6.73127e-05
-6.80044e-05
4.5711e-05
7.11858e-06
2.96935e-05
1.59596e-05
-2.16253e-05
1.93952e-05
-6.08654e-05
1.85253e-05
-6.84167e-05
1.73053e-05
-6.32218e-05
1.73455e-05
-5.98206e-05
1.81598e-05
-5.95192e-05
1.91849e-05
-6.00713e-05
2.02792e-05
-6.05513e-05
2.14668e-05
-6.09562e-05
2.27672e-05
-6.13967e-05
2.41756e-05
-6.19089e-05
2.56812e-05
-6.24917e-05
2.72752e-05
-6.31381e-05
2.89522e-05
-6.38408e-05
3.07082e-05
-6.4592e-05
3.25428e-05
-6.53826e-05
3.44563e-05
-6.62044e-05
3.64551e-05
-6.70497e-05
3.85424e-05
-6.79086e-05
4.07297e-05
-6.87711e-05
4.30306e-05
-6.96135e-05
-7.04295e-05
4.54557e-05
7.87502e-06
2.18184e-05
1.6609e-05
-3.03593e-05
1.92299e-05
-6.34864e-05
1.7969e-05
-6.71558e-05
1.69223e-05
-6.21752e-05
1.71334e-05
-6.00317e-05
1.79323e-05
-6.03181e-05
1.88714e-05
-6.10104e-05
1.98905e-05
-6.15704e-05
2.102e-05
-6.20858e-05
2.22674e-05
-6.26441e-05
2.36233e-05
-6.32647e-05
2.50777e-05
-6.39461e-05
2.66242e-05
-6.46846e-05
2.82595e-05
-6.54761e-05
2.99827e-05
-6.63152e-05
3.17969e-05
-6.71967e-05
3.3706e-05
-6.81135e-05
3.572e-05
-6.90638e-05
3.78445e-05
-7.00331e-05
4.00965e-05
-7.1023e-05
4.24911e-05
-7.20082e-05
-7.2987e-05
4.50487e-05
8.52308e-06
1.32953e-05
1.67447e-05
-3.8581e-05
1.84817e-05
-6.52235e-05
1.70561e-05
-6.57302e-05
1.6323e-05
-6.14421e-05
1.67131e-05
-6.04217e-05
1.75036e-05
-6.11086e-05
1.8388e-05
-6.18948e-05
1.93623e-05
-6.25448e-05
2.04525e-05
-6.3176e-05
2.16576e-05
-6.38492e-05
2.2968e-05
-6.45751e-05
2.43763e-05
-6.53543e-05
2.58787e-05
-6.6187e-05
2.74748e-05
-6.70722e-05
2.91671e-05
-6.80074e-05
3.09612e-05
-6.89908e-05
3.28648e-05
-7.00171e-05
3.48892e-05
-7.10882e-05
3.7044e-05
-7.2188e-05
3.9348e-05
-7.33271e-05
4.18178e-05
-7.4478e-05
-7.56447e-05
4.44756e-05
8.92813e-06
4.36716e-06
1.63123e-05
-4.59652e-05
1.72267e-05
-6.61379e-05
1.58841e-05
-6.43877e-05
1.55424e-05
-6.11004e-05
1.60953e-05
-6.09745e-05
1.68869e-05
-6.19002e-05
1.77458e-05
-6.27538e-05
1.86981e-05
-6.3497e-05
1.97615e-05
-6.42393e-05
2.09316e-05
-6.50193e-05
2.22011e-05
-6.58446e-05
2.35661e-05
-6.67193e-05
2.5026e-05
-6.76468e-05
2.65833e-05
-6.86294e-05
2.82433e-05
-6.96673e-05
3.00141e-05
-7.07616e-05
3.19063e-05
-7.19095e-05
3.39327e-05
-7.31147e-05
3.61091e-05
-7.43645e-05
3.8456e-05
-7.56741e-05
4.0997e-05
-7.7019e-05
-7.8407e-05
4.37592e-05
9.01759e-06
-4.65046e-06
1.5343e-05
-5.22906e-05
1.56085e-05
-6.64034e-05
1.4563e-05
-6.33422e-05
1.46195e-05
-6.1157e-05
1.53038e-05
-6.16589e-05
1.61066e-05
-6.2703e-05
1.69621e-05
-6.36092e-05
1.7906e-05
-6.4441e-05
1.89492e-05
-6.52824e-05
2.00877e-05
-6.61577e-05
2.13182e-05
-6.7075e-05
2.26403e-05
-6.80413e-05
2.40565e-05
-6.9063e-05
2.55718e-05
-7.01446e-05
2.7194e-05
-7.12894e-05
2.89327e-05
-7.25003e-05
3.08014e-05
-7.37782e-05
3.28149e-05
-7.51282e-05
3.49961e-05
-7.65457e-05
3.737e-05
-7.8048e-05
3.99704e-05
-7.96195e-05
-8.1275e-05
4.28384e-05
8.78788e-06
-1.34384e-05
1.39552e-05
-5.7458e-05
1.38092e-05
-6.62575e-05
1.31911e-05
-6.2724e-05
1.35926e-05
-6.15585e-05
1.43726e-05
-6.24388e-05
1.51936e-05
-6.3524e-05
1.60574e-05
-6.4473e-05
1.69978e-05
-6.53813e-05
1.80218e-05
-6.63065e-05
1.91287e-05
-6.72646e-05
2.03191e-05
-6.82653e-05
2.15957e-05
-6.93179e-05
2.29637e-05
-7.04309e-05
2.44297e-05
-7.16106e-05
2.60029e-05
-7.28626e-05
2.76942e-05
-7.41916e-05
2.95188e-05
-7.56028e-05
3.14942e-05
-7.71038e-05
3.36483e-05
-7.86999e-05
3.60109e-05
-8.04106e-05
3.86232e-05
-8.22317e-05
-8.41917e-05
4.15399e-05
8.29292e-06
-2.17313e-05
1.23179e-05
-6.1483e-05
1.19985e-05
-6.5938e-05
1.18384e-05
-6.25639e-05
1.24977e-05
-6.22179e-05
1.33396e-05
-6.32806e-05
1.41799e-05
-6.43644e-05
1.50534e-05
-6.53465e-05
1.59877e-05
-6.63156e-05
1.69894e-05
-6.73081e-05
1.80612e-05
-6.83363e-05
1.92073e-05
-6.94112e-05
2.04328e-05
-7.05434e-05
2.17443e-05
-7.17423e-05
2.31493e-05
-7.30156e-05
2.46572e-05
-7.43705e-05
2.62794e-05
-7.58138e-05
2.80312e-05
-7.73547e-05
2.99321e-05
-7.90046e-05
3.20101e-05
-8.07779e-05
3.42958e-05
-8.26964e-05
3.68313e-05
-8.47673e-05
-8.70318e-05
3.96715e-05
7.62527e-06
-2.93565e-05
1.06022e-05
-6.44599e-05
1.02978e-05
-6.56335e-05
1.05434e-05
-6.28096e-05
1.13673e-05
-6.30417e-05
1.2242e-05
-6.41554e-05
1.30954e-05
-6.52179e-05
1.39715e-05
-6.62226e-05
1.4892e-05
-6.7236e-05
1.58645e-05
-6.82805e-05
1.6895e-05
-6.93668e-05
1.79899e-05
-7.05061e-05
1.91559e-05
-7.17094e-05
2.03997e-05
-7.29861e-05
2.17286e-05
-7.43446e-05
2.31513e-05
-7.57932e-05
2.46784e-05
-7.73409e-05
2.63241e-05
-7.90004e-05
2.81061e-05
-8.07866e-05
3.00481e-05
-8.272e-05
3.2175e-05
-8.48233e-05
3.45227e-05
-8.7115e-05
-8.96379e-05
3.71287e-05
6.85541e-06
-3.62119e-05
8.94035e-06
-6.65448e-05
8.77099e-06
-6.54641e-05
9.3226e-06
-6.33611e-05
1.02291e-05
-6.39482e-05
1.11118e-05
-6.50381e-05
1.1966e-05
-6.6072e-05
1.2832e-05
-6.70886e-05
1.37276e-05
-6.81316e-05
1.46618e-05
-6.92147e-05
1.56427e-05
-7.03477e-05
1.66778e-05
-7.15412e-05
1.77738e-05
-7.28053e-05
1.89368e-05
-7.4149e-05
2.01732e-05
-7.5581e-05
2.149e-05
-7.711e-05
2.28962e-05
-7.8747e-05
2.44022e-05
-8.05064e-05
2.60214e-05
-8.24058e-05
2.77689e-05
-8.44676e-05
2.9659e-05
-8.67135e-05
3.1715e-05
-8.91711e-05
-9.18725e-05
3.39496e-05
6.04059e-06
-4.22525e-05
7.41541e-06
-6.79195e-05
7.43524e-06
-6.54839e-05
8.18026e-06
-6.41061e-05
9.10578e-06
-6.48737e-05
9.9743e-06
-6.59065e-05
1.08126e-05
-6.69102e-05
1.16533e-05
-6.79293e-05
1.25114e-05
-6.89897e-05
1.3397e-05
-7.01003e-05
1.43188e-05
-7.12695e-05
1.52841e-05
-7.25065e-05
1.62989e-05
-7.382e-05
1.73682e-05
-7.52183e-05
1.84969e-05
-7.67095e-05
1.96899e-05
-7.83029e-05
2.09531e-05
-8.00101e-05
2.22924e-05
-8.18458e-05
2.37143e-05
-8.38277e-05
2.52235e-05
-8.59769e-05
2.68231e-05
-8.83131e-05
2.85187e-05
-9.08667e-05
-9.36574e-05
3.03036e-05
5.24137e-06
-4.74938e-05
6.07016e-06
-6.87482e-05
6.27881e-06
-6.56925e-05
7.11525e-06
-6.49425e-05
8.01369e-06
-6.57721e-05
8.84737e-06
-6.67402e-05
9.65158e-06
-6.77144e-05
1.0451e-05
-6.87288e-05
1.12587e-05
-6.97974e-05
1.20847e-05
-7.09263e-05
1.29372e-05
-7.2122e-05
1.38226e-05
-7.33919e-05
1.47459e-05
-7.47432e-05
1.57105e-05
-7.61829e-05
1.67198e-05
-7.77187e-05
1.77762e-05
-7.93594e-05
1.88822e-05
-8.11161e-05
2.00386e-05
-8.30023e-05
2.12447e-05
-8.50339e-05
2.2496e-05
-8.72282e-05
2.37854e-05
-8.96024e-05
2.51016e-05
-9.21829e-05
-9.49829e-05
2.64272e-05
4.49076e-06
-5.19845e-05
4.91484e-06
-6.91722e-05
5.27429e-06
-6.60519e-05
6.12276e-06
-6.57909e-05
6.96226e-06
-6.66115e-05
7.74193e-06
-6.75198e-05
8.49403e-06
-6.84665e-05
9.23669e-06
-6.94714e-05
9.98116e-06
-7.05419e-05
1.07365e-05
-7.16816e-05
1.15097e-05
-7.28952e-05
1.23061e-05
-7.41882e-05
1.31292e-05
-7.55662e-05
1.39815e-05
-7.70351e-05
1.48643e-05
-7.86015e-05
1.57781e-05
-8.02732e-05
1.67218e-05
-8.20598e-05
1.76918e-05
-8.39725e-05
1.86817e-05
-8.60238e-05
1.96802e-05
-8.82267e-05
2.06726e-05
-9.05948e-05
2.1636e-05
-9.31464e-05
-9.58931e-05
2.25462e-05
3.80603e-06
-5.57905e-05
3.95038e-06
-6.93164e-05
4.39577e-06
-6.64972e-05
5.19579e-06
-6.65909e-05
5.95393e-06
-6.73697e-05
6.66214e-06
-6.8228e-05
7.34538e-06
-6.91498e-05
8.01684e-06
-7.01429e-05
8.68582e-06
-7.12109e-05
9.35987e-06
-7.23556e-05
1.00447e-05
-7.35799e-05
1.07444e-05
-7.48877e-05
1.14613e-05
-7.62831e-05
1.21969e-05
-7.77706e-05
1.29511e-05
-7.93557e-05
1.37224e-05
-8.10445e-05
1.45072e-05
-8.28446e-05
1.52988e-05
-8.47641e-05
1.60869e-05
-8.6812e-05
1.68567e-05
-8.89965e-05
1.75886e-05
-9.13267e-05
1.82543e-05
-9.38122e-05
-9.64621e-05
1.88233e-05
3.18922e-06
-5.89796e-05
3.14203e-06
-6.92692e-05
3.61384e-06
-6.6969e-05
4.32363e-06
-6.73007e-05
4.9843e-06
-6.80303e-05
5.60576e-06
-6.88495e-05
6.20534e-06
-6.97493e-05
6.79264e-06
-7.07302e-05
7.37497e-06
-7.17932e-05
7.95829e-06
-7.29389e-05
8.54705e-06
-7.41686e-05
9.14422e-06
-7.54848e-05
9.75144e-06
-7.68902e-05
1.03691e-05
-7.83883e-05
1.09962e-05
-7.99828e-05
1.16299e-05
-8.16783e-05
1.22652e-05
-8.34799e-05
1.28937e-05
-8.53927e-05
1.35036e-05
-8.7422e-05
1.40789e-05
-8.95717e-05
1.45977e-05
-9.18456e-05
1.50311e-05
-9.42456e-05
-9.67746e-05
1.53437e-05
2.62829e-06
-6.16079e-05
2.45077e-06
-6.90917e-05
2.89976e-06
-6.7418e-05
3.49308e-06
-6.7894e-05
4.04442e-06
-6.85817e-05
4.56622e-06
-6.93713e-05
5.06973e-06
-7.02528e-05
5.56192e-06
-7.12224e-05
6.04824e-06
-7.22795e-05
6.53316e-06
-7.34237e-05
7.02002e-06
-7.46554e-05
7.51094e-06
-7.59756e-05
8.00686e-06
-7.7386e-05
8.50756e-06
-7.88889e-05
9.01145e-06
-8.04867e-05
9.51517e-06
-8.21821e-05
1.00132e-05
-8.3978e-05
1.04972e-05
-8.58768e-05
1.09555e-05
-8.78803e-05
1.13723e-05
-8.99886e-05
1.17266e-05
-9.21999e-05
1.1991e-05
-9.451e-05
-9.69131e-05
1.21295e-05
2.09539e-06
-6.37033e-05
1.84268e-06
-6.8839e-05
2.2312e-06
-6.78065e-05
2.69259e-06
-6.83554e-05
3.12552e-06
-6.90146e-05
3.53758e-06
-6.97833e-05
3.93559e-06
-7.06508e-05
4.32443e-06
-7.16112e-05
4.70787e-06
-7.26629e-05
5.08902e-06
-7.38048e-05
5.47023e-06
-7.50364e-05
5.85289e-06
-7.63581e-05
6.23748e-06
-7.77706e-05
6.62347e-06
-7.92749e-05
7.00911e-06
-8.08724e-05
7.39123e-06
-8.25643e-05
7.76476e-06
-8.43516e-05
8.1223e-06
-8.62344e-05
8.45359e-06
-8.82116e-05
8.74474e-06
-9.02797e-05
8.97736e-06
-9.24325e-05
9.1277e-06
-9.46604e-05
-9.69493e-05
9.16392e-06
1.56106e-06
-6.52643e-05
1.29594e-06
-6.85738e-05
1.59232e-06
-6.81029e-05
1.91396e-06
-6.86771e-05
2.22233e-06
-6.93229e-05
2.5184e-06
-7.00793e-05
2.80514e-06
-7.09375e-05
3.08552e-06
-7.18915e-05
3.36179e-06
-7.29391e-05
3.63589e-06
-7.40788e-05
3.9093e-06
-7.53098e-05
4.18289e-06
-7.66316e-05
4.45687e-06
-7.80445e-05
4.73071e-06
-7.95488e-05
5.00297e-06
-8.11447e-05
5.27107e-06
-8.28325e-05
5.53103e-06
-8.46116e-05
5.77708e-06
-8.64804e-05
6.00119e-06
-8.84357e-05
6.1926e-06
-9.04711e-05
6.33722e-06
-9.25772e-05
6.41691e-06
-9.47401e-05
-9.69402e-05
6.40777e-06
1.01571e-06
-6.628e-05
7.8541e-07
-6.83435e-05
9.65408e-07
-6.82829e-05
1.14781e-06
-6.88595e-05
1.33066e-06
-6.95058e-05
1.50862e-06
-7.02572e-05
1.6815e-06
-7.11103e-05
1.8507e-06
-7.20606e-05
2.01735e-06
-7.31057e-05
2.18247e-06
-7.42439e-05
2.34686e-06
-7.54742e-05
2.51101e-06
-7.67958e-05
2.67505e-06
-7.82087e-05
2.83867e-06
-7.97124e-05
3.00095e-06
-8.1307e-05
3.16027e-06
-8.29917e-05
3.31408e-06
-8.47653e-05
3.45867e-06
-8.6625e-05
3.58893e-06
-8.85659e-05
3.6981e-06
-9.05803e-05
3.77749e-06
-9.26567e-05
3.81612e-06
-9.47788e-05
-9.69241e-05
3.80002e-06
4.22365e-07
2.651e-07
3.2585e-07
3.84354e-07
4.44153e-07
5.0343e-07
5.61262e-07
6.17848e-07
6.73517e-07
7.28572e-07
7.83265e-07
8.37778e-07
8.92188e-07
9.46399e-07
1.0001e-06
1.05272e-06
1.10341e-06
1.15085e-06
1.19324e-06
1.22825e-06
1.25299e-06
1.26376e-06
1.2559e-06
-7.38862e-06
-1.86271e-05
1.112e-05
-1.85086e-05
3.0009e-05
-1.8889e-05
-2.3397e-05
5.3406e-05
1.39387e-05
-3.04662e-05
3.94986e-05
-4.40685e-05
6.64859e-05
-4.58763e-05
-5.21077e-05
9.51967e-05
9.94712e-05
-2.16162e-05
0.00010306
-4.76571e-05
0.000109795
-5.26114e-05
-5.65027e-05
0.00011419
0.000107291
-2.58736e-05
0.000103313
-4.36789e-05
0.000101608
-5.09073e-05
-5.59542e-05
0.00010106
9.26006e-05
-3.11824e-05
9.18489e-05
-4.29273e-05
9.21269e-05
-5.11853e-05
-5.6733e-05
9.29056e-05
8.50159e-05
-3.65742e-05
8.6547e-05
-4.44584e-05
8.68161e-05
-5.14545e-05
-5.68406e-05
8.69237e-05
7.87093e-05
-4.08894e-05
8.07955e-05
-4.65447e-05
8.14856e-05
-5.21447e-05
-5.69626e-05
8.16075e-05
7.37614e-05
-4.43971e-05
7.59735e-05
-4.87569e-05
7.70554e-05
-5.32267e-05
-5.73255e-05
7.74183e-05
6.97905e-05
-4.74055e-05
7.19522e-05
-5.09186e-05
7.32629e-05
-5.45375e-05
-5.79552e-05
7.38925e-05
6.63856e-05
-5.00843e-05
6.84741e-05
-5.30073e-05
6.99434e-05
-5.60069e-05
-5.88605e-05
7.08487e-05
6.33913e-05
-5.25623e-05
6.54418e-05
-5.50579e-05
6.70363e-05
-5.76014e-05
-6.00094e-05
6.81851e-05
6.07183e-05
-5.49225e-05
6.27684e-05
-5.7108e-05
6.44827e-05
-5.93157e-05
-6.13993e-05
6.58726e-05
5.83779e-05
-5.72254e-05
6.04586e-05
-5.91887e-05
6.22877e-05
-6.11449e-05
-6.30359e-05
6.39244e-05
5.6375e-05
-5.94978e-05
5.84841e-05
-6.12978e-05
6.04e-05
-6.30609e-05
-6.49114e-05
6.22755e-05
5.46551e-05
-6.17319e-05
5.67546e-05
-6.33973e-05
5.87045e-05
-6.50108e-05
-6.69626e-05
6.07557e-05
5.31258e-05
-6.38983e-05
5.51585e-05
-6.543e-05
5.70732e-05
-6.69256e-05
-6.90297e-05
5.91403e-05
5.17273e-05
-6.59707e-05
5.36451e-05
-6.73478e-05
5.54436e-05
-6.87241e-05
-7.08616e-05
5.72755e-05
5.04742e-05
-6.79483e-05
5.22605e-05
-6.9134e-05
5.38579e-05
-7.03215e-05
-7.22238e-05
5.52201e-05
4.94371e-05
-6.98672e-05
5.11198e-05
-7.08167e-05
5.2472e-05
-7.16737e-05
-7.30896e-05
5.33377e-05
4.86946e-05
-7.18005e-05
5.0361e-05
-7.24831e-05
5.15601e-05
-7.28727e-05
-7.37701e-05
5.22407e-05
4.82981e-05
-7.38573e-05
5.01211e-05
-7.4306e-05
5.14995e-05
-7.42511e-05
-7.48221e-05
5.25515e-05
4.82372e-05
-7.61701e-05
5.04811e-05
-7.65498e-05
5.25939e-05
-7.63639e-05
-7.67616e-05
5.45336e-05
4.83793e-05
-7.88384e-05
5.12923e-05
-7.94628e-05
5.45769e-05
-7.96485e-05
-7.97577e-05
5.75731e-05
4.84647e-05
-8.18473e-05
5.20479e-05
-8.3046e-05
5.62242e-05
-8.38248e-05
-8.32556e-05
5.97221e-05
4.82774e-05
-8.5076e-05
5.22118e-05
-8.69803e-05
5.62407e-05
-8.78537e-05
-8.6027e-05
5.90122e-05
4.78286e-05
-8.84291e-05
5.17782e-05
-9.09298e-05
5.50285e-05
-9.1104e-05
-8.7231e-05
5.62325e-05
4.72483e-05
-9.19182e-05
5.11636e-05
-9.4845e-05
5.43758e-05
-9.43161e-05
-8.83443e-05
5.54891e-05
4.64968e-05
-9.55766e-05
5.05021e-05
-9.88503e-05
5.47982e-05
-9.86121e-05
-9.22991e-05
5.87529e-05
4.53024e-05
-9.93391e-05
4.93973e-05
-0.000102945
5.48423e-05
-0.000104057
-9.97792e-05
6.23224e-05
4.33642e-05
-0.000103032
4.73833e-05
-0.000106964
5.31773e-05
-0.000109851
-0.00010869
6.20878e-05
4.05218e-05
-0.000106425
4.42079e-05
-0.00011065
4.93808e-05
-0.000115024
-0.000116836
5.75277e-05
3.68241e-05
-0.000109299
3.9908e-05
-0.000113734
4.384e-05
-0.000118956
-0.000122933
4.99363e-05
3.25189e-05
-0.000111515
3.48216e-05
-0.000116037
3.7367e-05
-0.000121501
-0.000126697
4.11314e-05
2.79607e-05
-0.000113048
2.94494e-05
-0.000117526
3.0782e-05
-0.000122834
-0.00012845
3.25349e-05
2.34787e-05
-0.000113981
2.42455e-05
-0.000118293
2.46455e-05
-0.000123234
-0.00012868
2.4876e-05
1.92887e-05
-0.000114446
1.9492e-05
-0.000118496
1.92292e-05
-0.000122971
-0.000127872
1.84213e-05
1.5483e-05
-0.000114585
1.53026e-05
-0.000118316
1.46205e-05
-0.000122289
-0.000126484
1.32326e-05
1.20698e-05
-0.000114526
1.16819e-05
-0.000117928
1.08104e-05
-0.000121418
-0.000124922
9.24834e-06
9.0128e-06
-0.000114375
8.57154e-06
-0.000117486
7.71729e-06
-0.000120563
-0.000123494
6.28936e-06
6.24937e-06
-0.000114217
5.87117e-06
-0.000117108
5.18761e-06
-0.00011988
-0.0001224
4.09327e-06
3.69005e-06
-0.000114107
3.44534e-06
-0.000116864
3.01598e-06
-0.000119451
-0.000121728
2.34377e-06
1.21587e-06
1.13024e-06
9.82133e-07
7.53391e-07
0.00010118
-0.000100368
0.000100281
-0.000160611
6.74319e-05
-0.000219888
4.09838e-05
-0.000183442
1.89296e-05
-0.000171979
-1.01948e-05
-0.000173853
-5.28673e-05
-0.000188615
-5.69795e-05
-3.45428e-05
-8.38247e-06
0.0003575
0.000101827
0.000423637
0.000100455
5.84249e-05
0.000107891
-0.000282712
0.000111798
-0.000514798
0.000102447
-0.000563241
0.00010067
-0.000553441
9.9079e-05
-0.000360118
7.32635e-05
0.000645672
2.16709e-05
0.00143591
0.000639871
0.000105259
-0.00011043
0.000103296
-0.000158648
6.4207e-05
-0.000180799
4.60513e-05
-0.000165287
2.70366e-05
-0.000152964
-1.39523e-06
-0.000145421
-5.0891e-05
-0.000139119
-7.20593e-05
-1.33744e-05
-2.7166e-05
0.000312607
8.12492e-05
0.000315222
6.13992e-05
7.82749e-05
0.00010701
-0.000328324
0.000105765
-0.000513552
9.2152e-05
-0.000549628
8.4134e-05
-0.000545423
7.06681e-05
-0.000346652
5.00433e-05
0.000666297
2.65757e-05
0.00145938
0.000666447
0.000113224
-0.000109464
9.27844e-05
-0.000138209
6.50035e-05
-0.000153018
4.86356e-05
-0.000148919
3.22514e-05
-0.00013658
1.07776e-05
-0.000123947
-2.60284e-05
-0.000102313
-5.54042e-05
1.60014e-05
-3.91697e-06
0.000261119
7.72878e-05
0.000234017
6.62173e-05
8.93454e-05
0.00010806
-0.000370166
0.000101296
-0.000506789
8.7517e-05
-0.000535849
6.98899e-05
-0.000527796
3.01318e-05
-0.000306894
3.19868e-05
0.000664442
5.0856e-05
0.00144051
0.000717303
9.49799e-05
-0.000103384
8.23212e-05
-0.00012555
6.6906e-05
-0.000137603
5.30418e-05
-0.000135054
3.94625e-05
-0.000123001
2.23972e-05
-0.000106882
-4.50124e-07
-7.94661e-05
-1.05665e-05
2.61177e-05
5.81351e-05
0.000192418
0.000112806
0.000179346
0.000110114
9.20381e-05
0.000108107
-0.000368159
9.83411e-05
-0.000497023
8.80321e-05
-0.00052554
6.86471e-05
-0.000508411
1.18373e-05
-0.000250084
1.34992e-05
0.00066278
3.8584e-05
0.00141542
0.000755887
9.00435e-05
-0.000100522
8.11161e-05
-0.000116623
6.86568e-05
-0.000125144
5.67398e-05
-0.000123138
4.62375e-05
-0.000112498
3.43083e-05
-9.49529e-05
1.98129e-05
-6.49707e-05
3.15743e-05
1.43563e-05
0.000105139
0.000118853
0.000130316
0.000154168
0.000140196
8.21585e-05
0.000112061
-0.000340024
0.00010047
-0.000485432
9.04079e-05
-0.000515478
5.91184e-05
-0.000477121
-2.18249e-06
-0.000188783
-4.19287e-07
0.000661017
3.60122e-05
0.00137899
0.000791899
8.43398e-05
-9.79381e-05
7.75365e-05
-0.00010982
6.87114e-05
-0.000116319
6.02952e-05
-0.000114721
5.32043e-05
-0.000105408
4.73152e-05
-8.90641e-05
4.1757e-05
-5.94126e-05
6.23331e-05
-6.21983e-06
0.000109401
7.17853e-05
9.29839e-05
0.000170585
0.000145178
2.99644e-05
0.000130597
-0.000325443
0.000115674
-0.00047051
9.20746e-05
-0.000491878
4.40078e-05
-0.000429054
-1.12619e-05
-0.000133513
-5.86779e-06
0.000655623
3.65145e-05
0.00133661
0.000828413
7.99454e-05
-9.6276e-05
7.54621e-05
-0.000105336
6.9488e-05
-0.000110345
6.37397e-05
-0.000108973
5.97588e-05
-0.000101427
5.87092e-05
-8.80146e-05
6.21427e-05
-6.28461e-05
8.90065e-05
-3.30836e-05
0.000134778
2.60142e-05
0.00013583
0.000169533
0.000185887
-2.00929e-05
0.000193898
-0.000333454
0.000147924
-0.000424536
8.27768e-05
-0.00042673
2.5532e-05
-0.000371809
-1.32054e-05
-9.47754e-05
-5.54938e-06
0.000647967
3.49158e-05
0.00129614
0.000863329
7.65705e-05
-9.54282e-05
7.37681e-05
-0.000102534
6.99064e-05
-0.000106483
6.63653e-05
-0.000105432
6.50464e-05
-0.000100108
6.71581e-05
-9.01263e-05
7.86718e-05
-7.43597e-05
0.000108856
-6.32673e-05
0.000173721
-3.88516e-05
0.000266404
7.68507e-05
0.00031042
-6.41089e-05
0.000252523
-0.000275557
0.000173389
-0.000345401
8.42986e-05
-0.00033764
1.91099e-05
-0.000306621
-9.56314e-06
-6.61026e-05
-2.62563e-06
0.000641029
3.04575e-05
0.00126306
0.000893786
7.37396e-05
-9.52753e-05
7.22699e-05
-0.000101064
7.00238e-05
-0.000104237
6.81583e-05
-0.000103567
6.8441e-05
-0.000100391
7.2519e-05
-9.42042e-05
8.82519e-05
-9.00925e-05
0.000119876
-9.48914e-05
0.000179224
-9.81994e-05
0.000304595
-4.85204e-05
0.000362116
-0.00012163
0.000321421
-0.000234861
0.000242414
-0.000266395
0.000148885
-0.000244111
5.93002e-05
-0.000217036
9.7572e-06
-1.65594e-05
1.54523e-06
0.000649241
2.31528e-05
0.00124145
0.000916939
7.1351e-05
-9.57776e-05
7.09136e-05
-0.000100627
6.97385e-05
-0.000103062
6.88017e-05
-0.00010263
6.94769e-05
-0.000101066
7.49606e-05
-9.96878e-05
9.06251e-05
-0.000105757
0.000123005
-0.000127271
0.000164213
-0.000139408
0.000250212
-0.00013452
0.000322012
-0.000193429
0.000345519
-0.000258368
0.000320584
-0.00024146
0.000239539
-0.000163066
0.000125102
-0.000102599
3.88082e-05
6.97346e-05
5.1005e-06
0.000682949
1.46254e-05
0.00123193
0.000931565
6.93003e-05
-9.6893e-05
6.96498e-05
-0.000100977
6.90525e-05
-0.000102465
6.82022e-05
-0.00010178
6.85362e-05
-0.0001014
7.45183e-05
-0.00010567
9.04683e-05
-0.000121707
0.000119588
-0.000156391
0.000156067
-0.000175887
0.000216879
-0.000195332
0.000310506
-0.000287056
0.000385239
-0.000333101
0.000392035
-0.000248256
0.000320024
-9.10548e-05
0.000195332
2.2093e-05
7.59866e-05
0.00018908
1.10086e-05
0.000747926
8.2224e-06
0.00123471
0.000939787
6.76187e-05
-9.86392e-05
6.85775e-05
-0.000101935
6.8172e-05
-0.00010206
6.7058e-05
-0.000100666
6.75464e-05
-0.000101888
7.40924e-05
-0.000112216
9.23243e-05
-0.000139939
0.000114285
-0.000178352
0.000136019
-0.00019762
0.000186205
-0.000245519
0.000282589
-0.00038344
0.000369314
-0.000419825
0.000408499
-0.000287442
0.000368049
-5.06045e-05
0.000250061
0.000140081
0.000117188
0.000321954
3.89902e-05
0.000826124
1.15044e-05
0.0012622
0.000951292
6.63366e-05
-0.000101051
6.7826e-05
-0.000103425
6.76931e-05
-0.000101927
6.75379e-05
-0.000100511
7.06208e-05
-0.000104971
8.06569e-05
-0.000122252
0.000100983
-0.000160265
0.000115534
-0.000192903
0.000111027
-0.000193113
0.000116702
-0.000251194
0.000159259
-0.000425996
0.000215574
-0.00047614
0.000305075
-0.000376943
0.000349112
-9.46411e-05
0.000269255
0.000219937
0.000144943
0.000446266
6.51706e-05
0.000905896
3.50667e-05
0.0012923
0.000986358
6.53528e-05
-0.000104129
6.74676e-05
-0.00010554
6.86464e-05
-0.000103106
7.27061e-05
-0.00010457
8.24908e-05
-0.000114756
9.91104e-05
-0.000138872
0.000118937
-0.000180091
0.000119622
-0.000193589
8.36309e-05
-0.000157121
8.95882e-05
-0.000257151
0.000114355
-0.000450763
0.000132135
-0.00049392
0.000203262
-0.000448069
0.000300359
-0.000191739
0.000257289
0.000263008
0.000153454
0.000550101
7.13902e-05
0.00098796
3.15985e-05
0.0013321
0.00101796
6.43577e-05
-0.000107731
6.73578e-05
-0.00010854
7.172e-05
-0.000107468
8.37648e-05
-0.000116615
0.000102868
-0.000133859
0.000122855
-0.000158858
0.00013434
-0.000191577
0.0001173
-0.000176549
5.86443e-05
-9.84653e-05
9.00813e-05
-0.000288588
9.82549e-05
-0.000458937
0.000100671
-0.000496336
0.000126703
-0.000474102
0.000218013
-0.000283048
0.000213343
0.000267677
0.000138398
0.000625046
4.78184e-05
0.00107854
6.8091e-06
0.00137311
0.00102477
6.29106e-05
-0.000111501
6.69584e-05
-0.000112588
7.59092e-05
-0.000116419
9.73313e-05
-0.000138037
0.00012317
-0.000159698
0.000140667
-0.000176355
0.000140718
-0.000191628
0.000104476
-0.000140307
4.44265e-05
-3.84162e-05
9.09937e-05
-0.000335156
9.29097e-05
-0.000460853
8.3966e-05
-0.000487392
8.56916e-05
-0.000475827
0.000134247
-0.000331604
0.000165532
0.000236392
9.75817e-05
0.000692996
-1.56397e-05
0.00119176
-6.48116e-05
0.00142228
0.000959954
6.06956e-05
-0.000114921
6.51615e-05
-0.000117054
7.77122e-05
-0.000128969
0.000107088
-0.000167413
0.000134633
-0.000187243
0.000148306
-0.000190028
0.000137626
-0.000180948
9.64915e-05
-9.91723e-05
8.32114e-05
-2.51361e-05
9.65976e-05
-0.000348542
9.26484e-05
-0.000456904
7.93027e-05
-0.000474047
7.71877e-05
-0.000473712
8.54333e-05
-0.000339849
0.000114917
0.000206909
2.80541e-05
0.000779859
-0.000115942
0.00133576
-0.000151072
0.00145741
0.000808883
5.7771e-05
-0.000117472
6.03203e-05
-0.000119603
7.17704e-05
-0.000140419
0.000106329
-0.000201971
0.000133224
-0.000214139
0.000144028
-0.000200831
0.000128763
-0.000165683
9.44299e-05
-6.48386e-05
0.000124018
-5.47238e-05
0.0001087
-0.000333224
9.58132e-05
-0.000444017
8.07345e-05
-0.000458968
7.91085e-05
-0.000472086
6.82065e-05
-0.000328947
6.20647e-05
0.000213051
-5.73458e-05
0.000899269
-0.000199826
0.00147824
-0.000177227
0.00143481
0.000631655
5.45186e-05
-0.000118653
5.11996e-05
-0.000116284
5.46068e-05
-0.000143827
9.10849e-05
-0.000238449
0.000118037
-0.000241091
0.000126188
-0.000208982
0.000113822
-0.000153318
8.32152e-05
-3.42315e-05
0.000124128
-9.56365e-05
0.000120802
-0.000329898
0.000102361
-0.000425576
8.28774e-05
-0.000439484
7.33121e-05
-0.000462521
5.46337e-05
-0.000310268
6.48738e-06
0.000261197
-0.000130482
0.00103624
-0.000227798
0.00157555
-0.000153661
0.00136067
0.000477994
5.14112e-05
-0.000117824
3.87878e-05
-0.000103661
3.29041e-05
-0.000137943
6.36506e-05
-0.000269196
8.62539e-05
-0.000263694
9.00571e-05
-0.000212786
9.49868e-05
-0.000158247
0.000105697
-4.49421e-05
0.000149552
-0.000139492
0.000143224
-0.000323569
0.000108586
-0.000390938
8.81535e-05
-0.000419052
6.03148e-05
-0.000434683
3.53708e-05
-0.000285325
-4.33743e-05
0.000339942
-0.000171371
0.00116423
-0.000217587
0.00162177
-0.000137608
0.00128069
0.000340387
4.925e-05
-0.000114522
2.68034e-05
-8.12143e-05
2.25894e-05
-0.000133729
3.64717e-05
-0.000283078
4.12797e-05
-0.000268502
3.70346e-05
-0.000208541
5.76484e-05
-0.000178861
0.00013039
-0.000117684
0.000190451
-0.000199552
0.00015076
-0.000283879
0.000109875
-0.000350053
9.0258e-05
-0.000399435
4.74928e-05
-0.000391917
1.44656e-05
-0.000252297
-7.68752e-05
0.000431283
-0.000179649
0.00126701
-0.000187082
0.0016292
-0.000119743
0.00121335
0.000220643
5.00456e-05
-0.000110034
2.26434e-05
-5.38121e-05
1.77238e-05
-0.000128809
7.33935e-06
-0.000272694
-9.00112e-06
-0.000252161
-1.33817e-05
-0.00020416
1.73179e-05
-0.000209561
9.46276e-05
-0.000194994
0.00013585
-0.000240774
0.000118722
-0.000266751
0.000106318
-0.000337649
9.25014e-05
-0.000385618
5.56746e-05
-0.000355091
4.50262e-06
-0.000201126
-8.88474e-05
0.000524633
-0.000166438
0.0013446
-0.000144214
0.00160698
-8.01502e-05
0.00114929
0.000140493
5.62534e-05
-0.000108714
3.33728e-05
-3.09316e-05
1.56743e-05
-0.000111111
-1.81048e-05
-0.000238915
-4.06219e-05
-0.000229644
-3.66565e-05
-0.000208125
-2.44299e-06
-0.000243774
5.36603e-05
-0.000251097
8.00914e-05
-0.000267205
9.76534e-05
-0.000284313
0.000104066
-0.000344061
0.000100807
-0.00038236
7.61189e-05
-0.000330402
3.57021e-06
-0.000128577
-8.58518e-05
0.000614055
-0.000140944
0.00139969
-0.000101578
0.00156761
-3.63583e-05
0.00108407
0.000104135
6.52273e-05
-0.00011422
6.56087e-05
-3.1313e-05
3.2499e-05
-7.80012e-05
-1.65866e-05
-0.000189829
-3.00876e-05
-0.000216143
-2.67949e-05
-0.000211418
1.38419e-06
-0.000271954
4.33638e-05
-0.000293077
7.04501e-05
-0.000294291
9.46908e-05
-0.000308554
0.000113939
-0.000363309
0.000119595
-0.000388016
0.00010597
-0.000316777
3.93943e-06
-2.65465e-05
-8.30595e-05
0.000701054
-0.000110436
0.00142707
-7.26191e-05
0.0015298
-6.33208e-06
0.00101778
9.78027e-05
6.72286e-05
-0.000122436
9.79795e-05
-6.20639e-05
8.75194e-05
-6.75411e-05
3.41512e-05
-0.000136461
5.99658e-06
-0.000187988
6.06329e-06
-0.000211485
2.3625e-05
-0.000289515
5.29506e-05
-0.000322402
8.05442e-05
-0.000321885
0.000118162
-0.000346172
0.000158006
-0.000403153
0.000172809
-0.000402819
0.000141228
-0.000285196
5.43568e-06
0.000109246
-7.22599e-05
0.00077875
-7.6705e-05
0.00143151
-4.72059e-05
0.0015003
6.66524e-06
0.00096391
0.000104468
6.15077e-05
-0.000127711
9.881e-05
-9.93662e-05
0.000133765
-0.000102496
0.00012516
-0.000127856
0.000100887
-0.000163715
8.43566e-05
-0.000194955
8.7673e-05
-0.000292832
0.000106224
-0.000340953
0.000142746
-0.000358407
0.000214557
-0.000417982
0.000257443
-0.00044604
0.000213781
-0.000359157
0.000127741
-0.000199155
8.11204e-06
0.000228874
-6.3021e-05
0.000849883
-4.40222e-05
0.00141251
-2.25194e-05
0.0014788
1.68672e-05
0.000924524
0.000121335
6.12057e-05
-0.000133428
9.56566e-05
-0.000133817
0.000144852
-0.000151691
0.000199821
-0.000182824
0.000253383
-0.000217277
0.000298175
-0.000239747
0.000301036
-0.000295692
0.000299542
-0.000339459
0.000358667
-0.000417532
0.00039776
-0.000457076
0.000343339
-0.000391618
0.000227624
-0.000243442
0.00010964
-8.1171e-05
8.25066e-06
0.000330264
-5.93943e-05
0.000917528
-2.2772e-05
0.00137589
-7.15074e-07
0.00145674
2.45455e-05
0.000899263
0.000145881
6.95838e-05
-0.000144259
0.000100661
-0.000164894
0.000144178
-0.000195209
0.00019611
-0.000234756
0.000264397
-0.000285564
0.000358527
-0.000333877
0.000446458
-0.000383624
0.00052106
-0.00041406
0.000538099
-0.000434572
0.000486996
-0.000405973
0.000382622
-0.000287245
0.000248519
-0.000109339
0.000113529
5.38186e-05
1.13306e-05
0.000432463
-6.05446e-05
0.000989403
-2.23073e-05
0.00133765
1.25679e-05
0.00142186
3.03685e-05
0.000881463
0.000176249
7.83033e-05
-0.000160239
0.00010525
-0.00019184
0.000140052
-0.000230011
0.000183177
-0.000277881
0.000244657
-0.000347044
0.000322729
-0.000411949
0.0003943
-0.000455195
0.000453549
-0.000473309
0.00047447
-0.000455493
0.000439442
-0.000370945
0.000354714
-0.000202517
0.000243145
2.23028e-06
0.000118213
0.000178751
1.5924e-05
0.000534751
-6.01627e-05
0.00106549
-2.91381e-05
0.00130663
1.94634e-05
0.00137326
3.54533e-05
0.000865473
0.000211702
7.95386e-05
-0.00017769
0.000101438
-0.00021374
0.000127685
-0.000256258
0.000164805
-0.000315001
0.000221344
-0.000403583
0.00028718
-0.000477785
0.000341119
-0.000509134
0.000374864
-0.000507055
0.000379081
-0.00045971
0.000346243
-0.000338107
0.00028079
-0.000137064
0.00020245
8.05701e-05
0.000105849
0.000275352
1.21503e-05
0.00062845
-5.30931e-05
0.00113073
-2.86767e-05
0.00128221
2.60052e-05
0.00131858
4.12053e-05
0.000850273
0.000252908
7.28332e-05
-0.000192996
8.88369e-05
-0.000229743
0.00010708
-0.0002745
0.000137056
-0.000344978
0.000183866
-0.000450393
0.000234125
-0.000528044
0.000273851
-0.000548859
0.000293557
-0.000526761
0.000286484
-0.000452636
0.000250687
-0.00030231
0.000193324
-7.97009e-05
0.000142179
0.000131715
7.12294e-05
0.000346301
-6.31399e-06
0.000705993
-4.48263e-05
0.00116925
-2.37321e-05
0.00126112
3.09466e-05
0.0012639
4.7796e-05
0.000833423
0.000300704
6.11488e-05
-0.000204208
7.09224e-05
-0.000239517
8.12463e-05
-0.000284824
0.000101151
-0.000364883
0.000133011
-0.000482253
0.000164763
-0.000559796
0.000188184
-0.000572281
0.000196464
-0.00053504
0.00018382
-0.000439993
0.000148032
-0.000266522
0.000105312
-3.69813e-05
7.16466e-05
0.000165381
1.14289e-05
0.000406519
-4.03435e-05
0.000757766
-4.29175e-05
0.00117182
-1.76113e-05
0.00123581
3.33472e-05
0.00121294
5.46411e-05
0.000812129
0.000355345
4.77412e-05
-0.000210818
5.13404e-05
-0.000243116
5.30328e-05
-0.000286517
5.96029e-05
-0.000371453
7.33553e-05
-0.000496005
8.68003e-05
-0.000573241
9.43718e-05
-0.000579853
9.5004e-05
-0.000535673
8.11046e-05
-0.000426094
4.76502e-05
-0.000233068
2.13253e-05
-1.06564e-05
-1.18712e-05
0.000198577
-6.04661e-05
0.000455114
-8.96407e-05
0.00078694
-5.80683e-05
0.00114025
-1.97989e-05
0.00119754
3.20934e-05
0.00116105
5.50997e-05
0.000789123
0.000410444
3.48908e-05
-0.000213174
3.28607e-05
-0.000241086
2.53996e-05
-0.000279056
1.67372e-05
-0.000362791
1.04942e-05
-0.000489762
6.82103e-06
-0.000569568
1.23854e-06
-0.00057427
-6.66416e-06
-0.00052777
-2.17364e-05
-0.000411022
-4.86193e-05
-0.000206185
-7.42028e-05
1.4927e-05
-0.000110662
0.000235036
-0.00014699
0.000491442
-0.000151677
0.000791627
-9.58936e-05
0.00108446
-3.8986e-05
0.00114064
2.3139e-05
0.00109893
3.88792e-05
0.000773383
0.000449324
2.37756e-05
-0.000212074
1.74892e-05
-0.0002348
2.83175e-06
-0.000264398
-2.26355e-05
-0.000337324
-4.78791e-05
-0.000464519
-6.70354e-05
-0.000550412
-8.43599e-05
-0.000556946
-0.000102732
-0.000509398
-0.000121524
-0.00039223
-0.000141219
-0.000186489
-0.00017121
4.4918e-05
-0.000206204
0.00027003
-0.000227038
0.000512276
-0.000213545
0.000778134
-0.000147374
0.00101829
-7.62778e-05
0.00106954
-1.38005e-06
0.00102403
3.84044e-06
0.000768162
0.000453164
1.49816e-05
-0.000208634
6.03742e-06
-0.000225856
-1.4978e-05
-0.000243383
-5.31006e-05
-0.000299201
-9.60684e-05
-0.000421551
-0.000130154
-0.000516326
-0.000157969
-0.000529131
-0.000188066
-0.000479301
-0.000215264
-0.000365032
-0.000233331
-0.000168422
-0.000255935
6.75224e-05
-0.000279816
0.000293911
-0.000286546
0.000519006
-0.000259548
0.000751136
-0.000187148
0.000945893
-0.000112289
0.000994681
-4.17223e-05
0.000953461
-3.52645e-05
0.000761705
0.0004179
8.71985e-06
-0.000204122
-9.42659e-07
-0.000216193
-2.23438e-05
-0.000221982
-6.76491e-05
-0.000253896
-0.000127127
-0.000362073
-0.000177179
-0.000466274
-0.000214919
-0.00049139
-0.000252028
-0.000442193
-0.000286811
-0.000330249
-0.000307202
-0.000148031
-0.000318798
7.91187e-05
-0.000328244
0.000303356
-0.000322061
0.000512822
-0.000284032
0.000713107
-0.000210048
0.000871909
-0.000138303
0.000922936
-8.31705e-05
0.000898328
-6.32574e-05
0.000741791
0.000354642
4.74726e-06
-0.000199621
-3.95096e-06
-0.000207495
-2.04115e-05
-0.000205521
-6.30139e-05
-0.000211293
-0.000133662
-0.000291425
-0.000201799
-0.000398137
-0.000251831
-0.000441359
-0.000292614
-0.000401409
-0.000330352
-0.000292511
-0.000354255
-0.000124127
-0.000359982
8.48451e-05
-0.000354992
0.000298366
-0.00033562
0.000493451
-0.000290036
0.000667524
-0.000220016
0.000801888
-0.000157866
0.000860787
-0.000114238
0.0008547
-7.58263e-05
0.00070338
0.000278816
2.48795e-06
-0.000195819
-4.27305e-06
-0.000200734
-1.36028e-05
-0.000196192
-4.20826e-05
-0.000182814
-0.000110697
-0.000222811
-0.000194972
-0.000313862
-0.000263903
-0.000372428
-0.000311085
-0.000354228
-0.000346961
-0.000256634
-0.000370459
-0.00010063
-0.000374067
8.84528e-05
-0.000360365
0.000284665
-0.000330954
0.000464039
-0.000282571
0.000619141
-0.000221306
0.000740623
-0.000170598
0.000810079
-0.000130513
0.000814615
-7.56093e-05
0.000648476
0.000203207
1.35324e-06
-0.000193079
-3.28572e-06
-0.000196095
-7.5053e-06
-0.000191972
-1.68431e-05
-0.000173476
-6.34429e-05
-0.000176211
-0.000148443
-0.000228862
-0.000238862
-0.000282009
-0.00030397
-0.00028912
-0.000340251
-0.000220353
-0.00035963
-8.12503e-05
-0.000361745
9.05672e-05
-0.000344521
0.000267441
-0.000311305
0.000430823
-0.00026548
0.000573316
-0.000215207
0.000690351
-0.00017402
0.000768892
-0.000132498
0.000773092
-6.78259e-05
0.000583804
0.000135381
7.14323e-07
-0.000191449
-1.97341e-06
-0.000193407
-4.33902e-06
-0.000189606
-2.1905e-06
-0.000175624
-1.54235e-05
-0.000162978
-7.07453e-05
-0.00017354
-0.000161054
-0.0001917
-0.000252008
-0.000198166
-0.000306645
-0.000165716
-0.000331078
-5.68168e-05
-0.000335011
9.44998e-05
-0.000317711
0.000250141
-0.000285668
0.00039878
-0.000245603
0.000533252
-0.000205536
0.000650283
-0.000170217
0.000733572
-0.000125075
0.000727951
-5.55979e-05
0.000514327
7.97827e-05
2.01449e-07
-7.16708e-07
-1.78308e-06
-4.78752e-07
2.1538e-06
-5.37577e-06
-4.13254e-05
-0.000115942
-0.000208002
-0.000261985
-0.00027172
-0.000260941
-0.000237505
-0.000208972
-0.000180182
-0.000149156
-0.00010407
-4.35222e-05
)
;

boundaryField
{
    leftWall
    {
        type            calculated;
        value           uniform 0;
    }
    rightWall
    {
        type            calculated;
        value           uniform 0;
    }
    lowerWall
    {
        type            calculated;
        value           uniform 0;
    }
    atmosphere
    {
        type            calculated;
        value           nonuniform List<scalar> 
46
(
-6.67024e-05
-6.81863e-05
-6.83437e-05
-6.8918e-05
-6.95655e-05
-7.03164e-05
-7.1168e-05
-7.21171e-05
-7.31613e-05
-7.4299e-05
-7.55289e-05
-7.68504e-05
-7.82631e-05
-7.97667e-05
-8.13607e-05
-8.30444e-05
-8.4816e-05
-8.66723e-05
-8.86082e-05
-9.06153e-05
-9.26814e-05
-9.47896e-05
-9.69164e-05
-0.000114067
-0.000116778
-0.000119302
-0.000121499
-0.000190897
-0.000192489
-0.00018854
-0.000176928
-0.00016561
-0.00016601
-0.00015575
-0.000123549
-7.36565e-05
-2.83362e-06
0.000104235
0.000239362
0.000375343
0.000504719
0.000621492
0.000702547
0.000682864
0.00045378
3.62605e-05
)
;
    }
    defaultFaces
    {
        type            empty;
        value           nonuniform List<scalar> 0();
    }
}


// ************************************************************************* //
