/*--------------------------------*- C++ -*----------------------------------*\
| =========                 |                                                 |
| \\      /  F ield         | OpenFOAM: The Open Source CFD Toolbox           |
|  \\    /   O peration     | Version:  2206                                  |
|   \\  /    A nd           | Website:  www.openfoam.com                      |
|    \\/     M anipulation  |                                                 |
\*---------------------------------------------------------------------------*/
FoamFile
{
    version     2.0;
    format      ascii;
    arch        "LSB;label=32;scalar=64";
    class       volVectorField;
    location    "0.675";
    object      U;
}
// * * * * * * * * * * * * * * * * * * * * * * * * * * * * * * * * * * * * * //

dimensions      [0 1 -1 0 0 0 0];

internalField   nonuniform List<vector> 
2268
(
(-0.00971695 0.00880657 0)
(-0.00945088 -0.00307689 0)
(-0.00244933 -0.00588686 0)
(0.00136115 -0.00206502 0)
(0.001195 0.0016864 0)
(-0.00235743 0.00387566 0)
(-0.00690461 0.00442095 0)
(-0.011181 0.00408051 0)
(-0.0146613 0.003529 0)
(-0.0173578 0.00312675 0)
(-0.0194195 0.00296652 0)
(-0.0210275 0.00299468 0)
(-0.0222397 0.00305137 0)
(-0.0229866 0.00299289 0)
(-0.0230867 0.00275099 0)
(-0.0224861 0.00212318 0)
(-0.0209055 0.00053382 0)
(-0.017613 -0.00264519 0)
(-0.0100685 -0.0101238 0)
(-0.0011373 -0.0169091 0)
(0.0194861 -0.0353949 0)
(0.0470259 -0.0410186 0)
(0.054737 0.0393075 0)
(-0.0121674 0.0268573 0)
(-0.00852145 -0.00936986 0)
(-0.0056369 -0.0156901 0)
(-0.00221319 -0.00473895 0)
(-0.00375131 0.00601923 0)
(-0.00763814 0.0116632 0)
(-0.0120488 0.0124095 0)
(-0.015666 0.0106068 0)
(-0.0181266 0.00813078 0)
(-0.0195565 0.00583882 0)
(-0.0200591 0.00392178 0)
(-0.0196888 0.00225069 0)
(-0.0184973 0.000593155 0)
(-0.0164565 -0.0012768 0)
(-0.013537 -0.00355022 0)
(-0.00961309 -0.00655198 0)
(-0.00379847 -0.010814 0)
(-0.000292318 -0.0172129 0)
(0.0135199 -0.026542 0)
(0.0132599 -0.0409073 0)
(0.0458886 -0.0609584 0)
(0.0217059 -0.0478413 0)
(0.0420875 0.149766 0)
(-0.0112858 0.0459028 0)
(-0.00971862 -0.0119398 0)
(-0.00989167 -0.0206499 0)
(-0.00819955 -0.00380489 0)
(-0.0104764 0.0119967 0)
(-0.0140498 0.0194619 0)
(-0.0176603 0.0195875 0)
(-0.0204676 0.016047 0)
(-0.0224361 0.0116039 0)
(-0.0236648 0.00746085 0)
(-0.024266 0.00381071 0)
(-0.0243257 0.000486474 0)
(-0.0238575 -0.00269513 0)
(-0.0228913 -0.00594892 0)
(-0.0214495 -0.00957263 0)
(-0.0196675 -0.0139628 0)
(-0.0177686 -0.0197036 0)
(-0.0156675 -0.027933 0)
(-0.0140965 -0.038321 0)
(-0.0160018 -0.0583688 0)
(-0.0106995 -0.0644909 0)
(-0.0362846 0.00623494 0)
(-0.00717351 0.166298 0)
(-0.00957487 0.0651122 0)
(-0.012164 -0.00996305 0)
(-0.0167514 -0.0216085 0)
(-0.0167933 -0.00191878 0)
(-0.0201849 0.0164199 0)
(-0.0233838 0.0241343 0)
(-0.026197 0.0233418 0)
(-0.0281766 0.0186846 0)
(-0.029376 0.013404 0)
(-0.0299046 0.00876596 0)
(-0.0299387 0.00481547 0)
(-0.0296618 0.00121749 0)
(-0.0291658 -0.00232678 0)
(-0.028555 -0.00595512 0)
(-0.0279562 -0.00977749 0)
(-0.0275698 -0.0139951 0)
(-0.0276575 -0.0188115 0)
(-0.0283971 -0.0241201 0)
(-0.0308795 -0.0300665 0)
(-0.0376681 -0.038512 0)
(-0.0506856 -0.0454573 0)
(-0.0566415 -0.0223222 0)
(-0.0259113 0.0578012 0)
(-0.0113601 0.0885959 0)
(-0.0205737 0.00457552 0)
(-0.0275274 -0.0119339 0)
(-0.027816 0.00753238 0)
(-0.0313772 0.0262473 0)
(-0.0341332 0.0325542 0)
(-0.0357659 0.0298753 0)
(-0.0364607 0.0232087 0)
(-0.036551 0.0158605 0)
(-0.0363348 0.00925969 0)
(-0.0359271 0.00379235 0)
(-0.0352294 -0.000665474 0)
(-0.0342096 -0.0044414 0)
(-0.0329985 -0.00789981 0)
(-0.031727 -0.0113246 0)
(-0.0306298 -0.0149474 0)
(-0.029793 -0.0187441 0)
(-0.0292158 -0.0223475 0)
(-0.0293586 -0.025066 0)
(-0.0302178 -0.0274738 0)
(-0.0318692 -0.0338592 0)
(-0.0325984 -0.0394893 0)
(-0.0115396 -0.0116183 0)
(-0.0132706 0.119009 0)
(-0.0295086 0.0191152 0)
(-0.0408781 -0.00887626 0)
(-0.041007 0.00761971 0)
(-0.0445524 0.0256541 0)
(-0.0481787 0.0299118 0)
(-0.0507781 0.0261597 0)
(-0.0519401 0.0195997 0)
(-0.0515154 0.0132471 0)
(-0.0495104 0.00793657 0)
(-0.0467202 0.00288436 0)
(-0.0439967 -0.00258131 0)
(-0.0416569 -0.00794653 0)
(-0.0397546 -0.0127412 0)
(-0.0385672 -0.0168727 0)
(-0.0380351 -0.0204293 0)
(-0.0376131 -0.0235097 0)
(-0.0369619 -0.0261544 0)
(-0.0360329 -0.0280138 0)
(-0.0341493 -0.0291573 0)
(-0.0297869 -0.0354023 0)
(-0.0218797 -0.0511281 0)
(-0.00145097 -0.0301729 0)
(-0.00672508 0.165424 0)
(-0.0275743 0.0567026 0)
(-0.0480168 0.00610891 0)
(-0.0529816 0.018357 0)
(-0.0552669 0.0405833 0)
(-0.0564233 0.0429209 0)
(-0.0562588 0.0343212 0)
(-0.05498 0.0217008 0)
(-0.0533743 0.00868059 0)
(-0.0526175 -0.00169916 0)
(-0.0536831 -0.00737331 0)
(-0.0558155 -0.00885419 0)
(-0.0577114 -0.0087567 0)
(-0.0593107 -0.00797903 0)
(-0.0609215 -0.00704547 0)
(-0.0625679 -0.00795505 0)
(-0.0638173 -0.0115538 0)
(-0.0639319 -0.0163699 0)
(-0.0626447 -0.0218218 0)
(-0.0615563 -0.0317283 0)
(-0.0567447 -0.0543946 0)
(-0.039482 -0.0912271 0)
(-0.0166002 -0.0506889 0)
(0.00987403 0.181216 0)
(0.00165611 0.103019 0)
(-0.0133305 0.0294458 0)
(-0.031138 0.0235541 0)
(-0.0360678 0.0342659 0)
(-0.0390817 0.033198 0)
(-0.0444189 0.0276249 0)
(-0.0490885 0.0197301 0)
(-0.0519381 0.0121123 0)
(-0.0529545 0.00947597 0)
(-0.0549595 0.00967289 0)
(-0.0573816 0.00312403 0)
(-0.058459 -0.00748914 0)
(-0.05697 -0.0161729 0)
(-0.0509367 -0.0227823 0)
(-0.0405317 -0.0302195 0)
(-0.0277727 -0.0390045 0)
(-0.0144456 -0.0477611 0)
(-0.00415782 -0.0563504 0)
(-0.000408094 -0.0666113 0)
(-0.0291637 -0.0881081 0)
(-0.0232223 -0.151077 0)
(-0.0906134 -0.180585 0)
(-0.0498961 0.000313641 0)
(-0.25843 -0.0517973 0)
(-0.567317 -0.126746 0)
(-0.762109 -0.114314 0)
(-0.727534 -0.163527 0)
(-0.337694 -0.293657 0)
(0.250571 -0.369009 0)
(0.607203 -0.183467 0)
(0.720522 -0.0466441 0)
(0.618243 -0.0621953 0)
(0.531922 -0.106973 0)
(0.571447 -0.13904 0)
(0.653711 -0.102614 0)
(0.703813 -0.0231229 0)
(0.840968 -0.00865198 0)
(0.992658 0.0096407 0)
(0.947856 0.084266 0)
(0.47769 0.183251 0)
(-0.0302208 0.0194778 0)
(-0.0863584 0.304349 0)
(-0.499138 0.484359 0)
(-0.959759 0.475372 0)
(-0.881967 0.321608 0)
(-0.241124 -0.389045 0)
(0.491248 -0.96959 0)
(0.902992 -0.906315 0)
(1.1608 -0.434956 0)
(1.1209 0.0514455 0)
(0.945049 0.255431 0)
(0.865155 0.141327 0)
(0.662945 -0.0212466 0)
(0.388833 -0.0107771 0)
(0.486415 -0.220287 0)
(0.847597 -0.402508 0)
(0.960601 -0.0251247 0)
(1.11425 0.367082 0)
(0.938074 0.699542 0)
(0.253787 0.505984 0)
(-0.164003 0.519447 0)
(-0.242932 0.983012 0)
(-0.683804 0.454679 0)
(0.14653 -0.650863 0)
(0.569685 -1.17915 0)
(0.807648 -1.36593 0)
(0.898069 -1.16412 0)
(0.977444 -0.0200163 0)
(0.589818 0.452097 0)
(0.574314 0.208264 0)
(0.358119 0.25051 0)
(0.0527393 0.326095 0)
(-0.0304099 0.165653 0)
(0.0460443 -0.391572 0)
(0.533626 -0.588706 0)
(1.06501 -0.284727 0)
(0.962821 0.610398 0)
(0.754435 1.08953 0)
(0.294279 0.9949 0)
(-0.40133 0.638401 0)
(0.123025 1.33552 0)
(0.14362 -0.190839 0)
(0.627214 -0.984739 0)
(0.778748 -1.31462 0)
(0.802439 -1.4245 0)
(0.773448 -1.29587 0)
(0.486646 -0.0862458 0)
(0.431841 0.43867 0)
(0.230128 0.40381 0)
(-0.205544 0.6783 0)
(-0.661663 0.5329 0)
(-0.364129 -0.380214 0)
(-0.659378 -0.491143 0)
(0.107936 -1.56162 0)
(0.643993 -0.697839 0)
(1.12972 1.23828 0)
(0.459165 1.73523 0)
(0.29242 1.39341 0)
(-0.665825 0.739824 0)
(0.601586 0.873947 0)
(0.670168 -0.392604 0)
(0.7522 -1.05256 0)
(0.779079 -1.3311 0)
(0.729622 -1.40541 0)
(0.52467 -1.12836 0)
(0.201297 0.778824 0)
(0.391814 0.717314 0)
(-0.072666 0.713554 0)
(-0.364516 0.938812 0)
(-0.36152 0.128897 0)
(-1.34238 0.377541 0)
(-0.0874331 -1.59355 0)
(0.329621 -2.12633 0)
(0.530871 -1.61456 0)
(1.35021 1.01217 0)
(0.485454 2.91817 0)
(0.29869 1.65181 0)
(-0.751916 0.672478 0)
(0.790091 0.184273 0)
(0.778373 -0.684293 0)
(0.753845 -1.0915 0)
(0.73387 -1.26212 0)
(0.543987 -1.19151 0)
(0.0908847 -0.577438 0)
(0.00287199 0.692647 0)
(0.222836 0.891986 0)
(-0.308795 1.07205 0)
(-0.479531 1.47455 0)
(-0.891474 1.35624 0)
(-0.442937 -0.0709033 0)
(0.471892 -2.18346 0)
(0.546627 -2.36748 0)
(0.562058 -1.90239 0)
(1.016 -0.116712 0)
(0.39051 3.61788 0)
(0.310163 1.83127 0)
(-0.228599 0.561201 0)
(0.556846 -0.287734 0)
(0.692718 -0.788854 0)
(0.702386 -1.05371 0)
(0.586355 -1.06644 0)
(0.143748 -0.77166 0)
(0.0698386 -0.672431 0)
(0.182082 0.33179 0)
(0.274338 1.09313 0)
(-0.388816 1.29642 0)
(-0.237833 1.25039 0)
(-0.592371 1.14849 0)
(0.509514 -1.48177 0)
(0.685413 -2.33465 0)
(0.660916 -2.37426 0)
(0.602222 -1.99321 0)
(0.810413 0.0397063 0)
(-0.0795597 4.447 0)
(0.361455 1.96193 0)
(0.225953 -0.0899031 0)
(0.54024 -0.496772 0)
(0.650662 -0.848816 0)
(0.532647 -0.951945 0)
(0.20034 -0.724317 0)
(0.0469721 -0.639245 0)
(0.0970848 -0.722282 0)
(0.135837 0.116279 0)
(0.719814 1.39948 0)
(-0.0148643 1.65848 0)
(0.0510163 1.25426 0)
(0.164554 0.700651 0)
(0.695085 -1.73032 0)
(0.690154 -2.34506 0)
(0.644858 -2.35202 0)
(0.55291 -2.05446 0)
(0.833939 0.980039 0)
(-0.219322 4.96477 0)
(0.457027 2.05709 0)
(0.017737 0.151362 0)
(0.0276976 0.110836 0)
(0.0222066 0.0536865 0)
(-0.0104753 0.0547791 0)
(-0.0359247 0.062253 0)
(-0.063333 0.0625091 0)
(-0.0884993 0.053461 0)
(-0.109499 0.0333298 0)
(-0.1125 0.0125738 0)
(-0.0806437 0.00160088 0)
(-0.0431702 -0.000216674 0)
(-0.00126602 -0.00240486 0)
(0.0457164 -0.00936803 0)
(0.103513 -0.0207894 0)
(0.172187 -0.0352711 0)
(0.249437 -0.0488116 0)
(0.331124 -0.0591261 0)
(0.411321 -0.065182 0)
(0.462077 -0.0273913 0)
(0.410022 0.0392815 0)
(-0.102 0.0732382 0)
(-0.0558098 -0.0348245 0)
(-0.224353 -0.156814 0)
(0.00127751 0.140574 0)
(-0.00175812 0.118433 0)
(-0.0361235 0.098859 0)
(-0.0821749 0.100893 0)
(-0.10256 0.0958935 0)
(-0.103369 0.0854771 0)
(-0.0829668 0.0710748 0)
(-0.0357445 0.0430271 0)
(0.0869258 -0.0111195 0)
(0.344736 -0.0550423 0)
(0.429175 -0.0647407 0)
(0.357336 -0.0620038 0)
(0.337884 -0.083268 0)
(0.338175 -0.114306 0)
(0.325343 -0.140825 0)
(0.302833 -0.158245 0)
(0.269507 -0.168171 0)
(0.225051 -0.152705 0)
(0.189776 -0.0125518 0)
(0.266254 0.201477 0)
(0.303924 0.464286 0)
(0.372234 -0.00126285 0)
(0.0602425 -0.108467 0)
(-0.0291446 0.159581 0)
(-0.0452013 0.147832 0)
(-0.0552812 0.136017 0)
(-0.0383236 0.120846 0)
(0.00298041 0.0940925 0)
(0.139594 0.0666443 0)
(-0.0829569 0.0232299 0)
(-0.026387 -0.120089 0)
(-0.0132185 -0.476995 0)
(-0.00707213 -0.0987725 0)
(0.11315 -0.115847 0)
(0.169031 -0.0661071 0)
(0.222711 -0.0511059 0)
(0.256259 -0.061754 0)
(0.263702 -0.0702203 0)
(0.253232 -0.0691791 0)
(0.232234 -0.0581725 0)
(0.206954 -0.0350275 0)
(0.189873 0.00157402 0)
(0.220126 0.0523847 0)
(0.332876 0.152948 0)
(0.473514 0.088978 0)
(0.500194 0.128061 0)
(-0.0425062 0.183599 0)
(-0.0590249 0.127702 0)
(-0.0853131 0.113045 0)
(-0.152401 0.0553851 0)
(-0.201356 -0.124883 0)
(-0.0931397 0.193412 0)
(-0.0185227 0.0967618 0)
(0.144898 -0.107351 0)
(0.180624 -0.202844 0)
(0.171302 -0.193832 0)
(0.212062 -0.178478 0)
(0.235983 -0.146776 0)
(0.252372 -0.116671 0)
(0.259922 -0.0959421 0)
(0.255533 -0.0819174 0)
(0.244799 -0.0716226 0)
(0.23385 -0.0619271 0)
(0.227565 -0.0483458 0)
(0.233375 -0.0259488 0)
(0.255761 0.0032045 0)
(0.312867 0.0193718 0)
(0.371995 -0.0265834 0)
(0.436578 -0.0661647 0)
(-0.0955688 0.288069 0)
(-0.17716 0.171629 0)
(-0.217067 0.207356 0)
(-0.161008 0.105189 0)
(-0.124131 -0.00441984 0)
(-0.0348504 -0.0676228 0)
(0.125358 -0.166366 0)
(0.197452 -0.241587 0)
(0.200662 -0.275339 0)
(0.189719 -0.229151 0)
(0.189831 -0.183485 0)
(0.193679 -0.142028 0)
(0.198063 -0.109708 0)
(0.201747 -0.089503 0)
(0.203779 -0.0770392 0)
(0.20557 -0.0682631 0)
(0.209203 -0.0604787 0)
(0.216966 -0.051706 0)
(0.23214 -0.041336 0)
(0.257948 -0.0326549 0)
(0.29762 -0.0291744 0)
(0.340518 -0.0500153 0)
(0.378513 -0.0754854 0)
(-0.0650935 0.424296 0)
(-0.104894 0.286114 0)
(-0.140073 0.152675 0)
(-0.051621 -0.012367 0)
(-0.00518834 -0.132027 0)
(0.0568468 -0.159286 0)
(0.120787 -0.204922 0)
(0.15688 -0.239975 0)
(0.167483 -0.24381 0)
(0.166621 -0.216812 0)
(0.166043 -0.179925 0)
(0.167855 -0.144218 0)
(0.17175 -0.114341 0)
(0.177324 -0.0927016 0)
(0.18387 -0.0787519 0)
(0.191682 -0.0707757 0)
(0.201734 -0.066781 0)
(0.215216 -0.0648835 0)
(0.233472 -0.0642097 0)
(0.257291 -0.0659667 0)
(0.286426 -0.0730727 0)
(0.31682 -0.0913238 0)
(0.344057 -0.116687 0)
(-0.0133636 0.474426 0)
(-0.0130954 0.335453 0)
(-0.0345396 0.117691 0)
(0.00112923 -0.0516487 0)
(0.0170024 -0.148016 0)
(0.0609899 -0.212426 0)
(0.110023 -0.256948 0)
(0.143118 -0.271597 0)
(0.155183 -0.25735 0)
(0.153849 -0.223372 0)
(0.149234 -0.183486 0)
(0.147027 -0.147558 0)
(0.148952 -0.119814 0)
(0.155067 -0.101305 0)
(0.164721 -0.0907553 0)
(0.177299 -0.0859738 0)
(0.192415 -0.0849096 0)
(0.209886 -0.0860965 0)
(0.229718 -0.088996 0)
(0.251795 -0.0942071 0)
(0.27551 -0.103055 0)
(0.298963 -0.11731 0)
(0.319776 -0.136324 0)
(0.00986224 0.449658 0)
(0.0254489 0.342303 0)
(0.010809 0.115329 0)
(0.00557332 -0.0550466 0)
(0.0314984 -0.184783 0)
(0.0746901 -0.266137 0)
(0.111937 -0.29639 0)
(0.131996 -0.287818 0)
(0.135338 -0.256285 0)
(0.13 -0.216031 0)
(0.124435 -0.177486 0)
(0.1234 -0.146371 0)
(0.12814 -0.124278 0)
(0.138067 -0.110635 0)
(0.151911 -0.103824 0)
(0.168401 -0.101924 0)
(0.186558 -0.103235 0)
(0.205744 -0.10655 0)
(0.225578 -0.111334 0)
(0.245718 -0.117766 0)
(0.265609 -0.126515 0)
(0.28418 -0.138402 0)
(0.300214 -0.153468 0)
(0.000692157 0.426926 0)
(0.00944917 0.328696 0)
(-0.00653624 0.12013 0)
(0.0026108 -0.0743179 0)
(0.0420557 -0.228519 0)
(0.0809354 -0.307693 0)
(0.106384 -0.320761 0)
(0.115343 -0.294222 0)
(0.11284 -0.252279 0)
(0.10692 -0.210433 0)
(0.103934 -0.176055 0)
(0.106777 -0.151233 0)
(0.115634 -0.135297 0)
(0.12933 -0.126541 0)
(0.146257 -0.123032 0)
(0.164913 -0.123004 0)
(0.184165 -0.125108 0)
(0.203293 -0.128522 0)
(0.221895 -0.132966 0)
(0.239705 -0.138618 0)
(0.256405 -0.145905 0)
(0.271427 -0.155254 0)
(0.284167 -0.166718 0)
(-0.017376 0.437555 0)
(-0.0248733 0.331713 0)
(-0.0326471 0.11531 0)
(0.00296239 -0.113241 0)
(0.0466707 -0.274137 0)
(0.0801607 -0.340209 0)
(0.096344 -0.334259 0)
(0.0977731 -0.293447 0)
(0.0926505 -0.246221 0)
(0.0886321 -0.206618 0)
(0.0899365 -0.178323 0)
(0.09751 -0.160232 0)
(0.1104 -0.149883 0)
(0.126932 -0.144893 0)
(0.145402 -0.143359 0)
(0.164435 -0.143915 0)
(0.183113 -0.145704 0)
(0.200939 -0.148321 0)
(0.217695 -0.151719 0)
(0.233264 -0.156089 0)
(0.247491 -0.161716 0)
(0.26004 -0.168832 0)
(0.270573 -0.177446 0)
(-0.0273676 0.474075 0)
(-0.0424107 0.343099 0)
(-0.0369274 0.0920154 0)
(0.00866213 -0.159837 0)
(0.0501131 -0.316113 0)
(0.0764579 -0.363349 0)
(0.0848989 -0.339102 0)
(0.0819625 -0.288911 0)
(0.0772195 -0.241659 0)
(0.0769387 -0.207515 0)
(0.0830517 -0.186173 0)
(0.0948198 -0.17411 0)
(0.110502 -0.167903 0)
(0.128287 -0.165098 0)
(0.146709 -0.164166 0)
(0.164782 -0.164268 0)
(0.181967 -0.165032 0)
(0.198047 -0.166387 0)
(0.212968 -0.16844 0)
(0.226693 -0.171371 0)
(0.239121 -0.17535 0)
(0.250007 -0.180468 0)
(0.259126 -0.186673 0)
(-0.0243468 0.513499 0)
(-0.0365136 0.350584 0)
(-0.0251504 0.0621959 0)
(0.0192101 -0.204533 0)
(0.0544373 -0.350963 0)
(0.072663 -0.377931 0)
(0.075082 -0.338448 0)
(0.0705368 -0.283906 0)
(0.0681738 -0.240516 0)
(0.072119 -0.213313 0)
(0.0822566 -0.198425 0)
(0.0967319 -0.190858 0)
(0.113522 -0.187029 0)
(0.131046 -0.184912 0)
(0.148296 -0.183568 0)
(0.164751 -0.182686 0)
(0.180224 -0.182259 0)
(0.194687 -0.182397 0)
(0.208149 -0.183233 0)
(0.220566 -0.184875 0)
(0.231819 -0.187379 0)
(0.241681 -0.190743 0)
(0.249974 -0.194886 0)
(-0.0110513 0.53914 0)
(-0.01961 0.354243 0)
(-0.00746055 0.0338621 0)
(0.0321763 -0.243439 0)
(0.0594683 -0.377276 0)
(0.0702457 -0.385214 0)
(0.0686284 -0.334876 0)
(0.0644958 -0.280508 0)
(0.0653399 -0.243399 0)
(0.0729304 -0.223242 0)
(0.0856418 -0.213511 0)
(0.101142 -0.208716 0)
(0.117592 -0.205765 0)
(0.133886 -0.203356 0)
(0.14952 -0.201166 0)
(0.164352 -0.199271 0)
(0.178394 -0.197839 0)
(0.191675 -0.197003 0)
(0.204169 -0.196835 0)
(0.215778 -0.197351 0)
(0.226345 -0.198531 0)
(0.235647 -0.200323 0)
(0.243533 -0.202649 0)
(0.00326861 0.544742 0)
(-0.00440475 0.356025 0)
(0.0104044 0.00754041 0)
(0.0445009 -0.276073 0)
(0.064784 -0.395608 0)
(0.0696674 -0.387223 0)
(0.0659542 -0.330617 0)
(0.0634843 -0.279801 0)
(0.0674609 -0.249871 0)
(0.0775742 -0.235824 0)
(0.0913598 -0.22962 0)
(0.106565 -0.226106 0)
(0.121832 -0.223072 0)
(0.13659 -0.219992 0)
(0.150726 -0.217001 0)
(0.164301 -0.214357 0)
(0.177368 -0.212231 0)
(0.189913 -0.210684 0)
(0.201843 -0.2097 0)
(0.213008 -0.209228 0)
(0.223228 -0.209206 0)
(0.232282 -0.209568 0)
(0.240024 -0.210242 0)
(0.00876218 0.537197 0)
(0.00372563 0.352662 0)
(0.0249198 -0.0192511 0)
(0.0544507 -0.303325 0)
(0.0696266 -0.407675 0)
(0.070689 -0.386113 0)
(0.0665424 -0.327187 0)
(0.0662836 -0.281961 0)
(0.0727959 -0.258969 0)
(0.0842652 -0.249617 0)
(0.0980016 -0.24545 0)
(0.112193 -0.242225 0)
(0.126056 -0.238729 0)
(0.139449 -0.235048 0)
(0.152472 -0.23155 0)
(0.16522 -0.228485 0)
(0.177697 -0.225933 0)
(0.189819 -0.223861 0)
(0.201443 -0.222189 0)
(0.212395 -0.22083 0)
(0.222486 -0.219703 0)
(0.231494 -0.218734 0)
(0.239248 -0.21784 0)
(0.00692992 0.527435 0)
(0.0072396 0.340884 0)
(0.034917 -0.0480531 0)
(0.0624198 -0.327027 0)
(0.0740893 -0.415646 0)
(0.0730424 -0.383721 0)
(0.0695603 -0.325396 0)
(0.0715122 -0.286633 0)
(0.0797782 -0.269672 0)
(0.0916717 -0.26356 0)
(0.104718 -0.260314 0)
(0.117693 -0.256893 0)
(0.130313 -0.252957 0)
(0.142694 -0.248952 0)
(0.154981 -0.245262 0)
(0.167219 -0.24203 0)
(0.179343 -0.239227 0)
(0.191226 -0.236753 0)
(0.202711 -0.234495 0)
(0.213619 -0.232344 0)
(0.223757 -0.230203 0)
(0.232894 -0.227972 0)
(0.240812 -0.225546 0)
(0.00328732 0.519018 0)
(0.0106948 0.321491 0)
(0.0431735 -0.0784383 0)
(0.0697606 -0.348442 0)
(0.0788227 -0.421134 0)
(0.0766281 -0.381153 0)
(0.0742692 -0.325402 0)
(0.0780695 -0.293196 0)
(0.0873232 -0.281112 0)
(0.0989989 -0.27701 0)
(0.111084 -0.274001 0)
(0.122928 -0.270279 0)
(0.134591 -0.266124 0)
(0.146277 -0.262089 0)
(0.158091 -0.258448 0)
(0.170008 -0.255214 0)
(0.181926 -0.252282 0)
(0.193709 -0.249517 0)
(0.205208 -0.246784 0)
(0.216249 -0.243956 0)
(0.226636 -0.240906 0)
(0.236131 -0.237486 0)
(0.24446 -0.233565 0)
(0.00158491 0.509788 0)
(0.0166648 0.296984 0)
(0.0524838 -0.109845 0)
(0.0781694 -0.368034 0)
(0.0845899 -0.424785 0)
(0.0814238 -0.378713 0)
(0.0801287 -0.326909 0)
(0.0852307 -0.300953 0)
(0.0948056 -0.29262 0)
(0.105854 -0.289623 0)
(0.116921 -0.286541 0)
(0.127819 -0.28264 0)
(0.138783 -0.278537 0)
(0.149999 -0.274714 0)
(0.161504 -0.271289 0)
(0.17323 -0.268179 0)
(0.185068 -0.265236 0)
(0.1969 -0.262312 0)
(0.20859 -0.25925 0)
(0.219975 -0.255892 0)
(0.230867 -0.25208 0)
(0.241028 -0.247592 0)
(0.25016 -0.242283 0)
(0.00241924 0.496137 0)
(0.0254284 0.268389 0)
(0.0643551 -0.141808 0)
(0.0886063 -0.385448 0)
(0.0917161 -0.426355 0)
(0.0872622 -0.376125 0)
(0.0866955 -0.329393 0)
(0.0925168 -0.309241 0)
(0.101876 -0.303697 0)
(0.112058 -0.301239 0)
(0.122161 -0.298053 0)
(0.132305 -0.294213 0)
(0.142766 -0.29042 0)
(0.153664 -0.286993 0)
(0.164978 -0.283919 0)
(0.176629 -0.281058 0)
(0.188523 -0.278248 0)
(0.200562 -0.275329 0)
(0.212632 -0.27212 0)
(0.22459 -0.268429 0)
(0.236278 -0.264065 0)
(0.247475 -0.258726 0)
(0.257916 -0.25226 0)
(0.00457949 0.475564 0)
(0.035853 0.234625 0)
(0.0785581 -0.174307 0)
(0.100719 -0.399911 0)
(0.0997746 -0.425171 0)
(0.0936835 -0.372937 0)
(0.0935004 -0.332334 0)
(0.0995382 -0.317507 0)
(0.108295 -0.314003 0)
(0.117514 -0.311822 0)
(0.126768 -0.308694 0)
(0.136333 -0.305193 0)
(0.146439 -0.301931 0)
(0.157128 -0.299053 0)
(0.168351 -0.296459 0)
(0.180035 -0.293991 0)
(0.192109 -0.291479 0)
(0.204501 -0.288758 0)
(0.217122 -0.285619 0)
(0.22987 -0.281853 0)
(0.242642 -0.277236 0)
(0.255249 -0.271392 0)
(0.26755 -0.264156 0)
(0.00670907 0.447467 0)
(0.0465464 0.193516 0)
(0.0936213 -0.207624 0)
(0.113047 -0.410645 0)
(0.107706 -0.42069 0)
(0.0999838 -0.368902 0)
(0.100016 -0.335378 0)
(0.105916 -0.325362 0)
(0.113854 -0.32336 0)
(0.122138 -0.321435 0)
(0.130696 -0.318633 0)
(0.139835 -0.315741 0)
(0.149695 -0.313192 0)
(0.160261 -0.310997 0)
(0.171473 -0.309016 0)
(0.183277 -0.307094 0)
(0.195623 -0.305062 0)
(0.208475 -0.302752 0)
(0.221772 -0.299942 0)
(0.235486 -0.296425 0)
(0.249574 -0.291946 0)
(0.263917 -0.286089 0)
(0.278573 -0.278651 0)
(0.00809041 0.412703 0)
(0.0567842 0.143762 0)
(0.107703 -0.241685 0)
(0.123693 -0.417096 0)
(0.114239 -0.412897 0)
(0.105409 -0.364191 0)
(0.105713 -0.338401 0)
(0.111287 -0.332602 0)
(0.118358 -0.33175 0)
(0.125834 -0.330224 0)
(0.133868 -0.328044 0)
(0.142708 -0.325985 0)
(0.152403 -0.324294 0)
(0.162906 -0.322902 0)
(0.17416 -0.321666 0)
(0.186137 -0.320446 0)
(0.198805 -0.319081 0)
(0.212176 -0.317409 0)
(0.226217 -0.315222 0)
(0.241004 -0.312323 0)
(0.256528 -0.308449 0)
(0.272813 -0.303196 0)
(0.290114 -0.296305 0)
(0.00902424 0.372438 0)
(0.0666376 0.0859507 0)
(0.119228 -0.275651 0)
(0.131034 -0.418977 0)
(0.11835 -0.402426 0)
(0.109365 -0.359371 0)
(0.11014 -0.341463 0)
(0.115336 -0.339183 0)
(0.121631 -0.339285 0)
(0.128495 -0.338382 0)
(0.136172 -0.337086 0)
(0.144812 -0.336025 0)
(0.1544 -0.335301 0)
(0.164876 -0.334817 0)
(0.176201 -0.33445 0)
(0.188368 -0.33408 0)
(0.201369 -0.333568 0)
(0.215267 -0.332768 0)
(0.230058 -0.331507 0)
(0.245925 -0.329607 0)
(0.262863 -0.326825 0)
(0.281105 -0.322826 0)
(0.300976 -0.317314 0)
(0.0106902 0.327309 0)
(0.076088 0.0217796 0)
(0.12718 -0.307765 0)
(0.134154 -0.416288 0)
(0.119539 -0.390455 0)
(0.111514 -0.355202 0)
(0.112978 -0.344704 0)
(0.117837 -0.345188 0)
(0.123546 -0.346163 0)
(0.130014 -0.346115 0)
(0.137477 -0.345893 0)
(0.145994 -0.345934 0)
(0.155512 -0.346254 0)
(0.16598 -0.346764 0)
(0.177379 -0.347376 0)
(0.189725 -0.347993 0)
(0.203038 -0.34851 0)
(0.217424 -0.348805 0)
(0.232908 -0.348756 0)
(0.249762 -0.3482 0)
(0.267958 -0.346956 0)
(0.287973 -0.344772 0)
(0.309973 -0.341378 0)
(0.0142196 0.277088 0)
(0.0842357 -0.0453752 0)
(0.130879 -0.335844 0)
(0.132832 -0.409526 0)
(0.117844 -0.378499 0)
(0.111764 -0.35239 0)
(0.114044 -0.348256 0)
(0.118672 -0.350779 0)
(0.12403 -0.352627 0)
(0.130305 -0.353616 0)
(0.137669 -0.354573 0)
(0.146114 -0.355764 0)
(0.155584 -0.357173 0)
(0.166046 -0.358746 0)
(0.177502 -0.360428 0)
(0.189992 -0.362154 0)
(0.203565 -0.363856 0)
(0.218356 -0.365442 0)
(0.234423 -0.366844 0)
(0.252079 -0.367918 0)
(0.271299 -0.368568 0)
(0.292754 -0.368618 0)
(0.316316 -0.367893 0)
(0.0196745 0.221291 0)
(0.0899296 -0.112131 0)
(0.129999 -0.358069 0)
(0.127436 -0.399785 0)
(0.113708 -0.368097 0)
(0.110194 -0.351395 0)
(0.113295 -0.352203 0)
(0.117835 -0.356159 0)
(0.123076 -0.358915 0)
(0.129321 -0.361041 0)
(0.136665 -0.3632 0)
(0.14507 -0.365543 0)
(0.154497 -0.368065 0)
(0.164938 -0.370746 0)
(0.176416 -0.373569 0)
(0.188992 -0.376503 0)
(0.202742 -0.379515 0)
(0.21781 -0.382549 0)
(0.234294 -0.385581 0)
(0.252505 -0.388505 0)
(0.272461 -0.391312 0)
(0.29492 -0.393894 0)
(0.319544 -0.396226 0)
(0.0259039 0.160342 0)
(0.0922485 -0.175223 0)
(0.124567 -0.373506 0)
(0.118773 -0.388732 0)
(0.107764 -0.360496 0)
(0.106974 -0.352353 0)
(0.110812 -0.356584 0)
(0.115421 -0.361533 0)
(0.120737 -0.365223 0)
(0.127061 -0.368496 0)
(0.134427 -0.371818 0)
(0.142803 -0.375284 0)
(0.152176 -0.378914 0)
(0.162562 -0.382727 0)
(0.174007 -0.386738 0)
(0.186585 -0.390947 0)
(0.200393 -0.395354 0)
(0.215571 -0.399941 0)
(0.232251 -0.40472 0)
(0.250718 -0.409643 0)
(0.271062 -0.414777 0)
(0.294006 -0.42009 0)
(0.319192 -0.425725 0)
(0.0312939 0.0960911 0)
(0.090801 -0.231858 0)
(0.11518 -0.382409 0)
(0.107974 -0.378316 0)
(0.100651 -0.356383 0)
(0.102326 -0.355108 0)
(0.106784 -0.361413 0)
(0.111601 -0.367076 0)
(0.117117 -0.371682 0)
(0.123569 -0.376035 0)
(0.130967 -0.38044 0)
(0.139301 -0.384973 0)
(0.148589 -0.389686 0)
(0.158869 -0.39463 0)
(0.170202 -0.399844 0)
(0.18267 -0.405358 0)
(0.196379 -0.411198 0)
(0.211462 -0.417382 0)
(0.228072 -0.423957 0)
(0.246454 -0.430945 0)
(0.266767 -0.438477 0)
(0.289605 -0.44659 0)
(0.314733 -0.455585 0)
(0.0346457 0.0313327 0)
(0.0859066 -0.280193 0)
(0.102993 -0.386077 0)
(0.0962673 -0.37026 0)
(0.0928898 -0.35579 0)
(0.0965113 -0.359323 0)
(0.101478 -0.366686 0)
(0.10659 -0.372896 0)
(0.112351 -0.378346 0)
(0.118929 -0.383664 0)
(0.126335 -0.389045 0)
(0.134594 -0.394573 0)
(0.143746 -0.400324 0)
(0.153847 -0.40637 0)
(0.164966 -0.41277 0)
(0.177188 -0.419575 0)
(0.190617 -0.426832 0)
(0.205374 -0.434596 0)
(0.221617 -0.442945 0)
(0.239546 -0.451967 0)
(0.259358 -0.46184 0)
(0.281463 -0.472657 0)
(0.305801 -0.484818 0)
(0.0356757 -0.0313274 0)
(0.0784689 -0.319461 0)
(0.0894397 -0.386374 0)
(0.0846945 -0.365604 0)
(0.084852 -0.358209 0)
(0.0898216 -0.364611 0)
(0.0951943 -0.372381 0)
(0.100616 -0.379026 0)
(0.106598 -0.385205 0)
(0.113255 -0.391347 0)
(0.120621 -0.397591 0)
(0.128748 -0.404029 0)
(0.137695 -0.410752 0)
(0.147526 -0.417844 0)
(0.158313 -0.425376 0)
(0.170135 -0.433413 0)
(0.183089 -0.442021 0)
(0.197282 -0.451285 0)
(0.21286 -0.461312 0)
(0.22997 -0.472238 0)
(0.248811 -0.484257 0)
(0.269591 -0.497511 0)
(0.292412 -0.512401 0)
(0.0347668 -0.0900035 0)
(0.0695964 -0.349873 0)
(0.0758471 -0.385174 0)
(0.0739255 -0.364544 0)
(0.0767723 -0.362849 0)
(0.0825529 -0.370612 0)
(0.0882248 -0.378436 0)
(0.0939001 -0.385423 0)
(0.100023 -0.392193 0)
(0.106683 -0.399019 0)
(0.113939 -0.40601 0)
(0.121861 -0.413263 0)
(0.130518 -0.420874 0)
(0.139976 -0.428929 0)
(0.150303 -0.437506 0)
(0.16157 -0.446679 0)
(0.173862 -0.456529 0)
(0.187269 -0.467161 0)
(0.20191 -0.478701 0)
(0.217882 -0.49131 0)
(0.235348 -0.505169 0)
(0.254345 -0.520463 0)
(0.275066 -0.537489 0)
(0.032529 -0.143548 0)
(0.0602833 -0.372321 0)
(0.0631654 -0.383951 0)
(0.0642358 -0.366598 0)
(0.0688023 -0.368885 0)
(0.0749752 -0.377018 0)
(0.080821 -0.384738 0)
(0.0866384 -0.391979 0)
(0.0927909 -0.399205 0)
(0.0993592 -0.406584 0)
(0.106418 -0.41421 0)
(0.114049 -0.422177 0)
(0.122321 -0.430578 0)
(0.131297 -0.439494 0)
(0.141039 -0.449004 0)
(0.15161 -0.459189 0)
(0.163078 -0.470141 0)
(0.175517 -0.481972 0)
(0.18901 -0.494815 0)
(0.20361 -0.50883 0)
(0.21942 -0.524171 0)
(0.23638 -0.541041 0)
(0.254671 -0.559608 0)
(0.0296 -0.191324 0)
(0.0513109 -0.38811 0)
(0.051917 -0.383626 0)
(0.0556192 -0.37093 0)
(0.0610468 -0.375611 0)
(0.0673066 -0.383576 0)
(0.07318 -0.391138 0)
(0.0789973 -0.39855 0)
(0.0850517 -0.406112 0)
(0.0914198 -0.413931 0)
(0.0981851 -0.422087 0)
(0.105428 -0.430665 0)
(0.113216 -0.439747 0)
(0.121606 -0.44941 0)
(0.130653 -0.459731 0)
(0.140411 -0.470792 0)
(0.150933 -0.482689 0)
(0.162275 -0.495533 0)
(0.174483 -0.50945 0)
(0.187581 -0.524582 0)
(0.201611 -0.541059 0)
(0.216484 -0.559065 0)
(0.232302 -0.578685 0)
(0.0263735 -0.233126 0)
(0.0431253 -0.398638 0)
(0.0422964 -0.384587 0)
(0.047941 -0.376643 0)
(0.053576 -0.382495 0)
(0.0596972 -0.390067 0)
(0.0654394 -0.397464 0)
(0.0711023 -0.404976 0)
(0.0769245 -0.412778 0)
(0.082978 -0.420939 0)
(0.0893458 -0.429527 0)
(0.0961035 -0.438612 0)
(0.103312 -0.448266 0)
(0.111022 -0.45856 0)
(0.119284 -0.469567 0)
(0.128142 -0.481367 0)
(0.137637 -0.494052 0)
(0.147806 -0.507725 0)
(0.158669 -0.522499 0)
(0.170234 -0.538491 0)
(0.182496 -0.555812 0)
(0.195382 -0.574602 0)
(0.208905 -0.594927 0)
(0.0230968 -0.269177 0)
(0.0358982 -0.405171 0)
(0.0342365 -0.386791 0)
(0.0410352 -0.382952 0)
(0.046426 -0.38916 0)
(0.0522273 -0.396298 0)
(0.0576786 -0.403539 0)
(0.0630343 -0.411093 0)
(0.0684913 -0.419059 0)
(0.0741149 -0.42748 0)
(0.0799813 -0.436409 0)
(0.0861585 -0.445906 0)
(0.0927006 -0.45603 0)
(0.0996546 -0.466846 0)
(0.107063 -0.478421 0)
(0.114962 -0.490831 0)
(0.123384 -0.504159 0)
(0.13235 -0.518497 0)
(0.141868 -0.533944 0)
(0.151934 -0.550593 0)
(0.162528 -0.568538 0)
(0.173593 -0.587878 0)
(0.185097 -0.608679 0)
(0.0199359 -0.299914 0)
(0.02962 -0.408801 0)
(0.0275061 -0.38993 0)
(0.03474 -0.389274 0)
(0.0395979 -0.395376 0)
(0.0449183 -0.402125 0)
(0.0499279 -0.409221 0)
(0.0548349 -0.41678 0)
(0.0598017 -0.424852 0)
(0.0648857 -0.433466 0)
(0.0701537 -0.442661 0)
(0.0756649 -0.452485 0)
(0.0814675 -0.462989 0)
(0.0876028 -0.47423 0)
(0.0941073 -0.486269 0)
(0.101011 -0.499175 0)
(0.108338 -0.513022 0)
(0.116102 -0.527892 0)
(0.124305 -0.543867 0)
(0.132941 -0.561026 0)
(0.141988 -0.579445 0)
(0.151405 -0.599195 0)
(0.161151 -0.620337 0)
(0.0169516 -0.325894 0)
(0.0241788 -0.410436 0)
(0.021827 -0.393608 0)
(0.0288893 -0.395231 0)
(0.033059 -0.40103 0)
(0.037753 -0.407463 0)
(0.0421875 -0.414432 0)
(0.0465226 -0.421973 0)
(0.050889 -0.430112 0)
(0.0553371 -0.438866 0)
(0.0599229 -0.448265 0)
(0.0646968 -0.458346 0)
(0.0697002 -0.469153 0)
(0.0749691 -0.480734 0)
(0.0805341 -0.493147 0)
(0.0864199 -0.506452 0)
(0.0926449 -0.520716 0)
(0.0992201 -0.536009 0)
(0.106148 -0.552402 0)
(0.113421 -0.569963 0)
(0.121025 -0.588754 0)
(0.128928 -0.608828 0)
(0.137102 -0.630235 0)
(0.0140811 -0.347546 0)
(0.0193869 -0.410666 0)
(0.0169526 -0.397369 0)
(0.023335 -0.400489 0)
(0.0267596 -0.405957 0)
(0.0307053 -0.412151 0)
(0.0344546 -0.419012 0)
(0.0381174 -0.426527 0)
(0.0417944 -0.434708 0)
(0.0455288 -0.443564 0)
(0.0493656 -0.453117 0)
(0.0533459 -0.463397 0)
(0.0575043 -0.47444 0)
(0.0618706 -0.486291 0)
(0.0664702 -0.499 0)
(0.0713235 -0.512621 0)
(0.076446 -0.527214 0)
(0.0818472 -0.542841 0)
(0.0875303 -0.559565 0)
(0.0934912 -0.577443 0)
(0.0997207 -0.596527 0)
(0.106197 -0.616863 0)
(0.112909 -0.638485 0)
(0.0111941 -0.364901 0)
(0.0150178 -0.409625 0)
(0.0126942 -0.40054 0)
(0.0179784 -0.404515 0)
(0.020652 -0.409726 0)
(0.0237592 -0.415753 0)
(0.0267393 -0.422531 0)
(0.0296548 -0.430024 0)
(0.0325758 -0.438234 0)
(0.0355379 -0.447166 0)
(0.0385752 -0.456836 0)
(0.0417191 -0.467269 0)
(0.0449971 -0.478497 0)
(0.0484329 -0.490559 0)
(0.0520472 -0.503501 0)
(0.0558568 -0.517372 0)
(0.0598746 -0.532226 0)
(0.0641092 -0.548121 0)
(0.0685642 -0.56511 0)
(0.0732387 -0.583247 0)
(0.0781285 -0.602577 0)
(0.0832226 -0.62314 0)
(0.0885216 -0.644966 0)
(0.0082142 -0.377752 0)
(0.0108837 -0.407225 0)
(0.00889597 -0.402386 0)
(0.0127584 -0.406743 0)
(0.0146835 -0.411815 0)
(0.0169014 -0.417743 0)
(0.0190553 -0.424467 0)
(0.0211709 -0.431947 0)
(0.023289 -0.440181 0)
(0.0254357 -0.449171 0)
(0.0276348 -0.458931 0)
(0.0299083 -0.469482 0)
(0.0322763 -0.480854 0)
(0.0347568 -0.493084 0)
(0.0373654 -0.506213 0)
(0.040115 -0.520289 0)
(0.0430157 -0.535362 0)
(0.0460744 -0.551485 0)
(0.0492949 -0.568709 0)
(0.0526785 -0.587085 0)
(0.0562246 -0.606657 0)
(0.0599305 -0.627467 0)
(0.0638024 -0.649546 0)
(0.00518232 -0.386733 0)
(0.00683681 -0.404533 0)
(0.00534744 -0.403415 0)
(0.00762396 -0.407871 0)
(0.00879101 -0.412911 0)
(0.0101102 -0.418795 0)
(0.0114072 -0.425491 0)
(0.0126879 -0.432969 0)
(0.0139704 -0.441223 0)
(0.01527 -0.450256 0)
(0.0166005 -0.460081 0)
(0.0179748 -0.470718 0)
(0.0194054 -0.482196 0)
(0.0209038 -0.494548 0)
(0.0224796 -0.507816 0)
(0.024141 -0.522045 0)
(0.0258941 -0.537284 0)
(0.0277435 -0.553584 0)
(0.0296919 -0.570995 0)
(0.0317407 -0.589566 0)
(0.03389 -0.609344 0)
(0.03614 -0.630374 0)
(0.0384962 -0.65269 0)
(0.00199398 -0.393987 0)
(0.00255712 -0.405061 0)
(0.00179461 -0.406343 0)
(0.00253428 -0.410789 0)
(0.0029262 -0.415834 0)
(0.00336281 -0.421706 0)
(0.00379355 -0.428386 0)
(0.00422073 -0.435857 0)
(0.00464855 -0.444113 0)
(0.0050816 -0.453157 0)
(0.00552413 -0.463001 0)
(0.00598033 -0.473664 0)
(0.00645439 -0.485171 0)
(0.00695019 -0.497556 0)
(0.00747077 -0.510858 0)
(0.00801829 -0.525119 0)
(0.00859456 -0.540385 0)
(0.00920103 -0.556705 0)
(0.00983812 -0.574124 0)
(0.0105052 -0.592688 0)
(0.0112014 -0.612443 0)
(0.0119263 -0.633425 0)
(0.0126805 -0.655669 0)
(-0.129177 -0.0455353 0)
(0.00353702 -0.0527279 0)
(0.113836 -0.0608946 0)
(0.212957 -0.0307583 0)
(0.103577 -0.209144 0)
(0.125944 -0.182469 0)
(0.270331 -0.165683 0)
(0.45482 -0.233909 0)
(0.510554 -0.085671 0)
(0.488994 -0.195647 0)
(0.476332 -0.32735 0)
(0.472454 -0.33617 0)
(0.486969 -0.153401 0)
(0.494468 -0.208858 0)
(0.464194 -0.23838 0)
(0.43026 -0.261851 0)
(0.407548 -0.124424 0)
(0.412786 -0.187347 0)
(0.398427 -0.238991 0)
(0.383948 -0.27331 0)
(0.366539 -0.152614 0)
(0.377722 -0.194225 0)
(0.373677 -0.228457 0)
(0.361388 -0.255818 0)
(0.336451 -0.161653 0)
(0.345249 -0.19231 0)
(0.343307 -0.221801 0)
(0.334334 -0.247102 0)
(0.312874 -0.172895 0)
(0.320085 -0.195818 0)
(0.319729 -0.218236 0)
(0.313372 -0.238165 0)
(0.294199 -0.181164 0)
(0.30016 -0.198037 0)
(0.300416 -0.214919 0)
(0.295824 -0.230443 0)
(0.278874 -0.188169 0)
(0.283998 -0.200629 0)
(0.284708 -0.213169 0)
(0.281564 -0.224717 0)
(0.266388 -0.194336 0)
(0.271103 -0.203212 0)
(0.272328 -0.212175 0)
(0.270405 -0.220312 0)
(0.256691 -0.200007 0)
(0.261315 -0.206003 0)
(0.263133 -0.212085 0)
(0.262212 -0.217442 0)
(0.250049 -0.205584 0)
(0.254784 -0.209157 0)
(0.257139 -0.212743 0)
(0.256841 -0.215826 0)
(0.246517 -0.211212 0)
(0.251377 -0.212613 0)
(0.253983 -0.213831 0)
(0.253779 -0.215057 0)
(0.245802 -0.216933 0)
(0.250709 -0.216167 0)
(0.253181 -0.214899 0)
(0.252566 -0.214369 0)
(0.247565 -0.222742 0)
(0.252521 -0.219608 0)
(0.254682 -0.215572 0)
(0.253321 -0.212695 0)
(0.251738 -0.228803 0)
(0.257025 -0.223016 0)
(0.259248 -0.21583 0)
(0.257075 -0.209086 0)
(0.258508 -0.235559 0)
(0.264773 -0.226931 0)
(0.268145 -0.216154 0)
(0.265404 -0.203691 0)
(0.268018 -0.243716 0)
(0.276232 -0.232303 0)
(0.282358 -0.217482 0)
(0.27967 -0.198437 0)
(0.280113 -0.254147 0)
(0.291498 -0.240337 0)
(0.302146 -0.221223 0)
(0.301169 -0.19675 0)
(0.294221 -0.267856 0)
(0.310233 -0.252551 0)
(0.327049 -0.229883 0)
(0.332188 -0.203047 0)
(0.309273 -0.285824 0)
(0.33132 -0.270744 0)
(0.35543 -0.247553 0)
(0.374876 -0.222144 0)
(0.323708 -0.308496 0)
(0.352185 -0.296101 0)
(0.38348 -0.27753 0)
(0.424511 -0.255925 0)
(0.335967 -0.33535 0)
(0.369411 -0.328001 0)
(0.406598 -0.317669 0)
(0.464486 -0.299616 0)
(0.345062 -0.365317 0)
(0.381151 -0.364412 0)
(0.422849 -0.361684 0)
(0.481769 -0.345398 0)
(0.350327 -0.397519 0)
(0.387665 -0.4032 0)
(0.432123 -0.406535 0)
(0.487008 -0.388307 0)
(0.350963 -0.431236 0)
(0.388897 -0.442636 0)
(0.43322 -0.452501 0)
(0.487291 -0.433966 0)
(0.34621 -0.465441 0)
(0.383689 -0.481328 0)
(0.425638 -0.498048 0)
(0.477473 -0.48924 0)
(0.335719 -0.498785 0)
(0.371405 -0.51813 0)
(0.409933 -0.540943 0)
(0.456835 -0.546832 0)
(0.319741 -0.529909 0)
(0.352366 -0.552053 0)
(0.386811 -0.579523 0)
(0.427077 -0.598511 0)
(0.299198 -0.557748 0)
(0.327807 -0.582178 0)
(0.357623 -0.612459 0)
(0.39019 -0.640213 0)
(0.275478 -0.581761 0)
(0.299692 -0.607884 0)
(0.324678 -0.639292 0)
(0.349985 -0.67154 0)
(0.250023 -0.601967 0)
(0.270077 -0.62915 0)
(0.290624 -0.660606 0)
(0.310099 -0.694468 0)
(0.223938 -0.618795 0)
(0.240495 -0.646517 0)
(0.25737 -0.677555 0)
(0.27263 -0.711436 0)
(0.197847 -0.632839 0)
(0.211661 -0.66077 0)
(0.22565 -0.691311 0)
(0.238083 -0.724466 0)
(0.171946 -0.644682 0)
(0.183603 -0.672675 0)
(0.195344 -0.70282 0)
(0.205949 -0.735121 0)
(0.146172 -0.654742 0)
(0.156016 -0.682778 0)
(0.165947 -0.712695 0)
(0.175271 -0.74441 0)
(0.120386 -0.66315 0)
(0.128574 -0.69127 0)
(0.136921 -0.721137 0)
(0.145114 -0.752641 0)
(0.0944583 -0.669816 0)
(0.101024 -0.69811 0)
(0.107815 -0.728121 0)
(0.114749 -0.759763 0)
(0.0681639 -0.674675 0)
(0.0730285 -0.703307 0)
(0.0781236 -0.733705 0)
(0.0834698 -0.765829 0)
(0.0411551 -0.67809 0)
(0.0441272 -0.707062 0)
(0.0472536 -0.737858 0)
(0.050571 -0.770473 0)
(0.0135228 -0.680952 0)
(0.0144514 -0.709756 0)
(0.0154153 -0.740316 0)
(0.0164261 -0.772621 0)
(0.43614 -0.151964 0)
(0.644326 -0.462552 0)
(0.524012 -0.868744 0)
(0.0388082 -0.671285 0)
(0.0560839 -0.590235 0)
(0.017871 -0.62473 0)
(0.0289164 -0.729674 0)
(-0.183554 -0.183744 0)
(0.74596 1.40778 0)
(0.341671 1.97521 0)
(0.00553025 1.36762 0)
(0.441863 0.276697 0)
(0.76171 -1.74388 0)
(0.702743 -2.29057 0)
(0.66185 -2.34175 0)
(0.425525 -2.08688 0)
(0.826337 1.05527 0)
(-0.300602 5.11576 0)
(0.547616 2.12884 0)
(0.571179 -0.43057 0)
(0.548043 -0.749559 0)
(0.329132 -0.809936 0)
(0.140467 -0.57332 0)
(0.0822394 -0.566242 0)
(0.00981304 -0.595741 0)
(-0.0282088 -0.671361 0)
(-0.317612 -0.325594 0)
(0.439762 1.24036 0)
(0.513028 2.05572 0)
(-0.155685 1.49318 0)
(0.620436 -0.355906 0)
(0.875068 -1.72816 0)
(0.770926 -2.23414 0)
(0.695908 -2.24606 0)
(0.315549 -2.02752 0)
(0.777696 1.12623 0)
(-0.383146 5.15189 0)
(0.618464 2.18293 0)
(0.49128 -0.365189 0)
(0.443889 -0.397815 0)
(0.292671 -0.501373 0)
(0.147841 -0.519112 0)
(0.0704168 -0.516429 0)
(-0.00887355 -0.538468 0)
(-0.125468 -0.595581 0)
(-0.424011 -0.324707 0)
(-0.0674365 0.987471 0)
(0.552639 1.96221 0)
(0.555139 1.51644 0)
(0.942067 -0.593765 0)
(1.12188 -1.69907 0)
(0.858024 -2.16202 0)
(0.737334 -2.1573 0)
(0.200239 -1.96009 0)
(0.744198 1.20702 0)
(-0.519874 5.27611 0)
(0.6828 2.2293 0)
(0.406299 -0.31096 0)
(0.361795 -0.416819 0)
(0.272225 -0.493066 0)
(0.166303 -0.476724 0)
(0.073604 -0.45868 0)
(-0.0190582 -0.461461 0)
(-0.17093 -0.487113 0)
(-0.458896 -0.257246 0)
(-0.422706 0.692558 0)
(0.465822 1.59019 0)
(1.20639 1.36438 0)
(1.53104 -0.512329 0)
(1.47298 -1.63847 0)
(0.850674 -2.0461 0)
(0.82877 -2.05645 0)
(0.0627919 -1.80717 0)
(0.734247 1.33552 0)
(-0.641251 5.34917 0)
(0.721751 2.25707 0)
(0.371832 -0.313639 0)
(0.3368 -0.369417 0)
(0.260796 -0.408538 0)
(0.166343 -0.413553 0)
(0.0779859 -0.402505 0)
(-0.0150745 -0.389148 0)
(-0.141949 -0.371717 0)
(-0.361745 -0.174142 0)
(-0.385175 0.376328 0)
(0.408759 0.991855 0)
(1.43206 0.836701 0)
(1.96643 -0.566153 0)
(1.77499 -1.43494 0)
(1.29671 -1.77173 0)
(1.07795 -1.83474 0)
(0.0423333 -1.61337 0)
(0.74437 1.43519 0)
(-0.676559 5.42477 0)
(0.732906 2.24985 0)
(0.342004 -0.288797 0)
(0.304665 -0.332631 0)
(0.243067 -0.364874 0)
(0.167987 -0.368409 0)
(0.0894727 -0.35211 0)
(0.00390915 -0.329264 0)
(-0.0830039 -0.279698 0)
(-0.264029 -0.124103 0)
(-0.0454291 0.147047 0)
(0.428199 0.375286 0)
(1.44678 0.0266491 0)
(1.62621 -0.656858 0)
(1.82616 -1.25957 0)
(1.83911 -1.55073 0)
(1.54885 -1.47814 0)
(0.19577 -1.28651 0)
(0.750154 1.54034 0)
(-0.566477 5.49901 0)
(0.736295 2.23385 0)
(0.317051 -0.274135 0)
(0.284904 -0.305376 0)
(0.235059 -0.325747 0)
(0.172613 -0.325099 0)
(0.102198 -0.30685 0)
(0.0303961 -0.279135 0)
(-0.0408699 -0.219491 0)
(-0.136577 -0.155829 0)
(0.112576 -0.0454445 0)
(0.486415 0.0784599 0)
(0.839275 -0.0371633 0)
(1.2024 -0.550211 0)
(1.83328 -1.27426 0)
(2.25922 -1.44231 0)
(2.07643 -1.05405 0)
(0.511669 -0.786189 0)
(0.733802 1.68245 0)
(-0.458348 5.55494 0)
(0.700505 2.29852 0)
(0.298279 -0.259086 0)
(0.270323 -0.28102 0)
(0.229376 -0.293659 0)
(0.177284 -0.288632 0)
(0.115642 -0.267914 0)
(0.0541039 -0.234235 0)
(-0.0240484 -0.184856 0)
(-0.0352265 -0.176372 0)
(0.0547036 -0.205552 0)
(0.257581 -0.0695481 0)
(0.605436 -0.340279 0)
(1.15145 -1.21332 0)
(1.55021 -1.83943 0)
(2.15664 -1.54724 0)
(2.31905 -0.695878 0)
(0.882196 -0.168521 0)
(0.756304 1.85023 0)
(-0.306135 5.63543 0)
(0.61365 2.37034 0)
(0.28324 -0.246408 0)
(0.259944 -0.261643 0)
(0.227146 -0.267815 0)
(0.183438 -0.257769 0)
(0.130002 -0.232487 0)
(0.0683148 -0.191941 0)
(-0.0103318 -0.156897 0)
(-0.0143786 -0.182285 0)
(0.00305814 -0.250478 0)
(0.00139818 -0.185553 0)
(0.150034 -0.62039 0)
(0.642273 -1.56344 0)
(0.817358 -2.11168 0)
(1.29572 -1.80941 0)
(2.02879 -0.603177 0)
(1.22018 0.44094 0)
(0.856088 2.05899 0)
(-0.145571 5.78855 0)
(0.648446 2.46143 0)
(0.271591 -0.236233 0)
(0.25337 -0.246165 0)
(0.227929 -0.246624 0)
(0.191322 -0.231314 0)
(0.14445 -0.198331 0)
(0.0782357 -0.151016 0)
(0.00716693 -0.121935 0)
(-0.0201931 -0.187525 0)
(0.0294432 -0.248189 0)
(-0.20842 -0.131164 0)
(0.0114579 -0.715453 0)
(0.659438 -1.86296 0)
(0.746323 -2.20471 0)
(0.936629 -2.02366 0)
(1.50418 -0.887221 0)
(1.41336 0.847944 0)
(0.980411 2.31756 0)
(-0.176698 5.97569 0)
(0.921086 2.65446 0)
(0.262984 -0.228312 0)
(0.250267 -0.234432 0)
(0.231538 -0.229796 0)
(0.202249 -0.208797 0)
(0.162685 -0.165908 0)
(0.100732 -0.110224 0)
(0.0339199 -0.0879206 0)
(0.0436941 -0.189018 0)
(0.118234 -0.190907 0)
(-0.383104 -0.101442 0)
(0.328538 -1.1528 0)
(0.688338 -1.99822 0)
(0.701067 -2.23589 0)
(0.795049 -2.06377 0)
(1.04649 -1.35269 0)
(1.21824 0.975949 0)
(0.995079 2.59401 0)
(-0.438035 6.15832 0)
(1.06588 2.80568 0)
(0.257315 -0.223051 0)
(0.250333 -0.226429 0)
(0.237664 -0.216961 0)
(0.21859 -0.192018 0)
(0.197368 -0.141439 0)
(0.161187 -0.0768744 0)
(0.119943 -0.0689284 0)
(0.234569 -0.206345 0)
(0.255405 -0.0841583 0)
(-0.102231 -0.161929 0)
(0.571618 -1.55375 0)
(0.703201 -2.06905 0)
(0.654436 -2.2184 0)
(0.654488 -2.08715 0)
(0.852886 -1.46208 0)
(0.80464 1.1649 0)
(0.880121 2.86846 0)
(-0.629829 6.31048 0)
(1.13269 2.89852 0)
(0.254118 -0.220279 0)
(0.252119 -0.221775 0)
(0.244487 -0.208552 0)
(0.243574 -0.188741 0)
(0.266224 -0.139973 0)
(0.290721 -0.0722423 0)
(0.327123 -0.0972955 0)
(0.530368 -0.265365 0)
(0.343134 -0.0484451 0)
(0.469049 -0.126898 0)
(0.661936 -1.62494 0)
(0.706091 -2.06773 0)
(0.63058 -2.16894 0)
(0.571803 -2.15227 0)
(0.80331 -1.29256 0)
(0.516541 1.49879 0)
(0.78296 3.11624 0)
(-0.693374 6.3761 0)
(1.18651 2.99736 0)
(0.252221 -0.219408 0)
(0.252741 -0.219654 0)
(0.247582 -0.206228 0)
(0.277891 -0.213178 0)
(0.375766 -0.180932 0)
(0.49473 -0.116245 0)
(0.598051 -0.186601 0)
(0.823821 -0.279976 0)
(0.381376 0.015218 0)
(0.608101 -0.41909 0)
(0.749602 -1.64895 0)
(0.722826 -2.04152 0)
(0.642634 -2.11629 0)
(0.594667 -2.26301 0)
(0.72374 -1.35975 0)
(0.244535 1.50117 0)
(0.72735 3.2749 0)
(-0.718563 6.35351 0)
(1.22651 3.10541 0)
(0.250194 -0.218833 0)
(0.248789 -0.218186 0)
(0.239006 -0.211398 0)
(0.31106 -0.283351 0)
(0.505789 -0.277898 0)
(0.701992 -0.211413 0)
(0.828833 -0.251154 0)
(1.02844 -0.235426 0)
(0.546672 0.267643 0)
(0.656337 -0.668131 0)
(0.832707 -1.64448 0)
(0.759011 -2.00696 0)
(0.684976 -2.08189 0)
(0.568681 -2.24755 0)
(0.586648 -1.24793 0)
(0.0139141 1.54678 0)
(0.69931 3.39065 0)
(-0.753469 6.28592 0)
(1.25454 3.21902 0)
(0.247518 -0.21604 0)
(0.238999 -0.213075 0)
(0.205666 -0.216804 0)
(0.308233 -0.403062 0)
(0.603245 -0.42198 0)
(0.827426 -0.326392 0)
(0.970369 -0.304008 0)
(1.0695 -0.218001 0)
(1.06458 0.358539 0)
(0.903908 -0.653794 0)
(0.999398 -1.59518 0)
(0.813147 -1.94449 0)
(0.708259 -2.02695 0)
(0.541149 -2.17813 0)
(0.470927 -1.03996 0)
(-0.0839992 1.58914 0)
(0.643694 3.51415 0)
(-0.855468 6.19305 0)
(1.27338 3.32534 0)
(0.246649 -0.209056 0)
(0.228609 -0.196985 0)
(0.137682 -0.201665 0)
(0.239343 -0.559122 0)
(0.601111 -0.578633 0)
(0.833983 -0.424553 0)
(0.967444 -0.354033 0)
(0.955671 -0.272679 0)
(1.25038 0.210065 0)
(1.52809 -0.535494 0)
(1.40887 -1.56156 0)
(0.865496 -1.80122 0)
(0.693495 -1.94434 0)
(0.573525 -2.00102 0)
(0.413332 -0.877853 0)
(-0.0343764 1.66112 0)
(0.553325 3.68435 0)
(-1.05305 6.06536 0)
(1.28375 3.39839 0)
(0.254203 -0.198612 0)
(0.227982 -0.164013 0)
(0.0665954 -0.16097 0)
(0.17665 -0.780006 0)
(0.467708 -0.780432 0)
(0.667573 -0.515455 0)
(0.723353 -0.381474 0)
(0.653547 -0.298388 0)
(0.968264 -0.105962 0)
(1.3462 -0.674045 0)
(1.30682 -1.32623 0)
(0.925183 -1.54812 0)
(0.699341 -1.83728 0)
(0.568375 -1.84982 0)
(0.430418 -0.930644 0)
(0.122311 1.77351 0)
(0.465349 3.90184 0)
(-1.11948 5.91677 0)
(1.29252 3.4172 0)
(0.277875 -0.187374 0)
(0.235244 -0.114274 0)
(0.0710514 -0.115156 0)
(0.159116 -0.933675 0)
(0.284995 -0.931888 0)
(0.292568 -0.540567 0)
(0.196586 -0.379545 0)
(0.233679 -0.314449 0)
(0.53952 -0.378107 0)
(0.943056 -0.773295 0)
(0.890246 -1.18299 0)
(0.792784 -1.47608 0)
(0.719144 -1.73359 0)
(0.591911 -1.70287 0)
(0.462162 -1.06661 0)
(0.266893 1.86962 0)
(0.36333 4.15856 0)
(-1.05627 5.80398 0)
(1.27661 3.39739 0)
(0.321237 -0.176087 0)
(0.239441 -0.048542 0)
(0.147439 -0.0725035 0)
(0.117806 -0.955696 0)
(0.0229908 -0.889265 0)
(-0.247877 -0.383296 0)
(-0.386057 -0.378083 0)
(-0.175308 -0.430494 0)
(0.314801 -0.593003 0)
(0.676039 -0.817334 0)
(0.659344 -1.1506 0)
(0.722505 -1.49543 0)
(0.752689 -1.69582 0)
(0.679432 -1.58498 0)
(0.508957 -1.05087 0)
(0.301816 2.00698 0)
(0.189071 4.42683 0)
(-1.03021 5.71583 0)
(1.17679 3.34661 0)
(0.381996 -0.164749 0)
(0.253308 0.0315432 0)
(0.219395 -0.0221516 0)
(0.0656455 -0.836905 0)
(-0.30923 -0.608721 0)
(-0.570141 -0.247274 0)
(-0.61849 -0.373984 0)
(-0.307036 -0.637811 0)
(0.127902 -0.950192 0)
(0.394586 -1.02819 0)
(0.597029 -1.24043 0)
(0.745911 -1.53338 0)
(0.849749 -1.70325 0)
(0.852794 -1.47356 0)
(0.576128 -0.901611 0)
(0.236433 2.17865 0)
(-0.157945 4.73219 0)
(-0.904372 5.56709 0)
(0.953986 3.26469 0)
(0.447545 -0.164617 0)
(0.351328 0.115635 0)
(0.313405 -0.0382572 0)
(0.106439 -0.636621 0)
(-0.351466 -0.431413 0)
(-0.416673 -0.144296 0)
(-0.335153 -0.502887 0)
(-0.0868516 -0.971969 0)
(0.207041 -1.1644 0)
(0.414179 -1.16461 0)
(0.661999 -1.3488 0)
(0.937425 -1.62762 0)
(1.12424 -1.73923 0)
(1.19043 -1.36977 0)
(0.58446 -0.51142 0)
(0.071877 2.52961 0)
(-0.641081 5.06533 0)
(-1.03063 5.37084 0)
(0.37518 3.16829 0)
(0.49589 -0.202161 0)
(0.596682 0.153873 0)
(0.556937 0.0139404 0)
(0.379254 -0.419742 0)
(-0.0811603 -0.384659 0)
(-0.0208331 -0.217033 0)
(0.0166502 -0.693182 0)
(0.184977 -1.13564 0)
(0.435508 -1.28196 0)
(0.618526 -1.31646 0)
(1.07352 -1.53711 0)
(1.50816 -1.79716 0)
(1.74567 -1.86943 0)
(1.37871 -1.23259 0)
(0.64941 -0.196114 0)
(-0.113539 2.99799 0)
(-1.01664 5.362 0)
(-1.18239 5.17432 0)
(-0.159983 2.85021 0)
(0.513757 -0.274137 0)
(0.745249 0.0222461 0)
(0.938541 0.0999024 0)
(1.0305 -0.0930604 0)
(0.587571 -0.360143 0)
(0.630754 -0.328338 0)
(0.749109 -0.689293 0)
(1.07548 -1.18143 0)
(1.18214 -1.38042 0)
(1.41937 -1.51458 0)
(2.28703 -1.84701 0)
(2.52463 -1.9834 0)
(2.02313 -1.66613 0)
(1.27991 -0.846776 0)
(0.591238 0.359412 0)
(-0.235742 3.51965 0)
(-1.18703 5.64237 0)
(-1.27963 4.9977 0)
(-0.363267 2.24213 0)
(0.516759 -0.328836 0)
(0.678047 -0.176425 0)
(0.972302 -0.113577 0)
(1.35576 -0.138918 0)
(1.66959 -0.2177 0)
(2.0038 -0.340421 0)
(2.56829 -0.816443 0)
(3.18648 -1.34186 0)
(3.411 -1.52261 0)
(3.60132 -1.87172 0)
(3.55148 -2.04567 0)
(3.09112 -1.73422 0)
(2.19535 -1.12834 0)
(1.17661 -0.352277 0)
(0.595376 0.82096 0)
(-0.294205 4.07062 0)
(-1.19251 5.92546 0)
(-1.24214 4.87799 0)
(-0.273532 1.59484 0)
(0.527354 -0.365858 0)
(0.639807 -0.308561 0)
(0.898706 -0.326709 0)
(1.27327 -0.431512 0)
(1.74169 -0.596566 0)
(2.32429 -0.801411 0)
(2.94347 -1.22092 0)
(3.41266 -1.59668 0)
(3.76769 -1.71276 0)
(3.94131 -1.77203 0)
(3.75332 -1.68048 0)
(3.23691 -1.23254 0)
(2.33092 -0.530314 0)
(1.19329 0.140955 0)
(0.620785 1.27919 0)
(-0.324809 4.61857 0)
(-1.11694 6.1594 0)
(-1.05062 4.69232 0)
(-0.094254 1.117 0)
(0.549051 -0.411041 0)
(0.675385 -0.423961 0)
(0.91553 -0.511355 0)
(1.23965 -0.67513 0)
(1.6255 -0.926428 0)
(2.11299 -1.23358 0)
(2.6581 -1.5834 0)
(3.12281 -1.85197 0)
(3.4345 -1.90609 0)
(3.56127 -1.77151 0)
(3.39316 -1.44749 0)
(2.97534 -0.829908 0)
(2.23777 0.00606783 0)
(1.20849 0.666485 0)
(0.583585 1.78437 0)
(-0.348235 5.15105 0)
(-1.01233 6.30521 0)
(-0.832266 4.45788 0)
(0.0579747 0.744112 0)
(0.561028 -0.477809 0)
(0.709083 -0.537162 0)
(0.918907 -0.671304 0)
(1.17574 -0.86974 0)
(1.50125 -1.16817 0)
(1.9441 -1.5296 0)
(2.45023 -1.86636 0)
(2.89132 -2.06756 0)
(3.1928 -2.02426 0)
(3.28575 -1.73275 0)
(3.07852 -1.23551 0)
(2.65684 -0.479026 0)
(1.99348 0.480994 0)
(1.08197 1.16554 0)
(0.433989 2.24785 0)
(-0.343455 5.62174 0)
(-0.891817 6.3721 0)
(-0.61447 4.23501 0)
(0.137977 0.519534 0)
(0.543723 -0.555855 0)
(0.686622 -0.642842 0)
(0.850377 -0.796263 0)
(1.03923 -1.02425 0)
(1.31092 -1.39644 0)
(1.70413 -1.82793 0)
(2.15316 -2.15821 0)
(2.54542 -2.29406 0)
(2.84041 -2.14847 0)
(2.9334 -1.69176 0)
(2.73286 -1.01107 0)
(2.34564 -0.101006 0)
(1.71229 0.957776 0)
(0.890946 1.61326 0)
(0.225839 2.64868 0)
(-0.307141 5.99356 0)
(-0.746466 6.38411 0)
(-0.412073 4.0396 0)
(0.180663 0.381443 0)
(0.502445 -0.626509 0)
(0.620966 -0.727508 0)
(0.731036 -0.885227 0)
(0.864283 -1.1437 0)
(1.07382 -1.59153 0)
(1.39051 -2.07825 0)
(1.76093 -2.40187 0)
(2.09781 -2.49743 0)
(2.36272 -2.26596 0)
(2.42455 -1.6594 0)
(2.23689 -0.863045 0)
(1.9814 0.138961 0)
(1.42337 1.36308 0)
(0.707974 2.01375 0)
(0.0795787 2.97613 0)
(-0.266149 6.25407 0)
(-0.59295 6.34502 0)
(-0.206923 3.83358 0)
(0.189135 0.319062 0)
(0.44833 -0.681812 0)
(0.536539 -0.786357 0)
(0.595427 -0.939676 0)
(0.678167 -1.2244 0)
(0.800784 -1.73862 0)
(1.02096 -2.27466 0)
(1.30444 -2.60342 0)
(1.58988 -2.66748 0)
(1.76504 -2.35565 0)
(1.76805 -1.61559 0)
(1.62816 -0.735377 0)
(1.49459 0.358974 0)
(1.07746 1.70788 0)
(0.555465 2.33911 0)
(-0.0448056 3.26876 0)
(-0.254285 6.42634 0)
(-0.441578 6.2605 0)
(-0.0599181 3.65605 0)
(0.174648 0.316357 0)
(0.391831 -0.720928 0)
(0.451455 -0.820867 0)
(0.467858 -0.961338 0)
(0.496709 -1.25797 0)
(0.515033 -1.82484 0)
(0.630301 -2.41185 0)
(0.816028 -2.75595 0)
(1.03279 -2.77735 0)
(1.05858 -2.3843 0)
(1.05105 -1.57161 0)
(1.01731 -0.613085 0)
(0.965586 0.550194 0)
(0.707683 1.9616 0)
(0.41722 2.60865 0)
(-0.170752 3.51927 0)
(-0.285873 6.52098 0)
(-0.31432 6.14458 0)
(0.00561881 3.53507 0)
(0.149372 0.342791 0)
(0.339756 -0.746388 0)
(0.375781 -0.835709 0)
(0.363366 -0.953447 0)
(0.338896 -1.24101 0)
(0.255496 -1.84444 0)
(0.257325 -2.48247 0)
(0.331751 -2.84559 0)
(0.453404 -2.81854 0)
(0.398701 -2.36712 0)
(0.42439 -1.57412 0)
(0.505415 -0.571891 0)
(0.512559 0.644562 0)
(0.386999 2.08838 0)
(0.273239 2.82885 0)
(-0.307895 3.73975 0)
(-0.355293 6.53063 0)
(-0.223006 6.01692 0)
(0.0178501 3.44707 0)
(0.133397 0.373007 0)
(0.294538 -0.761827 0)
(0.313861 -0.83817 0)
(0.290875 -0.924725 0)
(0.229361 -1.18074 0)
(0.0617931 -1.79666 0)
(-0.0604259 -2.47757 0)
(-0.110237 -2.86938 0)
(-0.0863489 -2.82267 0)
(-0.0983255 -2.3752 0)
(-0.10511 -1.60462 0)
(0.082436 -0.643852 0)
(0.185668 0.62349 0)
(0.145507 2.09995 0)
(0.101071 2.99843 0)
(-0.459053 3.95099 0)
(-0.465231 6.45836 0)
(-0.18801 5.88212 0)
(0.0237853 3.36602 0)
(0.130945 0.412618 0)
(0.255626 -0.771342 0)
(0.266414 -0.836576 0)
(0.250111 -0.890345 0)
(0.185883 -1.09374 0)
(-0.0357927 -1.68481 0)
(-0.283931 -2.3915 0)
(-0.472292 -2.83152 0)
(-0.533494 -2.81458 0)
(-0.508207 -2.38649 0)
(-0.552516 -1.62624 0)
(-0.358031 -0.664104 0)
(-0.189755 0.619142 0)
(-0.0674059 2.08752 0)
(-0.130441 3.16396 0)
(-0.628447 4.15725 0)
(-0.635802 6.31664 0)
(-0.214194 5.71346 0)
(0.0326829 3.28378 0)
(0.139303 0.463655 0)
(0.22109 -0.77873 0)
(0.230692 -0.837096 0)
(0.228266 -0.868186 0)
(0.202431 -1.00061 0)
(-0.0231664 -1.51784 0)
(-0.377038 -2.22305 0)
(-0.720191 -2.72571 0)
(-0.891991 -2.78072 0)
(-0.899175 -2.39881 0)
(-0.860296 -1.7179 0)
(-0.745956 -0.713181 0)
(-0.493301 0.535141 0)
(-0.308576 2.06455 0)
(-0.424273 3.3319 0)
(-0.82636 4.35022 0)
(-0.86772 6.12515 0)
(-0.296331 5.47966 0)
(0.0350778 3.17309 0)
(0.152425 0.523057 0)
(0.188823 -0.786208 0)
(0.200959 -0.841641 0)
(0.208574 -0.869087 0)
(0.239183 -0.930541 0)
(0.0775808 -1.32652 0)
(-0.320521 -1.97491 0)
(-0.818372 -2.52897 0)
(-1.15793 -2.69549 0)
(-1.22755 -2.40898 0)
(-1.14435 -1.8467 0)
(-0.985218 -0.991437 0)
(-0.764636 0.369037 0)
(-0.584797 2.04215 0)
(-0.714492 3.4521 0)
(-1.05122 4.50931 0)
(-1.0931 5.89399 0)
(-0.405324 5.18339 0)
(0.0196529 3.00932 0)
(0.149123 0.576683 0)
(0.157183 -0.794026 0)
(0.171379 -0.848835 0)
(0.18189 -0.888064 0)
(0.246126 -0.909195 0)
(0.194496 -1.16008 0)
(-0.143169 -1.67552 0)
(-0.733054 -2.22578 0)
(-1.28719 -2.52139 0)
(-1.52039 -2.36995 0)
(-1.50339 -1.86028 0)
(-1.36769 -1.04415 0)
(-1.08834 0.262442 0)
(-0.83992 2.00462 0)
(-0.948221 3.56788 0)
(-1.25349 4.65577 0)
(-1.17835 5.6157 0)
(-0.467975 4.85691 0)
(-0.0218567 2.79335 0)
(0.0877884 0.575407 0)
(0.125032 -0.801614 0)
(0.138649 -0.857026 0)
(0.149135 -0.910013 0)
(0.204944 -0.935053 0)
(0.241935 -1.07074 0)
(0.0558533 -1.39686 0)
(-0.473282 -1.83857 0)
(-1.19644 -2.21482 0)
(-1.68759 -2.26373 0)
(-1.80574 -1.90778 0)
(-1.71664 -1.17101 0)
(-1.43192 0.0958367 0)
(-1.08376 1.91899 0)
(-1.0703 3.72939 0)
(-1.25786 4.72161 0)
(-1.08486 5.3155 0)
(-0.5053 4.57501 0)
(-0.121683 2.57466 0)
(-0.0661864 0.605829 0)
(0.0913726 -0.808686 0)
(0.101983 -0.865674 0)
(0.111381 -0.926295 0)
(0.140507 -0.976605 0)
(0.194844 -1.06526 0)
(0.14888 -1.23168 0)
(-0.151902 -1.4709 0)
(-0.832798 -1.78463 0)
(-1.57544 -1.99024 0)
(-1.98091 -1.866 0)
(-2.02301 -1.30298 0)
(-1.75907 -0.110151 0)
(-1.3763 1.85401 0)
(-1.19896 3.66687 0)
(-1.18123 4.70171 0)
(-1.00689 5.11929 0)
(-0.547225 4.34822 0)
(-0.332147 2.3473 0)
(-0.20633 0.535235 0)
(0.055392 -0.814195 0)
(0.0616644 -0.872575 0)
(0.0677783 -0.935478 0)
(0.0792295 -1.00044 0)
(0.104583 -1.08633 0)
(0.107585 -1.18856 0)
(0.0356122 -1.26307 0)
(-0.315233 -1.37266 0)
(-1.01533 -1.53597 0)
(-1.73286 -1.57164 0)
(-2.153 -1.25477 0)
(-2.03804 -0.246391 0)
(-1.57002 1.80486 0)
(-1.26687 3.58823 0)
(-1.08499 4.64628 0)
(-0.936065 4.96704 0)
(-0.581329 4.22745 0)
(-0.563613 2.23242 0)
(-0.195901 0.411182 0)
(0.0178396 -0.815821 0)
(0.0195545 -0.873194 0)
(0.0212028 -0.934395 0)
(0.0242878 -0.998592 0)
(0.0276071 -1.08098 0)
(0.0263237 -1.1729 0)
(0.0230154 -1.21173 0)
(0.000300786 -1.17882 0)
(-0.19227 -1.14133 0)
(-0.652394 -1.10007 0)
(-1.28697 -0.936803 0)
(-1.75459 -0.372341 0)
(-1.3762 1.16684 0)
(-1.04842 3.25186 0)
(-0.939442 4.53858 0)
(-0.942303 4.91459 0)
(-0.855578 4.21995 0)
(-1.06063 1.66951 0)
(-0.122035 0.0719881 0)
)
;

boundaryField
{
    leftWall
    {
        type            noSlip;
    }
    rightWall
    {
        type            noSlip;
    }
    lowerWall
    {
        type            noSlip;
    }
    atmosphere
    {
        type            pressureInletOutletVelocity;
        value           nonuniform List<vector> 
46
(
(0 -0.393987 0)
(0 -0.405061 0)
(0 -0.406343 0)
(0 -0.410789 0)
(0 -0.415834 0)
(0 -0.421706 0)
(0 -0.428386 0)
(0 -0.435857 0)
(0 -0.444113 0)
(0 -0.453157 0)
(0 -0.463001 0)
(0 -0.473664 0)
(0 -0.485171 0)
(0 -0.497556 0)
(0 -0.510858 0)
(0 -0.525119 0)
(0 -0.540385 0)
(0 -0.556705 0)
(0 -0.574124 0)
(0 -0.592688 0)
(0 -0.612443 0)
(0 -0.633425 0)
(0 -0.655669 0)
(0 -0.680952 0)
(0 -0.709756 0)
(0 -0.740316 0)
(0 -0.772621 0)
(0 -0.815821 0)
(0 -0.873194 0)
(0 -0.934395 0)
(0 -0.998592 0)
(0 -1.08098 0)
(0 -1.1729 0)
(0 -1.21173 0)
(0 -1.17882 0)
(0 -1.14133 0)
(0 -1.10007 0)
(0 -0.936803 0)
(0 -0.372341 0)
(-1.3762 1.16684 0)
(-1.04842 3.25186 0)
(-0.939442 4.53858 0)
(-0.942303 4.91459 0)
(-0.855578 4.21995 0)
(-1.06063 1.66951 0)
(-0.122035 0.0719881 0)
)
;
    }
    defaultFaces
    {
        type            empty;
    }
}


// ************************************************************************* //
