/*--------------------------------*- C++ -*----------------------------------*\
| =========                 |                                                 |
| \\      /  F ield         | OpenFOAM: The Open Source CFD Toolbox           |
|  \\    /   O peration     | Version:  2206                                  |
|   \\  /    A nd           | Website:  www.openfoam.com                      |
|    \\/     M anipulation  |                                                 |
\*---------------------------------------------------------------------------*/
FoamFile
{
    version     2.0;
    format      ascii;
    arch        "LSB;label=32;scalar=64";
    class       volVectorField;
    location    "0.575";
    object      U;
}
// * * * * * * * * * * * * * * * * * * * * * * * * * * * * * * * * * * * * * //

dimensions      [0 1 -1 0 0 0 0];

internalField   nonuniform List<vector> 
2268
(
(-0.0233217 0.00881987 0)
(-0.0565228 0.00706362 0)
(-0.0695046 1.57464e-05 0)
(-0.0543201 -0.00495893 0)
(-0.0254311 -0.00893095 0)
(0.0192023 -0.0116396 0)
(0.0708024 -0.0119744 0)
(0.118301 -0.00985192 0)
(0.154261 -0.00649466 0)
(0.175466 -0.0032147 0)
(0.183641 -0.000404996 0)
(0.181059 0.00215075 0)
(0.169764 0.00447478 0)
(0.151589 0.00669366 0)
(0.126684 0.0094084 0)
(0.0929064 0.0132608 0)
(0.045448 0.0176514 0)
(-0.0186117 0.0168004 0)
(-0.0778702 0.00362733 0)
(-0.0985829 0.00973131 0)
(-0.20994 0.019954 0)
(-0.240063 -0.0123953 0)
(-0.0878873 -0.0531755 0)
(-0.0339133 0.027629 0)
(-0.0568428 0.0168381 0)
(-0.0619029 -0.00241189 0)
(-0.047344 -0.0152729 0)
(-0.0211304 -0.026541 0)
(0.0215019 -0.0347531 0)
(0.0727384 -0.036135 0)
(0.120403 -0.0298754 0)
(0.1561 -0.0198434 0)
(0.176844 -0.0101027 0)
(0.184868 -0.00225245 0)
(0.185176 0.00379003 0)
(0.181356 0.00856086 0)
(0.174834 0.012731 0)
(0.166314 0.0175305 0)
(0.155655 0.0246152 0)
(0.137866 0.0350693 0)
(0.102729 0.0448419 0)
(0.0295567 0.0404304 0)
(-0.0449299 0.0435098 0)
(-0.175905 0.0425427 0)
(-0.159442 -0.0291537 0)
(-0.0435633 -0.12937 0)
(-0.0295118 0.0456531 0)
(-0.0406566 0.023377 0)
(-0.0466425 -0.00530523 0)
(-0.0360958 -0.0233581 0)
(-0.016934 -0.0413387 0)
(0.0211381 -0.0564679 0)
(0.0707742 -0.0600504 0)
(0.118347 -0.0496343 0)
(0.153526 -0.0325622 0)
(0.172963 -0.0163001 0)
(0.17971 -0.00384141 0)
(0.178312 0.00487748 0)
(0.172194 0.0109743 0)
(0.163614 0.0156327 0)
(0.15443 0.0203394 0)
(0.147353 0.0274168 0)
(0.144281 0.0396617 0)
(0.146925 0.0578065 0)
(0.12353 0.0701246 0)
(0.083562 0.0853293 0)
(-0.0250486 0.0745357 0)
(-0.0645062 -0.0472712 0)
(0.0168933 -0.164613 0)
(-0.0199507 0.0580259 0)
(-0.0194427 0.0278856 0)
(-0.0223921 -0.00666419 0)
(-0.0165976 -0.0283242 0)
(-0.00225103 -0.0534789 0)
(0.0309871 -0.0773063 0)
(0.0745695 -0.0838628 0)
(0.117023 -0.0692545 0)
(0.14876 -0.0447525 0)
(0.166097 -0.0218537 0)
(0.171732 -0.00491446 0)
(0.170084 0.00677401 0)
(0.164348 0.0147089 0)
(0.15646 0.0202467 0)
(0.147838 0.0248459 0)
(0.14026 0.0305076 0)
(0.135561 0.0392379 0)
(0.142733 0.0556673 0)
(0.154228 0.0766806 0)
(0.166814 0.104811 0)
(0.128648 0.106612 0)
(0.0955206 -0.0237592 0)
(0.0767274 -0.144514 0)
(-0.00767434 0.0629133 0)
(0.0102543 0.0257024 0)
(0.0153043 -0.00845937 0)
(0.0246817 -0.0334099 0)
(0.0440696 -0.0651364 0)
(0.0731462 -0.0953502 0)
(0.101738 -0.103411 0)
(0.127349 -0.0851434 0)
(0.146857 -0.0546764 0)
(0.157665 -0.0262309 0)
(0.161233 -0.00547439 0)
(0.159918 0.00852493 0)
(0.155487 0.0177651 0)
(0.149504 0.0238465 0)
(0.143334 0.028377 0)
(0.138121 0.0332788 0)
(0.134638 0.0394701 0)
(0.13749 0.0501149 0)
(0.152149 0.066753 0)
(0.187344 0.0957459 0)
(0.209085 0.110826 0)
(0.187461 0.00806969 0)
(0.125753 -0.0913996 0)
(0.00572625 0.0564326 0)
(0.048313 0.0188302 0)
(0.072769 -0.0142011 0)
(0.0996525 -0.0400506 0)
(0.132955 -0.0744314 0)
(0.154983 -0.104698 0)
(0.158296 -0.111144 0)
(0.156102 -0.0904657 0)
(0.154779 -0.0579007 0)
(0.152867 -0.0279239 0)
(0.150765 -0.00553676 0)
(0.148829 0.0095365 0)
(0.146001 0.0194145 0)
(0.142347 0.0256836 0)
(0.138902 0.0300024 0)
(0.136502 0.0344334 0)
(0.135915 0.0395329 0)
(0.139484 0.0466377 0)
(0.149941 0.0559518 0)
(0.177212 0.0749849 0)
(0.223369 0.0950272 0)
(0.217559 0.0396113 0)
(0.148918 -0.0120624 0)
(0.0204756 0.0359822 0)
(0.0893215 -0.00388122 0)
(0.149907 -0.0277426 0)
(0.210543 -0.0499042 0)
(0.25139 -0.0804321 0)
(0.252489 -0.102251 0)
(0.223134 -0.103597 0)
(0.193043 -0.0821702 0)
(0.172353 -0.0508235 0)
(0.15746 -0.0236998 0)
(0.146915 -0.00392921 0)
(0.140697 0.0115915 0)
(0.137352 0.0225536 0)
(0.135365 0.0288482 0)
(0.134707 0.0319982 0)
(0.135216 0.0349199 0)
(0.137113 0.0377602 0)
(0.142928 0.0418298 0)
(0.154047 0.047688 0)
(0.169854 0.0575069 0)
(0.20979 0.0776221 0)
(0.220401 0.0591753 0)
(0.17887 0.0516651 0)
(0.0334466 0.00117747 0)
(0.136189 -0.0385632 0)
(0.244331 -0.0728488 0)
(0.337918 -0.0888999 0)
(0.347873 -0.0933315 0)
(0.30883 -0.0928335 0)
(0.252456 -0.0865173 0)
(0.210967 -0.0674598 0)
(0.185574 -0.0387999 0)
(0.167852 -0.0134467 0)
(0.154878 0.00214423 0)
(0.145264 0.012826 0)
(0.137196 0.019866 0)
(0.131679 0.0241978 0)
(0.130304 0.0280354 0)
(0.132128 0.0333924 0)
(0.136151 0.0374344 0)
(0.144731 0.0398016 0)
(0.159428 0.0436093 0)
(0.174924 0.0480019 0)
(0.198668 0.0664348 0)
(0.222453 0.0840788 0)
(0.166187 0.189519 0)
(-0.0743934 0.0453849 0)
(-0.317188 0.00940636 0)
(0.138395 -0.281951 0)
(0.950157 -0.263487 0)
(1.67479 -0.0257454 0)
(1.66151 0.215827 0)
(-0.374512 0.235836 0)
(-1.65243 0.106389 0)
(-2.09169 0.0232271 0)
(-2.05185 0.0306155 0)
(-1.96916 0.0473731 0)
(-1.90392 0.0562054 0)
(-1.83708 0.0500939 0)
(-1.75578 0.0345147 0)
(-1.65766 0.0182495 0)
(-1.50463 0.00323853 0)
(-1.17774 -0.04625 0)
(-0.620048 -0.123715 0)
(-0.0222744 -0.0404633 0)
(-0.137765 0.0724384 0)
(-0.199995 -0.00123841 0)
(0.153023 -0.472409 0)
(0.397786 -0.533918 0)
(0.977668 -0.108923 0)
(2.05086 0.562651 0)
(-1.32897 0.898939 0)
(-2.85434 0.459237 0)
(-3.0739 0.050589 0)
(-3.02359 -0.12574 0)
(-2.85545 -0.119665 0)
(-2.69667 -0.118893 0)
(-2.55333 -0.124091 0)
(-2.38298 -0.140753 0)
(-2.16781 -0.164027 0)
(-1.89019 -0.193118 0)
(-1.45665 -0.290516 0)
(-0.782987 -0.455612 0)
(-0.154902 -0.1863 0)
(-0.207344 0.161053 0)
(-0.0546576 -0.140212 0)
(0.281051 -0.517734 0)
(0.206145 -0.702821 0)
(0.85473 -0.324552 0)
(1.367 1.13853 0)
(-2.06466 1.74792 0)
(-2.70367 0.982392 0)
(-3.25173 0.308768 0)
(-5.09576 0.041576 0)
(-5.90048 -0.00487467 0)
(-6.00554 -0.0576632 0)
(-5.41541 -0.136253 0)
(-4.46147 -0.219346 0)
(-3.57349 -0.293445 0)
(-2.7845 -0.359318 0)
(-1.84284 -0.629517 0)
(-0.837373 -0.878609 0)
(-0.205396 -0.394335 0)
(-0.188488 0.195282 0)
(0.101353 -0.195903 0)
(0.386885 -0.563078 0)
(0.310785 -0.804078 0)
(0.734564 -0.444723 0)
(0.855929 1.69225 0)
(-2.10617 2.49045 0)
(-1.9844 1.73172 0)
(-3.04523 0.976981 0)
(-4.53305 0.509259 0)
(-5.60547 0.183472 0)
(-6.24158 -0.193437 0)
(-5.96392 -0.557626 0)
(-4.97171 -0.771798 0)
(-3.90448 -0.752024 0)
(-3.05964 -0.642717 0)
(-1.94718 -0.993018 0)
(-0.808924 -1.32852 0)
(-0.178816 -0.635387 0)
(-0.127104 0.195827 0)
(0.241986 -0.316357 0)
(0.487936 -0.632539 0)
(0.465823 -0.86208 0)
(0.710157 -0.48014 0)
(0.601323 2.01249 0)
(-1.0421 3.26469 0)
(-1.20871 2.11838 0)
(-2.64612 1.41999 0)
(-4.07434 1.11799 0)
(-5.48754 0.732322 0)
(-6.13293 0.0616747 0)
(-5.67126 -0.766674 0)
(-4.62627 -1.29233 0)
(-3.51894 -1.28819 0)
(-2.52045 -1.01216 0)
(-1.58851 -1.21016 0)
(-0.721689 -1.70838 0)
(-0.109286 -0.866062 0)
(-0.0208246 0.15954 0)
(0.38889 -0.415486 0)
(0.573509 -0.691856 0)
(0.510986 -0.889657 0)
(0.681775 -0.466961 0)
(0.43133 2.15111 0)
(-0.35108 3.80525 0)
(-0.639158 2.40152 0)
(-2.23163 1.86056 0)
(-3.729 1.69952 0)
(-5.10277 1.12209 0)
(-5.24982 -0.000314019 0)
(-4.4643 -1.15977 0)
(-3.76312 -1.7682 0)
(-3.00486 -1.78605 0)
(-1.98497 -1.43532 0)
(-1.05095 -1.51259 0)
(-0.611164 -1.96275 0)
(-0.0423296 -1.07388 0)
(0.177115 0.0302574 0)
(0.533178 -0.516618 0)
(0.617751 -0.71758 0)
(0.494796 -0.894664 0)
(0.626076 -0.434535 0)
(0.306188 2.23057 0)
(0.01713 4.12107 0)
(-0.289264 2.75044 0)
(-1.84366 2.39541 0)
(-3.32806 2.24553 0)
(-4.33829 1.33917 0)
(-3.92688 -0.185873 0)
(-3.14114 -1.44124 0)
(-2.75725 -2.02006 0)
(-2.35733 -2.15176 0)
(-1.68373 -1.85658 0)
(-0.623269 -1.73515 0)
(-0.480658 -2.09149 0)
(0.00655197 -1.25214 0)
(0.432582 -0.232789 0)
(0.617707 -0.587059 0)
(0.607191 -0.705458 0)
(0.449038 -0.885558 0)
(0.568239 -0.373518 0)
(0.233479 2.28101 0)
(0.11612 4.29111 0)
(-0.0706619 3.1066 0)
(-1.53176 2.97651 0)
(-2.88281 2.71163 0)
(-3.47564 1.35903 0)
(-2.86403 -0.363871 0)
(-2.23747 -1.60264 0)
(-1.92276 -2.12827 0)
(-1.62708 -2.34559 0)
(-1.35291 -2.22298 0)
(-0.239287 -1.97757 0)
(-0.330418 -2.1031 0)
(0.0351572 -1.38439 0)
(0.051099 -0.066907 0)
(0.196469 -0.151104 0)
(0.310202 -0.163144 0)
(0.29672 -0.127565 0)
(0.263447 -0.0861155 0)
(0.212045 -0.0644933 0)
(0.169628 -0.0612549 0)
(0.146544 -0.0556063 0)
(0.140859 -0.038467 0)
(0.144845 -0.0150474 0)
(0.1502 0.00841269 0)
(0.152416 0.0282525 0)
(0.15073 0.0409394 0)
(0.147037 0.0442919 0)
(0.144264 0.0375921 0)
(0.141518 0.0322329 0)
(0.139678 0.0254508 0)
(0.14546 0.0207132 0)
(0.160834 0.0238766 0)
(0.18558 0.0289255 0)
(0.215156 0.0392354 0)
(0.289166 0.040022 0)
(0.369635 0.147816 0)
(0.0881374 -0.225007 0)
(0.152069 -0.309646 0)
(0.0696599 -0.0766112 0)
(-0.539473 0.0615364 0)
(-0.179564 -0.00674161 0)
(-0.113921 -0.0100895 0)
(-0.107704 -0.0273012 0)
(-0.120738 -0.0338103 0)
(-0.0964712 -0.032973 0)
(-0.042759 -0.0252353 0)
(0.00848752 -0.0139765 0)
(0.0534779 0.000319551 0)
(0.116458 0.0102846 0)
(0.154181 0.0153435 0)
(0.167093 0.0242823 0)
(0.159944 0.0419701 0)
(0.146408 0.042942 0)
(0.148498 0.0242204 0)
(0.164364 0.0134295 0)
(0.183661 0.00463927 0)
(0.210567 -0.00406772 0)
(0.244194 -0.0179863 0)
(0.312056 -0.0311444 0)
(0.00678871 -0.349445 0)
(-0.139788 -0.129714 0)
(-0.214803 0.461642 0)
(-0.293021 0.140645 0)
(-0.277419 -0.456219 0)
(-0.467757 -0.112963 0)
(-0.581171 -0.0259539 0)
(-0.692873 -0.0341151 0)
(-0.778268 -0.0750538 0)
(-0.855396 -0.0954115 0)
(-0.875265 -0.111736 0)
(-0.666566 -0.0945638 0)
(-0.319777 -0.0598784 0)
(-0.111893 0.00648653 0)
(-0.0300596 0.0292065 0)
(0.0479043 0.0508732 0)
(0.0999496 0.0349698 0)
(0.165139 0.00226141 0)
(0.200496 -0.00649123 0)
(0.204798 -0.0143794 0)
(0.221538 -0.0382978 0)
(0.25772 -0.0618461 0)
(0.303523 -0.0716712 0)
(-0.128382 -0.120063 0)
(-0.214398 0.0222359 0)
(-0.181271 0.26257 0)
(-0.0399128 0.129526 0)
(-0.0458163 0.0236726 0)
(-0.201517 0.12696 0)
(-0.221685 0.149945 0)
(-0.215612 0.11707 0)
(-0.237161 0.0744873 0)
(-0.297779 -0.0136271 0)
(-0.40475 -0.163791 0)
(-0.582414 -0.303923 0)
(-0.778005 -0.509837 0)
(-0.876458 -0.233882 0)
(-0.752338 -0.131165 0)
(-0.536305 -0.0931199 0)
(-0.385335 -0.0881933 0)
(-0.18523 -0.0719981 0)
(-0.0326048 -0.0155772 0)
(0.0496233 -0.0165805 0)
(0.120152 -0.0485959 0)
(0.199704 -0.0714425 0)
(0.250651 -0.0935526 0)
(-0.10286 -0.0235227 0)
(-0.0932216 -0.0642046 0)
(-0.0532691 0.0732628 0)
(0.0499692 0.0217967 0)
(-0.00911891 -0.0510393 0)
(-0.037849 0.0448957 0)
(-0.0162341 0.0760107 0)
(0.00690846 0.0522409 0)
(0.0221011 0.0531391 0)
(0.0465025 0.0772448 0)
(0.0631821 0.140756 0)
(-0.000196862 0.188936 0)
(-0.177021 0.00139002 0)
(-0.352396 -0.160228 0)
(-0.395536 -0.208461 0)
(-0.382619 -0.345411 0)
(-0.424392 -0.254196 0)
(-0.463 -0.306988 0)
(-0.52498 -0.220542 0)
(-0.526259 -0.198137 0)
(-0.413296 -0.240963 0)
(-0.234105 -0.231328 0)
(-0.139101 -0.158201 0)
(-0.044022 0.0569383 0)
(-0.0325967 0.00436645 0)
(-0.0365205 0.0859038 0)
(0.00150752 0.0553776 0)
(-0.0345891 0.0528728 0)
(-0.0473957 0.0693435 0)
(-0.0326362 0.0678033 0)
(-0.0337042 0.0474956 0)
(-0.0446301 0.0121636 0)
(-0.0441356 -0.0359392 0)
(-0.0182929 -0.0721591 0)
(0.0468967 -0.0607538 0)
(0.0977812 -0.0238323 0)
(0.0570079 0.0587537 0)
(-0.0620227 -0.00655018 0)
(-0.0591666 -0.168604 0)
(-0.109968 -0.133027 0)
(-0.105984 -0.0823124 0)
(-0.113909 -0.0801946 0)
(-0.0726868 -0.0668765 0)
(-0.0854562 -0.1728 0)
(-0.143833 -0.304006 0)
(-0.354977 -0.13045 0)
(-0.0323817 0.0655608 0)
(-0.0308943 -0.0249332 0)
(-0.0288306 0.0391246 0)
(-0.00985187 0.043535 0)
(-0.0233523 0.0433059 0)
(-0.0266752 0.0605739 0)
(-0.0209255 0.0692328 0)
(-0.0151835 0.065292 0)
(-0.0155618 0.0530431 0)
(-0.0269998 0.035736 0)
(-0.047454 0.016153 0)
(-0.0599387 0.0015388 0)
(-0.0617702 -0.0165738 0)
(-0.0174217 -0.00544343 0)
(-0.00727719 -0.111694 0)
(-0.0268208 -0.204654 0)
(-0.0949613 -0.179573 0)
(-0.0962553 -0.167767 0)
(-0.0790409 -0.187356 0)
(-0.00240256 -0.215173 0)
(0.114763 -0.183269 0)
(0.198744 -0.0883523 0)
(0.276799 0.158324 0)
(-0.0238199 0.099808 0)
(-0.0222282 -0.00927738 0)
(-0.0241772 0.0428137 0)
(-0.0174159 0.049967 0)
(-0.0206635 0.0511481 0)
(-0.0192049 0.0564114 0)
(-0.0156155 0.0606436 0)
(-0.0135825 0.0558479 0)
(-0.0169421 0.0385084 0)
(-0.0243283 0.010195 0)
(-0.0303462 -0.017227 0)
(-0.0334447 -0.0327334 0)
(-0.0354947 -0.0313035 0)
(-0.0146875 -0.00165756 0)
(0.0112484 -0.0234565 0)
(-0.0149182 -0.113111 0)
(-0.0502615 -0.128317 0)
(-0.0563936 -0.145491 0)
(-0.0452547 -0.216077 0)
(-0.0183024 -0.309227 0)
(0.0485562 -0.361482 0)
(0.125509 -0.312815 0)
(0.267754 -0.0978436 0)
(-0.0179084 0.119902 0)
(-0.0189675 -0.011011 0)
(-0.0201494 0.0317192 0)
(-0.0153605 0.0482087 0)
(-0.0169443 0.051608 0)
(-0.0152683 0.054635 0)
(-0.0113136 0.0580798 0)
(-0.00649347 0.0583041 0)
(-0.00387699 0.0515304 0)
(-0.006726 0.036177 0)
(-0.0166043 0.0128069 0)
(-0.0280754 -0.0148174 0)
(-0.0353804 -0.0396394 0)
(-0.0282287 -0.0554493 0)
(-0.00286399 -0.087181 0)
(-0.00854105 -0.119016 0)
(-0.0310131 -0.12516 0)
(-0.030469 -0.141869 0)
(-0.0214215 -0.208602 0)
(-0.023276 -0.307078 0)
(-0.00996314 -0.381344 0)
(0.011092 -0.362515 0)
(0.0963047 -0.203714 0)
(-0.0120829 0.135637 0)
(-0.0139383 -0.00773487 0)
(-0.0167145 0.0311197 0)
(-0.0145919 0.0483735 0)
(-0.0150543 0.0510382 0)
(-0.0138087 0.0518776 0)
(-0.0107514 0.053113 0)
(-0.00601589 0.0524212 0)
(-0.00138479 0.0462145 0)
(0.000506525 0.0320523 0)
(-0.00147192 0.0123658 0)
(-0.00734282 -0.00777576 0)
(-0.0147038 -0.0266143 0)
(-0.0191683 -0.0423684 0)
(-0.0212981 -0.0638971 0)
(-0.0340004 -0.0952401 0)
(-0.0517649 -0.115333 0)
(-0.0547311 -0.149476 0)
(-0.0584538 -0.217248 0)
(-0.0716035 -0.301636 0)
(-0.106949 -0.377882 0)
(-0.149573 -0.381197 0)
(-0.146615 -0.263837 0)
(-0.00747333 0.146838 0)
(-0.0106315 -0.00484916 0)
(-0.013742 0.0305798 0)
(-0.013419 0.048781 0)
(-0.0141115 0.050947 0)
(-0.0137583 0.0503534 0)
(-0.0121874 0.0496752 0)
(-0.00906735 0.0477835 0)
(-0.00520915 0.0425286 0)
(-0.00271907 0.0319708 0)
(-0.00364929 0.0164235 0)
(-0.00883815 -0.00226258 0)
(-0.0171888 -0.0210658 0)
(-0.0271034 -0.0395287 0)
(-0.0379352 -0.0594297 0)
(-0.0545666 -0.0801112 0)
(-0.0728894 -0.10108 0)
(-0.0867103 -0.136606 0)
(-0.104897 -0.196761 0)
(-0.134493 -0.265207 0)
(-0.19756 -0.316816 0)
(-0.284819 -0.318712 0)
(-0.35293 -0.205843 0)
(-0.00425602 0.154275 0)
(-0.0081188 -0.0014139 0)
(-0.0115694 0.0316489 0)
(-0.012635 0.0498876 0)
(-0.0139165 0.0515985 0)
(-0.0146481 0.0501796 0)
(-0.0147195 0.0483258 0)
(-0.0139248 0.0453815 0)
(-0.0126621 0.0401389 0)
(-0.0122564 0.0314646 0)
(-0.0144653 0.0192776 0)
(-0.0204626 0.00478106 0)
(-0.0299834 -0.0102184 0)
(-0.0423692 -0.0254867 0)
(-0.0573604 -0.0419453 0)
(-0.0757466 -0.0604257 0)
(-0.0954354 -0.0817779 0)
(-0.117478 -0.115018 0)
(-0.14861 -0.164608 0)
(-0.196654 -0.216405 0)
(-0.265595 -0.248596 0)
(-0.352201 -0.239188 0)
(-0.417587 -0.154876 0)
(-0.00221418 0.159446 0)
(-0.00637465 0.00232664 0)
(-0.0101353 0.033828 0)
(-0.0123103 0.0517503 0)
(-0.0142497 0.0530654 0)
(-0.0159772 0.0512723 0)
(-0.0174826 0.0489946 0)
(-0.0188114 0.0456898 0)
(-0.0202215 0.0407063 0)
(-0.0224743 0.0335711 0)
(-0.0267727 0.0242307 0)
(-0.0340625 0.0132719 0)
(-0.0444217 0.00145109 0)
(-0.0575355 -0.0111647 0)
(-0.073416 -0.0249746 0)
(-0.0923597 -0.0403366 0)
(-0.114199 -0.0579972 0)
(-0.141575 -0.0822662 0)
(-0.182064 -0.116114 0)
(-0.241783 -0.15323 0)
(-0.31654 -0.17783 0)
(-0.394092 -0.171865 0)
(-0.463709 -0.11609 0)
(-0.0010653 0.163133 0)
(-0.00531309 0.00618521 0)
(-0.00932382 0.0368063 0)
(-0.0123065 0.0543089 0)
(-0.0149088 0.0553208 0)
(-0.0174704 0.0534294 0)
(-0.0200677 0.051192 0)
(-0.0229043 0.0481267 0)
(-0.0262375 0.0438221 0)
(-0.0305312 0.0380941 0)
(-0.0364916 0.0309961 0)
(-0.0447716 0.0227765 0)
(-0.0556084 0.0137034 0)
(-0.0690266 0.00382733 0)
(-0.0854455 -0.00698115 0)
(-0.105464 -0.0187766 0)
(-0.129654 -0.0313403 0)
(-0.16003 -0.0454143 0)
(-0.201809 -0.063203 0)
(-0.262418 -0.0844164 0)
(-0.343117 -0.0976418 0)
(-0.435218 -0.0799085 0)
(-0.528878 -0.00647613 0)
(-0.000572946 0.166002 0)
(-0.0047581 0.0101768 0)
(-0.0090144 0.0404126 0)
(-0.0125575 0.057438 0)
(-0.0156991 0.0582587 0)
(-0.0189277 0.0564269 0)
(-0.0223446 0.0544519 0)
(-0.026149 0.0519017 0)
(-0.0306376 0.0484572 0)
(-0.0361559 0.0440533 0)
(-0.043116 0.0387599 0)
(-0.051951 0.0327153 0)
(-0.0629915 0.0261174 0)
(-0.0765619 0.019105 0)
(-0.0931593 0.0117753 0)
(-0.11358 0.00432224 0)
(-0.138801 -0.00287876 0)
(-0.169445 -0.00929597 0)
(-0.20715 -0.0145168 0)
(-0.257533 -0.0174105 0)
(-0.326312 -0.0125941 0)
(-0.411165 0.00916262 0)
(-0.497862 0.0592666 0)
(-0.000434 0.168563 0)
(-0.0045241 0.0142942 0)
(-0.00904671 0.0444543 0)
(-0.0129319 0.061035 0)
(-0.0164917 0.061742 0)
(-0.0202254 0.0600671 0)
(-0.0242365 0.0584419 0)
(-0.028697 0.0564868 0)
(-0.0338471 0.0539237 0)
(-0.039987 0.0507445 0)
(-0.0474393 0.0470192 0)
(-0.0565175 0.0428937 0)
(-0.0675418 0.0385478 0)
(-0.0808696 0.0342055 0)
(-0.0969019 0.0301954 0)
(-0.116151 0.0269056 0)
(-0.13933 0.0245402 0)
(-0.167198 0.0234019 0)
(-0.200763 0.0250042 0)
(-0.241647 0.0327246 0)
(-0.290633 0.0516376 0)
(-0.346614 0.0873231 0)
(-0.407175 0.143934 0)
(-0.000460549 0.171067 0)
(-0.00448026 0.0185177 0)
(-0.00923083 0.0487851 0)
(-0.0133257 0.0649375 0)
(-0.0171952 0.0655956 0)
(-0.0212752 0.0641664 0)
(-0.0256876 0.0629465 0)
(-0.0305662 0.0615782 0)
(-0.0361111 0.0598547 0)
(-0.0425601 0.0577815 0)
(-0.0501773 0.0554568 0)
(-0.0592303 0.053029 0)
(-0.0699902 0.0506916 0)
(-0.0827557 0.0486888 0)
(-0.0978369 0.0473575 0)
(-0.115555 0.0471605 0)
(-0.136314 0.0487296 0)
(-0.160679 0.0528109 0)
(-0.189488 0.0602393 0)
(-0.223299 0.0727323 0)
(-0.260878 0.0941015 0)
(-0.298618 0.129754 0)
(-0.332805 0.183792 0)
(-0.000529812 0.173614 0)
(-0.00450923 0.0228725 0)
(-0.00947654 0.0532902 0)
(-0.0136678 0.0690098 0)
(-0.0177274 0.0696988 0)
(-0.0219997 0.0685688 0)
(-0.0266517 0.0677736 0)
(-0.0317692 0.0669722 0)
(-0.0374983 0.0660069 0)
(-0.0440324 0.0649199 0)
(-0.0515832 0.0638191 0)
(-0.0603619 0.0628629 0)
(-0.0705778 0.0622413 0)
(-0.082451 0.0622228 0)
(-0.0962108 0.0631743 0)
(-0.112086 0.065552 0)
(-0.130274 0.069886 0)
(-0.150894 0.0768532 0)
(-0.17404 0.0874524 0)
(-0.199823 0.103231 0)
(-0.227331 0.126428 0)
(-0.253361 0.15999 0)
(-0.273649 0.206624 0)
(-0.000582736 0.17621 0)
(-0.00454487 0.0273486 0)
(-0.00970496 0.0579081 0)
(-0.0138757 0.073196 0)
(-0.0180246 0.0739394 0)
(-0.022396 0.0731286 0)
(-0.0271349 0.0727499 0)
(-0.0323103 0.0724828 0)
(-0.0380449 0.0721987 0)
(-0.0444806 0.071963 0)
(-0.0517628 0.0718964 0)
(-0.0600565 0.072157 0)
(-0.0695176 0.0729372 0)
(-0.0802812 0.0744951 0)
(-0.0924815 0.0771803 0)
(-0.106218 0.0814423 0)
(-0.121528 0.0878034 0)
(-0.138385 0.0968501 0)
(-0.15667 0.10932 0)
(-0.176038 0.126172 0)
(-0.195483 0.148771 0)
(-0.212638 0.17885 0)
(-0.224302 0.218225 0)
(-0.000584114 0.178827 0)
(-0.00452803 0.0319392 0)
(-0.00984101 0.0625707 0)
(-0.0139381 0.0774162 0)
(-0.0180921 0.0782168 0)
(-0.0224465 0.0777202 0)
(-0.0271577 0.077738 0)
(-0.0322556 0.0779462 0)
(-0.0378386 0.0782511 0)
(-0.044012 0.078731 0)
(-0.0508802 0.0795119 0)
(-0.0585495 0.0807444 0)
(-0.0671223 0.082618 0)
(-0.0766768 0.085368 0)
(-0.087266 0.0893057 0)
(-0.0989031 0.0948263 0)
(-0.111522 0.10238 0)
(-0.124955 0.112438 0)
(-0.13894 0.125567 0)
(-0.153001 0.142439 0)
(-0.166239 0.163716 0)
(-0.176908 0.190168 0)
(-0.182688 0.223019 0)
(-0.000519933 0.181412 0)
(-0.0044509 0.0366104 0)
(-0.00985932 0.0671965 0)
(-0.0138157 0.0815755 0)
(-0.0179092 0.08245 0)
(-0.0221711 0.0822437 0)
(-0.0267597 0.0826091 0)
(-0.0316769 0.0832296 0)
(-0.0369954 0.0840289 0)
(-0.0427925 0.0850921 0)
(-0.0491337 0.0865431 0)
(-0.0560892 0.0885259 0)
(-0.0637169 0.0912125 0)
(-0.0720392 0.0948146 0)
(-0.0810515 0.0995951 0)
(-0.090701 0.105883 0)
(-0.100847 0.114053 0)
(-0.111254 0.124474 0)
(-0.121592 0.137524 0)
(-0.131345 0.153664 0)
(-0.139758 0.173187 0)
(-0.145606 0.196277 0)
(-0.147256 0.223672 0)
(-0.000391878 0.183902 0)
(-0.00430307 0.0413191 0)
(-0.00972909 0.0717384 0)
(-0.0134964 0.0856284 0)
(-0.0174782 0.0865656 0)
(-0.0215864 0.0866227 0)
(-0.0259778 0.0872836 0)
(-0.0306367 0.0882436 0)
(-0.0356157 0.0894409 0)
(-0.0409638 0.0909615 0)
(-0.0467213 0.0929218 0)
(-0.0529228 0.0954498 0)
(-0.0595883 0.0987047 0)
(-0.0667059 0.102866 0)
(-0.074229 0.108147 0)
(-0.0820572 0.11481 0)
(-0.0900064 0.123153 0)
(-0.0978179 0.133443 0)
(-0.105145 0.145917 0)
(-0.111488 0.160857 0)
(-0.116206 0.178386 0)
(-0.118424 0.19837 0)
(-0.117017 0.221182 0)
(-0.00021853 0.186228 0)
(-0.00407507 0.0460032 0)
(-0.00942697 0.0761386 0)
(-0.0129693 0.0895299 0)
(-0.0167977 0.0905167 0)
(-0.0207023 0.0908014 0)
(-0.0248472 0.0917032 0)
(-0.0291975 0.0929279 0)
(-0.0337901 0.094428 0)
(-0.0386519 0.0962861 0)
(-0.0438023 0.0986076 0)
(-0.0492488 0.101508 0)
(-0.0549822 0.105125 0)
(-0.0609646 0.109603 0)
(-0.0671218 0.115109 0)
(-0.0733317 0.121846 0)
(-0.0793906 0.13003 0)
(-0.0850313 0.139849 0)
(-0.0899275 0.151434 0)
(-0.0936143 0.164929 0)
(-0.0955206 0.180368 0)
(-0.0950097 0.197493 0)
(-0.0913458 0.21639 0)
(-2.92022e-05 0.18833 0)
(-0.00375461 0.0505818 0)
(-0.0089472 0.0803362 0)
(-0.0122301 0.093242 0)
(-0.0158724 0.0942624 0)
(-0.0195338 0.0947324 0)
(-0.0233956 0.0958206 0)
(-0.0274057 0.0972441 0)
(-0.0315885 0.0989631 0)
(-0.0359547 0.101054 0)
(-0.0405056 0.10361 0)
(-0.0452269 0.106735 0)
(-0.0500901 0.110542 0)
(-0.0550402 0.115144 0)
(-0.0599834 0.120664 0)
(-0.0647914 0.127244 0)
(-0.0692616 0.135044 0)
(-0.0731239 0.144177 0)
(-0.0760885 0.154687 0)
(-0.0777652 0.166623 0)
(-0.0776149 0.179972 0)
(-0.0751081 0.19445 0)
(-0.0698042 0.209934 0)
(0.000153908 0.190155 0)
(-0.00332838 0.0549714 0)
(-0.00830794 0.0842765 0)
(-0.0112893 0.0967326 0)
(-0.014718 0.0977686 0)
(-0.0181009 0.098384 0)
(-0.0216515 0.0996097 0)
(-0.0253008 0.101174 0)
(-0.0290662 0.10304 0)
(-0.0329452 0.105276 0)
(-0.0369222 0.107963 0)
(-0.0409671 0.111194 0)
(-0.0450438 0.115051 0)
(-0.0490832 0.11962 0)
(-0.0529823 0.124996 0)
(-0.0566083 0.131266 0)
(-0.0597753 0.138532 0)
(-0.0622418 0.146859 0)
(-0.0637357 0.156215 0)
(-0.0639294 0.16656 0)
(-0.0623444 0.17787 0)
(-0.0584897 0.189894 0)
(-0.0521192 0.202383 0)
(0.000342694 0.191645 0)
(-0.00278132 0.0591016 0)
(-0.00755595 0.0879168 0)
(-0.0101774 0.0999731 0)
(-0.013369 0.101003 0)
(-0.0164397 0.101729 0)
(-0.0196549 0.103053 0)
(-0.0229272 0.104709 0)
(-0.0262714 0.106664 0)
(-0.0296742 0.108978 0)
(-0.0331057 0.111717 0)
(-0.0365334 0.114957 0)
(-0.0399166 0.118754 0)
(-0.0431656 0.123182 0)
(-0.0461782 0.128304 0)
(-0.0488421 0.134168 0)
(-0.0509806 0.140816 0)
(-0.0523776 0.148286 0)
(-0.0528027 0.156498 0)
(-0.051983 0.165318 0)
(-0.0495073 0.174687 0)
(-0.0449049 0.184432 0)
(-0.0380387 0.194287 0)
(0.000585216 0.192714 0)
(-0.00209578 0.0629652 0)
(-0.00674622 0.0912314 0)
(-0.00894493 0.102936 0)
(-0.0118836 0.103933 0)
(-0.0146068 0.10474 0)
(-0.017467 0.106128 0)
(-0.0203466 0.107837 0)
(-0.0232582 0.109839 0)
(-0.0261884 0.112179 0)
(-0.0290983 0.114909 0)
(-0.0319561 0.118085 0)
(-0.0347114 0.121758 0)
(-0.03727 0.12598 0)
(-0.0395404 0.130781 0)
(-0.0414295 0.136179 0)
(-0.0427691 0.142191 0)
(-0.0433703 0.148811 0)
(-0.0430621 0.155933 0)
(-0.041619 0.16336 0)
(-0.0387142 0.170965 0)
(-0.0339087 0.178646 0)
(-0.0271041 0.186215 0)
(0.000987017 0.193266 0)
(-0.00125431 0.0666219 0)
(-0.00595305 0.0942154 0)
(-0.00765274 0.105579 0)
(-0.0103422 0.10652 0)
(-0.0126862 0.107389 0)
(-0.0151757 0.108814 0)
(-0.017644 0.110551 0)
(-0.0201097 0.112558 0)
(-0.0225635 0.114877 0)
(-0.0249629 0.117554 0)
(-0.0272627 0.120624 0)
(-0.0294237 0.124136 0)
(-0.0313594 0.128105 0)
(-0.0329866 0.132558 0)
(-0.0342175 0.13748 0)
(-0.0349134 0.142875 0)
(-0.0349255 0.148697 0)
(-0.0341146 0.154832 0)
(-0.0323196 0.161051 0)
(-0.0293146 0.167148 0)
(-0.024715 0.173053 0)
(-0.0184315 0.178698 0)
(0.00165835 0.193029 0)
(-0.000261099 0.070286 0)
(-0.00525262 0.096912 0)
(-0.00636037 0.107886 0)
(-0.00882455 0.108749 0)
(-0.0107745 0.109663 0)
(-0.0128895 0.111099 0)
(-0.0149486 0.112827 0)
(-0.0169764 0.114802 0)
(-0.0189435 0.117065 0)
(-0.0208223 0.119655 0)
(-0.0225676 0.122592 0)
(-0.0241499 0.12591 0)
(-0.0254816 0.129614 0)
(-0.0264958 0.133706 0)
(-0.0271257 0.138171 0)
(-0.0272484 0.142993 0)
(-0.0267542 0.148103 0)
(-0.0255476 0.153386 0)
(-0.0235019 0.158618 0)
(-0.0205075 0.16351 0)
(-0.0162984 0.167988 0)
(-0.0107526 0.172101 0)
(0.00252277 0.191686 0)
(0.000780088 0.074286 0)
(-0.00460919 0.0994158 0)
(-0.00513016 0.109879 0)
(-0.00743352 0.110631 0)
(-0.0089968 0.111586 0)
(-0.0107751 0.112994 0)
(-0.0124512 0.114672 0)
(-0.0140561 0.116587 0)
(-0.0155571 0.118761 0)
(-0.0169335 0.121228 0)
(-0.0181408 0.124001 0)
(-0.019148 0.127086 0)
(-0.0198947 0.130511 0)
(-0.0203149 0.134242 0)
(-0.0203378 0.138264 0)
(-0.0198809 0.14256 0)
(-0.0188709 0.147037 0)
(-0.0172231 0.151607 0)
(-0.0148674 0.156052 0)
(-0.0117853 0.160053 0)
(-0.00781832 0.16349 0)
(-0.00284549 0.166453 0)
(0.00343572 0.189342 0)
(0.00177743 0.0783809 0)
(-0.00402985 0.101839 0)
(-0.00404108 0.111601 0)
(-0.0062713 0.112214 0)
(-0.0074935 0.113202 0)
(-0.00901603 0.114547 0)
(-0.0103629 0.116147 0)
(-0.0116133 0.117957 0)
(-0.0127214 0.119999 0)
(-0.0136617 0.122298 0)
(-0.0144082 0.124867 0)
(-0.0149113 0.127698 0)
(-0.0151116 0.130806 0)
(-0.0149774 0.134177 0)
(-0.0144218 0.137768 0)
(-0.013385 0.14157 0)
(-0.0118035 0.145459 0)
(-0.00963287 0.149379 0)
(-0.00681769 0.153142 0)
(-0.00337247 0.156485 0)
(0.000675425 0.159194 0)
(0.00557196 0.161422 0)
(0.0044027 0.186021 0)
(0.00272779 0.0826885 0)
(-0.00358067 0.104274 0)
(-0.00315602 0.113104 0)
(-0.00544366 0.113585 0)
(-0.00639204 0.114585 0)
(-0.00777043 0.115849 0)
(-0.00889919 0.117323 0)
(-0.00991689 0.118984 0)
(-0.0107572 0.120855 0)
(-0.0113959 0.122947 0)
(-0.0118078 0.125272 0)
(-0.0119469 0.127829 0)
(-0.0117423 0.130599 0)
(-0.0111751 0.133572 0)
(-0.0101483 0.136723 0)
(-0.0086354 0.13999 0)
(-0.00658045 0.143308 0)
(-0.00389631 0.146596 0)
(-0.000532905 0.149718 0)
(0.00345157 0.152453 0)
(0.0079689 0.154588 0)
(0.01332 0.156341 0)
(0.00547122 0.181654 0)
(0.00361525 0.0872664 0)
(-0.00325328 0.106854 0)
(-0.00248187 0.114471 0)
(-0.00497948 0.11485 0)
(-0.0057494 0.115834 0)
(-0.00712884 0.11699 0)
(-0.00817578 0.118313 0)
(-0.00909445 0.119804 0)
(-0.00982529 0.12148 0)
(-0.0103383 0.123344 0)
(-0.0106022 0.1254 0)
(-0.0105789 0.127648 0)
(-0.010199 0.130053 0)
(-0.0094219 0.132592 0)
(-0.00818602 0.135261 0)
(-0.00643406 0.137958 0)
(-0.00408169 0.140686 0)
(-0.00107935 0.143315 0)
(0.00263295 0.145761 0)
(0.00704691 0.147817 0)
(0.0120683 0.149377 0)
(0.0180445 0.150618 0)
(0.00654283 0.176264 0)
(0.00439802 0.0922326 0)
(-0.00294601 0.109647 0)
(-0.00203144 0.115836 0)
(-0.00484271 0.11613 0)
(-0.00552838 0.117079 0)
(-0.0070135 0.1181 0)
(-0.00809177 0.119281 0)
(-0.00904537 0.120597 0)
(-0.00981623 0.122069 0)
(-0.0103773 0.123699 0)
(-0.0106852 0.125479 0)
(-0.0107125 0.127396 0)
(-0.0103972 0.129425 0)
(-0.009677 0.131527 0)
(-0.00850972 0.133675 0)
(-0.00681619 0.135814 0)
(-0.00452641 0.137907 0)
(-0.00157934 0.139823 0)
(0.00209563 0.14152 0)
(0.00653918 0.142831 0)
(0.011687 0.143682 0)
(0.0179322 0.144269 0)
(0.00745087 0.170144 0)
(0.0049061 0.0976379 0)
(-0.00267853 0.112721 0)
(-0.00173191 0.117398 0)
(-0.0048971 0.117647 0)
(-0.00554761 0.118539 0)
(-0.00720478 0.119422 0)
(-0.00837475 0.12046 0)
(-0.00945237 0.121612 0)
(-0.010356 0.122889 0)
(-0.0110709 0.124295 0)
(-0.0115599 0.125815 0)
(-0.0117838 0.127418 0)
(-0.0116918 0.129081 0)
(-0.0112406 0.13076 0)
(-0.0103729 0.132411 0)
(-0.00900717 0.134 0)
(-0.00709048 0.135449 0)
(-0.00454925 0.136677 0)
(-0.00131184 0.137602 0)
(0.00267152 0.138125 0)
(0.00736697 0.138141 0)
(0.0132178 0.137941 0)
(0.00805128 0.163604 0)
(0.00512509 0.103193 0)
(-0.00245723 0.115887 0)
(-0.00150788 0.119103 0)
(-0.0049598 0.119348 0)
(-0.00559126 0.120132 0)
(-0.00742109 0.120869 0)
(-0.00868119 0.121785 0)
(-0.00988739 0.122782 0)
(-0.0109406 0.123881 0)
(-0.011831 0.125082 0)
(-0.0125303 0.12637 0)
(-0.0130002 0.127703 0)
(-0.0131944 0.129047 0)
(-0.0130775 0.130347 0)
(-0.0125943 0.131568 0)
(-0.0116815 0.132659 0)
(-0.0102864 0.133545 0)
(-0.00834846 0.134153 0)
(-0.00580229 0.134368 0)
(-0.00259476 0.134123 0)
(0.00125116 0.133318 0)
(0.00617092 0.132307 0)
(0.00831009 0.156709 0)
(0.00505341 0.10858 0)
(-0.00224784 0.118848 0)
(-0.00129226 0.120707 0)
(-0.0048968 0.121002 0)
(-0.00549984 0.121597 0)
(-0.00741461 0.122252 0)
(-0.00870471 0.12303 0)
(-0.0100093 0.123911 0)
(-0.0111534 0.124888 0)
(-0.0121558 0.125929 0)
(-0.013006 0.127019 0)
(-0.0136653 0.128131 0)
(-0.0140958 0.129213 0)
(-0.0142714 0.130205 0)
(-0.0141382 0.131065 0)
(-0.0136442 0.131727 0)
(-0.0127442 0.132125 0)
(-0.0114186 0.13219 0)
(-0.00959069 0.131824 0)
(-0.00718634 0.130947 0)
(-0.00427604 0.129405 0)
(-0.000443009 0.127686 0)
(0.00804333 0.149725 0)
(0.0046488 0.113709 0)
(-0.00194692 0.121513 0)
(-0.00104498 0.122145 0)
(-0.00459104 0.122552 0)
(-0.00509491 0.122942 0)
(-0.00697092 0.123505 0)
(-0.00823348 0.124164 0)
(-0.00947975 0.124951 0)
(-0.0106238 0.125807 0)
(-0.0116714 0.126715 0)
(-0.012582 0.127644 0)
(-0.0133328 0.128566 0)
(-0.0139074 0.129418 0)
(-0.0142748 0.130155 0)
(-0.0143996 0.13072 0)
(-0.0142413 0.131051 0)
(-0.0137444 0.131068 0)
(-0.0128983 0.130675 0)
(-0.0116392 0.129853 0)
(-0.00997907 0.128453 0)
(-0.00790296 0.126344 0)
(-0.00503514 0.124004 0)
(0.00705058 0.143722 0)
(0.00383594 0.118633 0)
(-0.00157734 0.124195 0)
(-0.000724621 0.123863 0)
(-0.00388757 0.12434 0)
(-0.0043178 0.124566 0)
(-0.00598504 0.125005 0)
(-0.00707529 0.125589 0)
(-0.00820458 0.126265 0)
(-0.0092457 0.126993 0)
(-0.0101947 0.127774 0)
(-0.0110548 0.128573 0)
(-0.0118047 0.129337 0)
(-0.0124135 0.130005 0)
(-0.0128629 0.13053 0)
(-0.0131276 0.130849 0)
(-0.0131791 0.130907 0)
(-0.0130138 0.130634 0)
(-0.0125657 0.129905 0)
(-0.0118011 0.128702 0)
(-0.0107573 0.126858 0)
(-0.00940541 0.124342 0)
(-0.00744882 0.121413 0)
(0.00552166 0.13905 0)
(0.00297205 0.122519 0)
(-0.00104207 0.126275 0)
(-0.000345779 0.125307 0)
(-0.00283904 0.12579 0)
(-0.00313102 0.125841 0)
(-0.00444039 0.126257 0)
(-0.00527226 0.126739 0)
(-0.00617935 0.127355 0)
(-0.00700626 0.128036 0)
(-0.00775938 0.128737 0)
(-0.00845898 0.129431 0)
(-0.00910174 0.130082 0)
(-0.00966214 0.130636 0)
(-0.0101223 0.13103 0)
(-0.0104628 0.131188 0)
(-0.0106515 0.131041 0)
(-0.0107157 0.130535 0)
(-0.0106022 0.129592 0)
(-0.0102968 0.128122 0)
(-0.00980214 0.126008 0)
(-0.00910791 0.123189 0)
(-0.00799789 0.119802 0)
(0.00382615 0.135897 0)
(0.00211923 0.125265 0)
(-0.000509063 0.127702 0)
(-1.83751e-06 0.126374 0)
(-0.00170011 0.126856 0)
(-0.00179646 0.126827 0)
(-0.00266924 0.127193 0)
(-0.00320889 0.127654 0)
(-0.00378246 0.128219 0)
(-0.00436225 0.128893 0)
(-0.0049002 0.129598 0)
(-0.00539533 0.130271 0)
(-0.00585525 0.130873 0)
(-0.00627553 0.131355 0)
(-0.00667805 0.131662 0)
(-0.00705032 0.131752 0)
(-0.00733026 0.131552 0)
(-0.00754531 0.130927 0)
(-0.00766428 0.129893 0)
(-0.00770493 0.128283 0)
(-0.00763557 0.126087 0)
(-0.00743984 0.123125 0)
(-0.0070032 0.119431 0)
(0.00161755 0.133148 0)
(0.000919887 0.126564 0)
(-3.96998e-05 0.128291 0)
(0.000167213 0.126594 0)
(-0.000479156 0.127188 0)
(-0.000468579 0.127018 0)
(-0.000803622 0.127389 0)
(-0.000973168 0.127821 0)
(-0.00118587 0.128377 0)
(-0.00135822 0.129008 0)
(-0.00155465 0.12968 0)
(-0.00175884 0.130342 0)
(-0.00195624 0.130939 0)
(-0.00214679 0.131412 0)
(-0.00231587 0.131698 0)
(-0.00246026 0.131742 0)
(-0.00263213 0.131477 0)
(-0.00278942 0.130827 0)
(-0.00291223 0.129709 0)
(-0.00300772 0.128033 0)
(-0.00304876 0.125705 0)
(-0.00308797 0.122604 0)
(-0.00301062 0.118657 0)
(0.466765 0.146194 0)
(0.485182 0.113722 0)
(0.491302 0.0586326 0)
(0.525993 0.0264556 0)
(0.379434 -0.0876125 0)
(0.421725 -0.142463 0)
(0.457427 -0.194307 0)
(0.493578 -0.242974 0)
(0.33678 -0.0870307 0)
(0.354384 -0.108081 0)
(0.366056 -0.141097 0)
(0.373845 -0.180763 0)
(0.264648 -0.118352 0)
(0.256718 -0.144315 0)
(0.240212 -0.175994 0)
(0.226929 -0.20461 0)
(-0.13347 -0.106953 0)
(-0.185069 -0.108158 0)
(-0.252038 -0.155452 0)
(-0.276069 -0.222248 0)
(-0.548192 0.0412453 0)
(-0.636673 0.0885029 0)
(-0.656599 -0.0379335 0)
(-0.600838 -0.327994 0)
(0.219109 0.262314 0)
(0.111165 0.275174 0)
(0.146062 0.0912607 0)
(-0.0417007 -0.210362 0)
(0.396677 0.109321 0)
(0.445902 0.228783 0)
(0.468431 0.264892 0)
(0.425002 0.278059 0)
(0.177463 -0.0453623 0)
(0.244581 0.0739605 0)
(0.276752 0.186233 0)
(0.317633 0.346422 0)
(-0.122076 -0.113182 0)
(-0.116352 0.0178914 0)
(-0.131137 0.198737 0)
(-0.0647296 0.400006 0)
(-0.403114 -0.0295289 0)
(-0.436447 0.099163 0)
(-0.435164 0.220583 0)
(-0.383182 0.288376 0)
(-0.441149 -0.0129058 0)
(-0.448761 0.0891214 0)
(-0.444896 0.165987 0)
(-0.416385 0.196623 0)
(-0.503097 -0.0160658 0)
(-0.521536 0.0760933 0)
(-0.525784 0.149786 0)
(-0.529506 0.231037 0)
(-0.587602 0.0905448 0)
(-0.612683 0.156411 0)
(-0.634277 0.224104 0)
(-0.651087 0.316517 0)
(-0.550294 0.126029 0)
(-0.574997 0.184063 0)
(-0.59894 0.248983 0)
(-0.619108 0.327969 0)
(-0.450238 0.199799 0)
(-0.471876 0.241982 0)
(-0.489205 0.288503 0)
(-0.501972 0.340933 0)
(-0.354192 0.235824 0)
(-0.364527 0.273255 0)
(-0.372418 0.311903 0)
(-0.376881 0.351395 0)
(-0.282904 0.250231 0)
(-0.285141 0.281791 0)
(-0.285251 0.314107 0)
(-0.282895 0.346259 0)
(-0.227754 0.254039 0)
(-0.226765 0.280224 0)
(-0.223785 0.307147 0)
(-0.218536 0.333784 0)
(-0.18265 0.252309 0)
(-0.180091 0.274076 0)
(-0.175945 0.296706 0)
(-0.169909 0.319303 0)
(-0.144874 0.247673 0)
(-0.141293 0.265833 0)
(-0.136404 0.284896 0)
(-0.129916 0.304171 0)
(-0.112937 0.240844 0)
(-0.108598 0.25599 0)
(-0.10315 0.271998 0)
(-0.0962852 0.288316 0)
(-0.0860282 0.232371 0)
(-0.0811029 0.244878 0)
(-0.075214 0.258147 0)
(-0.0680718 0.271675 0)
(-0.0636491 0.222729 0)
(-0.058337 0.232869 0)
(-0.0521656 0.243659 0)
(-0.0448782 0.254558 0)
(-0.0455313 0.212409 0)
(-0.0400769 0.22042 0)
(-0.0338457 0.228951 0)
(-0.0266014 0.237382 0)
(-0.0314175 0.201945 0)
(-0.0260767 0.208069 0)
(-0.0200295 0.214522 0)
(-0.0130483 0.220608 0)
(-0.0208464 0.191881 0)
(-0.0158772 0.196346 0)
(-0.0102622 0.200882 0)
(-0.00378268 0.204774 0)
(-0.0128659 0.182735 0)
(-0.00848037 0.185759 0)
(-0.00352537 0.188547 0)
(0.00221596 0.190477 0)
(-0.00603592 0.174882 0)
(-0.00234433 0.176724 0)
(0.00178841 0.177999 0)
(0.00657175 0.178299 0)
(0.00114668 0.168374 0)
(0.00420936 0.169381 0)
(0.00754575 0.169497 0)
(0.0113536 0.168541 0)
(0.00929369 0.162811 0)
(0.0119933 0.163357 0)
(0.0148009 0.162787 0)
(0.0178396 0.160981 0)
(0.0172005 0.157415 0)
(0.0199334 0.157779 0)
(0.0226636 0.156986 0)
(0.0254545 0.15482 0)
(0.0223507 0.151474 0)
(0.0253738 0.15175 0)
(0.0283861 0.150955 0)
(0.0313868 0.148799 0)
(0.0225346 0.144856 0)
(0.0257906 0.144945 0)
(0.0291055 0.144058 0)
(0.0324063 0.141966 0)
(0.0176639 0.138112 0)
(0.0208579 0.137824 0)
(0.0241956 0.136635 0)
(0.0275386 0.134455 0)
(0.0100308 0.131968 0)
(0.0128731 0.131164 0)
(0.0158869 0.129552 0)
(0.0188982 0.127154 0)
(0.0026438 0.126806 0)
(0.00497879 0.125479 0)
(0.00750159 0.123482 0)
(0.0099781 0.120838 0)
(-0.00271432 0.122545 0)
(-0.000865911 0.120778 0)
(0.00112068 0.118508 0)
(0.00311405 0.115697 0)
(-0.00577768 0.119327 0)
(-0.00436367 0.117192 0)
(-0.00284992 0.114693 0)
(-0.00138499 0.111746 0)
(-0.00694031 0.117103 0)
(-0.00597854 0.114679 0)
(-0.00494282 0.111982 0)
(-0.00391514 0.108881 0)
(-0.00646872 0.11624 0)
(-0.0058629 0.11365 0)
(-0.00519337 0.110787 0)
(-0.00449942 0.107535 0)
(-0.00279025 0.11501 0)
(-0.00251267 0.112245 0)
(-0.00226409 0.109167 0)
(-0.00189055 0.105703 0)
(0.625849 -0.25561 0)
(0.584065 -0.547892 0)
(0.526244 -0.659607 0)
(0.344281 -0.859352 0)
(0.467354 -0.249069 0)
(0.111718 2.39976 0)
(0.00129926 4.33152 0)
(-0.0486181 3.53098 0)
(-1.08812 3.70272 0)
(-1.99521 3.17941 0)
(-2.30442 1.35969 0)
(-1.75243 -0.561323 0)
(-1.41195 -1.81815 0)
(-1.07483 -2.30574 0)
(-0.705896 -2.45909 0)
(-0.675425 -2.4799 0)
(0.121187 -2.47571 0)
(-0.102009 -1.97018 0)
(0.0505754 -1.46665 0)
(0.524926 -0.359769 0)
(0.452235 -0.502261 0)
(0.381478 -0.594569 0)
(0.178144 -0.815187 0)
(0.326215 0.0119068 0)
(-0.0599444 2.64587 0)
(-0.323764 4.35177 0)
(-0.136043 3.87153 0)
(-0.530559 4.27261 0)
(-0.907973 3.4955 0)
(-1.1271 1.44762 0)
(-0.768605 -0.703515 0)
(-0.693968 -2.11836 0)
(-0.479613 -2.62479 0)
(-0.00168395 -2.6589 0)
(0.0380135 -2.62901 0)
(0.236555 -2.77586 0)
(0.0802464 -1.77772 0)
(0.0505535 -1.46332 0)
(0.372627 -0.267147 0)
(0.305617 -0.39978 0)
(0.232737 -0.514815 0)
(0.0373165 -0.766615 0)
(0.00082649 -0.103197 0)
(-0.262677 3.02011 0)
(-0.629187 4.18507 0)
(-0.0330063 3.84864 0)
(0.0430221 4.37656 0)
(0.146962 3.61109 0)
(-0.0313133 1.50014 0)
(0.0977155 -0.735549 0)
(-0.127902 -2.37928 0)
(-0.299375 -3.0022 0)
(0.2105 -2.93379 0)
(0.32685 -2.79954 0)
(0.362022 -2.78175 0)
(0.104321 -1.5729 0)
(0.0479903 -1.40876 0)
(0.219262 -0.244132 0)
(0.189677 -0.315926 0)
(0.108376 -0.408679 0)
(-0.118466 -0.659644 0)
(-0.544517 0.911897 0)
(-0.246846 3.24647 0)
(-0.736974 3.66802 0)
(0.309989 3.55171 0)
(0.685369 4.06874 0)
(1.12276 3.50222 0)
(1.17619 1.62067 0)
(1.24496 -0.458664 0)
(1.00747 -2.06777 0)
(0.560585 -2.92047 0)
(0.555819 -3.10354 0)
(0.564717 -2.98716 0)
(0.538351 -2.66698 0)
(0.124183 -1.39506 0)
(0.0562393 -1.34947 0)
(-0.201647 -0.284506 0)
(-0.0547562 -0.295503 0)
(-0.0367935 -0.295874 0)
(-0.270585 -0.429657 0)
(-0.442258 0.616243 0)
(-0.127686 3.21486 0)
(-0.052178 3.03503 0)
(0.795731 2.95993 0)
(1.35142 3.4256 0)
(1.96959 3.10382 0)
(2.2708 1.70739 0)
(2.29151 -0.12852 0)
(1.92706 -1.70024 0)
(1.59365 -2.58969 0)
(1.40897 -2.94147 0)
(1.01372 -2.94899 0)
(0.711418 -2.21334 0)
(0.158671 -1.19897 0)
(0.0805685 -1.27217 0)
(-0.518084 -0.50003 0)
(-0.347154 -0.415509 0)
(-0.157405 -0.184367 0)
(-0.410721 -0.0890353 0)
(-0.898 0.00457052 0)
(0.161878 2.87757 0)
(1.08395 2.84948 0)
(2.02059 2.51551 0)
(2.30872 2.69319 0)
(2.70825 2.51034 0)
(3.00523 1.49592 0)
(2.92987 -0.114747 0)
(2.66241 -1.56188 0)
(2.48106 -2.44788 0)
(2.08284 -2.66236 0)
(1.36532 -2.44637 0)
(0.778039 -1.49894 0)
(0.209386 -0.97085 0)
(0.124227 -1.16261 0)
(-0.281742 -0.425637 0)
(-0.510566 -0.512916 0)
(-0.313978 -0.193752 0)
(-0.0786087 0.142002 0)
(-0.354458 0.110182 0)
(0.135942 1.15955 0)
(1.89086 1.80374 0)
(3.39839 2.17776 0)
(3.76709 2.41013 0)
(3.85322 2.3411 0)
(3.88015 1.57308 0)
(3.71732 0.255468 0)
(3.52388 -1.37651 0)
(3.24112 -2.26315 0)
(2.42027 -2.15944 0)
(1.59561 -1.58002 0)
(0.772583 -0.862789 0)
(0.298525 -0.72899 0)
(0.184089 -0.984477 0)
(0.0566218 -0.0407665 0)
(-0.413187 -0.480124 0)
(-0.536272 -0.379424 0)
(-0.241073 -0.0512426 0)
(-0.0265365 0.171836 0)
(-0.113198 0.232695 0)
(0.430908 0.578363 0)
(1.45359 1.08387 0)
(2.66563 1.65183 0)
(3.58374 2.21997 0)
(3.91969 1.70735 0)
(3.80618 0.253437 0)
(3.75492 -1.33709 0)
(3.02896 -1.57051 0)
(2.13335 -1.23612 0)
(1.38681 -0.764357 0)
(0.721406 -0.413812 0)
(0.425752 -0.483437 0)
(0.247309 -0.721887 0)
(0.150191 0.285546 0)
(-0.0576441 -0.10644 0)
(-0.33784 -0.3569 0)
(-0.444051 -0.310364 0)
(-0.16307 0.0360026 0)
(0.00273863 0.276679 0)
(-0.0187881 0.297856 0)
(0.227889 0.404524 0)
(0.692253 0.641396 0)
(1.58454 1.24847 0)
(2.52959 1.41994 0)
(2.94883 0.244757 0)
(2.80817 -0.795026 0)
(1.90588 -0.649608 0)
(1.29107 -0.426634 0)
(0.918184 -0.222227 0)
(0.674618 -0.179878 0)
(0.557313 -0.287848 0)
(0.291778 -0.398189 0)
(-0.0614585 0.361901 0)
(-0.0556533 0.0908196 0)
(-0.141733 -0.0408763 0)
(-0.356237 -0.226314 0)
(-0.551207 -0.170901 0)
(-0.0951824 0.211445 0)
(0.0169263 0.329559 0)
(0.0782748 0.334457 0)
(0.0932778 0.340711 0)
(0.476314 0.570782 0)
(1.26037 0.729999 0)
(1.63771 0.00613743 0)
(1.3868 -0.245631 0)
(1.02538 -0.161767 0)
(0.813046 -0.116386 0)
(0.769763 -0.12083 0)
(0.782123 -0.13307 0)
(0.63857 -0.103633 0)
(0.273842 -0.0443847 0)
(-0.290088 0.1944 0)
(-0.243544 -0.0632026 0)
(-0.339554 -0.0699496 0)
(-0.544029 0.0329511 0)
(-0.816083 -0.134626 0)
(-1.08839 -0.315938 0)
(-0.23439 0.214972 0)
(0.0845103 0.330718 0)
(0.107905 0.334964 0)
(0.0565454 0.31257 0)
(0.326131 0.3151 0)
(0.409922 0.116276 0)
(0.349325 -0.0505162 0)
(0.36703 -0.221686 0)
(0.528487 -0.298968 0)
(0.655219 -0.264968 0)
(0.670747 -0.063522 0)
(0.337184 0.22107 0)
(0.137451 0.267072 0)
(-0.431942 0.175616 0)
(-0.706724 0.173748 0)
(-1.25775 0.335443 0)
(-1.66879 0.363268 0)
(-1.87903 0.0404976 0)
(-1.83457 -0.482449 0)
(-1.68178 -0.694803 0)
(-1.20368 -0.103461 0)
(-0.720849 0.401047 0)
(-0.686826 0.429188 0)
(-0.674293 0.287859 0)
(-0.697444 -0.0204126 0)
(-0.612591 -0.283769 0)
(-0.497091 -0.411594 0)
(-0.312572 -0.443302 0)
(-0.154654 -0.278102 0)
(0.029958 0.134111 0)
(-0.0191894 0.37879 0)
(0.0531279 0.363343 0)
(-0.594055 0.386372 0)
(-0.835683 0.605377 0)
(-1.27342 0.717823 0)
(-1.59688 0.528361 0)
(-1.6727 0.0528888 0)
(-1.63258 -0.495049 0)
(-1.80141 -0.590463 0)
(-1.63845 -0.0459218 0)
(-1.36793 0.183928 0)
(-1.18488 0.202725 0)
(-1.06993 0.0721856 0)
(-1.03032 -0.146718 0)
(-0.966691 -0.376912 0)
(-0.761071 -0.567285 0)
(-0.515243 -0.576467 0)
(-0.332742 -0.406183 0)
(-0.191461 -0.0429746 0)
(-0.080173 0.31983 0)
(-0.0229425 0.338879 0)
(-0.66552 0.518413 0)
(-0.69482 0.824208 0)
(-0.801986 0.978775 0)
(-0.930388 0.762568 0)
(-1.01725 0.23756 0)
(-1.26533 -0.398599 0)
(-1.5993 -0.701209 0)
(-1.64183 -0.406349 0)
(-1.5146 -0.152359 0)
(-1.37874 0.101556 0)
(-1.36236 0.116499 0)
(-1.70562 -0.118265 0)
(-1.2042 -0.628708 0)
(-0.832525 -0.902259 0)
(-0.56106 -0.825131 0)
(-0.35482 -0.58641 0)
(-0.228567 -0.11282 0)
(-0.118041 0.234935 0)
(-0.0524609 0.25011 0)
(-0.61369 0.493175 0)
(-0.531571 0.757032 0)
(-0.388873 0.932695 0)
(-0.288584 0.817373 0)
(-0.270524 0.456545 0)
(-0.416297 0.0355218 0)
(-0.83353 -0.222503 0)
(-1.2602 -0.20258 0)
(-1.44518 -0.127689 0)
(-1.63836 0.0788088 0)
(-1.79662 0.295041 0)
(-1.75031 0.000404425 0)
(-1.3951 -0.723269 0)
(-0.93487 -1.24984 0)
(-0.622535 -1.10229 0)
(-0.407281 -0.773974 0)
(-0.23988 -0.261908 0)
(-0.127357 0.126917 0)
(-0.0363875 0.154637 0)
(-0.494472 0.442587 0)
(-0.416736 0.599561 0)
(-0.237651 0.702688 0)
(-0.0428261 0.638903 0)
(0.0490999 0.408623 0)
(-0.0166633 0.177345 0)
(-0.217063 0.0887683 0)
(-0.53163 0.157473 0)
(-0.855831 0.229411 0)
(-1.06979 0.269194 0)
(-1.33834 0.186566 0)
(-1.37239 -0.365567 0)
(-1.10679 -1.16811 0)
(-0.894894 -1.43635 0)
(-0.849377 -1.32638 0)
(-0.599807 -0.946016 0)
(-0.30563 -0.412075 0)
(-0.15372 0.0286135 0)
(-0.00949195 0.0795251 0)
(-0.367548 0.416832 0)
(-0.318362 0.501658 0)
(-0.207227 0.538385 0)
(-0.0704608 0.48425 0)
(0.0123369 0.344172 0)
(-0.0121244 0.227888 0)
(-0.106482 0.226951 0)
(-0.226082 0.333239 0)
(-0.423782 0.454868 0)
(-0.678391 0.545403 0)
(-0.919644 0.382025 0)
(-0.871384 -0.523068 0)
(-0.7299 -1.28733 0)
(-0.713001 -1.38694 0)
(-0.837153 -1.3801 0)
(-0.812156 -1.16487 0)
(-0.490116 -0.667322 0)
(-0.189629 -0.129423 0)
(-0.0160031 0.000654582 0)
(-0.270209 0.395236 0)
(-0.23569 0.450517 0)
(-0.176696 0.466309 0)
(-0.111665 0.427852 0)
(-0.0758498 0.347925 0)
(-0.09542 0.282146 0)
(-0.148066 0.298004 0)
(-0.188238 0.416405 0)
(-0.233606 0.585284 0)
(-0.381614 0.707041 0)
(-0.617083 0.54129 0)
(-0.699255 -0.323707 0)
(-0.730453 -1.29589 0)
(-0.688668 -1.32735 0)
(-0.725778 -1.29292 0)
(-0.806275 -1.23832 0)
(-0.611894 -0.944877 0)
(-0.248702 -0.368857 0)
(-0.0213011 -0.100601 0)
(-0.20449 0.373139 0)
(-0.176521 0.415359 0)
(-0.139909 0.427091 0)
(-0.106809 0.403788 0)
(-0.0929358 0.357803 0)
(-0.108272 0.321822 0)
(-0.144618 0.338896 0)
(-0.175715 0.442587 0)
(-0.176087 0.632598 0)
(-0.209614 0.822097 0)
(-0.423313 0.663985 0)
(-0.765 -0.432607 0)
(-0.879959 -1.32321 0)
(-0.786499 -1.38935 0)
(-0.678228 -1.29834 0)
(-0.646007 -1.21893 0)
(-0.577648 -1.14469 0)
(-0.339548 -0.715839 0)
(-0.0200937 -0.208328 0)
(-0.156045 0.352635 0)
(-0.131718 0.388205 0)
(-0.10369 0.399536 0)
(-0.0792802 0.385021 0)
(-0.0652868 0.357041 0)
(-0.0656342 0.340964 0)
(-0.0791433 0.366514 0)
(-0.100247 0.457647 0)
(-0.105854 0.63779 0)
(-0.0807961 0.882636 0)
(-0.186171 0.908379 0)
(-0.535567 0.139113 0)
(-0.996085 -1.34053 0)
(-0.979129 -1.55265 0)
(-0.794351 -1.41721 0)
(-0.628334 -1.29775 0)
(-0.509985 -1.21875 0)
(-0.309168 -0.992438 0)
(-0.0862313 -0.417206 0)
(-0.115905 0.333061 0)
(-0.0925488 0.36464 0)
(-0.0664305 0.376407 0)
(-0.0419516 0.366613 0)
(-0.0210023 0.346719 0)
(-0.0038582 0.339729 0)
(0.0085904 0.373297 0)
(0.0146001 0.466723 0)
(0.0126905 0.632082 0)
(0.0443334 0.890884 0)
(0.0345825 1.05928 0)
(-0.246461 0.388675 0)
(-0.705963 -0.979278 0)
(-1.15321 -1.6271 0)
(-1.10208 -1.65052 0)
(-0.832224 -1.51647 0)
(-0.598099 -1.39926 0)
(-0.27679 -1.17308 0)
(-0.0738213 -0.622988 0)
(-0.0816743 0.313167 0)
(-0.0574364 0.341034 0)
(-0.0295039 0.3523 0)
(-0.000567653 0.344207 0)
(0.0297884 0.325794 0)
(0.0632287 0.319378 0)
(0.0992274 0.354473 0)
(0.133184 0.454771 0)
(0.156491 0.617615 0)
(0.189325 0.858695 0)
(0.260702 1.11726 0)
(0.101679 0.763637 0)
(-0.274556 -0.380347 0)
(-0.87188 -1.28237 0)
(-1.15628 -1.68194 0)
(-1.02001 -1.78736 0)
(-0.668773 -1.6891 0)
(-0.289757 -1.43725 0)
(-0.0652247 -0.737777 0)
(-0.0529177 0.29237 0)
(-0.027423 0.315706 0)
(0.0036985 0.324425 0)
(0.0389396 0.314214 0)
(0.0806411 0.292244 0)
(0.131292 0.281625 0)
(0.187004 0.315485 0)
(0.240404 0.41897 0)
(0.287873 0.585533 0)
(0.330658 0.802108 0)
(0.434492 1.0814 0)
(0.386794 0.96994 0)
(0.107959 0.034003 0)
(-0.388839 -0.891223 0)
(-0.766484 -1.4978 0)
(-0.890699 -1.85815 0)
(-0.67209 -1.99449 0)
(-0.29612 -1.79439 0)
(-0.0604592 -0.891355 0)
(-0.029469 0.270928 0)
(-0.00313622 0.288683 0)
(0.0305191 0.292242 0)
(0.0719412 0.275495 0)
(0.125174 0.244858 0)
(0.190965 0.227064 0)
(0.260742 0.260584 0)
(0.327122 0.367407 0)
(0.38877 0.537137 0)
(0.441551 0.737561 0)
(0.540189 0.996477 0)
(0.586211 1.0343 0)
(0.417799 0.386383 0)
(0.0464364 -0.556626 0)
(-0.27167 -1.30302 0)
(-0.456965 -1.82172 0)
(-0.514624 -2.10716 0)
(-0.265179 -2.01577 0)
(0.0248178 -1.09494 0)
(-0.0113162 0.249339 0)
(0.0151985 0.260684 0)
(0.0503255 0.256721 0)
(0.0960323 0.229657 0)
(0.157444 0.186358 0)
(0.231348 0.161339 0)
(0.308267 0.19573 0)
(0.384655 0.306816 0)
(0.455738 0.480215 0)
(0.51532 0.673784 0)
(0.601483 0.902698 0)
(0.697937 1.02306 0)
(0.629375 0.602661 0)
(0.376863 -0.230195 0)
(0.118943 -1.08363 0)
(-0.0457315 -1.70467 0)
(-0.220308 -2.10828 0)
(-0.225017 -2.15254 0)
(0.13513 -1.21973 0)
(0.00163591 0.228117 0)
(0.0274016 0.232599 0)
(0.0621895 0.219753 0)
(0.108816 0.179851 0)
(0.172202 0.123228 0)
(0.246287 0.0916867 0)
(0.325744 0.124382 0)
(0.410195 0.237319 0)
(0.489547 0.417192 0)
(0.552844 0.611414 0)
(0.625604 0.813048 0)
(0.734546 0.96445 0)
(0.744237 0.70522 0)
(0.583522 -0.0113958 0)
(0.382673 -0.877062 0)
(0.19623 -1.57537 0)
(0.120401 -1.95857 0)
(-0.123704 -2.23364 0)
(0.163589 -1.24768 0)
(0.00972326 0.208116 0)
(0.0334037 0.206043 0)
(0.0649788 0.184463 0)
(0.107817 0.131349 0)
(0.165977 0.0616965 0)
(0.235333 0.0213227 0)
(0.313009 0.0463786 0)
(0.400657 0.157527 0)
(0.486458 0.348588 0)
(0.550452 0.551892 0)
(0.606386 0.734372 0)
(0.701115 0.884637 0)
(0.758668 0.72625 0)
(0.659629 0.132046 0)
(0.521952 -0.699548 0)
(0.313637 -1.4622 0)
(0.276744 -1.84595 0)
(0.0202828 -2.14877 0)
(0.120986 -1.23793 0)
(0.0139381 0.190392 0)
(0.0340802 0.183161 0)
(0.0592846 0.154603 0)
(0.0933706 0.0896192 0)
(0.140841 0.0062311 0)
(0.200567 -0.0433458 0)
(0.263248 -0.0307518 0)
(0.341342 0.0748878 0)
(0.431492 0.280187 0)
(0.496811 0.499459 0)
(0.538166 0.674249 0)
(0.608482 0.81004 0)
(0.683061 0.709567 0)
(0.626493 0.222243 0)
(0.5569 -0.563909 0)
(0.336211 -1.34813 0)
(0.346487 -1.73586 0)
(0.0292829 -2.06491 0)
(0.140905 -1.1349 0)
(0.0161464 0.175884 0)
(0.0319976 0.165673 0)
(0.0492035 0.13311 0)
(0.0708981 0.058766 0)
(0.103309 -0.0363825 0)
(0.145429 -0.0897807 0)
(0.177854 -0.0892938 0)
(0.225835 0.00170329 0)
(0.312716 0.217676 0)
(0.381184 0.454079 0)
(0.416873 0.631085 0)
(0.470267 0.752174 0)
(0.543022 0.682651 0)
(0.524794 0.256457 0)
(0.518372 -0.479155 0)
(0.301394 -1.23333 0)
(0.363995 -1.61243 0)
(0.0450787 -1.94501 0)
(0.132857 -1.05521 0)
(0.0187775 0.164781 0)
(0.0307243 0.153966 0)
(0.0410227 0.121374 0)
(0.0492684 0.0414954 0)
(0.0596622 -0.0606772 0)
(0.0754787 -0.107511 0)
(0.0693031 -0.110834 0)
(0.0655628 -0.0462883 0)
(0.132485 0.162974 0)
(0.203928 0.412466 0)
(0.242963 0.594386 0)
(0.296042 0.703497 0)
(0.372878 0.642867 0)
(0.388737 0.236945 0)
(0.421138 -0.441563 0)
(0.311992 -1.13106 0)
(0.400015 -1.5064 0)
(0.0838631 -1.80027 0)
(0.104887 -0.996382 0)
(0.0235976 0.15641 0)
(0.0326042 0.146295 0)
(0.03884 0.118731 0)
(0.0342407 0.0421546 0)
(0.0151646 -0.0591353 0)
(0.00260393 -0.0923747 0)
(-0.0368156 -0.0911415 0)
(-0.101961 -0.0557516 0)
(-0.080514 0.122373 0)
(-0.012221 0.370777 0)
(0.0346463 0.553725 0)
(0.104232 0.648921 0)
(0.19871 0.579248 0)
(0.293193 0.16243 0)
(0.34244 -0.445079 0)
(0.402991 -1.13871 0)
(0.459884 -1.41972 0)
(0.158103 -1.63252 0)
(0.0872721 -0.914219 0)
(0.0303083 0.149839 0)
(0.0373306 0.140584 0)
(0.0422695 0.121687 0)
(0.0311618 0.0624378 0)
(-0.0145822 -0.0315126 0)
(-0.0543214 -0.0560583 0)
(-0.097754 -0.0308409 0)
(-0.207334 -0.0148238 0)
(-0.254956 0.112254 0)
(-0.209811 0.3314 0)
(-0.149303 0.501563 0)
(-0.0556285 0.565174 0)
(0.0760708 0.454307 0)
(0.306556 0.0228671 0)
(0.426721 -0.48537 0)
(0.536168 -1.17432 0)
(0.510932 -1.33208 0)
(0.243924 -1.44058 0)
(0.0911678 -0.799636 0)
(0.0364176 0.14385 0)
(0.0427284 0.135605 0)
(0.0476749 0.12401 0)
(0.0410137 0.0919281 0)
(-0.00726351 0.019162 0)
(-0.0741439 -0.0163687 0)
(-0.10426 0.0352666 0)
(-0.187633 0.072458 0)
(-0.291155 0.132578 0)
(-0.290729 0.284313 0)
(-0.220787 0.414798 0)
(-0.0978194 0.425864 0)
(0.119198 0.228665 0)
(0.353481 -0.183504 0)
(0.525579 -0.587805 0)
(0.580586 -1.17153 0)
(0.518179 -1.23585 0)
(0.296567 -1.22241 0)
(0.103333 -0.658409 0)
(0.0381549 0.137269 0)
(0.0450383 0.130147 0)
(0.0512268 0.122458 0)
(0.0515837 0.110093 0)
(0.0278688 0.0743214 0)
(-0.040758 0.0322 0)
(-0.0831058 0.0608175 0)
(-0.0959552 0.140175 0)
(-0.156428 0.189255 0)
(-0.179908 0.250872 0)
(-0.111668 0.30488 0)
(0.0271503 0.250617 0)
(0.275382 0.0154887 0)
(0.39601 -0.313174 0)
(0.527999 -0.675196 0)
(0.495071 -1.15138 0)
(0.461938 -1.14054 0)
(0.272834 -1.02418 0)
(0.110036 -0.514963 0)
(0.0335949 0.129835 0)
(0.0412302 0.12335 0)
(0.0491212 0.117672 0)
(0.0538374 0.111534 0)
(0.0552469 0.102612 0)
(0.0225126 0.0843617 0)
(-0.0225233 0.0786654 0)
(-0.0196085 0.132245 0)
(0.00575754 0.205329 0)
(0.0254072 0.237475 0)
(0.0920507 0.224812 0)
(0.222428 0.108244 0)
(0.347685 -0.106865 0)
(0.41861 -0.381095 0)
(0.517001 -0.712905 0)
(0.393578 -1.11011 0)
(0.366616 -1.06918 0)
(0.127712 -0.68631 0)
(0.11722 -0.392184 0)
(0.024429 0.122284 0)
(0.0321683 0.11562 0)
(0.0404048 0.111019 0)
(0.0477454 0.103304 0)
(0.0594953 0.102875 0)
(0.0597021 0.105946 0)
(0.0497106 0.100216 0)
(0.0518188 0.111452 0)
(0.0952597 0.15404 0)
(0.153478 0.180678 0)
(0.226514 0.144572 0)
(0.294532 0.0312301 0)
(0.346125 -0.18191 0)
(0.439479 -0.442913 0)
(0.51621 -0.712621 0)
(0.371602 -1.02041 0)
(0.40213 -0.969124 0)
(0.0899935 -0.600955 0)
(0.129991 -0.307983 0)
(0.0144189 0.115601 0)
(0.0216609 0.108294 0)
(0.0281507 0.103857 0)
(0.0381104 0.0928336 0)
(0.0473465 0.0926271 0)
(0.0618207 0.0959759 0)
(0.0841064 0.0920009 0)
(0.103935 0.0953683 0)
(0.134516 0.108037 0)
(0.186501 0.116481 0)
(0.237375 0.095977 0)
(0.261105 -0.00133832 0)
(0.340419 -0.258584 0)
(0.41716 -0.517151 0)
(0.499682 -0.696711 0)
(0.374175 -0.960083 0)
(0.47492 -0.864879 0)
(0.0618751 -0.468299 0)
(0.14743 -0.218337 0)
(0.00635097 0.110062 0)
(0.012938 0.102103 0)
(0.0165739 0.0967564 0)
(0.0293903 0.084192 0)
(0.0310565 0.0822544 0)
(0.054634 0.0737204 0)
(0.0767156 0.0630567 0)
(0.115598 0.0710321 0)
(0.152597 0.0793555 0)
(0.188175 0.0842506 0)
(0.192737 0.0822993 0)
(0.292856 -0.0753877 0)
(0.318937 -0.324284 0)
(0.345173 -0.575567 0)
(0.406214 -0.715834 0)
(0.339783 -0.963615 0)
(0.456374 -0.779776 0)
(-0.0917208 -0.271174 0)
(0.172241 -0.131215 0)
(0.000665623 0.10574 0)
(0.00666946 0.0974344 0)
(0.00805806 0.0897272 0)
(0.0228427 0.0781625 0)
(0.0193135 0.0692196 0)
(0.052706 0.058788 0)
(0.0556051 0.0320075 0)
(0.106398 0.0290057 0)
(0.174668 0.0438206 0)
(0.212485 0.078394 0)
(0.191143 0.0209334 0)
(0.373369 -0.130469 0)
(0.245395 -0.299451 0)
(0.271438 -0.587432 0)
(0.22503 -0.725413 0)
(0.244386 -0.917698 0)
(0.121991 -0.577301 0)
(-0.151483 -0.293032 0)
(0.187756 -0.200636 0)
(-0.00267475 0.102647 0)
(0.00242516 0.0940824 0)
(0.00299726 0.0830159 0)
(0.0168054 0.0727808 0)
(0.0157911 0.0528219 0)
(0.0444876 0.0467798 0)
(0.0587707 0.00556267 0)
(0.0802107 -0.0335405 0)
(0.170965 -0.0245515 0)
(0.194864 0.0698572 0)
(0.225544 -0.0506681 0)
(0.450382 -0.0700562 0)
(0.160582 -0.194963 0)
(0.216194 -0.562348 0)
(0.0405715 -0.677073 0)
(0.123575 -0.692571 0)
(-0.562895 -0.274741 0)
(-0.168678 -0.0453134 0)
(0.180692 -0.0155216 0)
(-0.00375035 0.101169 0)
(4.6218e-05 0.0920862 0)
(0.000847877 0.0780469 0)
(0.0106697 0.0672262 0)
(0.0136462 0.0408945 0)
(0.0278831 0.0289699 0)
(0.0544494 -0.00707955 0)
(0.050766 -0.0680461 0)
(0.107727 -0.0649131 0)
(0.167053 0.0561819 0)
(0.269118 -0.233034 0)
(0.485729 -0.0910172 0)
(0.040458 -0.115791 0)
(0.159155 -0.540223 0)
(-0.00268492 -0.623155 0)
(0.147041 -0.499574 0)
(-0.434891 -0.386141 0)
(0.866449 -0.872042 0)
(0.226123 -0.186797 0)
(-0.0014877 0.0991645 0)
(0.000221179 0.0894043 0)
(0.00100774 0.0738078 0)
(0.00521179 0.0611525 0)
(0.00768088 0.033971 0)
(0.0146243 0.0133291 0)
(0.0257199 -0.0230065 0)
(0.0419331 -0.0812493 0)
(0.0197663 -0.135773 0)
(0.177481 -0.0809052 0)
(0.139932 -0.402956 0)
(0.292424 0.236788 0)
(-0.0691048 0.0174474 0)
(0.0725189 -0.566914 0)
(0.0236549 -0.632382 0)
(0.144987 -0.572799 0)
(0.241302 -0.825172 0)
(0.966551 -1.42539 0)
(0.881091 1.20655 0)
)
;

boundaryField
{
    leftWall
    {
        type            noSlip;
    }
    rightWall
    {
        type            noSlip;
    }
    lowerWall
    {
        type            noSlip;
    }
    atmosphere
    {
        type            pressureInletOutletVelocity;
        value           nonuniform List<vector> 
46
(
(0.00161755 0.133148 0)
(0.000919887 0.126564 0)
(-3.96998e-05 0.128291 0)
(0.000167213 0.126594 0)
(-0.000479156 0.127188 0)
(-0.000468579 0.127018 0)
(-0.000803622 0.127389 0)
(-0.000973168 0.127821 0)
(-0.00118587 0.128377 0)
(-0.00135822 0.129008 0)
(-0.00155465 0.12968 0)
(-0.00175884 0.130342 0)
(-0.00195624 0.130939 0)
(-0.00214679 0.131412 0)
(-0.00231587 0.131698 0)
(-0.00246026 0.131742 0)
(-0.00263213 0.131477 0)
(-0.00278942 0.130827 0)
(-0.00291223 0.129709 0)
(-0.00300772 0.128033 0)
(-0.00304876 0.125705 0)
(-0.00308797 0.122604 0)
(-0.00301062 0.118657 0)
(-0.00279025 0.11501 0)
(-0.00251267 0.112245 0)
(-0.00226409 0.109167 0)
(-0.00189055 0.105703 0)
(-0.0014877 0.0991645 0)
(0.000221179 0.0894043 0)
(0.00100774 0.0738078 0)
(0.00521179 0.0611525 0)
(0.00768088 0.033971 0)
(0.0146243 0.0133291 0)
(0 -0.0230065 0)
(0 -0.0812493 0)
(0 -0.135773 0)
(0 -0.0809052 0)
(0 -0.402956 0)
(0.292424 0.236788 0)
(-0.0691048 0.0174474 0)
(0 -0.566914 0)
(0 -0.632382 0)
(0 -0.572799 0)
(0 -0.825172 0)
(0 -1.42539 0)
(0.881091 1.20655 0)
)
;
    }
    defaultFaces
    {
        type            empty;
    }
}


// ************************************************************************* //
