/*--------------------------------*- C++ -*----------------------------------*\
| =========                 |                                                 |
| \\      /  F ield         | OpenFOAM: The Open Source CFD Toolbox           |
|  \\    /   O peration     | Version:  2206                                  |
|   \\  /    A nd           | Website:  www.openfoam.com                      |
|    \\/     M anipulation  |                                                 |
\*---------------------------------------------------------------------------*/
FoamFile
{
    version     2.0;
    format      ascii;
    arch        "LSB;label=32;scalar=64";
    class       volVectorField;
    location    "0.425";
    object      U;
}
// * * * * * * * * * * * * * * * * * * * * * * * * * * * * * * * * * * * * * //

dimensions      [0 1 -1 0 0 0 0];

internalField   nonuniform List<vector> 
2268
(
(-0.0047186 0.00106418 0)
(0.00073119 -0.00500871 0)
(0.0166269 -0.00792248 0)
(0.0346243 -0.00839629 0)
(0.0520837 -0.00754188 0)
(0.0672371 -0.00623431 0)
(0.0794971 -0.00497724 0)
(0.0892009 -0.00395882 0)
(0.0969501 -0.00317146 0)
(0.103196 -0.00251781 0)
(0.108116 -0.0018813 0)
(0.111637 -0.00112436 0)
(0.113518 -2.7548e-05 0)
(0.113141 0.00167989 0)
(0.109297 0.00415381 0)
(0.100995 0.00733914 0)
(0.0874506 0.0108481 0)
(0.068238 0.0138891 0)
(0.0441446 0.0151371 0)
(0.0176783 0.0123609 0)
(-0.00532163 0.003951 0)
(-0.0162659 -0.00902254 0)
(-0.00818405 -0.0167454 0)
(-0.00496684 0.0032486 0)
(0.000271685 -0.0152231 0)
(0.0162406 -0.0241949 0)
(0.0346072 -0.0257951 0)
(0.0526297 -0.0233042 0)
(0.0683734 -0.0193528 0)
(0.0811309 -0.0155019 0)
(0.0912026 -0.0123691 0)
(0.0992261 -0.00996137 0)
(0.105725 -0.00800125 0)
(0.110987 -0.00614797 0)
(0.115095 -0.00408672 0)
(0.117986 -0.00151066 0)
(0.119691 0.00183204 0)
(0.120551 0.00627874 0)
(0.120437 0.0119817 0)
(0.118448 0.0188396 0)
(0.112808 0.0262916 0)
(0.101225 0.0328831 0)
(0.0819125 0.0354222 0)
(0.0562117 0.0298775 0)
(0.0302726 0.01401 0)
(0.00925441 -0.00836333 0)
(-0.00534772 0.00599927 0)
(-0.000781317 -0.0250556 0)
(0.0150381 -0.0404832 0)
(0.0338188 -0.0435745 0)
(0.0526145 -0.0395951 0)
(0.0691734 -0.0329364 0)
(0.0825733 -0.0263282 0)
(0.0930522 -0.0209306 0)
(0.101307 -0.0168277 0)
(0.107977 -0.0135785 0)
(0.113447 -0.0106204 0)
(0.117842 -0.0074839 0)
(0.121061 -0.00386593 0)
(0.122948 0.000414568 0)
(0.12336 0.00563224 0)
(0.122253 0.0121493 0)
(0.119965 0.0203422 0)
(0.116877 0.0303329 0)
(0.112351 0.0413455 0)
(0.103659 0.0506336 0)
(0.0864072 0.0530096 0)
(0.0578961 0.0428146 0)
(0.02156 0.0208379 0)
(-0.00588632 0.00963674 0)
(-0.00225614 -0.0343937 0)
(0.0133268 -0.0569609 0)
(0.032703 -0.0621029 0)
(0.0525454 -0.0568638 0)
(0.0702068 -0.0474099 0)
(0.084506 -0.0377952 0)
(0.0955975 -0.0298859 0)
(0.104239 -0.0239427 0)
(0.1112 -0.0193856 0)
(0.116995 -0.0154057 0)
(0.121844 -0.0112963 0)
(0.125732 -0.00655063 0)
(0.128488 -0.000796371 0)
(0.129846 0.00613541 0)
(0.129461 0.0143658 0)
(0.127028 0.0239739 0)
(0.12251 0.0350576 0)
(0.116146 0.0476911 0)
(0.107601 0.0613035 0)
(0.0938813 0.0726776 0)
(0.0683083 0.0749492 0)
(0.0275688 0.0630971 0)
(-0.0065392 0.014388 0)
(-0.00412534 -0.0430719 0)
(0.0112724 -0.0737003 0)
(0.0314015 -0.08154 0)
(0.0523748 -0.0753039 0)
(0.0712254 -0.0629819 0)
(0.0865418 -0.0501112 0)
(0.0983937 -0.0394255 0)
(0.107587 -0.0314679 0)
(0.115012 -0.0255566 0)
(0.121308 -0.0206183 0)
(0.126797 -0.0156748 0)
(0.131522 -0.0100121 0)
(0.135337 -0.00316632 0)
(0.137959 0.00515428 0)
(0.138996 0.0151628 0)
(0.137939 0.026973 0)
(0.134122 0.0405553 0)
(0.126825 0.0558292 0)
(0.115534 0.0729789 0)
(0.0996617 0.0917325 0)
(0.0743777 0.106832 0)
(0.0328451 0.107341 0)
(-0.0073291 0.020318 0)
(-0.00620397 -0.0510415 0)
(0.00923512 -0.0908476 0)
(0.0301951 -0.101936 0)
(0.0521339 -0.094905 0)
(0.0720138 -0.0796634 0)
(0.0882928 -0.0633652 0)
(0.100973 -0.0497329 0)
(0.110884 -0.0396615 0)
(0.118992 -0.0323941 0)
(0.12603 -0.0265914 0)
(0.1324 -0.020984 0)
(0.138208 -0.0146195 0)
(0.143339 -0.00685844 0)
(0.147531 0.00272457 0)
(0.150396 0.0144303 0)
(0.151379 0.0285453 0)
(0.149681 0.0453142 0)
(0.144055 0.064863 0)
(0.132725 0.0873902 0)
(0.113927 0.113901 0)
(0.0847676 0.144539 0)
(0.0352986 0.166737 0)
(-0.00828641 0.0275965 0)
(-0.00812111 -0.0586039 0)
(0.00737808 -0.108377 0)
(0.0291859 -0.122998 0)
(0.05187 -0.115277 0)
(0.0724474 -0.0971204 0)
(0.089425 -0.0773344 0)
(0.102861 -0.0607075 0)
(0.113614 -0.0485281 0)
(0.122662 -0.0399729 0)
(0.130756 -0.0334386 0)
(0.138333 -0.0273642 0)
(0.145548 -0.0205541 0)
(0.152349 -0.012192 0)
(0.158515 -0.00172304 0)
(0.163706 0.0113102 0)
(0.167433 0.0274174 0)
(0.168936 0.0471815 0)
(0.16705 0.0713344 0)
(0.159578 0.100286 0)
(0.143993 0.13521 0)
(0.11435 0.175168 0)
(0.0607604 0.220157 0)
(-0.00940649 0.0362183 0)
(-0.00972931 -0.0657235 0)
(0.00506828 -0.12578 0)
(0.0277276 -0.144214 0)
(0.0514151 -0.135884 0)
(0.0725537 -0.114891 0)
(0.0898954 -0.0917223 0)
(0.103854 -0.0721922 0)
(0.115447 -0.0579706 0)
(0.125635 -0.0481823 0)
(0.135098 -0.0409856 0)
(0.144233 -0.0345521 0)
(0.153212 -0.0274581 0)
(0.162037 -0.0187176 0)
(0.170596 -0.00762918 0)
(0.178662 0.00629981 0)
(0.18589 0.0238881 0)
(0.191768 0.0461181 0)
(0.195057 0.0748248 0)
(0.194176 0.112186 0)
(0.181789 0.163802 0)
(0.161431 0.236372 0)
(0.0507539 0.353983 0)
(-0.0247048 0.00875724 0)
(-0.710939 0.0603623 0)
(-1.40219 -0.00980967 0)
(-1.47772 -0.0233829 0)
(-1.35311 -0.0363165 0)
(-1.13806 -0.047221 0)
(-0.792118 -0.0585663 0)
(-0.232635 -0.100051 0)
(0.377737 -0.112661 0)
(0.770533 -0.0609216 0)
(1.00653 -0.0146055 0)
(1.06254 0.0314817 0)
(0.873783 0.0824954 0)
(0.434867 0.105638 0)
(-0.0662933 0.0510612 0)
(-0.271085 -0.00136834 0)
(-0.664356 0.028554 0)
(-0.776701 -0.036219 0)
(-0.219544 -0.125637 0)
(-0.589971 0.23792 0)
(-1.52259 0.332151 0)
(-2.05593 0.200725 0)
(-1.7805 -0.00583597 0)
(-1.38325 -0.137156 0)
(-0.888016 -0.168075 0)
(-0.0243025 -0.230684 0)
(0.737584 -0.348373 0)
(1.08667 -0.281205 0)
(1.30266 -0.161086 0)
(1.43848 -0.0654898 0)
(1.486 0.0167953 0)
(1.44998 0.118122 0)
(1.22177 0.217353 0)
(0.687194 0.233046 0)
(0.0451824 0.14167 0)
(-0.67519 0.133487 0)
(-0.583225 0.00200034 0)
(-0.0697536 -0.298346 0)
(-0.603853 0.474341 0)
(-0.741724 0.569179 0)
(-0.931558 0.090611 0)
(0.0412545 -0.269203 0)
(0.060037 -0.32999 0)
(0.516293 -0.373361 0)
(0.988073 -0.461184 0)
(1.21847 -0.458611 0)
(1.33055 -0.331138 0)
(1.43893 -0.179409 0)
(1.5288 -0.0617288 0)
(1.56304 0.0378616 0)
(1.54669 0.159262 0)
(1.48892 0.304081 0)
(1.21829 0.399299 0)
(0.668405 0.363161 0)
(-0.198497 0.246912 0)
(-0.54794 -0.0880091 0)
(0.064654 -0.448357 0)
(-0.500533 0.579402 0)
(0.421841 0.686059 0)
(0.992464 0.096801 0)
(0.977976 -0.28365 0)
(0.987705 -0.37172 0)
(1.1686 -0.446344 0)
(1.28477 -0.500449 0)
(1.33173 -0.47222 0)
(1.39114 -0.351807 0)
(1.48056 -0.204754 0)
(1.55972 -0.0781088 0)
(1.5975 0.0299253 0)
(1.58231 0.162879 0)
(1.54217 0.334453 0)
(1.4465 0.500565 0)
(1.11826 0.561152 0)
(0.441876 0.451692 0)
(-0.363146 0.0306412 0)
(0.184421 -0.546784 0)
(-0.412087 0.523904 0)
(0.615532 0.492008 0)
(1.38662 -0.0901589 0)
(1.2957 -0.304929 0)
(1.25127 -0.385889 0)
(1.28853 -0.464879 0)
(1.32825 -0.512277 0)
(1.37261 -0.489034 0)
(1.4396 -0.382733 0)
(1.52017 -0.236044 0)
(1.58398 -0.0973049 0)
(1.61629 0.0382896 0)
(1.61277 0.190168 0)
(1.5675 0.366272 0)
(1.51811 0.554714 0)
(1.36474 0.69537 0)
(0.938053 0.644022 0)
(0.185076 0.200622 0)
(0.304202 -0.525196 0)
(-0.303699 0.404357 0)
(0.785276 0.119014 0)
(1.30691 -0.174613 0)
(1.20845 -0.283332 0)
(1.23739 -0.397864 0)
(1.29989 -0.483442 0)
(1.35573 -0.528277 0)
(1.40754 -0.509276 0)
(1.46545 -0.413097 0)
(1.52323 -0.27557 0)
(1.56214 -0.141535 0)
(1.58141 -0.0128481 0)
(1.58624 0.142068 0)
(1.56527 0.351252 0)
(1.53259 0.572882 0)
(1.46675 0.765933 0)
(1.24251 0.784878 0)
(0.647364 0.363709 0)
(0.432283 -0.402771 0)
(-0.0633783 0.275008 0)
(0.902583 -0.0625071 0)
(1.02689 -0.189691 0)
(1.14393 -0.3221 0)
(1.24958 -0.434846 0)
(1.32078 -0.506703 0)
(1.36867 -0.544429 0)
(1.41102 -0.528364 0)
(1.44736 -0.440518 0)
(1.47259 -0.298972 0)
(1.46717 -0.134154 0)
(1.46091 0.0255121 0)
(1.46845 0.164716 0)
(1.47821 0.338065 0)
(1.48877 0.566545 0)
(1.47539 0.794544 0)
(1.3794 0.87884 0)
(0.931942 0.528934 0)
(0.53994 -0.204205 0)
(0.417318 -0.0414944 0)
(0.821196 -0.134875 0)
(1.05838 -0.249849 0)
(1.19763 -0.369047 0)
(1.2725 -0.461933 0)
(1.31766 -0.520438 0)
(1.357 -0.555931 0)
(1.3863 -0.540733 0)
(1.3935 -0.445821 0)
(1.37338 -0.270133 0)
(1.31247 -0.095698 0)
(1.20478 0.0155606 0)
(1.28038 0.176526 0)
(1.32513 0.346532 0)
(1.38701 0.547058 0)
(1.42145 0.789831 0)
(1.40439 0.940993 0)
(1.07149 0.688012 0)
(0.594761 0.0112252 0)
(-0.0106482 0.0516476 0)
(-0.0116753 -0.0743928 0)
(2.30427e-05 -0.152577 0)
(0.0238658 -0.179997 0)
(0.0497144 -0.170506 0)
(0.072083 -0.143937 0)
(0.0899262 -0.11534 0)
(0.104514 -0.0919548 0)
(0.117379 -0.0753758 0)
(0.129516 -0.0643132 0)
(0.14143 -0.056534 0)
(0.153364 -0.0499035 0)
(0.165444 -0.0427799 0)
(0.177759 -0.0340314 0)
(0.190391 -0.0228835 0)
(0.203532 -0.00868871 0)
(0.217352 0.00918301 0)
(0.23281 0.031518 0)
(0.249789 0.0599062 0)
(0.274108 0.0954057 0)
(0.298804 0.145515 0)
(0.364076 0.197945 0)
(0.38502 0.336639 0)
(-0.00933694 0.0716527 0)
(-0.0102483 -0.0834354 0)
(-0.00266323 -0.189706 0)
(0.0213965 -0.235226 0)
(0.048171 -0.223595 0)
(0.0716108 -0.185894 0)
(0.0901005 -0.148346 0)
(0.105584 -0.120534 0)
(0.120288 -0.102463 0)
(0.135246 -0.09126 0)
(0.150653 -0.0838885 0)
(0.166461 -0.0779183 0)
(0.182662 -0.0716679 0)
(0.199364 -0.0641122 0)
(0.216823 -0.0546899 0)
(0.235474 -0.0431094 0)
(0.25593 -0.0291964 0)
(0.27911 -0.0128845 0)
(0.306039 0.00620248 0)
(0.338699 0.0270209 0)
(0.377677 0.0531048 0)
(0.425162 0.0668939 0)
(0.489762 0.118088 0)
(0.00204483 0.077419 0)
(0.0139257 -0.0929385 0)
(0.037539 -0.221802 0)
(0.0560594 -0.28548 0)
(0.0655622 -0.273088 0)
(0.0799538 -0.224706 0)
(0.0950676 -0.179043 0)
(0.109996 -0.149023 0)
(0.126261 -0.13199 0)
(0.144015 -0.122492 0)
(0.162662 -0.11651 0)
(0.181721 -0.111583 0)
(0.201001 -0.10632 0)
(0.220552 -0.100054 0)
(0.240609 -0.0926054 0)
(0.261536 -0.0840646 0)
(0.283816 -0.074656 0)
(0.30798 -0.0647061 0)
(0.334808 -0.0546302 0)
(0.364793 -0.0453425 0)
(0.399939 -0.0369252 0)
(0.438464 -0.0333462 0)
(0.488341 -0.0263168 0)
(0.01461 0.0192684 0)
(0.0928378 -0.135638 0)
(0.167189 -0.250728 0)
(0.158267 -0.2935 0)
(0.110847 -0.279734 0)
(0.0985597 -0.244583 0)
(0.103701 -0.209743 0)
(0.114848 -0.18724 0)
(0.131494 -0.175296 0)
(0.151441 -0.168489 0)
(0.172354 -0.16327 0)
(0.193235 -0.15806 0)
(0.213938 -0.152286 0)
(0.234616 -0.145792 0)
(0.255534 -0.138687 0)
(0.277004 -0.131223 0)
(0.299411 -0.123769 0)
(0.323148 -0.116714 0)
(0.348613 -0.110448 0)
(0.376115 -0.105528 0)
(0.406107 -0.102376 0)
(0.438341 -0.103272 0)
(0.474073 -0.105169 0)
(0.041687 -0.114444 0)
(0.202679 -0.356747 0)
(0.312598 -0.352109 0)
(0.221612 -0.217716 0)
(0.116248 -0.203918 0)
(0.0967009 -0.223362 0)
(0.0994237 -0.22827 0)
(0.105793 -0.227695 0)
(0.121279 -0.226581 0)
(0.14167 -0.223871 0)
(0.162916 -0.219348 0)
(0.183949 -0.213743 0)
(0.204897 -0.207692 0)
(0.226063 -0.201504 0)
(0.247604 -0.195288 0)
(0.269739 -0.189348 0)
(0.29286 -0.183874 0)
(0.317108 -0.179023 0)
(0.342569 -0.175195 0)
(0.369506 -0.172938 0)
(0.397635 -0.172543 0)
(0.42745 -0.176034 0)
(0.461527 -0.182869 0)
(0.101477 -0.497974 0)
(0.167066 -0.750686 0)
(0.113742 -0.283487 0)
(-0.0685787 0.122375 0)
(0.00899968 -0.0964393 0)
(0.0466477 -0.177973 0)
(0.0639989 -0.202201 0)
(0.0722925 -0.219283 0)
(0.0893606 -0.233349 0)
(0.107953 -0.237126 0)
(0.127124 -0.234141 0)
(0.148255 -0.229602 0)
(0.171118 -0.225279 0)
(0.195604 -0.221114 0)
(0.221862 -0.216947 0)
(0.250234 -0.214955 0)
(0.281386 -0.214115 0)
(0.314851 -0.212835 0)
(0.349613 -0.212789 0)
(0.386798 -0.215577 0)
(0.42563 -0.219474 0)
(0.464544 -0.23198 0)
(0.505025 -0.25295 0)
(-0.0375147 -0.793351 0)
(-0.183263 -0.159894 0)
(-0.193417 0.346735 0)
(-0.120416 -0.148824 0)
(-0.0147271 -0.320193 0)
(0.0176064 -0.282103 0)
(0.0584192 -0.260342 0)
(0.0885182 -0.262959 0)
(0.111232 -0.269103 0)
(0.130561 -0.271866 0)
(0.149618 -0.272401 0)
(0.170266 -0.272611 0)
(0.192745 -0.272828 0)
(0.216982 -0.27302 0)
(0.24328 -0.273394 0)
(0.27169 -0.275301 0)
(0.301636 -0.27835 0)
(0.33321 -0.281084 0)
(0.366881 -0.284624 0)
(0.402145 -0.291083 0)
(0.436209 -0.296336 0)
(0.469847 -0.309576 0)
(0.497371 -0.309545 0)
(-0.117237 -0.279117 0)
(-0.133502 -0.27752 0)
(-0.0422979 -0.260257 0)
(0.0867811 -0.368425 0)
(0.0697478 -0.359329 0)
(0.0720285 -0.343453 0)
(0.0835344 -0.333235 0)
(0.0979009 -0.326418 0)
(0.113816 -0.32394 0)
(0.130533 -0.324774 0)
(0.148371 -0.327173 0)
(0.167795 -0.330139 0)
(0.189001 -0.333657 0)
(0.211992 -0.338103 0)
(0.237038 -0.343215 0)
(0.264901 -0.348997 0)
(0.296217 -0.355822 0)
(0.331057 -0.363362 0)
(0.368566 -0.370454 0)
(0.406916 -0.375118 0)
(0.441416 -0.374288 0)
(0.47322 -0.373774 0)
(0.487832 -0.347768 0)
(-0.0278583 -0.224426 0)
(0.00526006 -0.37191 0)
(0.0389027 -0.354956 0)
(0.0649243 -0.35631 0)
(0.0637872 -0.349267 0)
(0.0662164 -0.344771 0)
(0.0756704 -0.344899 0)
(0.087622 -0.347329 0)
(0.101349 -0.350926 0)
(0.11652 -0.355282 0)
(0.132837 -0.360271 0)
(0.150409 -0.36601 0)
(0.169638 -0.372681 0)
(0.191249 -0.380739 0)
(0.216277 -0.391367 0)
(0.246017 -0.405276 0)
(0.280746 -0.421387 0)
(0.319447 -0.436445 0)
(0.35933 -0.446344 0)
(0.396822 -0.446037 0)
(0.428606 -0.432611 0)
(0.453779 -0.414 0)
(0.459163 -0.336887 0)
(0.00524075 -0.219078 0)
(0.0185792 -0.358789 0)
(0.0249909 -0.359975 0)
(0.0323295 -0.359391 0)
(0.0426913 -0.361924 0)
(0.0527725 -0.365444 0)
(0.0634858 -0.369419 0)
(0.0748324 -0.373684 0)
(0.0867256 -0.378693 0)
(0.0993878 -0.384799 0)
(0.113009 -0.392168 0)
(0.127874 -0.401046 0)
(0.144622 -0.412396 0)
(0.16446 -0.42806 0)
(0.188851 -0.449457 0)
(0.218453 -0.475358 0)
(0.251773 -0.501012 0)
(0.286567 -0.519689 0)
(0.31934 -0.525965 0)
(0.348574 -0.515162 0)
(0.375454 -0.488866 0)
(0.39333 -0.450286 0)
(0.413919 -0.341124 0)
(0.0082606 -0.246208 0)
(0.01531 -0.380141 0)
(0.0209802 -0.382726 0)
(0.0291229 -0.380223 0)
(0.0375038 -0.382606 0)
(0.0457217 -0.385793 0)
(0.053956 -0.389574 0)
(0.0625282 -0.394484 0)
(0.0715623 -0.400734 0)
(0.0810858 -0.408455 0)
(0.0911927 -0.417863 0)
(0.102219 -0.429863 0)
(0.114917 -0.446514 0)
(0.130406 -0.470347 0)
(0.149347 -0.501354 0)
(0.170733 -0.534448 0)
(0.19212 -0.561443 0)
(0.211997 -0.575525 0)
(0.229093 -0.574549 0)
(0.246837 -0.557093 0)
(0.265168 -0.528339 0)
(0.278163 -0.481985 0)
(0.31516 -0.394831 0)
(0.0081716 -0.269808 0)
(0.0151051 -0.391906 0)
(0.0198325 -0.394438 0)
(0.0254898 -0.393638 0)
(0.031428 -0.395786 0)
(0.0373076 -0.399192 0)
(0.0432476 -0.403642 0)
(0.0492351 -0.409233 0)
(0.0552243 -0.416064 0)
(0.0611302 -0.424277 0)
(0.0669617 -0.43448 0)
(0.0729938 -0.448288 0)
(0.0795904 -0.468437 0)
(0.0870837 -0.496912 0)
(0.0948317 -0.530904 0)
(0.101059 -0.562547 0)
(0.104777 -0.584342 0)
(0.107208 -0.593933 0)
(0.110389 -0.594034 0)
(0.118448 -0.581789 0)
(0.125681 -0.559363 0)
(0.135071 -0.519535 0)
(0.161956 -0.47125 0)
(0.00725333 -0.292665 0)
(0.0131518 -0.402039 0)
(0.0166268 -0.403243 0)
(0.0204848 -0.403238 0)
(0.0246383 -0.405593 0)
(0.0286432 -0.408911 0)
(0.0324709 -0.413121 0)
(0.0359777 -0.418255 0)
(0.0390294 -0.424373 0)
(0.0414826 -0.431714 0)
(0.0432526 -0.441095 0)
(0.0443329 -0.454303 0)
(0.0443424 -0.47377 0)
(0.0426782 -0.500227 0)
(0.0380716 -0.529707 0)
(0.0296714 -0.555192 0)
(0.0189454 -0.572895 0)
(0.00906453 -0.584869 0)
(0.00148256 -0.593889 0)
(-0.00194371 -0.587862 0)
(-0.00605488 -0.568043 0)
(-0.00708001 -0.534807 0)
(-0.00536053 -0.491793 0)
(0.00603049 -0.312136 0)
(0.0103587 -0.408849 0)
(0.0127248 -0.409499 0)
(0.0154471 -0.410009 0)
(0.0182232 -0.412051 0)
(0.0206645 -0.414782 0)
(0.0227653 -0.418179 0)
(0.0243552 -0.42221 0)
(0.0252792 -0.426868 0)
(0.0253727 -0.432405 0)
(0.024432 -0.439584 0)
(0.0221604 -0.449703 0)
(0.0177337 -0.464315 0)
(0.00989304 -0.483659 0)
(-0.00233762 -0.505204 0)
(-0.0185515 -0.524767 0)
(-0.036431 -0.540978 0)
(-0.0540059 -0.556641 0)
(-0.0722219 -0.569664 0)
(-0.0880814 -0.564197 0)
(-0.101864 -0.544282 0)
(-0.114031 -0.512101 0)
(-0.118973 -0.47049 0)
(0.00472763 -0.327334 0)
(0.00761532 -0.41322 0)
(0.00926467 -0.413758 0)
(0.0110087 -0.414418 0)
(0.0127271 -0.415942 0)
(0.014089 -0.417939 0)
(0.0150934 -0.42037 0)
(0.0155886 -0.423144 0)
(0.0154596 -0.426185 0)
(0.0145588 -0.429726 0)
(0.0126379 -0.434264 0)
(0.00935521 -0.44035 0)
(0.00410084 -0.448689 0)
(-0.00447201 -0.459906 0)
(-0.0172688 -0.473416 0)
(-0.0336258 -0.487322 0)
(-0.0519378 -0.50062 0)
(-0.0720106 -0.514903 0)
(-0.0944406 -0.52778 0)
(-0.114185 -0.527191 0)
(-0.12967 -0.514574 0)
(-0.14056 -0.493651 0)
(-0.144475 -0.468462 0)
(0.00351513 -0.338391 0)
(0.005253 -0.415899 0)
(0.00640994 -0.416514 0)
(0.00741921 -0.417056 0)
(0.0084186 -0.418101 0)
(0.00913164 -0.419462 0)
(0.00956235 -0.421082 0)
(0.0096162 -0.422839 0)
(0.0092302 -0.424628 0)
(0.00830535 -0.426615 0)
(0.00670452 -0.429122 0)
(0.0042604 -0.432241 0)
(0.000620002 -0.436013 0)
(-0.00499028 -0.441038 0)
(-0.0133758 -0.447813 0)
(-0.0245959 -0.456004 0)
(-0.0379293 -0.465076 0)
(-0.0531988 -0.475686 0)
(-0.0707279 -0.487727 0)
(-0.0877393 -0.495415 0)
(-0.0997966 -0.494151 0)
(-0.107474 -0.484969 0)
(-0.111398 -0.471802 0)
(0.0025373 -0.345947 0)
(0.00339656 -0.417416 0)
(0.00414302 -0.418099 0)
(0.00464122 -0.418502 0)
(0.00517894 -0.4192 0)
(0.00551347 -0.420118 0)
(0.00567165 -0.421201 0)
(0.0056068 -0.422333 0)
(0.00530736 -0.4234 0)
(0.00473684 -0.424501 0)
(0.0038184 -0.425948 0)
(0.00252386 -0.427824 0)
(0.000861307 -0.4298 0)
(-0.0013928 -0.431783 0)
(-0.00478636 -0.434367 0)
(-0.00977187 -0.438283 0)
(-0.0163635 -0.443816 0)
(-0.0244599 -0.451066 0)
(-0.034043 -0.460109 0)
(-0.0447262 -0.469625 0)
(-0.0546899 -0.475616 0)
(-0.0615217 -0.475215 0)
(-0.0654549 -0.470979 0)
(0.00181927 -0.350878 0)
(0.00203135 -0.418107 0)
(0.00241326 -0.418846 0)
(0.00255135 -0.419156 0)
(0.00277073 -0.41966 0)
(0.00286149 -0.420327 0)
(0.00286863 -0.421123 0)
(0.00276553 -0.421957 0)
(0.00257198 -0.422717 0)
(0.00229199 -0.423446 0)
(0.00187489 -0.424458 0)
(0.00128092 -0.426017 0)
(0.000613009 -0.427865 0)
(2.51147e-05 -0.429451 0)
(-0.000577195 -0.430742 0)
(-0.00160347 -0.432469 0)
(-0.00350204 -0.435468 0)
(-0.00651563 -0.440043 0)
(-0.0105976 -0.446 0)
(-0.0156018 -0.453155 0)
(-0.0214677 -0.460366 0)
(-0.0272246 -0.464846 0)
(-0.0317318 -0.466115 0)
(0.00129001 -0.353932 0)
(0.00104706 -0.418146 0)
(0.00114198 -0.418972 0)
(0.00101615 -0.419252 0)
(0.000988929 -0.419678 0)
(0.000899981 -0.420237 0)
(0.000782779 -0.420913 0)
(0.000625796 -0.421646 0)
(0.000450651 -0.42234 0)
(0.000280466 -0.422976 0)
(8.33149e-05 -0.423784 0)
(-0.000231262 -0.425147 0)
(-0.000664517 -0.427132 0)
(-0.00101878 -0.429237 0)
(-0.00108128 -0.430901 0)
(-0.000932959 -0.432216 0)
(-0.000977458 -0.433925 0)
(-0.00163205 -0.43674 0)
(-0.00302803 -0.440807 0)
(-0.00505052 -0.445821 0)
(-0.00770957 -0.451343 0)
(-0.0111762 -0.4564 0)
(-0.0149165 -0.459869 0)
(0.000905287 -0.355675 0)
(0.000356055 -0.417699 0)
(0.000228835 -0.418635 0)
(-8.65188e-05 -0.418937 0)
(-0.000307693 -0.419357 0)
(-0.000551207 -0.419895 0)
(-0.000793536 -0.420541 0)
(-0.00104284 -0.421261 0)
(-0.00128489 -0.42199 0)
(-0.00149228 -0.42267 0)
(-0.00166931 -0.423398 0)
(-0.00190695 -0.424502 0)
(-0.00231601 -0.426288 0)
(-0.00285083 -0.428613 0)
(-0.00327783 -0.430896 0)
(-0.00341643 -0.432702 0)
(-0.00337705 -0.434246 0)
(-0.00348046 -0.436201 0)
(-0.00396699 -0.439068 0)
(-0.00489202 -0.442821 0)
(-0.00631902 -0.447048 0)
(-0.00838956 -0.451225 0)
(-0.0109159 -0.454608 0)
(0.000636997 -0.356534 0)
(-0.000102372 -0.416878 0)
(-0.000397423 -0.417941 0)
(-0.000859545 -0.418284 0)
(-0.00124128 -0.418729 0)
(-0.00162716 -0.419284 0)
(-0.0020031 -0.41994 0)
(-0.0023761 -0.420676 0)
(-0.00274056 -0.421455 0)
(-0.00307682 -0.42222 0)
(-0.00336921 -0.422974 0)
(-0.00366457 -0.423893 0)
(-0.00408727 -0.425302 0)
(-0.00472568 -0.427368 0)
(-0.00549332 -0.429808 0)
(-0.00618091 -0.432088 0)
(-0.00668051 -0.433956 0)
(-0.00710122 -0.435718 0)
(-0.00764525 -0.437915 0)
(-0.00846112 -0.440812 0)
(-0.00966892 -0.444223 0)
(-0.0113488 -0.447659 0)
(-0.013323 -0.450513 0)
(0.000463117 -0.356807 0)
(-0.000386438 -0.41576 0)
(-0.000820293 -0.416955 0)
(-0.00139917 -0.417337 0)
(-0.00191791 -0.417811 0)
(-0.00243868 -0.418387 0)
(-0.00295263 -0.419056 0)
(-0.00346744 -0.419804 0)
(-0.00398229 -0.420609 0)
(-0.00448889 -0.421436 0)
(-0.0049697 -0.42225 0)
(-0.00543183 -0.423106 0)
(-0.00595097 -0.424221 0)
(-0.00664548 -0.425855 0)
(-0.00755881 -0.428026 0)
(-0.00858661 -0.43038 0)
(-0.00957338 -0.432496 0)
(-0.0104749 -0.434321 0)
(-0.0113885 -0.436217 0)
(-0.0124561 -0.438556 0)
(-0.0137961 -0.441357 0)
(-0.0154445 -0.44427 0)
(-0.0172511 -0.446799 0)
(0.000351348 -0.356704 0)
(-0.000561761 -0.414396 0)
(-0.00111766 -0.415724 0)
(-0.00179603 -0.41613 0)
(-0.00243331 -0.41662 0)
(-0.00308153 -0.417203 0)
(-0.00373176 -0.417872 0)
(-0.00439298 -0.418612 0)
(-0.00506592 -0.419412 0)
(-0.00574943 -0.420251 0)
(-0.006433 -0.421097 0)
(-0.00710804 -0.421947 0)
(-0.00780277 -0.422902 0)
(-0.00860273 -0.424181 0)
(-0.00959611 -0.425954 0)
(-0.010776 -0.428099 0)
(-0.0120304 -0.430236 0)
(-0.0132595 -0.432114 0)
(-0.0144791 -0.433876 0)
(-0.0157935 -0.43588 0)
(-0.017305 -0.438276 0)
(-0.0190317 -0.440847 0)
(-0.0208459 -0.443187 0)
(0.000272648 -0.356354 0)
(-0.000688866 -0.412847 0)
(-0.00135193 -0.414296 0)
(-0.002123 -0.414701 0)
(-0.00286714 -0.415186 0)
(-0.00363499 -0.415753 0)
(-0.00441629 -0.416396 0)
(-0.00521975 -0.417106 0)
(-0.00604703 -0.417872 0)
(-0.00689941 -0.418682 0)
(-0.00777259 -0.419518 0)
(-0.00865692 -0.420357 0)
(-0.00955579 -0.421225 0)
(-0.0105159 -0.422264 0)
(-0.01162 -0.423677 0)
(-0.0129127 -0.425518 0)
(-0.0143367 -0.427547 0)
(-0.0157846 -0.429426 0)
(-0.0172208 -0.431098 0)
(-0.0187163 -0.43284 0)
(-0.0203717 -0.434901 0)
(-0.0222143 -0.4372 0)
(-0.0241322 -0.439394 0)
(0.000208203 -0.355819 0)
(-0.000808582 -0.41115 0)
(-0.00156553 -0.4127 0)
(-0.00242558 -0.413081 0)
(-0.00327101 -0.413535 0)
(-0.00415007 -0.414061 0)
(-0.00505449 -0.414656 0)
(-0.00599079 -0.415311 0)
(-0.00696173 -0.416017 0)
(-0.00796926 -0.416768 0)
(-0.00901284 -0.417554 0)
(-0.0100864 -0.418356 0)
(-0.0111844 -0.419159 0)
(-0.0123255 -0.420028 0)
(-0.0135714 -0.421135 0)
(-0.0149893 -0.422642 0)
(-0.0165732 -0.424476 0)
(-0.018231 -0.426322 0)
(-0.0198842 -0.427956 0)
(-0.0215587 -0.429505 0)
(-0.0233537 -0.431254 0)
(-0.0253236 -0.433262 0)
(-0.0273743 -0.435271 0)
(0.000146925 -0.355109 0)
(-0.000934446 -0.409318 0)
(-0.00177767 -0.410948 0)
(-0.00271985 -0.411284 0)
(-0.00366226 -0.411687 0)
(-0.00464278 -0.412153 0)
(-0.00565853 -0.412679 0)
(-0.00671396 -0.413258 0)
(-0.00781239 -0.413884 0)
(-0.00895632 -0.414551 0)
(-0.0101475 -0.415256 0)
(-0.0113845 -0.415987 0)
(-0.0126612 -0.416721 0)
(-0.0139794 -0.417462 0)
(-0.0153737 -0.41832 0)
(-0.0169112 -0.419485 0)
(-0.0186286 -0.421037 0)
(-0.0204736 -0.422775 0)
(-0.0223489 -0.42439 0)
(-0.0242268 -0.425829 0)
(-0.0261845 -0.427327 0)
(-0.0282967 -0.429047 0)
(-0.03049 -0.430826 0)
(8.27694e-05 -0.354213 0)
(-0.00105834 -0.407354 0)
(-0.00198611 -0.409042 0)
(-0.00300041 -0.409323 0)
(-0.0040309 -0.409657 0)
(-0.00510115 -0.410049 0)
(-0.00621245 -0.410492 0)
(-0.00736961 -0.410982 0)
(-0.00857562 -0.411512 0)
(-0.00983376 -0.412078 0)
(-0.0111469 -0.412678 0)
(-0.0125174 -0.413308 0)
(-0.013943 -0.413948 0)
(-0.0154193 -0.414579 0)
(-0.0169585 -0.415245 0)
(-0.0186088 -0.416105 0)
(-0.0204274 -0.417325 0)
(-0.0224092 -0.418853 0)
(-0.0244714 -0.420401 0)
(-0.0265475 -0.421765 0)
(-0.0286789 -0.423065 0)
(-0.0309451 -0.42451 0)
(-0.0332886 -0.426032 0)
(1.23765e-05 -0.353125 0)
(-0.00117221 -0.405262 0)
(-0.00218085 -0.406992 0)
(-0.00325775 -0.40721 0)
(-0.00436048 -0.407469 0)
(-0.00550562 -0.407778 0)
(-0.00669376 -0.40813 0)
(-0.00793203 -0.40852 0)
(-0.00922326 -0.408943 0)
(-0.0105713 -0.409396 0)
(-0.0119799 -0.409875 0)
(-0.0134529 -0.41038 0)
(-0.0149923 -0.4109 0)
(-0.0165951 -0.411411 0)
(-0.0182618 -0.411918 0)
(-0.0200186 -0.412522 0)
(-0.0219206 -0.413412 0)
(-0.0239974 -0.414661 0)
(-0.0261993 -0.416068 0)
(-0.0284445 -0.417351 0)
(-0.0307374 -0.418485 0)
(-0.0331493 -0.419663 0)
(-0.0356348 -0.4209 0)
(-6.51678e-05 -0.351854 0)
(-0.00128449 -0.403051 0)
(-0.00235941 -0.404817 0)
(-0.00349092 -0.40497 0)
(-0.00464665 -0.405154 0)
(-0.00584789 -0.405375 0)
(-0.00709272 -0.405631 0)
(-0.00838905 -0.405915 0)
(-0.00974097 -0.406224 0)
(-0.0111526 -0.406555 0)
(-0.0126284 -0.406903 0)
(-0.0141729 -0.40727 0)
(-0.01579 -0.407649 0)
(-0.0174802 -0.408023 0)
(-0.0192408 -0.408378 0)
(-0.0210824 -0.408764 0)
(-0.0230471 -0.409344 0)
(-0.025183 -0.410271 0)
(-0.0274774 -0.411464 0)
(-0.0298546 -0.412631 0)
(-0.032287 -0.413615 0)
(-0.0348256 -0.414539 0)
(-0.0374321 -0.41547 0)
(-0.000149861 -0.350391 0)
(-0.00141417 -0.400732 0)
(-0.00252998 -0.402542 0)
(-0.00370388 -0.402633 0)
(-0.00489524 -0.402745 0)
(-0.00613092 -0.402879 0)
(-0.00741183 -0.403038 0)
(-0.00874253 -0.403214 0)
(-0.0101295 -0.403406 0)
(-0.0115769 -0.40361 0)
(-0.0130898 -0.403822 0)
(-0.0146731 -0.404043 0)
(-0.0163316 -0.40427 0)
(-0.0180681 -0.404493 0)
(-0.0198809 -0.404695 0)
(-0.0217722 -0.404888 0)
(-0.0237695 -0.405188 0)
(-0.0259251 -0.405775 0)
(-0.0282597 -0.406683 0)
(-0.0307203 -0.407677 0)
(-0.0332589 -0.408507 0)
(-0.0358974 -0.409189 0)
(-0.0385965 -0.409803 0)
(-0.00024089 -0.348701 0)
(-0.00156249 -0.398319 0)
(-0.00269476 -0.4002 0)
(-0.00388741 -0.400236 0)
(-0.00510002 -0.400279 0)
(-0.00634851 -0.40033 0)
(-0.00764541 -0.400393 0)
(-0.00898865 -0.400464 0)
(-0.0103868 -0.400541 0)
(-0.0118437 -0.400618 0)
(-0.0133649 -0.400694 0)
(-0.0149554 -0.400768 0)
(-0.0166203 -0.400841 0)
(-0.0183638 -0.400906 0)
(-0.0201866 -0.40095 0)
(-0.0220877 -0.400965 0)
(-0.0240826 -0.401017 0)
(-0.0262178 -0.401267 0)
(-0.0285377 -0.401833 0)
(-0.0310226 -0.402581 0)
(-0.0336209 -0.40323 0)
(-0.0363224 -0.403679 0)
(-0.0390767 -0.403975 0)
(-0.000328953 -0.346767 0)
(-0.00168203 -0.395851 0)
(-0.00281915 -0.39784 0)
(-0.00399604 -0.397827 0)
(-0.00521579 -0.397801 0)
(-0.00645822 -0.397771 0)
(-0.00775316 -0.397742 0)
(-0.00909097 -0.397713 0)
(-0.0104812 -0.397678 0)
(-0.0119268 -0.397634 0)
(-0.0134334 -0.397579 0)
(-0.0150057 -0.397512 0)
(-0.0166487 -0.397434 0)
(-0.0183673 -0.397342 0)
(-0.0201644 -0.397227 0)
(-0.0220394 -0.397074 0)
(-0.0239991 -0.396907 0)
(-0.0260786 -0.396843 0)
(-0.0283321 -0.397034 0)
(-0.030776 -0.397461 0)
(-0.0333741 -0.39788 0)
(-0.0360906 -0.398095 0)
(-0.0388547 -0.398081 0)
(-0.000383984 -0.344663 0)
(-0.0016719 -0.393391 0)
(-0.00281334 -0.395514 0)
(-0.00393981 -0.395448 0)
(-0.00515103 -0.395349 0)
(-0.00637139 -0.395236 0)
(-0.00764912 -0.395118 0)
(-0.00896673 -0.394992 0)
(-0.0103346 -0.394853 0)
(-0.0117542 -0.394696 0)
(-0.0132305 -0.394518 0)
(-0.0147677 -0.39432 0)
(-0.0163703 -0.3941 0)
(-0.0180433 -0.393857 0)
(-0.0197909 -0.393587 0)
(-0.0216144 -0.393274 0)
(-0.0235164 -0.392918 0)
(-0.0255181 -0.392581 0)
(-0.0276691 -0.392401 0)
(-0.030013 -0.39245 0)
(-0.0325445 -0.392575 0)
(-0.0352187 -0.39254 0)
(-0.0379412 -0.392229 0)
(-0.00035519 -0.342613 0)
(-0.00141231 -0.391049 0)
(-0.00255195 -0.393253 0)
(-0.00361158 -0.393118 0)
(-0.00479868 -0.392938 0)
(-0.00598144 -0.392738 0)
(-0.00722722 -0.392532 0)
(-0.00850874 -0.392314 0)
(-0.0098395 -0.392077 0)
(-0.0112188 -0.391816 0)
(-0.0126512 -0.391526 0)
(-0.0141401 -0.391206 0)
(-0.0156896 -0.390857 0)
(-0.0173042 -0.390475 0)
(-0.0189887 -0.390057 0)
(-0.0207461 -0.389593 0)
(-0.0225784 -0.389071 0)
(-0.0244955 -0.388511 0)
(-0.0265315 -0.388004 0)
(-0.0287386 -0.38766 0)
(-0.0311458 -0.387437 0)
(-0.0337207 -0.387125 0)
(-0.0363517 -0.38653 0)
(-0.000211574 -0.341037 0)
(-0.000849366 -0.389047 0)
(-0.00194422 -0.391108 0)
(-0.00294826 -0.390877 0)
(-0.00410142 -0.390617 0)
(-0.00522758 -0.390329 0)
(-0.00642425 -0.390039 0)
(-0.00764799 -0.389732 0)
(-0.00891963 -0.389403 0)
(-0.0102364 -0.389042 0)
(-0.0116031 -0.388646 0)
(-0.0130231 -0.388214 0)
(-0.0145005 -0.387744 0)
(-0.0160398 -0.387232 0)
(-0.0176457 -0.386675 0)
(-0.0193226 -0.386065 0)
(-0.0210736 -0.385391 0)
(-0.0229026 -0.384649 0)
(-0.0248263 -0.383879 0)
(-0.0268868 -0.383177 0)
(-0.0291342 -0.382582 0)
(-0.0315641 -0.381965 0)
(-0.0340649 -0.381099 0)
(2.14389e-05 -0.340437 0)
(-7.0517e-05 -0.387722 0)
(-0.00103404 -0.389139 0)
(-0.00199405 -0.388784 0)
(-0.00312004 -0.388461 0)
(-0.0041662 -0.388102 0)
(-0.00529444 -0.387738 0)
(-0.00643354 -0.387353 0)
(-0.00761536 -0.386937 0)
(-0.00883625 -0.386483 0)
(-0.0101022 -0.385987 0)
(-0.0114176 -0.385446 0)
(-0.0127875 -0.384858 0)
(-0.0142172 -0.384218 0)
(-0.0157121 -0.383523 0)
(-0.0172773 -0.382767 0)
(-0.0189177 -0.381942 0)
(-0.0206365 -0.381038 0)
(-0.0224391 -0.380059 0)
(-0.0243492 -0.37906 0)
(-0.026417 -0.378108 0)
(-0.0286668 -0.377167 0)
(-0.0310065 -0.376034 0)
(0.000421391 -0.340899 0)
(0.000832119 -0.387206 0)
(-4.95355e-05 -0.387211 0)
(-0.000924305 -0.386714 0)
(-0.00205067 -0.386363 0)
(-0.00299464 -0.385969 0)
(-0.0040366 -0.385557 0)
(-0.00506722 -0.385115 0)
(-0.00612891 -0.384631 0)
(-0.0072192 -0.3841 0)
(-0.00834528 -0.383515 0)
(-0.00951325 -0.382874 0)
(-0.0107297 -0.382174 0)
(-0.0120011 -0.381411 0)
(-0.0133341 -0.380581 0)
(-0.0147349 -0.379678 0)
(-0.01621 -0.378699 0)
(-0.0177646 -0.377633 0)
(-0.0194019 -0.376474 0)
(-0.0211312 -0.375237 0)
(-0.0229884 -0.373971 0)
(-0.0250132 -0.372701 0)
(-0.0271445 -0.371299 0)
(0.00122388 -0.342359 0)
(0.00185258 -0.387044 0)
(0.000702462 -0.385068 0)
(4.26437e-05 -0.384476 0)
(-0.00111483 -0.384136 0)
(-0.00195053 -0.383749 0)
(-0.0028941 -0.383324 0)
(-0.00380523 -0.382855 0)
(-0.00473026 -0.382331 0)
(-0.00567006 -0.381747 0)
(-0.00663231 -0.381096 0)
(-0.0076242 -0.380376 0)
(-0.00865309 -0.379582 0)
(-0.00972636 -0.37871 0)
(-0.0108513 -0.377757 0)
(-0.0120352 -0.376718 0)
(-0.0132856 -0.375588 0)
(-0.0146098 -0.374362 0)
(-0.0160132 -0.373032 0)
(-0.0175004 -0.371593 0)
(-0.019092 -0.370065 0)
(-0.0208259 -0.368485 0)
(-0.0226697 -0.366803 0)
(0.00223159 -0.346083 0)
(0.00287879 -0.386708 0)
(0.00118246 -0.383138 0)
(0.000712303 -0.382614 0)
(-0.00041705 -0.382312 0)
(-0.00114326 -0.381976 0)
(-0.00197533 -0.381575 0)
(-0.00276321 -0.381114 0)
(-0.0035466 -0.380583 0)
(-0.00433051 -0.379976 0)
(-0.0051226 -0.379288 0)
(-0.00593029 -0.378514 0)
(-0.00676085 -0.377652 0)
(-0.00762138 -0.376696 0)
(-0.00851893 -0.375642 0)
(-0.00946068 -0.374487 0)
(-0.0104542 -0.373225 0)
(-0.0115071 -0.371851 0)
(-0.0126263 -0.370359 0)
(-0.0138172 -0.36874 0)
(-0.015091 -0.366994 0)
(-0.0164734 -0.365143 0)
(-0.0179544 -0.363188 0)
(0.00286755 -0.353664 0)
(0.00346997 -0.38619 0)
(0.00140382 -0.382301 0)
(0.00106035 -0.382037 0)
(8.86212e-05 -0.381828 0)
(-0.000540962 -0.381591 0)
(-0.0012285 -0.381265 0)
(-0.00186923 -0.380855 0)
(-0.00249049 -0.380355 0)
(-0.00310085 -0.379761 0)
(-0.00370843 -0.379069 0)
(-0.00432062 -0.378276 0)
(-0.00494405 -0.377379 0)
(-0.00558482 -0.376374 0)
(-0.00624876 -0.375257 0)
(-0.00694179 -0.374024 0)
(-0.00767013 -0.37267 0)
(-0.00844014 -0.371188 0)
(-0.00925791 -0.369573 0)
(-0.010129 -0.367816 0)
(-0.0110608 -0.365909 0)
(-0.012067 -0.363855 0)
(-0.0131557 -0.361675 0)
(0.00274346 -0.362817 0)
(0.00327534 -0.384066 0)
(0.00132366 -0.381336 0)
(0.00104437 -0.381449 0)
(0.00034584 -0.381429 0)
(-0.000144721 -0.381336 0)
(-0.000623338 -0.381117 0)
(-0.00105587 -0.380783 0)
(-0.00146389 -0.380335 0)
(-0.00185718 -0.379773 0)
(-0.00224354 -0.379098 0)
(-0.00262925 -0.378309 0)
(-0.00301939 -0.377404 0)
(-0.00341825 -0.376382 0)
(-0.00382973 -0.375238 0)
(-0.00425777 -0.373967 0)
(-0.0047065 -0.372566 0)
(-0.00518005 -0.371028 0)
(-0.00568226 -0.369346 0)
(-0.00621701 -0.367511 0)
(-0.00678935 -0.365514 0)
(-0.00740695 -0.363346 0)
(-0.00808595 -0.361019 0)
(0.00165544 -0.366851 0)
(0.00195385 -0.378586 0)
(0.000686942 -0.377637 0)
(0.000488389 -0.378075 0)
(0.000196813 -0.378238 0)
(-1.02856e-05 -0.378245 0)
(-0.000187756 -0.37809 0)
(-0.00034432 -0.377791 0)
(-0.000488159 -0.377358 0)
(-0.00062474 -0.376796 0)
(-0.000757845 -0.37611 0)
(-0.00089011 -0.375301 0)
(-0.0010234 -0.374369 0)
(-0.0011591 -0.373313 0)
(-0.0012985 -0.37213 0)
(-0.00144295 -0.370817 0)
(-0.00159386 -0.369368 0)
(-0.00175233 -0.367777 0)
(-0.0019191 -0.366036 0)
(-0.00209529 -0.364135 0)
(-0.00228341 -0.362064 0)
(-0.00248733 -0.35981 0)
(-0.00271527 -0.357363 0)
(0.564196 0.14031 0)
(0.520241 0.0302301 0)
(0.598835 0.00288847 0)
(0.763116 -0.0229608 0)
(0.604769 -0.0808802 0)
(0.701083 -0.159326 0)
(0.786123 -0.150632 0)
(0.892466 -0.159903 0)
(0.586882 -0.0652093 0)
(0.680673 -0.117943 0)
(0.757605 -0.138635 0)
(0.84426 -0.167114 0)
(0.550735 -0.146573 0)
(0.657187 -0.210266 0)
(0.766159 -0.241333 0)
(0.876481 -0.264696 0)
(0.54451 -0.218041 0)
(0.693882 -0.284133 0)
(0.911778 -0.314284 0)
(1.09229 -0.328359 0)
(0.568219 -0.296742 0)
(0.718531 -0.423503 0)
(0.973542 -0.407639 0)
(1.22402 -0.415093 0)
(0.545109 -0.341767 0)
(0.6998 -0.532728 0)
(0.864636 -0.608389 0)
(1.00744 -0.542161 0)
(0.515408 -0.400775 0)
(0.630395 -0.637116 0)
(0.711197 -0.675746 0)
(0.746038 -0.554944 0)
(0.492044 -0.440274 0)
(0.525216 -0.686185 0)
(0.530379 -0.672555 0)
(0.447142 -0.485983 0)
(0.46252 -0.464223 0)
(0.377593 -0.678913 0)
(0.301041 -0.600427 0)
(0.0986994 -0.371909 0)
(0.390882 -0.444386 0)
(0.206561 -0.603725 0)
(0.0618642 -0.484907 0)
(-0.134911 -0.267778 0)
(0.21885 -0.446344 0)
(0.0520273 -0.495468 0)
(-0.0903535 -0.385381 0)
(-0.148607 -0.284647 0)
(0.010705 -0.426425 0)
(-0.0778623 -0.427259 0)
(-0.133465 -0.350427 0)
(-0.0816783 -0.338899 0)
(-0.116989 -0.418877 0)
(-0.127448 -0.4028 0)
(-0.104178 -0.372718 0)
(-0.0314399 -0.387591 0)
(-0.135973 -0.431653 0)
(-0.111009 -0.413943 0)
(-0.0606729 -0.406076 0)
(-0.011275 -0.416015 0)
(-0.10395 -0.450111 0)
(-0.0761402 -0.436036 0)
(-0.0307553 -0.43387 0)
(-0.00620393 -0.431355 0)
(-0.0638642 -0.461452 0)
(-0.0473756 -0.451772 0)
(-0.01775 -0.449863 0)
(-0.00582836 -0.44209 0)
(-0.0347489 -0.464285 0)
(-0.0291843 -0.460344 0)
(-0.0149878 -0.458416 0)
(-0.00689388 -0.451277 0)
(-0.0198367 -0.462034 0)
(-0.0212207 -0.462546 0)
(-0.0168311 -0.462458 0)
(-0.00934153 -0.459861 0)
(-0.0157804 -0.458203 0)
(-0.0201951 -0.461649 0)
(-0.0201976 -0.464355 0)
(-0.0135123 -0.467382 0)
(-0.01771 -0.454435 0)
(-0.0228001 -0.459776 0)
(-0.0243034 -0.465174 0)
(-0.019655 -0.47301 0)
(-0.0214089 -0.450912 0)
(-0.0266857 -0.457601 0)
(-0.0292195 -0.465074 0)
(-0.0275959 -0.476197 0)
(-0.0251112 -0.447419 0)
(-0.0309539 -0.454932 0)
(-0.0350338 -0.463726 0)
(-0.0368844 -0.476768 0)
(-0.028764 -0.443616 0)
(-0.0355707 -0.45148 0)
(-0.0415721 -0.460923 0)
(-0.0468849 -0.474787 0)
(-0.0324583 -0.439309 0)
(-0.0403733 -0.447118 0)
(-0.0483912 -0.456639 0)
(-0.0569596 -0.470419 0)
(-0.0360279 -0.434496 0)
(-0.0450421 -0.441853 0)
(-0.0550114 -0.450922 0)
(-0.0665734 -0.463857 0)
(-0.0392657 -0.429187 0)
(-0.0493178 -0.43575 0)
(-0.0610689 -0.443885 0)
(-0.0752823 -0.455337 0)
(-0.0420129 -0.423411 0)
(-0.0529958 -0.428892 0)
(-0.0662805 -0.435692 0)
(-0.0827194 -0.445153 0)
(-0.0441413 -0.417236 0)
(-0.0558934 -0.421403 0)
(-0.070409 -0.42655 0)
(-0.0885968 -0.433632 0)
(-0.0455454 -0.41075 0)
(-0.0578652 -0.413428 0)
(-0.0732718 -0.416689 0)
(-0.0927039 -0.421125 0)
(-0.0461544 -0.404061 0)
(-0.0588086 -0.405134 0)
(-0.0747436 -0.406354 0)
(-0.0949065 -0.407986 0)
(-0.0459333 -0.397292 0)
(-0.0586653 -0.396696 0)
(-0.0747561 -0.395795 0)
(-0.095142 -0.394566 0)
(-0.0448813 -0.390575 0)
(-0.0574188 -0.388297 0)
(-0.0732926 -0.38526 0)
(-0.0934125 -0.381198 0)
(-0.0430175 -0.38405 0)
(-0.0550899 -0.38012 0)
(-0.0703813 -0.374985 0)
(-0.0897743 -0.368192 0)
(-0.0403485 -0.37786 0)
(-0.0517223 -0.372359 0)
(-0.0660903 -0.365213 0)
(-0.0843289 -0.355838 0)
(-0.0368333 -0.372129 0)
(-0.0473424 -0.365196 0)
(-0.0605089 -0.356187 0)
(-0.0772096 -0.344424 0)
(-0.0324278 -0.366817 0)
(-0.0419397 -0.358641 0)
(-0.0537201 -0.348 0)
(-0.0685741 -0.334124 0)
(-0.0272535 -0.361815 0)
(-0.0355638 -0.352571 0)
(-0.0458141 -0.340562 0)
(-0.0586148 -0.324917 0)
(-0.0216462 -0.357762 0)
(-0.0284353 -0.347545 0)
(-0.0369201 -0.334326 0)
(-0.0474988 -0.317177 0)
(-0.0158264 -0.355936 0)
(-0.0207833 -0.344887 0)
(-0.0271363 -0.330605 0)
(-0.0351818 -0.312143 0)
(-0.00969121 -0.355123 0)
(-0.0126573 -0.343552 0)
(-0.0165322 -0.328563 0)
(-0.0215451 -0.309203 0)
(-0.00324432 -0.351317 0)
(-0.00421272 -0.339378 0)
(-0.00547685 -0.323966 0)
(-0.00711753 -0.304134 0)
(0.939561 -0.0946586 0)
(1.06892 -0.190249 0)
(1.15454 -0.305109 0)
(1.20761 -0.403014 0)
(1.24983 -0.481401 0)
(1.28922 -0.532184 0)
(1.32069 -0.564768 0)
(1.31776 -0.541466 0)
(1.27849 -0.409852 0)
(1.19099 -0.140195 0)
(1.11588 0.0265409 0)
(1.00749 0.0755002 0)
(0.975601 0.266873 0)
(1.04988 0.403206 0)
(1.19906 0.550255 0)
(1.23724 0.765445 0)
(1.27423 0.987702 0)
(1.03783 0.90574 0)
(0.56124 0.369718 0)
(0.988488 -0.209038 0)
(1.05722 -0.275689 0)
(1.1124 -0.352778 0)
(1.16532 -0.423863 0)
(1.2177 -0.498117 0)
(1.25466 -0.551234 0)
(1.25659 -0.57331 0)
(1.19946 -0.532983 0)
(1.10501 -0.302002 0)
(1.02683 -0.118611 0)
(0.951213 -0.0275506 0)
(0.864015 0.0453756 0)
(0.740819 0.132283 0)
(0.656878 0.363798 0)
(0.770053 0.470147 0)
(0.803252 0.728884 0)
(0.973991 1.01 0)
(0.857018 1.14753 0)
(0.457735 0.81431 0)
(0.930792 -0.219813 0)
(1.01154 -0.282723 0)
(1.09297 -0.366346 0)
(1.1708 -0.454435 0)
(1.21915 -0.537444 0)
(1.20652 -0.573232 0)
(1.16232 -0.53334 0)
(1.10551 -0.434925 0)
(1.01098 -0.248107 0)
(0.908168 -0.0821743 0)
(0.817968 0.0651562 0)
(0.723157 0.169136 0)
(0.623694 0.231673 0)
(0.442802 0.29177 0)
(0.425519 0.446894 0)
(0.360522 0.784801 0)
(0.527868 0.936381 0)
(0.622892 1.30878 0)
(0.33593 1.16996 0)
(1.00055 -0.31327 0)
(1.12756 -0.375306 0)
(1.21172 -0.460784 0)
(1.22261 -0.529033 0)
(1.18301 -0.555907 0)
(1.14639 -0.546376 0)
(1.08492 -0.490049 0)
(0.9934 -0.394982 0)
(0.890625 -0.23507 0)
(0.798849 -0.0430164 0)
(0.713181 0.114046 0)
(0.610958 0.228852 0)
(0.513323 0.317341 0)
(0.352139 0.361125 0)
(0.238758 0.528771 0)
(0.084872 0.975191 0)
(0.120046 0.830209 0)
(0.424115 1.3717 0)
(0.22816 1.41049 0)
(1.24562 -0.395222 0)
(1.26008 -0.422582 0)
(1.21195 -0.477734 0)
(1.14907 -0.497122 0)
(1.06923 -0.492676 0)
(0.956435 -0.477718 0)
(0.814679 -0.427092 0)
(0.683494 -0.323239 0)
(0.592087 -0.16445 0)
(0.527701 0.0268043 0)
(0.471211 0.186025 0)
(0.403475 0.302811 0)
(0.334315 0.401716 0)
(0.200966 0.467347 0)
(0.0263334 0.622285 0)
(-0.111844 0.994114 0)
(-0.103602 0.739884 0)
(0.258936 1.32444 0)
(0.15531 1.55179 0)
(1.3198 -0.411684 0)
(1.25805 -0.384894 0)
(1.11883 -0.38243 0)
(0.953988 -0.389344 0)
(0.770392 -0.384944 0)
(0.590263 -0.360348 0)
(0.432613 -0.307973 0)
(0.313942 -0.217853 0)
(0.233333 -0.0850833 0)
(0.195028 0.0715611 0)
(0.195913 0.224143 0)
(0.180022 0.351381 0)
(0.150304 0.469962 0)
(0.0605841 0.567514 0)
(-0.151911 0.731952 0)
(-0.15994 0.900449 0)
(-0.176249 0.636937 0)
(0.119916 1.23197 0)
(0.11138 1.62853 0)
(1.0789 -0.410088 0)
(0.995511 -0.296364 0)
(0.797658 -0.250546 0)
(0.591724 -0.24773 0)
(0.426638 -0.255885 0)
(0.308358 -0.251179 0)
(0.21819 -0.221896 0)
(0.142276 -0.156489 0)
(0.0887869 -0.0607357 0)
(0.0688247 0.0657792 0)
(0.0769113 0.21331 0)
(0.0731513 0.359241 0)
(0.0591881 0.50767 0)
(0.00900734 0.650659 0)
(-0.234888 0.791386 0)
(0.0235088 0.926055 0)
(-0.212312 0.606685 0)
(0.0281792 1.14203 0)
(0.089735 1.66443 0)
(0.710055 -0.361391 0)
(0.556341 -0.187936 0)
(0.3862 -0.131931 0)
(0.297311 -0.156971 0)
(0.262209 -0.199428 0)
(0.234751 -0.215733 0)
(0.205844 -0.197289 0)
(0.178679 -0.143796 0)
(0.159393 -0.0552861 0)
(0.1415 0.061205 0)
(0.132577 0.20149 0)
(0.115374 0.358661 0)
(0.093952 0.530938 0)
(0.040355 0.726853 0)
(-0.188919 0.820067 0)
(-0.0526462 0.801159 0)
(-0.225721 0.697159 0)
(-0.0235552 1.06907 0)
(0.0863036 1.68138 0)
(0.293547 -0.240452 0)
(0.157083 -0.0877229 0)
(0.156898 -0.0993196 0)
(0.204778 -0.159952 0)
(0.233327 -0.202715 0)
(0.242237 -0.212753 0)
(0.244099 -0.1903 0)
(0.246293 -0.13569 0)
(0.251653 -0.0484978 0)
(0.257497 0.0673227 0)
(0.261048 0.207877 0)
(0.246144 0.37249 0)
(0.225154 0.561681 0)
(0.144457 0.804767 0)
(0.0132464 0.915503 0)
(-0.2478 0.816249 0)
(-0.262873 0.644419 0)
(-0.084134 0.962862 0)
(0.100033 1.69339 0)
(-0.0420426 -0.141634 0)
(0.0228545 -0.122747 0)
(0.121067 -0.156475 0)
(0.186998 -0.196006 0)
(0.228757 -0.220667 0)
(0.257235 -0.222887 0)
(0.280172 -0.198496 0)
(0.303315 -0.144561 0)
(0.33023 -0.0593211 0)
(0.360021 0.0580087 0)
(0.389863 0.206303 0)
(0.399228 0.384479 0)
(0.403388 0.593743 0)
(0.316181 0.868212 0)
(0.349665 1.05221 0)
(-0.0777812 1.02264 0)
(-0.205947 0.549228 0)
(-0.142636 0.839059 0)
(0.120042 1.69124 0)
(-0.0576552 -0.197816 0)
(0.0255882 -0.200124 0)
(0.116574 -0.211884 0)
(0.181255 -0.234181 0)
(0.231221 -0.248662 0)
(0.272012 -0.245358 0)
(0.31046 -0.219428 0)
(0.352615 -0.16708 0)
(0.402094 -0.0853138 0)
(0.457329 0.0301378 0)
(0.514462 0.183484 0)
(0.555238 0.375113 0)
(0.595185 0.607305 0)
(0.532526 0.896058 0)
(0.656412 1.13172 0)
(0.352783 1.25225 0)
(0.445819 0.573861 0)
(-0.15428 0.818444 0)
(0.139967 1.6753 0)
(-0.0147683 -0.272256 0)
(0.0377621 -0.257139 0)
(0.119835 -0.263584 0)
(0.179537 -0.274699 0)
(0.232859 -0.281603 0)
(0.283597 -0.276219 0)
(0.337214 -0.252616 0)
(0.398824 -0.205213 0)
(0.472299 -0.129668 0)
(0.555889 -0.0173979 0)
(0.643705 0.138705 0)
(0.720562 0.340844 0)
(0.794652 0.59606 0)
(0.764363 0.895196 0)
(0.879528 1.14046 0)
(0.610149 1.34988 0)
(1.16699 0.512602 0)
(-0.174817 1.26116 0)
(0.165698 1.64801 0)
(0.00619613 -0.325675 0)
(0.0507546 -0.302636 0)
(0.119849 -0.308258 0)
(0.176384 -0.314749 0)
(0.233492 -0.319796 0)
(0.293547 -0.316443 0)
(0.361384 -0.298269 0)
(0.441548 -0.258673 0)
(0.539665 -0.192508 0)
(0.654102 -0.0858475 0)
(0.780413 0.0690533 0)
(0.907003 0.279725 0)
(1.02032 0.564454 0)
(1.01049 0.89769 0)
(1.03058 1.16612 0)
(0.726531 1.32651 0)
(0.990722 0.688241 0)
(-0.227149 1.70333 0)
(0.195498 1.6138 0)
(0.0119855 -0.357087 0)
(0.0584701 -0.342887 0)
(0.117179 -0.348881 0)
(0.172766 -0.355455 0)
(0.232935 -0.362586 0)
(0.300327 -0.364326 0)
(0.380463 -0.355118 0)
(0.477649 -0.327201 0)
(0.601086 -0.275481 0)
(0.751311 -0.180198 0)
(0.933681 -0.0310889 0)
(1.13728 0.17899 0)
(1.31058 0.514983 0)
(1.31305 0.934044 0)
(1.19682 1.27646 0)
(0.830493 1.40776 0)
(0.718495 1.06176 0)
(-0.271644 1.98836 0)
(0.228778 1.57677 0)
(0.0147221 -0.382368 0)
(0.0621123 -0.37961 0)
(0.11275 -0.386394 0)
(0.167319 -0.396311 0)
(0.228989 -0.408488 0)
(0.301285 -0.418378 0)
(0.391356 -0.421881 0)
(0.50289 -0.410611 0)
(0.654131 -0.382881 0)
(0.850586 -0.314397 0)
(1.1083 -0.190498 0)
(1.42577 0.0138028 0)
(1.69214 0.438747 0)
(1.70669 1.02464 0)
(1.44562 1.49945 0)
(0.957177 1.65441 0)
(0.528373 1.4569 0)
(-0.310325 2.15365 0)
(0.265947 1.53941 0)
(0.0177137 -0.406364 0)
(0.0614186 -0.412317 0)
(0.105911 -0.421297 0)
(0.158308 -0.43647 0)
(0.219517 -0.455721 0)
(0.293928 -0.476589 0)
(0.390606 -0.496198 0)
(0.511343 -0.508026 0)
(0.694184 -0.51898 0)
(0.933406 -0.504419 0)
(1.28229 -0.440921 0)
(1.7087 -0.272632 0)
(2.09137 0.294068 0)
(2.14993 1.11666 0)
(1.75213 1.79209 0)
(1.08795 2.02479 0)
(0.428735 1.89381 0)
(-0.349658 2.25452 0)
(0.307728 1.50354 0)
(0.0190559 -0.429039 0)
(0.0564395 -0.440619 0)
(0.0957569 -0.453388 0)
(0.144528 -0.474822 0)
(0.203011 -0.502408 0)
(0.276326 -0.536034 0)
(0.374572 -0.574123 0)
(0.497245 -0.616061 0)
(0.709047 -0.678505 0)
(0.952993 -0.742764 0)
(1.38981 -0.748154 0)
(1.79471 -0.667493 0)
(2.24185 0.153755 0)
(2.46602 1.38363 0)
(2.05417 2.25046 0)
(1.20981 2.52111 0)
(0.396562 2.38436 0)
(-0.392401 2.32023 0)
(0.355074 1.47032 0)
(0.0170425 -0.44932 0)
(0.0474625 -0.464624 0)
(0.0818545 -0.482217 0)
(0.125483 -0.510096 0)
(0.178887 -0.546527 0)
(0.247503 -0.593236 0)
(0.340714 -0.65064 0)
(0.458306 -0.726848 0)
(0.679568 -0.843533 0)
(0.875289 -0.986089 0)
(1.36677 -1.00274 0)
(1.48667 -0.968581 0)
(1.59348 -0.279254 0)
(2.0983 1.20122 0)
(2.0282 2.64185 0)
(1.227 3.10189 0)
(0.390781 2.90084 0)
(-0.438028 2.36658 0)
(0.409049 1.44054 0)
(0.0113758 -0.466431 0)
(0.0351173 -0.484424 0)
(0.0641361 -0.507113 0)
(0.101201 -0.541015 0)
(0.147274 -0.585993 0)
(0.207601 -0.644814 0)
(0.289267 -0.720739 0)
(0.395756 -0.829661 0)
(0.595973 -0.992528 0)
(0.723878 -1.1799 0)
(1.1931 -1.13257 0)
(0.877457 -1.00765 0)
(0.797515 -0.236193 0)
(1.35977 1.12573 0)
(1.5554 2.78714 0)
(1.00024 3.60796 0)
(0.401614 3.41092 0)
(-0.494155 2.41015 0)
(0.470808 1.41433 0)
(0.00240506 -0.479788 0)
(0.0200001 -0.500137 0)
(0.0429041 -0.527353 0)
(0.0721456 -0.566547 0)
(0.108982 -0.618738 0)
(0.157742 -0.687997 0)
(0.223013 -0.779934 0)
(0.312467 -0.91552 0)
(0.469244 -1.11085 0)
(0.539201 -1.30352 0)
(0.903466 -1.16739 0)
(0.488607 -0.874237 0)
(0.373159 -0.2927 0)
(0.772291 1.04583 0)
(0.958948 2.8514 0)
(0.551159 3.98386 0)
(0.350039 3.75632 0)
(-0.560686 2.45918 0)
(0.540434 1.38827 0)
(-0.0091693 -0.489147 0)
(0.00267367 -0.511652 0)
(0.0187179 -0.542437 0)
(0.0392661 -0.585663 0)
(0.0653012 -0.643246 0)
(0.0998512 -0.720802 0)
(0.145615 -0.8248 0)
(0.212252 -0.979372 0)
(0.318032 -1.19469 0)
(0.344102 -1.37672 0)
(0.593301 -1.17574 0)
(0.368125 -0.77918 0)
(-0.0209341 -0.336993 0)
(0.378047 0.953909 0)
(0.357564 2.94053 0)
(0.0581828 4.21249 0)
(0.222331 3.75581 0)
(-0.635489 2.48625 0)
(0.616928 1.36256 0)
(-0.0225508 -0.494563 0)
(-0.0163609 -0.518732 0)
(-0.00752345 -0.551938 0)
(0.00377179 -0.59767 0)
(0.0176387 -0.658976 0)
(0.0363344 -0.741002 0)
(0.0606868 -0.853187 0)
(0.099625 -1.01873 0)
(0.152907 -1.24477 0)
(0.145429 -1.42368 0)
(0.327848 -1.18075 0)
(0.200109 -0.670541 0)
(-0.340539 -0.276333 0)
(-0.138936 1.02542 0)
(-0.234605 2.99275 0)
(-0.417661 4.27211 0)
(0.343894 3.83338 0)
(-0.706348 2.47318 0)
(0.689304 1.33979 0)
(-0.0369342 -0.496276 0)
(-0.0363834 -0.521286 0)
(-0.0349663 -0.555517 0)
(-0.0333568 -0.602101 0)
(-0.0316634 -0.664639 0)
(-0.0299568 -0.74771 0)
(-0.0284409 -0.862797 0)
(-0.0195794 -1.03119 0)
(-0.02263 -1.26272 0)
(-0.0658468 -1.436 0)
(0.0415755 -1.1707 0)
(-0.134302 -0.575078 0)
(-0.648362 -0.102155 0)
(-0.757456 1.20374 0)
(-0.883564 3.00981 0)
(-0.844369 4.01853 0)
(0.664422 3.65867 0)
(-0.736121 2.48171 0)
(0.728336 1.31899 0)
(-0.0516333 -0.4945 0)
(-0.0565872 -0.519403 0)
(-0.0624329 -0.553199 0)
(-0.0702626 -0.59876 0)
(-0.0809083 -0.659663 0)
(-0.0960652 -0.740972 0)
(-0.117087 -0.852511 0)
(-0.141295 -1.01524 0)
(-0.195885 -1.24292 0)
(-0.291258 -1.40079 0)
(-0.279657 -1.10437 0)
(-0.529157 -0.4151 0)
(-0.901081 0.197856 0)
(-1.23285 1.39913 0)
(-1.39148 2.87811 0)
(-0.972427 3.4239 0)
(0.520336 3.14617 0)
(-0.71999 2.64019 0)
(0.7092 1.30075 0)
(-0.0660153 -0.489458 0)
(-0.0761697 -0.513263 0)
(-0.0888347 -0.545283 0)
(-0.105534 -0.588103 0)
(-0.127907 -0.645048 0)
(-0.158834 -0.720832 0)
(-0.201222 -0.823576 0)
(-0.257035 -0.972383 0)
(-0.355598 -1.18182 0)
(-0.509694 -1.3252 0)
(-0.562239 -1.04663 0)
(-0.769908 -0.274924 0)
(-1.10323 0.452459 0)
(-1.38606 1.56967 0)
(-1.50844 2.70515 0)
(-0.833872 2.97598 0)
(-0.322889 2.94556 0)
(-0.668421 2.64566 0)
(0.634357 1.26965 0)
(-0.0795035 -0.481422 0)
(-0.0943697 -0.503209 0)
(-0.113163 -0.53226 0)
(-0.137811 -0.570782 0)
(-0.170646 -0.62161 0)
(-0.215417 -0.688644 0)
(-0.276666 -0.778087 0)
(-0.359902 -0.905405 0)
(-0.492888 -1.08477 0)
(-0.701732 -1.21222 0)
(-0.835407 -0.977505 0)
(-0.952283 -0.123134 0)
(-1.25376 0.673109 0)
(-1.42891 1.669 0)
(-1.27499 2.65159 0)
(-0.852828 2.81885 0)
(-0.605667 2.69364 0)
(-0.55732 2.36253 0)
(0.528173 1.21336 0)
(-0.0915748 -0.470741 0)
(-0.110513 -0.489717 0)
(-0.134545 -0.514799 0)
(-0.16591 -0.547724 0)
(-0.207431 -0.590663 0)
(-0.263432 -0.646444 0)
(-0.339722 -0.719167 0)
(-0.444062 -0.819236 0)
(-0.601198 -0.959517 0)
(-0.847944 -1.06447 0)
(-1.0678 -0.865854 0)
(-1.08285 -0.139876 0)
(-1.32431 0.896916 0)
(-1.41392 1.66662 0)
(-1.23381 2.41026 0)
(-0.941667 2.61946 0)
(-0.648459 2.47292 0)
(-0.436712 2.02087 0)
(0.371958 1.17798 0)
(-0.101787 -0.457835 0)
(-0.124048 -0.473368 0)
(-0.152285 -0.493708 0)
(-0.188918 -0.520077 0)
(-0.237025 -0.553882 0)
(-0.301175 -0.596786 0)
(-0.387794 -0.650786 0)
(-0.505581 -0.720791 0)
(-0.676286 -0.814851 0)
(-0.941325 -0.890436 0)
(-1.23716 -0.725941 0)
(-1.31121 -0.0568206 0)
(-1.32541 0.964028 0)
(-1.31998 1.69148 0)
(-1.13838 2.28917 0)
(-0.873107 2.44479 0)
(-0.578092 2.24475 0)
(-0.278981 1.64129 0)
(0.246694 1.17981 0)
(-0.1098 -0.443169 0)
(-0.134572 -0.454801 0)
(-0.165899 -0.469883 0)
(-0.206245 -0.489104 0)
(-0.258713 -0.513115 0)
(-0.327769 -0.542449 0)
(-0.419708 -0.577237 0)
(-0.542911 -0.617819 0)
(-0.71453 -0.665474 0)
(-0.97085 -0.69836 0)
(-1.29637 -0.58303 0)
(-1.46245 -0.0722626 0)
(-1.33811 0.862701 0)
(-1.20814 1.63326 0)
(-1.02246 2.13603 0)
(-0.769947 2.24638 0)
(-0.45368 1.99938 0)
(-0.143123 1.4084 0)
(0.0683278 1.14297 0)
(-0.115383 -0.427232 0)
(-0.141829 -0.434687 0)
(-0.175121 -0.444238 0)
(-0.217633 -0.456083 0)
(-0.272305 -0.470196 0)
(-0.343201 -0.486133 0)
(-0.435875 -0.502565 0)
(-0.557459 -0.51685 0)
(-0.720012 -0.524985 0)
(-0.947149 -0.511523 0)
(-1.24281 -0.404432 0)
(-1.46825 -0.0395816 0)
(-1.37284 0.657045 0)
(-1.07746 1.39046 0)
(-0.854821 1.89378 0)
(-0.591699 1.97776 0)
(-0.314931 1.78307 0)
(-0.11871 1.38922 0)
(-0.0798857 1.08842 0)
(-0.118407 -0.410517 0)
(-0.145711 -0.413684 0)
(-0.179886 -0.417661 0)
(-0.223126 -0.422222 0)
(-0.27806 -0.426794 0)
(-0.348157 -0.430184 0)
(-0.437917 -0.43007 0)
(-0.552758 -0.422257 0)
(-0.70048 -0.399976 0)
(-0.893319 -0.349386 0)
(-1.1339 -0.2314 0)
(-1.35956 0.0454313 0)
(-1.38761 0.562425 0)
(-1.11242 1.2114 0)
(-0.758995 1.69973 0)
(-0.468099 1.81406 0)
(-0.231653 1.6524 0)
(-0.121667 1.36311 0)
(-0.0932743 0.997062 0)
(-0.118833 -0.3935 0)
(-0.146231 -0.392415 0)
(-0.180307 -0.390965 0)
(-0.223005 -0.388588 0)
(-0.276563 -0.384307 0)
(-0.343776 -0.376443 0)
(-0.42802 -0.362125 0)
(-0.53295 -0.336553 0)
(-0.662798 -0.292209 0)
(-0.822145 -0.216229 0)
(-1.0077 -0.0845935 0)
(-1.18778 0.146582 0)
(-1.26402 0.529268 0)
(-1.107 1.03428 0)
(-0.769579 1.4764 0)
(-0.443681 1.63985 0)
(-0.210422 1.54073 0)
(-0.109398 1.32535 0)
(-0.0464931 0.920314 0)
(-0.116706 -0.376624 0)
(-0.143507 -0.371447 0)
(-0.17662 -0.364868 0)
(-0.217707 -0.356074 0)
(-0.268594 -0.34383 0)
(-0.33141 -0.326214 0)
(-0.408452 -0.300178 0)
(-0.50179 -0.260959 0)
(-0.612997 -0.201526 0)
(-0.741727 -0.111232 0)
(-0.882191 0.0258265 0)
(-1.01268 0.230738 0)
(-1.07937 0.525361 0)
(-1.00072 0.896245 0)
(-0.752747 1.24622 0)
(-0.448113 1.43171 0)
(-0.208774 1.41786 0)
(-0.0848194 1.26954 0)
(-0.0112638 0.876768 0)
(-0.11214 -0.360284 0)
(-0.137735 -0.351269 0)
(-0.169156 -0.339961 0)
(-0.207771 -0.325388 0)
(-0.25502 -0.306184 0)
(-0.312433 -0.280349 0)
(-0.381406 -0.244938 0)
(-0.462805 -0.195682 0)
(-0.556356 -0.126664 0)
(-0.659341 -0.0297881 0)
(-0.764317 0.104929 0)
(-0.854019 0.289825 0)
(-0.896281 0.529307 0)
(-0.845599 0.809355 0)
(-0.674773 1.0758 0)
(-0.429988 1.24787 0)
(-0.206831 1.28756 0)
(-0.0678114 1.2014 0)
(0.00166631 0.851643 0)
(-0.105296 -0.344832 0)
(-0.129167 -0.332294 0)
(-0.158297 -0.316721 0)
(-0.193786 -0.297057 0)
(-0.236711 -0.271893 0)
(-0.288109 -0.239282 0)
(-0.348706 -0.196557 0)
(-0.418487 -0.140116 0)
(-0.496102 -0.0652653 0)
(-0.577825 0.0335274 0)
(-0.656153 0.162768 0)
(-0.717119 0.327687 0)
(-0.739387 0.527036 0)
(-0.69692 0.746837 0)
(-0.573838 0.953055 0)
(-0.389651 1.10141 0)
(-0.20128 1.16667 0)
(-0.0630611 1.13012 0)
(0.00281673 0.832323 0)
(-0.0963679 -0.330594 0)
(-0.118085 -0.314883 0)
(-0.144449 -0.295533 0)
(-0.176315 -0.271468 0)
(-0.214463 -0.241274 0)
(-0.259554 -0.203155 0)
(-0.311844 -0.154817 0)
(-0.37074 -0.0934048 0)
(-0.434512 -0.0155597 0)
(-0.499178 0.082426 0)
(-0.557691 0.204284 0)
(-0.599338 0.351329 0)
(-0.609426 0.519716 0)
(-0.57227 0.696962 0)
(-0.479611 0.860816 0)
(-0.341992 0.987035 0)
(-0.190815 1.06199 0)
(-0.0638249 1.06128 0)
(0.000592998 0.813316 0)
(-0.0855709 -0.317801 0)
(-0.10479 -0.299306 0)
(-0.128027 -0.276681 0)
(-0.155909 -0.248888 0)
(-0.188995 -0.21455 0)
(-0.227704 -0.172049 0)
(-0.27201 -0.119477 0)
(-0.321139 -0.0547196 0)
(-0.373033 0.0243399 0)
(-0.424019 0.120205 0)
(-0.468088 0.234312 0)
(-0.496934 0.366042 0)
(-0.500426 0.510606 0)
(-0.468966 0.657418 0)
(-0.398273 0.791234 0)
(-0.294684 0.898763 0)
(-0.175393 0.974526 0)
(-0.0637665 0.996761 0)
(-0.0015236 0.793347 0)
(-0.0731738 -0.306498 0)
(-0.0896303 -0.285668 0)
(-0.109486 -0.26032 0)
(-0.133125 -0.229463 0)
(-0.160967 -0.191757 0)
(-0.193328 -0.145762 0)
(-0.230057 -0.0899757 0)
(-0.270359 -0.0229731 0)
(-0.312304 0.0564044 0)
(-0.352554 0.149466 0)
(-0.386156 0.256343 0)
(-0.40672 0.375334 0)
(-0.40716 0.501577 0)
(-0.381519 0.626324 0)
(-0.327675 0.738632 0)
(-0.249542 0.830927 0)
(-0.156191 0.902761 0)
(-0.0606775 0.938109 0)
(-0.00274378 0.773286 0)
(-0.0594477 -0.296975 0)
(-0.0729649 -0.274164 0)
(-0.0893058 -0.246614 0)
(-0.10857 -0.213376 0)
(-0.130976 -0.173007 0)
(-0.156939 -0.124189 0)
(-0.186528 -0.0658278 0)
(-0.219076 0.00277082 0)
(-0.252741 0.0820478 0)
(-0.284597 0.172352 0)
(-0.310721 0.27297 0)
(-0.32618 0.381653 0)
(-0.325899 0.49384 0)
(-0.306021 0.602372 0)
(-0.265538 0.699035 0)
(-0.207002 0.779133 0)
(-0.134843 0.844953 0)
(-0.0548795 0.886641 0)
(-0.00308735 0.754502 0)
(-0.0443201 -0.290356 0)
(-0.0547169 -0.265697 0)
(-0.0674582 -0.236149 0)
(-0.0825036 -0.200993 0)
(-0.0996618 -0.158611 0)
(-0.119236 -0.107512 0)
(-0.141773 -0.0468262 0)
(-0.167196 0.0231295 0)
(-0.193884 0.102379 0)
(-0.219232 0.190358 0)
(-0.240055 0.285873 0)
(-0.252586 0.386425 0)
(-0.253105 0.487845 0)
(-0.238944 0.584268 0)
(-0.209552 0.669312 0)
(-0.166679 0.739628 0)
(-0.112302 0.798614 0)
(-0.0472045 0.841949 0)
(-0.0028068 0.737552 0)
(-0.0273744 -0.286322 0)
(-0.0340863 -0.260283 0)
(-0.0425581 -0.228971 0)
(-0.0531024 -0.19201 0)
(-0.0655649 -0.147923 0)
(-0.0798122 -0.0949932 0)
(-0.0965052 -0.032243 0)
(-0.116307 0.0394874 0)
(-0.137764 0.118791 0)
(-0.158771 0.205047 0)
(-0.176658 0.296766 0)
(-0.188436 0.391353 0)
(-0.19118 0.485003 0)
(-0.182792 0.57282 0)
(-0.162768 0.649661 0)
(-0.132316 0.712783 0)
(-0.0922321 0.765802 0)
(-0.0397313 0.808393 0)
(-0.00220685 0.724675 0)
(-0.00906562 -0.280779 0)
(-0.0112843 -0.254271 0)
(-0.0140907 -0.222193 0)
(-0.0179323 -0.184122 0)
(-0.0233864 -0.138769 0)
(-0.0311322 -0.0844907 0)
(-0.0417325 -0.0197125 0)
(-0.0524821 0.0541718 0)
(-0.0655227 0.134255 0)
(-0.0791448 0.219752 0)
(-0.0918997 0.308713 0)
(-0.101915 0.398263 0)
(-0.107147 0.48479 0)
(-0.105891 0.56423 0)
(-0.097329 0.632657 0)
(-0.0817958 0.687727 0)
(-0.0597644 0.732066 0)
(-0.0271206 0.77017 0)
(-0.0018087 0.708733 0)
)
;

boundaryField
{
    leftWall
    {
        type            noSlip;
    }
    rightWall
    {
        type            noSlip;
    }
    lowerWall
    {
        type            noSlip;
    }
    atmosphere
    {
        type            pressureInletOutletVelocity;
        value           nonuniform List<vector> 
46
(
(0 -0.366851 0)
(0 -0.378586 0)
(0 -0.377637 0)
(0 -0.378075 0)
(0 -0.378238 0)
(0 -0.378245 0)
(0 -0.37809 0)
(0 -0.377791 0)
(0 -0.377358 0)
(0 -0.376796 0)
(0 -0.37611 0)
(0 -0.375301 0)
(0 -0.374369 0)
(0 -0.373313 0)
(0 -0.37213 0)
(0 -0.370817 0)
(0 -0.369368 0)
(0 -0.367777 0)
(0 -0.366036 0)
(0 -0.364135 0)
(0 -0.362064 0)
(0 -0.35981 0)
(0 -0.357363 0)
(0 -0.351317 0)
(0 -0.339378 0)
(0 -0.323966 0)
(0 -0.304134 0)
(0 -0.280779 0)
(0 -0.254271 0)
(0 -0.222193 0)
(0 -0.184122 0)
(0 -0.138769 0)
(0 -0.0844907 0)
(0 -0.0197125 0)
(-0.0524821 0.0541718 0)
(-0.0655227 0.134255 0)
(-0.0791448 0.219752 0)
(-0.0918997 0.308713 0)
(-0.101915 0.398263 0)
(-0.107147 0.48479 0)
(-0.105891 0.56423 0)
(-0.097329 0.632657 0)
(-0.0817958 0.687727 0)
(-0.0597644 0.732066 0)
(-0.0271206 0.77017 0)
(-0.0018087 0.708733 0)
)
;
    }
    defaultFaces
    {
        type            empty;
    }
}


// ************************************************************************* //
