/*--------------------------------*- C++ -*----------------------------------*\
| =========                 |                                                 |
| \\      /  F ield         | OpenFOAM: The Open Source CFD Toolbox           |
|  \\    /   O peration     | Version:  2206                                  |
|   \\  /    A nd           | Website:  www.openfoam.com                      |
|    \\/     M anipulation  |                                                 |
\*---------------------------------------------------------------------------*/
FoamFile
{
    version     2.0;
    format      ascii;
    arch        "LSB;label=32;scalar=64";
    class       surfaceScalarField;
    location    "0.275";
    object      phi;
}
// * * * * * * * * * * * * * * * * * * * * * * * * * * * * * * * * * * * * * //

dimensions      [0 3 -1 0 0 0 0];

oriented        oriented;

internalField   nonuniform List<scalar> 
4432
(
6.57335e-07
-6.57335e-07
2.17189e-06
-1.51455e-06
3.81129e-06
-1.6394e-06
5.30527e-06
-1.49398e-06
6.63381e-06
-1.32854e-06
7.84177e-06
-1.20796e-06
8.96208e-06
-1.12032e-06
1.00027e-05
-1.04059e-06
1.09536e-05
-9.50962e-07
1.17953e-05
-8.41663e-07
1.25018e-05
-7.06504e-07
1.30373e-05
-5.35483e-07
1.33532e-05
-3.15943e-07
1.33865e-05
-3.33101e-08
1.30032e-05
3.83331e-07
1.21122e-05
8.90963e-07
1.0657e-05
1.45526e-06
8.65631e-06
2.00066e-06
6.27451e-06
2.3818e-06
3.83699e-06
2.43752e-06
1.75922e-06
2.07777e-06
4.68485e-07
1.29073e-06
4.68481e-07
6.52765e-07
-1.3101e-06
2.18007e-06
-3.04186e-06
3.84806e-06
-3.30738e-06
5.37436e-06
-3.02029e-06
6.73053e-06
-2.68471e-06
7.96132e-06
-2.43875e-06
9.10317e-06
-2.26217e-06
1.0167e-05
-2.10444e-06
1.11449e-05
-1.92884e-06
1.20189e-05
-1.71567e-06
1.27665e-05
-1.45407e-06
1.33669e-05
-1.13589e-06
1.38047e-05
-7.53815e-07
1.40663e-05
-2.94894e-07
1.41772e-05
2.7241e-07
1.41168e-05
9.51442e-07
1.37739e-05
1.79807e-06
1.29755e-05
2.79913e-06
1.15164e-05
3.84092e-06
9.27686e-06
4.677e-06
6.36119e-06
4.99344e-06
3.11381e-06
4.53811e-06
3.58229e-06
6.31661e-07
-1.94176e-06
2.16704e-06
-4.57724e-06
3.86898e-06
-5.00933e-06
5.43481e-06
-4.58611e-06
6.82314e-06
-4.07305e-06
8.07821e-06
-3.69381e-06
9.24194e-06
-3.42591e-06
1.03307e-05
-3.19317e-06
1.13399e-05
-2.93807e-06
1.22539e-05
-2.62966e-06
1.30518e-05
-2.25196e-06
1.37093e-05
-1.79341e-06
1.4196e-05
-1.24053e-06
1.44777e-05
-5.76627e-07
1.45421e-05
2.07997e-07
1.43696e-05
1.12396e-06
1.39762e-05
2.19149e-06
1.33423e-05
3.43308e-06
1.23432e-05
4.83999e-06
1.07009e-05
6.31928e-06
8.09412e-06
7.60022e-06
4.40387e-06
8.22836e-06
7.98615e-06
6.01724e-07
-2.54348e-06
2.15123e-06
-6.12675e-06
3.90298e-06
-6.76108e-06
5.52607e-06
-6.20921e-06
6.96174e-06
-5.50872e-06
8.25332e-06
-4.9854e-06
9.45e-06
-4.62259e-06
1.05756e-05
-4.31876e-06
1.16305e-05
-3.99293e-06
1.26013e-05
-3.60047e-06
1.34682e-05
-3.11886e-06
1.42074e-05
-2.5327e-06
1.47927e-05
-1.82582e-06
1.51954e-05
-9.79319e-07
1.53656e-05
3.77917e-08
1.52674e-05
1.22222e-06
1.48458e-05
2.61306e-06
1.40708e-05
4.20808e-06
1.29007e-05
6.01012e-06
1.12008e-05
8.01919e-06
8.64839e-06
1.01526e-05
4.8573e-06
1.20194e-05
1.28435e-05
5.66952e-07
-3.11044e-06
2.13497e-06
-7.69477e-06
3.94773e-06
-8.57384e-06
5.64133e-06
-7.90281e-06
7.13679e-06
-7.00418e-06
8.47611e-06
-6.32472e-06
9.71658e-06
-5.86305e-06
1.08908e-05
-5.49303e-06
1.20052e-05
-5.10733e-06
1.30497e-05
-4.64493e-06
1.40061e-05
-4.07526e-06
1.48522e-05
-3.37877e-06
1.55619e-05
-2.53556e-06
1.61035e-05
-1.52092e-06
1.64446e-05
-3.03314e-07
1.65215e-05
1.14538e-06
1.62651e-05
2.86948e-06
1.55741e-05
4.89906e-06
1.43357e-05
7.24853e-06
1.24326e-05
9.92223e-06
9.66198e-06
1.29232e-05
5.59232e-06
1.60891e-05
1.84358e-05
5.28459e-07
-3.6389e-06
2.11964e-06
-9.28596e-06
4.00201e-06
-1.04562e-05
5.77438e-06
-9.67517e-06
7.33778e-06
-8.56759e-06
8.73367e-06
-7.72061e-06
1.00278e-05
-7.15721e-06
1.12621e-05
-6.72734e-06
1.24496e-05
-6.29475e-06
1.3584e-05
-5.77941e-06
1.465e-05
-5.14124e-06
1.56274e-05
-4.35616e-06
1.64925e-05
-3.40067e-06
1.72167e-05
-2.24508e-06
1.77637e-05
-8.50335e-07
1.80797e-05
8.2944e-07
1.80928e-05
2.85634e-06
1.76792e-05
5.31269e-06
1.66472e-05
8.28052e-06
1.4741e-05
1.18284e-05
1.16325e-05
1.60317e-05
6.81963e-06
2.0902e-05
2.52554e-05
4.85592e-07
-4.12449e-06
2.10701e-06
-1.09074e-05
4.0652e-06
-1.24144e-05
5.91851e-06
-1.15285e-05
7.55226e-06
-1.02013e-05
9.00991e-06
-9.17826e-06
1.03657e-05
-8.51301e-06
1.16701e-05
-8.03169e-06
1.29423e-05
-7.56699e-06
1.41809e-05
-7.01798e-06
1.53739e-05
-6.33432e-06
1.65054e-05
-5.48764e-06
1.75565e-05
-4.45171e-06
1.85044e-05
-3.19306e-06
1.93192e-05
-1.66505e-06
1.99494e-05
1.99232e-07
2.03382e-05
2.46752e-06
2.03698e-05
5.28109e-06
1.98424e-05
8.80791e-06
1.84684e-05
1.32024e-05
1.56694e-05
1.88307e-05
1.09422e-05
2.56292e-05
3.61976e-05
4.51319e-07
-4.57581e-06
2.11074e-06
-1.25668e-05
4.14239e-06
-1.44461e-05
6.06855e-06
-1.34546e-05
7.76808e-06
-1.19009e-05
9.28948e-06
-1.06997e-05
1.07139e-05
-9.93746e-06
1.20978e-05
-9.41552e-06
1.34651e-05
-8.93432e-06
1.48186e-05
-8.37152e-06
1.61512e-05
-7.66691e-06
1.74526e-05
-6.78905e-06
1.87118e-05
-5.71089e-06
1.99156e-05
-4.39687e-06
2.10456e-05
-2.79507e-06
2.20804e-05
-8.35473e-07
2.29658e-05
1.58213e-06
2.36193e-05
4.62751e-06
2.38176e-05
8.60962e-06
2.31791e-05
1.3841e-05
2.05888e-05
2.1421e-05
1.46006e-05
3.16175e-05
5.07981e-05
2.24525e-05
-2.24525e-05
-2.52413e-05
4.76937e-05
-0.000116248
9.10062e-05
-0.000177429
6.11818e-05
-0.000164031
-1.33984e-05
-0.000113123
-5.09082e-05
-5.538e-05
-5.77427e-05
1.83491e-05
-7.37291e-05
8.47008e-05
-6.63517e-05
0.000127892
-4.31916e-05
0.000154806
-2.69135e-05
0.00017217
-1.73636e-05
0.000182106
-9.93606e-06
0.000177742
4.3639e-06
0.000138041
3.97003e-05
5.15953e-05
8.64462e-05
-3.69239e-05
8.85192e-05
-0.000156308
0.000119384
-0.000156308
-2.12056e-05
-1.24676e-06
-8.71545e-05
0.000113643
-0.000155478
0.000159329
-0.000130184
3.58886e-05
-6.75066e-05
-7.60761e-05
-2.45292e-05
-9.38856e-05
3.29915e-05
-0.000115263
0.00010446
-0.000145197
0.000146363
-0.000108255
0.000171654
-6.84828e-05
0.000187347
-4.26068e-05
0.000197329
-2.73454e-05
0.000202041
-1.46484e-05
0.00020414
2.26551e-06
0.000201872
4.19675e-05
0.00017247
0.000115849
9.25446e-05
0.000168444
1.54171e-05
0.000196512
-0.000140891
-4.90824e-05
4.78356e-05
-8.60737e-05
0.000150634
-6.31595e-05
0.000136415
1.7636e-05
-4.49069e-05
5.5543e-05
-0.000113983
8.38754e-05
-0.000122218
0.000126143
-0.000157531
0.000144586
-0.00016364
0.000163729
-0.000127398
0.000179995
-8.47488e-05
0.000191862
-5.4474e-05
0.000200031
-3.55143e-05
0.000204912
-1.95292e-05
0.000205854
1.32389e-06
0.000206107
4.17141e-05
0.000204569
0.000117387
0.000168387
0.000204626
0.000111308
0.000253591
-2.95827e-05
-3.87938e-05
8.66295e-05
-2.48815e-05
0.000136722
7.60271e-05
3.55066e-05
0.000118771
-8.76514e-05
0.000116206
-0.000111417
0.000138168
-0.00014418
0.000150372
-0.000169736
0.000158144
-0.000171411
0.000171295
-0.000140549
0.000184822
-9.82763e-05
0.000194862
-6.45137e-05
0.000201648
-4.23002e-05
0.000205791
-2.3672e-05
0.000208014
-8.991e-07
0.000207379
4.23487e-05
0.000208661
0.000116105
0.000197777
0.00021551
0.000149958
0.00030141
0.000120375
-1.85013e-05
0.000105131
5.88247e-05
5.93957e-05
0.00012866
-3.43289e-05
0.000124492
-8.34835e-05
0.000136957
-0.000123882
0.000151474
-0.000158698
0.000159825
-0.000178087
0.000166186
-0.000177773
0.000176595
-0.000150957
0.000186935
-0.000108616
0.000193843
-7.14215e-05
0.000197953
-4.64106e-05
0.000200571
-2.62897e-05
0.000202715
-3.04311e-06
0.000204055
4.1008e-05
0.00020497
0.000115191
0.00020016
0.00022032
0.000161522
0.000340048
0.000281897
7.18069e-07
0.000104413
7.78746e-05
-1.77608e-05
0.000107293
-6.37469e-05
0.000129934
-0.000106125
0.00014851
-0.000142457
0.000159092
-0.00016928
0.0001648
-0.000183795
0.000170313
-0.000183286
0.000177596
-0.000158241
0.000182592
-0.000113612
0.000183815
-7.26446e-05
0.000181561
-4.41563e-05
0.000178064
-2.27928e-05
0.000180006
-4.98533e-06
0.000188538
3.24762e-05
0.000193342
0.000110386
0.00018596
0.000227702
0.000153759
0.00037225
0.000435656
7.05936e-05
3.38192e-05
9.75982e-05
-4.47653e-05
0.000124528
-9.06769e-05
0.000143925
-0.000125522
0.000155145
-0.000153678
0.000161673
-0.000175808
0.000166237
-0.000188359
0.000169993
-0.000187041
0.000171161
-0.000159409
0.000166509
-0.00010896
0.000155737
-6.18725e-05
0.000141368
-2.97873e-05
0.000120805
-2.22951e-06
0.00011238
3.43896e-06
0.000131424
1.34327e-05
0.000156502
8.53089e-05
0.00015214
0.000232063
0.000129585
0.000394804
0.000565241
8.49262e-05
-5.11072e-05
0.000119875
-7.97141e-05
0.000138657
-0.000109459
0.000149514
-0.000136378
0.000156212
-0.000160376
0.000161203
-0.000180798
0.00016424
-0.000191396
0.000162533
-0.000185335
0.000152933
-0.000149808
0.000134545
-9.05726e-05
0.000107989
-3.53162e-05
9.19674e-05
-1.37659e-05
9.44561e-05
-4.71815e-06
9.72662e-05
6.2877e-07
0.000102699
8e-06
0.000109943
7.80649e-05
0.00010351
0.000238496
7.32422e-05
0.000425072
0.000638483
9.66381e-07
-5.54219e-06
4.66918e-06
-1.62696e-05
9.17658e-06
-1.89535e-05
1.34347e-05
-1.77128e-05
1.72167e-05
-1.56828e-05
2.06551e-05
-1.41382e-05
2.39336e-05
-1.32159e-05
2.71741e-05
-1.2656e-05
3.04311e-05
-1.21913e-05
3.3719e-05
-1.16594e-05
3.70376e-05
-1.09855e-05
4.03875e-05
-1.01389e-05
4.37769e-05
-9.10036e-06
4.72256e-05
-7.84557e-06
5.07692e-05
-6.33866e-06
5.44637e-05
-4.52996e-06
5.84107e-05
-2.36485e-06
6.28982e-05
1.3999e-07
6.8133e-05
3.37488e-06
7.49516e-05
7.02236e-06
8.48273e-05
1.15453e-05
0.000101423
1.50213e-05
2.49889e-05
0.000127233
1.16313e-06
-6.70532e-06
5.10151e-06
-2.0208e-05
9.76785e-06
-2.36198e-05
1.4134e-05
-2.20789e-05
1.80702e-05
-1.96191e-05
2.17637e-05
-1.78316e-05
2.53966e-05
-1.68488e-05
2.90691e-05
-1.63284e-05
3.2821e-05
-1.59433e-05
3.6668e-05
-1.55064e-05
4.06247e-05
-1.49422e-05
4.47168e-05
-1.4231e-05
4.89863e-05
-1.33699e-05
5.34968e-05
-1.23561e-05
5.83409e-05
-1.11828e-05
6.36535e-05
-9.84254e-06
6.96184e-05
-8.32974e-06
7.64129e-05
-6.65454e-06
8.45772e-05
-4.78937e-06
9.44458e-05
-2.84627e-06
0.000106493
-5.02164e-07
0.000120705
8.09495e-07
5.366e-06
0.000140328
1.57905e-06
-8.28437e-06
5.78889e-06
-2.44178e-05
1.0475e-05
-2.83059e-05
1.47739e-05
-2.63778e-05
1.87396e-05
-2.35848e-05
2.26229e-05
-2.17149e-05
2.65751e-05
-2.0801e-05
3.06411e-05
-2.03944e-05
3.48236e-05
-2.01258e-05
3.91261e-05
-1.98089e-05
4.35678e-05
-1.9384e-05
4.81843e-05
-1.88475e-05
5.30249e-05
-1.82105e-05
5.8152e-05
-1.74831e-05
6.36417e-05
-1.66725e-05
6.95856e-05
-1.57864e-05
7.60921e-05
-1.48363e-05
8.32831e-05
-1.38455e-05
9.13354e-05
-1.28417e-05
0.000100391
-1.1902e-05
0.000110946
-1.10568e-05
0.000122488
-1.07325e-05
-1.029e-05
0.000138144
2.17627e-06
-1.04606e-05
6.65843e-06
-2.89e-05
1.12479e-05
-3.28954e-05
1.53605e-05
-3.04904e-05
1.92843e-05
-2.75086e-05
2.33143e-05
-2.57449e-05
2.75341e-05
-2.50208e-05
3.19141e-05
-2.47744e-05
3.64167e-05
-2.46284e-05
4.10355e-05
-2.44277e-05
4.5793e-05
-2.41415e-05
5.07286e-05
-2.37831e-05
5.58901e-05
-2.33719e-05
6.13298e-05
-2.29228e-05
6.71048e-05
-2.24475e-05
7.32775e-05
-2.19591e-05
7.9916e-05
-2.14748e-05
8.70907e-05
-2.10201e-05
9.48776e-05
-2.06286e-05
0.000103326
-2.03505e-05
0.000112494
-2.0225e-05
0.000122152
-2.03903e-05
-2.06511e-05
0.000132513
2.82773e-06
-1.32884e-05
7.55577e-06
-3.3628e-05
1.20034e-05
-3.7343e-05
1.58896e-05
-3.43766e-05
1.97606e-05
-3.13796e-05
2.39173e-05
-2.99016e-05
2.83423e-05
-2.94457e-05
3.2932e-05
-2.93641e-05
3.76249e-05
-2.93213e-05
4.2416e-05
-2.92188e-05
4.7333e-05
-2.90585e-05
5.2415e-05
-2.88651e-05
5.77016e-05
-2.86585e-05
6.32312e-05
-2.84524e-05
6.90394e-05
-2.82557e-05
7.51607e-05
-2.80804e-05
8.16286e-05
-2.79427e-05
8.84755e-05
-2.7867e-05
9.57296e-05
-2.78828e-05
0.000103398
-2.8019e-05
0.000111484
-2.83104e-05
0.000119866
-2.87732e-05
-2.94891e-05
0.000128704
3.43766e-06
-1.6726e-05
8.36854e-06
-3.85589e-05
1.26385e-05
-4.1613e-05
1.63045e-05
-3.80425e-05
2.01715e-05
-3.52466e-05
2.44624e-05
-3.41926e-05
2.903e-05
-3.40133e-05
3.37216e-05
-3.40557e-05
3.84814e-05
-3.40811e-05
4.33177e-05
-3.40551e-05
4.82619e-05
-3.40027e-05
5.33465e-05
-3.39498e-05
5.85985e-05
-3.39105e-05
6.40458e-05
-3.38997e-05
6.97074e-05
-3.39174e-05
7.55999e-05
-3.39729e-05
8.1744e-05
-3.40867e-05
8.81793e-05
-3.43022e-05
9.49363e-05
-3.46398e-05
0.000102044
-3.51268e-05
0.000109549
-3.58156e-05
0.000117478
-3.67022e-05
-3.76732e-05
0.000125662
4.5785e-06
-2.13045e-05
9.74e-06
-4.37204e-05
1.32955e-05
-4.51686e-05
1.65593e-05
-4.13064e-05
2.04468e-05
-3.91341e-05
2.48408e-05
-3.85865e-05
2.94406e-05
-3.86131e-05
3.4094e-05
-3.87092e-05
3.87795e-05
-3.87665e-05
4.35208e-05
-3.87965e-05
4.83477e-05
-3.88295e-05
5.32796e-05
-3.88817e-05
5.83393e-05
-3.89702e-05
6.35515e-05
-3.9112e-05
6.89509e-05
-3.93167e-05
7.45758e-05
-3.95978e-05
8.03807e-05
-3.98916e-05
8.63902e-05
-4.03117e-05
9.26371e-05
-4.08868e-05
9.92108e-05
-4.17005e-05
0.000106455
-4.30603e-05
0.000115038
-4.52846e-05
-4.32146e-05
0.000120579
9.59208e-06
-3.08966e-05
1.38215e-05
-4.79498e-05
1.39074e-05
-4.52545e-05
1.61054e-05
-4.35044e-05
1.99063e-05
-4.29349e-05
2.4208e-05
-4.28882e-05
2.8568e-05
-4.29731e-05
3.29196e-05
-4.30609e-05
3.72564e-05
-4.31033e-05
4.16288e-05
-4.31689e-05
4.60666e-05
-4.32674e-05
5.05867e-05
-4.34018e-05
5.52679e-05
-4.36515e-05
6.01177e-05
-4.39617e-05
6.52195e-05
-4.44185e-05
7.06666e-05
-4.50449e-05
7.60079e-05
-4.52329e-05
8.15759e-05
-4.58798e-05
8.73952e-05
-4.67061e-05
9.33655e-05
-4.76707e-05
0.000100922
-5.06163e-05
0.00011263
-5.69927e-05
-3.92435e-05
0.000108658
2.10519e-05
-5.19485e-05
1.84794e-05
-4.53772e-05
1.19065e-05
-3.86816e-05
1.33295e-05
-4.49273e-05
1.67407e-05
-4.63462e-05
2.03669e-05
-4.65144e-05
2.39001e-05
-4.65063e-05
2.74623e-05
-4.66231e-05
3.09682e-05
-4.66091e-05
3.45479e-05
-4.67486e-05
3.82408e-05
-4.69602e-05
4.21093e-05
-4.72703e-05
4.62976e-05
-4.78398e-05
5.08153e-05
-4.84793e-05
5.5544e-05
-4.91472e-05
5.87989e-05
-4.82998e-05
6.25226e-05
-4.89566e-05
6.70823e-05
-5.04394e-05
7.2372e-05
-5.19956e-05
7.8101e-05
-5.33995e-05
8.20639e-05
-5.45793e-05
8.17853e-05
-5.67141e-05
-5.55012e-05
9.80431e-05
1.45393e-05
-6.64878e-05
1.56771e-05
-4.6515e-05
9.80442e-06
-3.28088e-05
9.42045e-06
-4.45433e-05
1.01598e-05
-4.70854e-05
1.1471e-05
-4.78255e-05
1.32563e-05
-4.82915e-05
1.53078e-05
-4.86747e-05
1.75293e-05
-4.88307e-05
2.03288e-05
-4.95483e-05
2.36215e-05
-5.0253e-05
2.72784e-05
-5.09273e-05
3.14189e-05
-5.19803e-05
3.55357e-05
-5.2596e-05
3.99146e-05
-5.3526e-05
4.61341e-05
-5.45193e-05
5.2872e-05
-5.56943e-05
5.96146e-05
-5.71821e-05
6.65815e-05
-5.89627e-05
7.395e-05
-6.07684e-05
8.15897e-05
-6.22191e-05
8.71013e-05
-6.22257e-05
-6.2236e-05
9.38363e-05
-1.02779e-05
-5.62099e-05
-1.32243e-05
-4.35688e-05
-5.7994e-07
-4.54532e-05
4.25545e-06
-4.93786e-05
7.15129e-06
-4.99811e-05
9.23472e-06
-4.99087e-05
1.13154e-05
-5.03719e-05
1.35058e-05
-5.0865e-05
1.61704e-05
-5.14952e-05
1.89462e-05
-5.23241e-05
2.20106e-05
-5.33175e-05
2.53902e-05
-5.43069e-05
2.88005e-05
-5.53904e-05
3.281e-05
-5.66056e-05
3.71776e-05
-5.78935e-05
4.21942e-05
-5.95358e-05
4.81258e-05
-6.16258e-05
5.51138e-05
-6.41699e-05
6.28648e-05
-6.67136e-05
7.04662e-05
-6.83697e-05
7.64891e-05
-6.82421e-05
7.94189e-05
-6.51554e-05
-6.39553e-05
8.11382e-05
-9.7554e-06
-4.64544e-05
-3.42439e-06
-4.98998e-05
2.52101e-06
-5.13986e-05
4.50149e-06
-5.13589e-05
6.03561e-06
-5.15152e-05
7.85675e-06
-5.17298e-05
9.64946e-06
-5.21648e-05
1.16316e-05
-5.28473e-05
1.3798e-05
-5.36618e-05
1.6062e-05
-5.45882e-05
1.84168e-05
-5.56722e-05
2.10195e-05
-5.69093e-05
2.38434e-05
-5.8214e-05
2.6957e-05
-5.97189e-05
3.06461e-05
-6.15825e-05
3.52564e-05
-6.4146e-05
4.11324e-05
-6.75017e-05
4.7998e-05
-7.10357e-05
5.46634e-05
-7.33791e-05
5.92767e-05
-7.2983e-05
5.9945e-05
-6.89104e-05
5.59097e-05
-6.112e-05
-6.29982e-05
5.49526e-05
-1.49551e-06
-4.49589e-05
1.02634e-06
-5.24218e-05
2.12546e-06
-5.24977e-05
2.84635e-06
-5.20798e-05
3.69787e-06
-5.23666e-05
4.73922e-06
-5.27711e-05
5.90282e-06
-5.33284e-05
7.10811e-06
-5.40527e-05
8.36839e-06
-5.49223e-05
9.74109e-06
-5.59611e-05
1.12227e-05
-5.7154e-05
1.28401e-05
-5.85267e-05
1.47117e-05
-6.00856e-05
1.70245e-05
-6.2032e-05
2.02228e-05
-6.47809e-05
2.4717e-05
-6.86401e-05
3.03811e-05
-7.31659e-05
3.61386e-05
-7.67932e-05
4.01763e-05
-7.74168e-05
4.06669e-05
-7.34739e-05
3.67972e-05
-6.50407e-05
3.02879e-05
-5.46108e-05
-6.55344e-05
3.28242e-05
2.87862e-07
-4.52469e-05
8.48264e-08
-5.22189e-05
-1.47128e-07
-5.22657e-05
8.2443e-08
-5.23092e-05
3.32769e-07
-5.26168e-05
6.27717e-07
-5.3066e-05
9.50565e-07
-5.36511e-05
1.30967e-06
-5.44117e-05
1.73839e-06
-5.53509e-05
2.25142e-06
-5.64739e-05
2.88308e-06
-5.77854e-05
3.65438e-06
-5.92977e-05
4.70954e-06
-6.11405e-05
6.36172e-06
-6.36839e-05
8.99571e-06
-6.74147e-05
1.26877e-05
-7.2332e-05
1.67947e-05
-7.72728e-05
2.00162e-05
-8.00145e-05
2.09943e-05
-7.83947e-05
1.9189e-05
-7.16685e-05
1.56248e-05
-6.14763e-05
1.54069e-05
-5.43927e-05
-6.89368e-05
1.88094e-05
-1.87092e-07
-4.50599e-05
-9.90561e-07
-5.14156e-05
-1.67168e-06
-5.15847e-05
-2.15231e-06
-5.18286e-05
-2.6085e-06
-5.21606e-05
-3.04179e-06
-5.26328e-05
-3.4472e-06
-5.32459e-05
-3.8355e-06
-5.40237e-05
-4.20243e-06
-5.49843e-05
-4.54002e-06
-5.61365e-05
-4.84478e-06
-5.74807e-05
-5.07533e-06
-5.90672e-05
-5.10026e-06
-6.11157e-05
-4.70557e-06
-6.40787e-05
-3.78045e-06
-6.83398e-05
-2.57937e-06
-7.35331e-05
-1.71262e-06
-7.81397e-05
-1.76226e-06
-7.9965e-05
-2.73878e-06
-7.74183e-05
-3.8089e-06
-7.05985e-05
-2.47764e-06
-6.28076e-05
8.04312e-07
-5.76748e-05
-6.52968e-05
-2.83565e-06
-6.66283e-07
-4.43936e-05
-1.74026e-06
-5.03415e-05
-2.81799e-06
-5.05069e-05
-3.88097e-06
-5.07654e-05
-4.93207e-06
-5.11093e-05
-5.99272e-06
-5.1572e-05
-7.07704e-06
-5.21615e-05
-8.20682e-06
-5.28938e-05
-9.40621e-06
-5.37847e-05
-1.06991e-05
-5.48434e-05
-1.21021e-05
-5.60773e-05
-1.36089e-05
-5.75599e-05
-1.51874e-05
-5.95369e-05
-1.68536e-05
-6.24121e-05
-1.87514e-05
-6.64415e-05
-2.10868e-05
-7.11973e-05
-2.39334e-05
-7.52928e-05
-2.69754e-05
-7.69228e-05
-2.93629e-05
-7.50307e-05
-2.98103e-05
-7.01509e-05
-2.8531e-05
-6.40868e-05
-2.64877e-05
-5.9718e-05
-5.81938e-05
-3.35907e-05
-1.02658e-06
-4.33671e-05
-2.44293e-06
-4.89254e-05
-3.89573e-06
-4.90541e-05
-5.38875e-06
-4.92725e-05
-6.92492e-06
-4.95733e-05
-8.52948e-06
-4.99676e-05
-1.0227e-05
-5.04642e-05
-1.20494e-05
-5.10717e-05
-1.40362e-05
-5.17981e-05
-1.62349e-05
-5.26448e-05
-1.86884e-05
-5.36239e-05
-2.14401e-05
-5.48083e-05
-2.45934e-05
-5.63837e-05
-2.83799e-05
-5.86257e-05
-3.30958e-05
-6.17258e-05
-3.88633e-05
-6.543e-05
-4.538e-05
-6.87762e-05
-5.18604e-05
-7.04425e-05
-5.73406e-05
-6.95505e-05
-6.13249e-05
-6.61666e-05
-6.40807e-05
-6.1331e-05
-6.72641e-05
-5.65346e-05
-5.12483e-05
-7.42095e-05
-1.34852e-06
-4.20186e-05
-3.07878e-06
-4.71952e-05
-4.86613e-06
-4.72667e-05
-6.71588e-06
-4.74227e-05
-8.64456e-06
-4.76444e-05
-1.06797e-05
-4.79325e-05
-1.28508e-05
-4.82931e-05
-1.51959e-05
-4.87266e-05
-1.77628e-05
-4.92313e-05
-2.0606e-05
-4.98014e-05
-2.37862e-05
-5.04433e-05
-2.73875e-05
-5.12067e-05
-3.15793e-05
-5.21916e-05
-3.66758e-05
-5.3529e-05
-4.30645e-05
-5.53369e-05
-5.09358e-05
-5.75587e-05
-5.99978e-05
-5.97143e-05
-6.94997e-05
-6.09407e-05
-7.85846e-05
-6.04657e-05
-8.66473e-05
-5.81039e-05
-9.36241e-05
-5.43542e-05
-0.000100281
-4.9878e-05
-4.45631e-05
-0.000106966
-1.63347e-06
-4.03852e-05
-3.61922e-06
-4.52096e-05
-5.66528e-06
-4.52209e-05
-7.77883e-06
-4.53093e-05
-9.98235e-06
-4.54412e-05
-1.23006e-05
-4.56145e-05
-1.47657e-05
-4.58284e-05
-1.74132e-05
-4.60795e-05
-2.02857e-05
-4.63592e-05
-2.34329e-05
-4.66545e-05
-2.69143e-05
-4.69621e-05
-3.08113e-05
-4.73098e-05
-3.52614e-05
-4.77416e-05
-4.05128e-05
-4.82777e-05
-4.69231e-05
-4.89267e-05
-5.47844e-05
-4.96976e-05
-6.40352e-05
-5.04636e-05
-7.41496e-05
-5.08264e-05
-8.43356e-05
-5.02797e-05
-9.38778e-05
-4.85617e-05
-0.000102433
-4.57987e-05
-0.000110053
-4.22579e-05
-3.79592e-05
-0.000116657
-1.85497e-06
-3.85304e-05
-4.01766e-06
-4.30469e-05
-6.232e-06
-4.30064e-05
-8.50796e-06
-4.30331e-05
-1.0868e-05
-4.3081e-05
-1.3334e-05
-4.31482e-05
-1.59327e-05
-4.32298e-05
-1.86926e-05
-4.33196e-05
-2.1645e-05
-4.34068e-05
-2.48246e-05
-4.34748e-05
-2.82746e-05
-4.35121e-05
-3.20512e-05
-4.35331e-05
-3.62259e-05
-4.3567e-05
-4.09026e-05
-4.36012e-05
-4.62608e-05
-4.35687e-05
-5.25369e-05
-4.34218e-05
-5.98509e-05
-4.31499e-05
-6.80063e-05
-4.26711e-05
-7.64977e-05
-4.17884e-05
-8.47254e-05
-4.0334e-05
-9.22197e-05
-3.83044e-05
-9.87015e-05
-3.5776e-05
-3.26741e-05
-0.000103987
-2.004e-06
-3.65265e-05
-4.26744e-06
-4.0784e-05
-6.56765e-06
-4.07065e-05
-8.91758e-06
-4.06836e-05
-1.13357e-05
-4.06631e-05
-1.38414e-05
-4.0643e-05
-1.6454e-05
-4.06177e-05
-1.91934e-05
-4.05805e-05
-2.20796e-05
-4.05209e-05
-2.5132e-05
-4.04225e-05
-2.83751e-05
-4.02691e-05
-3.18452e-05
-4.0063e-05
-3.558e-05
-3.98321e-05
-3.95942e-05
-3.9587e-05
-4.38942e-05
-3.92688e-05
-4.85383e-05
-3.87778e-05
-5.36312e-05
-3.8057e-05
-5.91956e-05
-3.71067e-05
-6.50592e-05
-3.59248e-05
-7.08983e-05
-3.44951e-05
-7.63735e-05
-3.28291e-05
-8.1219e-05
-3.09303e-05
-2.86815e-05
-8.52118e-05
-2.08632e-06
-3.44401e-05
-4.38376e-06
-3.84861e-05
-6.70047e-06
-3.83894e-05
-9.05236e-06
-3.83315e-05
-1.14531e-05
-3.8262e-05
-1.39177e-05
-3.81784e-05
-1.64595e-05
-3.8076e-05
-1.90917e-05
-3.79485e-05
-2.18256e-05
-3.77872e-05
-2.46696e-05
-3.75789e-05
-2.76322e-05
-3.73066e-05
-3.07326e-05
-3.69627e-05
-3.40007e-05
-3.65641e-05
-3.74471e-05
-3.61407e-05
-4.10311e-05
-3.56849e-05
-4.46859e-05
-3.51231e-05
-4.8384e-05
-3.43589e-05
-5.2147e-05
-3.33437e-05
-5.59737e-05
-3.20982e-05
-5.97782e-05
-3.06906e-05
-6.34103e-05
-2.91969e-05
-6.67115e-05
-2.76289e-05
-2.58752e-05
-6.9518e-05
-2.1055e-06
-3.23349e-05
-4.37836e-06
-3.62137e-05
-6.65386e-06
-3.61143e-05
-8.94999e-06
-3.60353e-05
-1.12772e-05
-3.59348e-05
-1.36451e-05
-3.58105e-05
-1.60627e-05
-3.56584e-05
-1.85378e-05
-3.54734e-05
-2.10764e-05
-3.52486e-05
-2.36807e-05
-3.49744e-05
-2.63492e-05
-3.4638e-05
-2.9084e-05
-3.42277e-05
-3.19016e-05
-3.37464e-05
-3.48241e-05
-3.32182e-05
-3.78432e-05
-3.26659e-05
-4.08945e-05
-3.20718e-05
-4.38861e-05
-3.13674e-05
-4.67547e-05
-3.04751e-05
-4.94864e-05
-2.93667e-05
-5.20885e-05
-2.80886e-05
-5.45565e-05
-2.67288e-05
-5.68543e-05
-2.53309e-05
-2.38378e-05
-5.88919e-05
-2.06272e-06
-3.0272e-05
-4.25959e-06
-3.40169e-05
-6.44787e-06
-3.39262e-05
-8.64529e-06
-3.3838e-05
-1.08595e-05
-3.37209e-05
-1.30964e-05
-3.35739e-05
-1.53611e-05
-3.3394e-05
-1.76579e-05
-3.31771e-05
-1.99892e-05
-3.29176e-05
-2.23549e-05
-3.26088e-05
-2.47504e-05
-3.22426e-05
-2.71691e-05
-3.1809e-05
-2.96117e-05
-3.13038e-05
-3.20924e-05
-3.07375e-05
-3.46249e-05
-3.01333e-05
-3.71932e-05
-2.95035e-05
-3.97373e-05
-2.88232e-05
-4.21773e-05
-2.80352e-05
-4.44531e-05
-2.70912e-05
-4.65461e-05
-2.59959e-05
-4.84703e-05
-2.48045e-05
-5.02364e-05
-2.35644e-05
-2.22647e-05
-5.18098e-05
-1.96589e-06
-2.83062e-05
-4.04698e-06
-3.19358e-05
-6.11485e-06
-3.1858e-05
-8.18467e-06
-3.1768e-05
-1.02608e-05
-3.16445e-05
-1.23471e-05
-3.14875e-05
-1.44459e-05
-3.12952e-05
-1.65591e-05
-3.10641e-05
-1.86869e-05
-3.07898e-05
-2.0828e-05
-3.04678e-05
-2.2978e-05
-3.00927e-05
-2.51293e-05
-2.96579e-05
-2.72757e-05
-2.91577e-05
-2.9419e-05
-2.85943e-05
-3.15694e-05
-2.79831e-05
-3.37289e-05
-2.73441e-05
-3.58728e-05
-2.66793e-05
-3.79504e-05
-2.59576e-05
-3.99091e-05
-2.51327e-05
-4.17208e-05
-2.41845e-05
-4.33838e-05
-2.31414e-05
-4.48994e-05
-2.20486e-05
-2.09174e-05
-4.62469e-05
-1.8326e-06
-2.6474e-05
-3.77265e-06
-2.99962e-05
-5.69804e-06
-2.99331e-05
-7.62179e-06
-2.98444e-05
-9.54589e-06
-2.97206e-05
-1.14721e-05
-2.95616e-05
-1.34013e-05
-2.93662e-05
-1.53338e-05
-2.91316e-05
-1.72686e-05
-2.8855e-05
-1.92034e-05
-2.8533e-05
-2.11341e-05
-2.81621e-05
-2.3054e-05
-2.77381e-05
-2.49554e-05
-2.72564e-05
-2.68345e-05
-2.67154e-05
-2.86955e-05
-2.61223e-05
-3.05443e-05
-2.54953e-05
-3.23723e-05
-2.48512e-05
-3.41468e-05
-2.41831e-05
-3.58249e-05
-2.34548e-05
-3.73801e-05
-2.26296e-05
-3.8812e-05
-2.17094e-05
-4.01274e-05
-2.07331e-05
-1.97288e-05
-4.13162e-05
-1.68215e-06
-2.47917e-05
-3.46832e-06
-2.82098e-05
-5.23929e-06
-2.8162e-05
-7.00799e-06
-2.80756e-05
-8.77444e-06
-2.79544e-05
-1.05388e-05
-2.77976e-05
-1.23009e-05
-2.76043e-05
-1.40601e-05
-2.73727e-05
-1.58146e-05
-2.71008e-05
-1.75616e-05
-2.67862e-05
-1.92972e-05
-2.64267e-05
-2.10156e-05
-2.60198e-05
-2.27092e-05
-2.5563e-05
-2.43712e-05
-2.50536e-05
-2.60009e-05
-2.44928e-05
-2.76047e-05
-2.38915e-05
-2.91863e-05
-2.32695e-05
-3.07306e-05
-2.26388e-05
-3.22032e-05
-2.19823e-05
-3.35726e-05
-2.12604e-05
-3.48304e-05
-2.04514e-05
-3.59856e-05
-1.95778e-05
-1.86743e-05
-3.70404e-05
-1.52716e-06
-2.32646e-05
-3.15642e-06
-2.65805e-05
-4.77179e-06
-2.65463e-05
-6.38539e-06
-2.64619e-05
-7.99568e-06
-2.6344e-05
-9.60206e-06
-2.61911e-05
-1.12037e-05
-2.60026e-05
-1.27991e-05
-2.57774e-05
-1.43859e-05
-2.55139e-05
-1.59615e-05
-2.52105e-05
-1.75223e-05
-2.48659e-05
-1.90634e-05
-2.44788e-05
-2.05785e-05
-2.4048e-05
-2.20606e-05
-2.35717e-05
-2.3505e-05
-2.30485e-05
-2.49143e-05
-2.24824e-05
-2.62954e-05
-2.18884e-05
-2.76471e-05
-2.1287e-05
-2.89486e-05
-2.06808e-05
-3.01694e-05
-2.00398e-05
-3.1293e-05
-1.93277e-05
-3.23245e-05
-1.85463e-05
-1.77272e-05
-3.32718e-05
-1.37843e-06
-2.18862e-05
-2.85391e-06
-2.51053e-05
-4.31884e-06
-2.50815e-05
-5.78187e-06
-2.49993e-05
-7.24174e-06
-2.48844e-05
-8.69717e-06
-2.47359e-05
-1.01466e-05
-2.45533e-05
-1.15882e-05
-2.43358e-05
-1.30195e-05
-2.40824e-05
-1.44378e-05
-2.3792e-05
-1.58399e-05
-2.34637e-05
-1.72217e-05
-2.30971e-05
-1.85783e-05
-2.26916e-05
-1.99037e-05
-2.22464e-05
-2.11923e-05
-2.176e-05
-2.24424e-05
-2.12324e-05
-2.36591e-05
-2.06718e-05
-2.48478e-05
-2.00983e-05
-2.60007e-05
-1.9528e-05
-2.70936e-05
-1.8947e-05
-2.81051e-05
-1.8316e-05
-2.90345e-05
-1.76167e-05
-1.68706e-05
-2.98912e-05
-1.2398e-06
-2.06462e-05
-2.56945e-06
-2.37752e-05
-3.89083e-06
-2.37601e-05
-5.21e-06
-2.368e-05
-6.52652e-06
-2.35678e-05
-7.83855e-06
-2.3424e-05
-9.1441e-06
-2.32478e-05
-1.04412e-05
-2.30386e-05
-1.17277e-05
-2.27958e-05
-1.30009e-05
-2.25187e-05
-1.42576e-05
-2.2207e-05
-1.54946e-05
-2.18602e-05
-1.67079e-05
-2.14783e-05
-1.78931e-05
-2.10612e-05
-1.90451e-05
-2.06081e-05
-2.01602e-05
-2.01174e-05
-2.12399e-05
-1.95922e-05
-2.22906e-05
-1.90476e-05
-2.3313e-05
-1.85057e-05
-2.42915e-05
-1.79686e-05
-2.52039e-05
-1.74034e-05
-2.60433e-05
-1.6777e-05
-1.60955e-05
-2.68183e-05
-1.10811e-06
-1.95383e-05
-2.30121e-06
-2.25821e-05
-3.48588e-06
-2.25754e-05
-4.66935e-06
-2.24963e-05
-5.85006e-06
-2.2387e-05
-7.02631e-06
-2.22477e-05
-8.19613e-06
-2.20778e-05
-9.35769e-06
-2.18768e-05
-1.05089e-05
-2.16444e-05
-1.16473e-05
-2.13803e-05
-1.27701e-05
-2.10842e-05
-1.38745e-05
-2.07559e-05
-1.49572e-05
-2.03956e-05
-1.6015e-05
-2.00033e-05
-1.7044e-05
-1.9579e-05
-1.804e-05
-1.91213e-05
-1.90016e-05
-1.86305e-05
-1.9933e-05
-1.8116e-05
-2.0839e-05
-1.75996e-05
-2.17125e-05
-1.70952e-05
-2.25343e-05
-1.65815e-05
-2.32928e-05
-1.60183e-05
-1.53948e-05
-2.39936e-05
-9.83867e-07
-1.85543e-05
-2.04768e-06
-2.15182e-05
-3.10275e-06
-2.15201e-05
-4.15783e-06
-2.14411e-05
-5.21008e-06
-2.13348e-05
-6.25813e-06
-2.11996e-05
-7.30033e-06
-2.10356e-05
-8.3348e-06
-2.08423e-05
-9.35957e-06
-2.06196e-05
-1.03725e-05
-2.03674e-05
-1.13712e-05
-2.00855e-05
-1.23532e-05
-1.97739e-05
-1.33158e-05
-1.94329e-05
-1.42562e-05
-1.90626e-05
-1.51716e-05
-1.86634e-05
-1.60585e-05
-1.82344e-05
-1.69139e-05
-1.7775e-05
-1.77397e-05
-1.72903e-05
-1.85411e-05
-1.67982e-05
-1.93175e-05
-1.6319e-05
-2.00545e-05
-1.58445e-05
-2.07382e-05
-1.53344e-05
-1.47626e-05
-2.13702e-05
-8.72e-07
-1.76822e-05
-1.81323e-06
-2.05764e-05
-2.74662e-06
-2.05863e-05
-3.67975e-06
-2.05078e-05
-4.61067e-06
-2.04037e-05
-5.53792e-06
-2.02723e-05
-6.46004e-06
-2.01135e-05
-7.37515e-06
-1.99272e-05
-8.28137e-06
-1.97134e-05
-9.1768e-06
-1.94719e-05
-1.00594e-05
-1.92028e-05
-1.09271e-05
-1.89062e-05
-1.17774e-05
-1.85824e-05
-1.26081e-05
-1.82317e-05
-1.34168e-05
-1.78545e-05
-1.42006e-05
-1.74507e-05
-1.49566e-05
-1.70193e-05
-1.56846e-05
-1.65624e-05
-1.63894e-05
-1.60934e-05
-1.70744e-05
-1.5634e-05
-1.77311e-05
-1.51878e-05
-1.83448e-05
-1.47205e-05
-1.41945e-05
-1.89128e-05
-7.74306e-07
-1.69077e-05
-1.6007e-06
-1.97498e-05
-2.41995e-06
-1.9767e-05
-3.2383e-06
-1.96893e-05
-4.05523e-06
-1.95867e-05
-4.86902e-06
-1.94585e-05
-5.67811e-06
-1.93044e-05
-6.48081e-06
-1.91244e-05
-7.27536e-06
-1.89187e-05
-8.06004e-06
-1.86872e-05
-8.83311e-06
-1.84297e-05
-9.59268e-06
-1.81466e-05
-1.03368e-05
-1.78382e-05
-1.10633e-05
-1.75049e-05
-1.17704e-05
-1.71473e-05
-1.24557e-05
-1.67654e-05
-1.31164e-05
-1.63587e-05
-1.37513e-05
-1.59276e-05
-1.43642e-05
-1.54803e-05
-1.49615e-05
-1.50367e-05
-1.55402e-05
-1.46091e-05
-1.6087e-05
-1.41736e-05
-1.36867e-05
-1.65947e-05
-6.84899e-07
-1.62225e-05
-1.4037e-06
-1.90311e-05
-2.11472e-06
-1.90559e-05
-2.82575e-06
-1.89782e-05
-3.53575e-06
-1.88767e-05
-4.24316e-06
-1.8751e-05
-4.94621e-06
-1.86012e-05
-5.64332e-06
-1.84272e-05
-6.33287e-06
-1.82291e-05
-7.01327e-06
-1.80068e-05
-7.68295e-06
-1.77602e-05
-8.34029e-06
-1.74894e-05
-8.98359e-06
-1.71949e-05
-9.61114e-06
-1.68772e-05
-1.02213e-05
-1.65369e-05
-1.08124e-05
-1.61743e-05
-1.13819e-05
-1.57893e-05
-1.1928e-05
-1.53816e-05
-1.24532e-05
-1.4955e-05
-1.29651e-05
-1.45247e-05
-1.34665e-05
-1.41077e-05
-1.39472e-05
-1.3693e-05
-1.32377e-05
-1.43962e-05
-5.84666e-07
-1.56378e-05
-1.20181e-06
-1.84139e-05
-1.81157e-06
-1.84459e-05
-2.42285e-06
-1.83668e-05
-3.03343e-06
-1.82659e-05
-3.64187e-06
-1.81424e-05
-4.24635e-06
-1.79965e-05
-4.84518e-06
-1.78283e-05
-5.43682e-06
-1.76376e-05
-6.0198e-06
-1.7424e-05
-6.59272e-06
-1.71873e-05
-7.15418e-06
-1.69279e-05
-7.70276e-06
-1.66461e-05
-8.23706e-06
-1.63427e-05
-8.7558e-06
-1.60179e-05
-9.25769e-06
-1.56723e-05
-9.74099e-06
-1.53061e-05
-1.02037e-05
-1.49191e-05
-1.06464e-05
-1.45124e-05
-1.10762e-05
-1.4095e-05
-1.15003e-05
-1.36838e-05
-1.19137e-05
-1.32796e-05
-1.28474e-05
-1.2304e-05
-4.45625e-07
-1.51923e-05
-9.64238e-07
-1.78952e-05
-1.48304e-06
-1.79271e-05
-2.00373e-06
-1.7846e-05
-2.52364e-06
-1.77458e-05
-3.04106e-06
-1.76247e-05
-3.55433e-06
-1.74831e-05
-4.06192e-06
-1.73207e-05
-4.56254e-06
-1.7137e-05
-5.05496e-06
-1.69315e-05
-5.53803e-06
-1.6704e-05
-6.01064e-06
-1.6455e-05
-6.47164e-06
-1.6185e-05
-6.91987e-06
-1.58943e-05
-7.35425e-06
-1.55835e-05
-7.77379e-06
-1.52529e-05
-8.17732e-06
-1.49029e-05
-8.56315e-06
-1.45336e-05
-8.93063e-06
-1.4145e-05
-9.28428e-06
-1.37414e-05
-9.63287e-06
-1.33352e-05
-9.97771e-06
-1.29347e-05
-1.2517e-05
-1.03081e-05
-2.50971e-07
-1.49413e-05
-6.68441e-07
-1.74776e-05
-1.10858e-06
-1.74869e-05
-1.54767e-06
-1.74069e-05
-1.98335e-06
-1.73101e-05
-2.41439e-06
-1.71937e-05
-2.8401e-06
-1.70574e-05
-3.25988e-06
-1.69009e-05
-3.67312e-06
-1.67236e-05
-4.07907e-06
-1.65253e-05
-4.47695e-06
-1.63059e-05
-4.86598e-06
-1.60659e-05
-5.24536e-06
-1.58057e-05
-5.61417e-06
-1.55257e-05
-5.97149e-06
-1.52264e-05
-6.31647e-06
-1.49081e-05
-6.64825e-06
-1.45714e-05
-6.9656e-06
-1.42165e-05
-7.26724e-06
-1.38435e-05
-7.55475e-06
-1.34539e-05
-7.83529e-06
-1.30547e-05
-8.1146e-06
-1.26554e-05
-1.22455e-05
-8.38622e-06
-2.62059e-08
-1.4915e-05
-3.40925e-07
-1.71628e-05
-7.08249e-07
-1.71196e-05
-1.06663e-06
-1.70486e-05
-1.41683e-06
-1.69599e-05
-1.75965e-06
-1.68508e-05
-2.0958e-06
-1.67211e-05
-2.42575e-06
-1.65709e-05
-2.74957e-06
-1.63998e-05
-3.06712e-06
-1.62077e-05
-3.3781e-06
-1.59949e-05
-3.68228e-06
-1.57616e-05
-3.9794e-06
-1.55085e-05
-4.26905e-06
-1.52361e-05
-4.5507e-06
-1.49448e-05
-4.82374e-06
-1.46351e-05
-5.08754e-06
-1.43076e-05
-5.34127e-06
-1.39628e-05
-5.5837e-06
-1.36011e-05
-5.81451e-06
-1.32231e-05
-6.03746e-06
-1.28318e-05
-6.25917e-06
-1.24338e-05
-1.20268e-05
-6.47808e-06
1.71424e-07
-1.50865e-05
-6.14258e-08
-1.69298e-05
-3.47123e-07
-1.68338e-05
-6.19598e-07
-1.67761e-05
-8.81515e-07
-1.6698e-05
-1.13393e-06
-1.65983e-05
-1.37812e-06
-1.64769e-05
-1.61515e-06
-1.63339e-05
-1.84575e-06
-1.61693e-05
-2.07036e-06
-1.5983e-05
-2.28937e-06
-1.57757e-05
-2.50316e-06
-1.55476e-05
-2.71209e-06
-1.52995e-05
-2.91631e-06
-1.50319e-05
-3.11577e-06
-1.47454e-05
-3.31028e-06
-1.44407e-05
-3.49966e-06
-1.41183e-05
-3.68361e-06
-1.37789e-05
-3.86162e-06
-1.34232e-05
-4.03315e-06
-1.30517e-05
-4.19943e-06
-1.26657e-05
-4.36505e-06
-1.22683e-05
-1.18599e-05
-4.53215e-06
2.89352e-07
-1.53757e-05
1.12288e-07
-1.67525e-05
-9.25059e-08
-1.6629e-05
-2.80007e-07
-1.65886e-05
-4.53226e-07
-1.65248e-05
-6.14261e-07
-1.64373e-05
-7.65614e-07
-1.63256e-05
-9.09364e-07
-1.61902e-05
-1.04697e-06
-1.60317e-05
-1.1794e-06
-1.58506e-05
-1.30731e-06
-1.56477e-05
-1.43126e-06
-1.54236e-05
-1.55171e-06
-1.51791e-05
-1.669e-06
-1.49147e-05
-1.78333e-06
-1.46311e-05
-1.89483e-06
-1.43292e-05
-2.00364e-06
-1.40095e-05
-2.10991e-06
-1.36727e-05
-2.21369e-06
-1.33194e-05
-2.31505e-06
-1.29504e-05
-2.41451e-06
-1.25663e-05
-2.51458e-06
-1.21683e-05
-1.17561e-05
-2.61838e-06
2.81236e-07
1.1915e-07
1.03052e-08
-7.04779e-08
-1.38114e-07
-1.96873e-07
-2.49967e-07
-2.99252e-07
-3.45762e-07
-3.90028e-07
-4.32324e-07
-4.72868e-07
-5.11879e-07
-5.4954e-07
-5.85935e-07
-6.21097e-07
-6.55089e-07
-6.8803e-07
-7.20053e-07
-7.51323e-07
-7.82152e-07
-8.1336e-07
-8.46086e-07
0.000126938
2.9434e-07
0.00016177
-3.48319e-05
0.000195967
-3.41969e-05
-4.8356e-05
0.000244323
0.000166765
-2.61424e-05
0.000190372
-5.8439e-05
0.000221273
-6.50978e-05
-7.73369e-05
0.000250254
0.000166248
-5.42469e-05
0.00018581
-7.80005e-05
0.000211108
-9.03955e-05
-0.000102561
0.000236332
0.000160028
-8.17613e-05
0.000181722
-9.96954e-05
0.000206198
-0.000114871
-0.000122933
0.00022657
0.000156762
-0.000109819
0.000177491
-0.000120424
0.000196515
-0.000133895
-0.000129978
0.00020356
0.000151844
-0.000136001
0.000164909
-0.000133489
0.000177428
-0.000146413
-0.000115374
0.000162824
0.000146719
-0.000162141
0.000138537
-0.000125306
0.000142312
-0.000150188
-0.000136333
0.000163271
0.000109866
-0.000163349
0.000136944
-0.000152384
0.000142518
-0.000155762
-0.000135476
0.000141661
0.000112105
-0.00017741
0.000126118
-0.000166397
0.000108577
-0.000138221
-9.45252e-05
6.76264e-05
0.000101934
-0.000185508
9.48888e-05
-0.000159352
4.59151e-05
-8.92477e-05
-3.88888e-05
-9.72133e-06
7.57613e-05
-0.000180131
5.78055e-05
-0.000141396
-1.05749e-06
-3.03845e-05
3.60104e-07
-4.03066e-05
4.80975e-05
-0.000173276
3.11834e-05
-0.000124482
-2.05806e-05
2.13798e-05
2.51745e-05
-4.53951e-05
3.22839e-05
-0.000172735
1.42884e-05
-0.000106486
-2.95213e-05
6.51896e-05
4.31315e-05
-4.74784e-05
1.73485e-05
-0.000171274
-9.76126e-06
-7.93763e-05
-4.28474e-05
9.82757e-05
5.1053e-05
-5.0769e-05
-1.03115e-05
-0.000163799
-4.33036e-05
-4.63841e-05
-5.71319e-05
0.000112104
5.0122e-05
-5.62007e-05
-5.21879e-05
-0.000145201
-8.2722e-05
-1.58498e-05
-7.32115e-05
0.000102593
3.95663e-05
-6.26556e-05
-9.97345e-05
-0.000119676
-0.000112654
-2.92995e-06
-8.44122e-05
7.43509e-05
2.30369e-05
-6.78826e-05
-0.000126046
-0.000100596
-0.000120793
-8.18292e-06
-8.68626e-05
4.04209e-05
6.56299e-06
-7.03886e-05
-0.00012764
-8.96138e-05
-0.000114823
-2.09995e-05
-8.2556e-05
8.15412e-06
-5.62137e-06
-7.03718e-05
-0.000111536
-8.2065e-05
-9.8585e-05
-3.39501e-05
-7.56477e-05
-1.47828e-05
-1.28738e-05
-6.83955e-05
-9.0581e-05
-7.66961e-05
-8.16155e-05
-4.29157e-05
-6.89211e-05
-2.74768e-05
-1.65729e-05
-6.52223e-05
-7.36337e-05
-7.25805e-05
-6.89929e-05
-4.75565e-05
-6.34847e-05
-3.29847e-05
-1.86536e-05
-6.14043e-05
-6.24484e-05
-6.90239e-05
-6.0868e-05
-4.91368e-05
-5.88921e-05
-3.49606e-05
-2.02615e-05
-5.72844e-05
-5.50308e-05
-6.58027e-05
-5.50095e-05
-4.9158e-05
-5.44619e-05
-3.55084e-05
-2.16327e-05
-5.30908e-05
-4.92547e-05
-6.27947e-05
-4.99846e-05
-4.84279e-05
-5.00083e-05
-3.5485e-05
-2.26186e-05
-4.90224e-05
-4.42231e-05
-5.98875e-05
-4.54267e-05
-4.72242e-05
-4.57729e-05
-3.5139e-05
-2.32059e-05
-4.51852e-05
-3.97943e-05
-5.71333e-05
-4.12491e-05
-4.57693e-05
-4.18232e-05
-3.4565e-05
-2.34686e-05
-4.15602e-05
-3.58497e-05
-5.45552e-05
-3.74003e-05
-4.42186e-05
-3.81309e-05
-3.38344e-05
-2.34767e-05
-3.81228e-05
-3.22863e-05
-5.21602e-05
-3.38434e-05
-4.26615e-05
-3.4669e-05
-3.30088e-05
-2.32949e-05
-3.48508e-05
-2.90271e-05
-4.99514e-05
-3.05413e-05
-4.11471e-05
-3.14186e-05
-3.21314e-05
-2.29814e-05
-3.17322e-05
-2.6017e-05
-4.79279e-05
-2.74591e-05
-3.97048e-05
-2.83536e-05
-3.12367e-05
-2.25824e-05
-2.87526e-05
-2.32125e-05
-4.60855e-05
-2.45652e-05
-3.83519e-05
-2.54492e-05
-3.03528e-05
-2.21318e-05
-2.58998e-05
-2.05789e-05
-4.44196e-05
-2.18302e-05
-3.71006e-05
-2.26827e-05
-2.95005e-05
-2.1656e-05
-2.31585e-05
-1.80895e-05
-4.29252e-05
-1.92316e-05
-3.59587e-05
-2.00361e-05
-2.86961e-05
-2.1175e-05
-2.05171e-05
-1.57229e-05
-4.15989e-05
-1.6749e-05
-3.49325e-05
-1.74917e-05
-2.79534e-05
-2.07043e-05
-1.79623e-05
-1.346e-05
-4.04429e-05
-1.43635e-05
-3.40288e-05
-1.50338e-05
-2.7283e-05
-2.02569e-05
-1.54809e-05
-1.12872e-05
-3.94637e-05
-1.20594e-05
-3.32566e-05
-1.26465e-05
-2.66959e-05
-1.98446e-05
-1.30586e-05
-9.19419e-06
-3.86558e-05
-9.82854e-06
-3.26224e-05
-1.03182e-05
-2.62063e-05
-1.94809e-05
-1.06819e-05
-7.14022e-06
-3.79938e-05
-7.65006e-06
-3.21128e-05
-8.03913e-06
-2.58173e-05
-1.91806e-05
-8.33955e-06
-5.05247e-06
-3.74735e-05
-5.46119e-06
-3.17043e-05
-5.77314e-06
-2.55053e-05
-1.89389e-05
-6.01486e-06
-2.94974e-06
-3.7142e-05
-3.23036e-06
-3.14236e-05
-3.46461e-06
-2.52709e-05
-1.87419e-05
-3.66149e-06
-9.49891e-07
-1.04351e-06
-1.13552e-06
-1.23609e-06
0.000266192
-7.29757e-05
0.000287308
-0.000100831
0.00030272
-0.000124871
0.000314672
-0.00014833
0.000323831
-0.000169535
0.000327426
-0.000184394
0.000318087
-0.000182057
0.000286053
-0.000153301
0.000236185
-9.99406e-05
0.000160808
-1.51956e-05
0.00013012
-4.62775e-06
0.000131468
-1.51134e-05
0.000132977
-6.22726e-06
0.000122434
1.11713e-05
0.000120824
9.61026e-06
0.0001146
8.42891e-05
7.46695e-05
0.000278427
5.78747e-05
0.000441867
0.000696358
0.000265685
-8.84073e-05
0.000278714
-0.000113859
0.00029155
-0.000137706
0.000299331
-0.000156112
0.00029823
-0.000168433
0.000280411
-0.000166575
0.000241076
-0.000142722
0.000174019
-8.62439e-05
0.000130274
-5.61956e-05
0.000116216
-1.13779e-06
0.000106975
4.61317e-06
8.66301e-05
5.23132e-06
6.69274e-05
1.34758e-05
6.44433e-05
1.36558e-05
7.57413e-05
-1.68745e-06
7.09058e-05
8.91243e-05
1.91165e-05
0.000330216
2.06105e-05
0.000440373
0.000716968
0.000253182
-0.000105258
0.000264639
-0.000125316
0.000271339
-0.000144406
0.000262352
-0.000147125
0.000239629
-0.00014571
0.000184346
-0.000111292
0.000137954
-9.63298e-05
0.000112387
-6.06773e-05
8.45724e-05
-2.83809e-05
7.28145e-05
1.06203e-05
5.23673e-05
2.50602e-05
3.72549e-05
2.03433e-05
4.1004e-05
9.72669e-06
6.22144e-05
-7.55442e-06
8.2589e-05
-2.2062e-05
9.05955e-05
8.1118e-05
5.36577e-05
0.000367154
2.9313e-06
0.0004911
0.0007199
0.000238465
-0.000117153
0.000237479
-0.00012433
0.000231008
-0.000137935
0.000190465
-0.000106583
0.000154591
-0.000109836
0.000133909
-9.06101e-05
0.000107288
-6.97085e-05
7.90923e-05
-3.24819e-05
4.32728e-05
7.43836e-06
2.06559e-05
3.32375e-05
1.50478e-05
3.06684e-05
2.17455e-05
1.36454e-05
4.01779e-05
-8.70611e-06
7.28621e-05
-4.02389e-05
0.000104415
-5.36152e-05
0.000118299
6.72339e-05
7.82708e-05
0.000407182
6.21937e-08
0.000569308
0.000719962
0.000208302
-0.000121895
0.000182158
-9.81859e-05
0.000160794
-0.000116571
0.000156867
-0.000102656
0.000136611
-8.95799e-05
0.000113924
-6.79229e-05
7.25146e-05
-2.82991e-05
2.7372e-05
1.26605e-05
-2.33302e-06
3.71431e-05
-7.72818e-06
3.86323e-05
7.96383e-07
2.21441e-05
1.64769e-05
-2.03496e-06
3.94256e-05
-3.16551e-05
7.77439e-05
-7.85572e-05
0.000120624
-9.64954e-05
0.000147169
4.06885e-05
0.000121332
0.000433019
2.41396e-05
0.000666501
0.000744101
0.000156753
-0.000115825
0.000169446
-0.000110878
0.000160891
-0.000108017
0.000147493
-8.9258e-05
0.00011283
-5.49169e-05
6.33514e-05
-1.84439e-05
1.4181e-05
2.08714e-05
-1.70823e-05
4.39241e-05
-2.58237e-05
4.58842e-05
-1.91606e-05
3.19688e-05
-7.05248e-06
1.00362e-05
8.41033e-06
-1.7498e-05
3.08025e-05
-5.40471e-05
6.89197e-05
-0.000116675
0.000119505
-0.00014708
0.000159065
1.12823e-06
0.000146857
0.000445227
1.93922e-05
0.000793966
0.000763493
0.000162528
-0.000115081
0.000156758
-0.000105108
0.000129104
-8.03628e-05
8.4563e-05
-4.4717e-05
3.67889e-05
-7.14269e-06
-7.18979e-06
2.55347e-05
-3.22362e-05
4.59179e-05
-3.98858e-05
5.15742e-05
-3.52172e-05
4.12155e-05
-2.61528e-05
2.29044e-05
-1.69979e-05
8.81564e-07
-6.41431e-06
-2.80821e-05
1.27704e-05
-7.32318e-05
4.19964e-05
-0.000145901
8.18471e-05
-0.000186931
0.000124223
-4.12477e-05
9.90244e-05
0.000470425
-2.67073e-05
0.000919698
0.000736786
0.000117791
-9.12112e-05
7.79775e-05
-6.52946e-05
3.33733e-05
-3.57587e-05
-7.329e-06
-4.01429e-06
-3.49193e-05
2.04478e-05
-4.99276e-05
4.05427e-05
-5.38826e-05
4.98728e-05
-4.85809e-05
4.62726e-05
-4.05578e-05
3.31922e-05
-3.40742e-05
1.64208e-05
-2.94091e-05
-3.78408e-06
-2.49317e-05
-3.25595e-05
-1.86927e-05
-7.94711e-05
-1.02083e-05
-0.000154385
7.51334e-06
-0.000204652
2.51097e-05
-5.88442e-05
2.09413e-06
0.000493441
-4.95463e-05
0.000971338
0.00068724
2.30855e-05
-4.66699e-05
-1.52586e-05
-2.69504e-05
-4.29546e-05
-8.06245e-06
-5.79253e-05
1.09567e-05
-6.6196e-05
2.87187e-05
-6.63286e-05
4.06754e-05
-6.02047e-05
4.3749e-05
-5.20254e-05
3.80933e-05
-4.60355e-05
2.72024e-05
-4.30906e-05
1.34762e-05
-4.25194e-05
-4.35531e-06
-4.46411e-05
-3.04378e-05
-5.1651e-05
-7.24612e-05
-6.46186e-05
-0.000141417
-7.28505e-05
-0.000196421
-0.000100269
-3.14255e-05
-0.000105427
0.000498599
-5.262e-05
0.000918531
0.00063462
-3.98247e-05
-1.65664e-05
-5.70683e-05
-9.70666e-06
-6.86637e-05
3.53331e-06
-7.45644e-05
1.68575e-05
-7.39217e-05
2.80761e-05
-6.83854e-05
3.51393e-05
-6.09015e-05
3.62651e-05
-5.47932e-05
3.19849e-05
-5.17624e-05
2.41713e-05
-5.16934e-05
1.34065e-05
-5.45959e-05
-1.45293e-06
-6.2518e-05
-2.25157e-05
-8.02582e-05
-5.4721e-05
-0.000114232
-0.000107443
-0.000162519
-0.000148134
-0.000197388
3.44331e-06
-0.000163878
0.000465088
-5.06613e-05
0.000805315
0.000583958
-5.50183e-05
-1.85456e-06
-6.69529e-05
2.22806e-06
-7.32805e-05
9.86115e-06
-7.42917e-05
1.78686e-05
-7.1351e-05
2.51354e-05
-6.61419e-05
2.99302e-05
-6.09583e-05
3.10814e-05
-5.76205e-05
2.8647e-05
-5.68007e-05
2.33516e-05
-5.87419e-05
1.53479e-05
-6.43937e-05
4.19876e-06
-7.62016e-05
-1.07082e-05
-9.95807e-05
-3.13417e-05
-0.000144999
-6.20251e-05
-0.000214142
-7.89912e-05
-0.000251583
4.08839e-05
-0.00018045
0.000393956
-5.81965e-05
0.000683061
0.000525762
-5.77207e-05
1.04711e-05
-6.54572e-05
9.96458e-06
-6.89597e-05
1.33639e-05
-6.91728e-05
1.80817e-05
-6.71555e-05
2.31182e-05
-6.40879e-05
2.68626e-05
-6.13427e-05
2.83367e-05
-5.99715e-05
2.72759e-05
-6.05977e-05
2.39774e-05
-6.39088e-05
1.86586e-05
-7.11762e-05
1.1466e-05
-8.46301e-05
2.74578e-06
-0.00010869
-7.2823e-06
-0.000152687
-1.80276e-05
-0.000220625
-1.10537e-05
-0.00026377
8.40289e-05
-0.000196372
0.000326557
-7.24324e-05
0.000559122
0.00045333
-5.60709e-05
1.90639e-05
-6.1673e-05
1.55665e-05
-6.42823e-05
1.59733e-05
-6.49659e-05
1.87653e-05
-6.42522e-05
2.24046e-05
-6.28643e-05
2.54743e-05
-6.16708e-05
2.71429e-05
-6.14898e-05
2.70944e-05
-6.30314e-05
2.55189e-05
-6.7113e-05
2.27402e-05
-7.49113e-05
1.92642e-05
-8.81932e-05
1.60272e-05
-0.000109934
1.44582e-05
-0.000145721
1.77601e-05
-0.000197756
4.09816e-05
-0.000236314
0.000122586
-0.000198143
0.000288386
-8.7797e-05
0.000448776
0.000365533
-5.59704e-05
2.42653e-05
-5.97209e-05
1.93169e-05
-6.17237e-05
1.79761e-05
-6.26075e-05
1.96492e-05
-6.25246e-05
2.23216e-05
-6.19911e-05
2.49408e-05
-6.16352e-05
2.67873e-05
-6.21502e-05
2.76094e-05
-6.42018e-05
2.75704e-05
-6.85211e-05
2.70595e-05
-7.60261e-05
2.67693e-05
-8.79098e-05
2.79108e-05
-0.000105846
3.2394e-05
-0.000132038
4.39516e-05
-0.000164715
7.36586e-05
-0.000185421
0.000143293
-0.000158119
0.000261085
-7.49527e-05
0.000365609
0.00029058
-5.80585e-05
2.61231e-05
-5.97061e-05
2.09647e-05
-6.07752e-05
1.90453e-05
-6.13152e-05
2.01896e-05
-6.13031e-05
2.23097e-05
-6.11049e-05
2.47427e-05
-6.11748e-05
2.68572e-05
-6.20559e-05
2.84905e-05
-6.42828e-05
2.9797e-05
-6.84203e-05
3.1197e-05
-7.50966e-05
3.34455e-05
-8.49808e-05
3.7795e-05
-9.87442e-05
4.61572e-05
-0.000116563
6.17707e-05
-0.000134742
9.1837e-05
-0.000139812
0.000148364
-0.000112048
0.00023332
-5.04153e-05
0.000303977
0.000240165
-6.10876e-05
2.45549e-05
-6.05237e-05
2.04011e-05
-6.04599e-05
1.89814e-05
-6.03815e-05
2.01113e-05
-6.01923e-05
2.21207e-05
-6.00724e-05
2.46228e-05
-6.03216e-05
2.71065e-05
-6.13237e-05
2.94924e-05
-6.34651e-05
3.19386e-05
-6.7136e-05
3.48678e-05
-7.27041e-05
3.90133e-05
-8.04327e-05
4.55234e-05
-9.03282e-05
5.60527e-05
-0.000101598
7.30401e-05
-0.00011049
0.00010073
-0.00010738
0.000145254
-8.0701e-05
0.000206641
-3.35683e-05
0.000256845
0.000206597
-6.36772e-05
2.03492e-05
-6.12671e-05
1.79913e-05
-6.01598e-05
1.78739e-05
-5.94639e-05
1.94155e-05
-5.90274e-05
2.16844e-05
-5.88544e-05
2.44496e-05
-5.91178e-05
2.73704e-05
-6.00609e-05
3.04352e-05
-6.1937e-05
3.38144e-05
-6.49805e-05
3.79114e-05
-6.93519e-05
4.33846e-05
-7.50346e-05
5.12055e-05
-8.16602e-05
6.26778e-05
-8.80865e-05
7.94664e-05
-9.12061e-05
0.000103849
-8.46012e-05
0.000138649
-6.13714e-05
0.000183411
-2.50245e-05
0.000220498
0.000181572
-6.49847e-05
1.49451e-05
-6.14432e-05
1.44501e-05
-5.95785e-05
1.6009e-05
-5.84046e-05
1.82417e-05
-5.77251e-05
2.1005e-05
-5.74315e-05
2.41557e-05
-5.76019e-05
2.75407e-05
-5.83676e-05
3.12009e-05
-5.98729e-05
3.53194e-05
-6.22262e-05
4.02642e-05
-6.54375e-05
4.65959e-05
-6.93194e-05
5.50871e-05
-7.33353e-05
6.66933e-05
-7.63227e-05
8.24538e-05
-7.5908e-05
0.000103435
-6.79805e-05
0.000130721
-4.84826e-05
0.000163913
-2.01328e-05
0.000192148
0.000161439
-6.47849e-05
9.35813e-06
-6.0862e-05
1.05274e-05
-5.8584e-05
1.37309e-05
-5.7111e-05
1.67688e-05
-5.62302e-05
2.01242e-05
-5.57933e-05
2.37187e-05
-5.58115e-05
2.75587e-05
-5.63357e-05
3.17249e-05
-5.7425e-05
3.64089e-05
-5.90945e-05
4.19334e-05
-6.12553e-05
4.87563e-05
-6.36311e-05
5.7463e-05
-6.56468e-05
6.87089e-05
-6.62698e-05
8.30769e-05
-6.37608e-05
0.000100926
-5.55256e-05
0.000122486
-3.92004e-05
0.000147588
-1.66894e-05
0.000169637
0.00014475
-6.32241e-05
4.18664e-06
-5.95293e-05
6.83269e-06
-5.71359e-05
1.13374e-05
-5.55339e-05
1.51672e-05
-5.45135e-05
1.91035e-05
-5.39415e-05
2.31469e-05
-5.37863e-05
2.74035e-05
-5.40463e-05
3.19846e-05
-5.47191e-05
3.70818e-05
-5.57559e-05
4.29703e-05
-5.70103e-05
5.00105e-05
-5.81745e-05
5.8627e-05
-5.87057e-05
6.924e-05
-5.77504e-05
8.21216e-05
-5.40666e-05
9.72421e-05
-4.60278e-05
0.000114447
-3.22526e-05
0.000133813
-1.40435e-05
0.000151428
0.000130706
-6.07211e-05
-3.14397e-07
-5.7553e-05
3.66455e-06
-5.52678e-05
9.05224e-06
-5.36669e-05
1.35666e-05
-5.25734e-05
1.80098e-05
-5.18919e-05
2.24654e-05
-5.15682e-05
2.708e-05
-5.15701e-05
3.19867e-05
-5.18552e-05
3.73668e-05
-5.23354e-05
4.34505e-05
-5.28376e-05
5.05127e-05
-5.3058e-05
5.88473e-05
-5.25195e-05
6.87014e-05
-5.05462e-05
8.01483e-05
-4.62669e-05
9.29631e-05
-3.86666e-05
0.000106847
-2.69305e-05
0.000122077
-1.19422e-05
0.00013644
0.000118764
-5.76844e-05
-4.03395e-06
-5.50924e-05
1.07254e-06
-5.30556e-05
7.01568e-06
-5.15363e-05
1.20475e-05
-5.043e-05
1.69035e-05
-4.96702e-05
2.17056e-05
-4.91986e-05
2.66084e-05
-4.89672e-05
3.17554e-05
-4.89106e-05
3.73102e-05
-4.89211e-05
4.34607e-05
-4.88199e-05
5.04112e-05
-4.83272e-05
5.83547e-05
-4.70419e-05
6.74161e-05
-4.44434e-05
7.75501e-05
-3.99289e-05
8.84489e-05
-3.28676e-05
9.97859e-05
-2.27721e-05
0.000111982
-1.02386e-05
0.000123907
0.000108526
-5.43733e-05
-6.94463e-06
-5.23283e-05
-9.72714e-07
-5.05824e-05
5.2701e-06
-4.91904e-05
1.06554e-05
-4.81163e-05
1.58294e-05
-4.73086e-05
2.08979e-05
-4.6717e-05
2.60169e-05
-4.62874e-05
3.13255e-05
-4.59436e-05
3.69665e-05
-4.55725e-05
4.30896e-05
-4.5003e-05
4.98416e-05
-4.39889e-05
5.73407e-05
-4.22027e-05
6.56303e-05
-3.92516e-05
7.45992e-05
-3.47227e-05
8.392e-05
-2.8226e-05
9.32893e-05
-1.94641e-05
0.00010322
-8.83741e-06
0.00011328
9.96881e-05
-5.09869e-05
-9.04816e-06
-4.93932e-05
-2.5668e-06
-4.79248e-05
3.80189e-06
-4.6686e-05
9.41646e-06
-4.56704e-05
1.48138e-05
-4.48416e-05
2.00689e-05
-4.41601e-05
2.53356e-05
-4.35708e-05
3.07361e-05
-4.29966e-05
3.63923e-05
-4.23273e-05
4.24204e-05
-4.14074e-05
4.89217e-05
-4.00273e-05
5.59607e-05
-3.79251e-05
6.35283e-05
-3.48085e-05
7.14827e-05
-3.03978e-05
7.95093e-05
-2.4454e-05
8.73455e-05
-1.67897e-05
9.55554e-05
-7.67227e-06
0.000104163
9.20157e-05
-4.76098e-05
-1.04605e-05
-4.63818e-05
-3.79508e-06
-4.5156e-05
2.57626e-06
-4.40759e-05
8.33614e-06
-4.31312e-05
1.38692e-05
-4.23033e-05
1.9241e-05
-4.156e-05
2.45925e-05
-4.08496e-05
3.00258e-05
-4.00994e-05
3.56421e-05
-3.92074e-05
4.15286e-05
-3.80374e-05
4.77516e-05
-3.64148e-05
5.43379e-05
-3.41337e-05
6.12472e-05
-3.09792e-05
6.83282e-05
-2.67639e-05
7.52939e-05
-2.13439e-05
8.19256e-05
-1.45952e-05
8.88067e-05
-6.69424e-06
9.62614e-05
8.53213e-05
-4.42658e-05
-1.13798e-05
-4.33292e-05
-4.73168e-06
-4.23322e-05
1.57936e-06
-4.14023e-05
7.40627e-06
-4.05344e-05
1.30015e-05
-3.97242e-05
1.84309e-05
-3.89445e-05
2.38127e-05
-3.8149e-05
2.92306e-05
-3.72722e-05
3.47652e-05
-3.62235e-05
4.04799e-05
-3.48863e-05
4.64142e-05
-3.31181e-05
5.25695e-05
-3.07591e-05
5.88881e-05
-2.76528e-05
6.5222e-05
-2.36758e-05
7.1317e-05
-1.87438e-05
7.69936e-05
-1.27695e-05
8.28324e-05
-5.8659e-06
8.93575e-05
7.94552e-05
-4.09876e-05
-1.19523e-05
-4.02848e-05
-5.43431e-06
-3.94919e-05
7.86369e-07
-3.86984e-05
6.61305e-06
-3.79103e-05
1.22132e-05
-3.71302e-05
1.76511e-05
-3.63361e-05
2.30184e-05
-3.5488e-05
2.83827e-05
-3.45282e-05
3.38054e-05
-3.33789e-05
3.93303e-05
-3.1942e-05
4.49773e-05
-3.01032e-05
5.07307e-05
-2.77399e-05
5.65247e-05
-2.47392e-05
6.22213e-05
-2.10219e-05
6.75996e-05
-1.6541e-05
7.25127e-05
-1.12306e-05
7.75218e-05
-5.15809e-06
8.32847e-05
7.42969e-05
-3.77927e-05
-1.22824e-05
-3.72865e-05
-5.94022e-06
-3.66632e-05
1.62789e-07
-3.59913e-05
5.94158e-06
-3.5283e-05
1.15045e-05
-3.45425e-05
1.6911e-05
-3.37529e-05
2.22285e-05
-3.28802e-05
2.75102e-05
-3.18751e-05
3.28003e-05
-3.06717e-05
3.81268e-05
-2.91896e-05
4.34951e-05
-2.73377e-05
4.88789e-05
-2.50232e-05
5.42101e-05
-2.21657e-05
5.93638e-05
-1.87161e-05
6.41501e-05
-1.46512e-05
6.84477e-05
-9.91691e-06
7.27873e-05
-4.54782e-06
7.79153e-05
6.9749e-05
-3.46946e-05
-1.24386e-05
-3.43541e-05
-6.2804e-06
-3.38669e-05
-3.24606e-07
-3.33024e-05
5.37759e-06
-3.26712e-05
1.08732e-05
-3.19777e-05
1.62177e-05
-3.12083e-05
2.14593e-05
-3.03352e-05
2.66372e-05
-2.93163e-05
3.17817e-05
-2.80973e-05
3.69078e-05
-2.66129e-05
4.20106e-05
-2.47917e-05
4.70576e-05
-2.2564e-05
5.19823e-05
-1.98734e-05
5.66732e-05
-1.66917e-05
6.09683e-05
-1.30102e-05
6.47662e-05
-8.78197e-06
6.85589e-05
-4.01692e-06
7.315e-05
6.5732e-05
-3.17021e-05
-1.24684e-05
-3.14866e-05
-6.49551e-06
-3.11175e-05
-6.9363e-07
-3.06475e-05
4.90801e-06
-3.009e-05
1.03157e-05
-2.94487e-05
1.55766e-05
-2.87126e-05
2.07236e-05
-2.78589e-05
2.57836e-05
-2.68525e-05
3.07754e-05
-2.56489e-05
3.57042e-05
-2.41959e-05
4.05575e-05
-2.24383e-05
4.52998e-05
-2.0324e-05
4.9868e-05
-1.78148e-05
5.4164e-05
-1.48961e-05
5.80497e-05
-1.15687e-05
6.14389e-05
-7.79007e-06
6.47802e-05
-3.55084e-06
6.89107e-05
6.21812e-05
-2.88148e-05
-1.24058e-05
-2.86963e-05
-6.61377e-06
-2.84234e-05
-9.66213e-07
-2.80372e-05
4.52191e-06
-2.75499e-05
9.82861e-06
-2.6965e-05
1.49916e-05
-2.6273e-05
2.00318e-05
-2.54551e-05
2.49657e-05
-2.44825e-05
2.98027e-05
-2.33189e-05
3.45405e-05
-2.19234e-05
3.91617e-05
-2.02534e-05
4.36297e-05
-1.82711e-05
4.78856e-05
-1.59509e-05
5.18438e-05
-1.3288e-05
5.53868e-05
-1.02888e-05
5.84397e-05
-6.9136e-06
6.14051e-05
-3.13785e-06
6.51349e-05
5.90433e-05
-2.6025e-05
-1.22803e-05
-2.59838e-05
-6.65494e-06
-2.57889e-05
-1.16076e-06
-2.54783e-05
4.21104e-06
-2.50588e-05
9.40919e-06
-2.45334e-05
1.44661e-05
-2.38942e-05
1.93927e-05
-2.31254e-05
2.41968e-05
-2.22033e-05
2.88806e-05
-2.10992e-05
3.34362e-05
-1.97808e-05
3.78432e-05
-1.82162e-05
4.2065e-05
-1.63781e-05
4.60476e-05
-1.42504e-05
4.97163e-05
-1.18346e-05
5.29711e-05
-9.14048e-06
5.57457e-05
-6.13092e-06
5.83955e-05
-2.76841e-06
6.17724e-05
5.6275e-05
-2.33278e-05
-1.21108e-05
-2.33476e-05
-6.63517e-06
-2.32183e-05
-1.2898e-06
-2.2975e-05
3.96745e-06
-2.2621e-05
9.05532e-06
-2.2158e-05
1.4003e-05
-2.15786e-05
1.88134e-05
-2.08695e-05
2.34876e-05
-2.00114e-05
2.80224e-05
-1.89814e-05
3.24063e-05
-1.77549e-05
3.66166e-05
-1.63082e-05
4.06182e-05
-1.46221e-05
4.43616e-05
-1.26873e-05
4.77816e-05
-1.05094e-05
5.07933e-05
-8.10035e-06
5.33366e-05
-5.42496e-06
5.57201e-05
-2.43476e-06
5.87823e-05
5.38403e-05
-2.07166e-05
-1.1911e-05
-2.07763e-05
-6.57544e-06
-2.07122e-05
-1.35358e-06
-2.05287e-05
3.78376e-06
-2.02389e-05
8.76573e-06
-1.98408e-05
1.3605e-05
-1.9327e-05
1.82997e-05
-1.86859e-05
2.28466e-05
-1.79021e-05
2.72386e-05
-1.69576e-05
3.14617e-05
-1.58337e-05
3.54927e-05
-1.45134e-05
3.92978e-05
-1.29838e-05
4.2832e-05
-1.12404e-05
4.60383e-05
-9.29133e-06
4.88442e-05
-7.14957e-06
5.11949e-05
-4.78213e-06
5.33528e-05
-2.13064e-06
5.61309e-05
5.17097e-05
-1.81798e-05
-1.16931e-05
-1.82751e-05
-6.47994e-06
-1.82596e-05
-1.36892e-06
-1.81372e-05
3.6614e-06
-1.79123e-05
8.54112e-06
-1.75819e-05
1.32747e-05
-1.71385e-05
1.78565e-05
-1.65722e-05
2.22804e-05
-1.58705e-05
2.6537e-05
-1.50198e-05
3.06109e-05
-1.40062e-05
3.44791e-05
-1.28178e-05
3.81094e-05
-1.14468e-05
4.1461e-05
-9.89198e-06
4.44836e-05
-8.16286e-06
4.71151e-05
-6.27297e-06
4.9305e-05
-4.19151e-06
5.12714e-05
-1.85094e-06
5.37905e-05
4.98589e-05
-1.57067e-05
-1.14671e-05
-1.58303e-05
-6.35612e-06
-1.58614e-05
-1.3378e-06
-1.57985e-05
3.59858e-06
-1.56399e-05
8.3827e-06
-1.53801e-05
1.3015e-05
-1.50114e-05
1.74879e-05
-1.45251e-05
2.17942e-05
-1.39114e-05
2.59234e-05
-1.31604e-05
2.98598e-05
-1.22622e-05
3.35808e-05
-1.12091e-05
3.70563e-05
-9.99696e-06
4.02489e-05
-8.62716e-06
4.31139e-05
-7.1097e-06
4.55977e-05
-5.45819e-06
4.76536e-05
-3.64425e-06
4.94576e-05
-1.5916e-06
5.1738e-05
4.82674e-05
-1.32864e-05
-1.12393e-05
-1.34334e-05
-6.20913e-06
-1.35103e-05
-1.26106e-06
-1.35088e-05
3.59704e-06
-1.34191e-05
8.29298e-06
-1.32331e-05
1.2829e-05
-1.29428e-05
1.71976e-05
-1.25406e-05
2.1392e-05
-1.20193e-05
2.5402e-05
-1.1372e-05
2.92124e-05
-1.05924e-05
3.28012e-05
-9.6763e-06
3.61402e-05
-8.6222e-06
3.91949e-05
-7.43337e-06
4.19252e-05
-6.11988e-06
4.42843e-05
-4.69501e-06
4.62288e-05
-3.13306e-06
4.78958e-05
-1.34939e-06
4.99545e-05
4.69181e-05
-1.09019e-05
-1.10195e-05
-1.10702e-05
-6.04101e-06
-1.1202e-05
-1.12959e-06
-1.12636e-05
3.65859e-06
-1.12467e-05
8.27596e-06
-1.11383e-05
1.27205e-05
-1.09295e-05
1.69889e-05
-1.06146e-05
2.1077e-05
-1.01885e-05
2.4976e-05
-9.64748e-06
2.86713e-05
-8.98826e-06
3.2142e-05
-8.20935e-06
3.53614e-05
-7.31166e-06
3.82973e-05
-6.29964e-06
4.09133e-05
-5.18309e-06
4.31679e-05
-3.97471e-06
4.50206e-05
-2.65179e-06
4.6573e-05
-1.12195e-06
4.84248e-05
4.57962e-05
-8.54266e-06
-1.08167e-05
-8.73462e-06
-5.84923e-06
-8.92165e-06
-9.42817e-07
-9.05737e-06
3.79422e-06
-9.11985e-06
8.33838e-06
-9.09321e-06
1.26939e-05
-8.96923e-06
1.68651e-05
-8.74386e-06
2.08518e-05
-8.41501e-06
2.46472e-05
-7.98158e-06
2.82378e-05
-7.44324e-06
3.16037e-05
-6.80092e-06
3.47191e-05
-6.05734e-06
3.75538e-05
-5.21779e-06
4.00737e-05
-4.29166e-06
4.22418e-05
-3.2908e-06
4.40198e-05
-2.19581e-06
4.54781e-05
-9.07901e-07
4.71371e-05
4.48884e-05
-6.1917e-06
-1.064e-05
-6.4048e-06
-5.63618e-06
-6.66377e-06
-6.83933e-07
-6.8837e-06
4.01416e-06
-7.03096e-06
8.48573e-06
-7.08765e-06
1.27508e-05
-7.04803e-06
1.68256e-05
-6.9114e-06
2.07152e-05
-6.67898e-06
2.44148e-05
-6.35263e-06
2.79115e-05
-5.93469e-06
3.11858e-05
-5.42813e-06
3.42126e-05
-4.83709e-06
3.69627e-05
-4.16738e-06
3.94041e-05
-3.42778e-06
4.15022e-05
-2.62899e-06
4.32211e-05
-1.75493e-06
4.46042e-05
-7.05551e-07
4.60878e-05
4.41829e-05
-3.81963e-06
-1.04819e-05
-4.06191e-06
-5.39385e-06
-4.43798e-06
-3.07835e-07
-4.78918e-06
4.36546e-06
-5.05633e-06
8.75302e-06
-5.22067e-06
1.29153e-05
-5.28078e-06
1.68858e-05
-5.2409e-06
2.06754e-05
-5.10691e-06
2.42808e-05
-4.88477e-06
2.76893e-05
-4.58021e-06
3.08812e-05
-4.19886e-06
3.38312e-05
-3.74663e-06
3.65105e-05
-3.23013e-06
3.88876e-05
-2.65801e-06
4.09301e-05
-2.04086e-06
4.2604e-05
-1.36243e-06
4.39258e-05
-5.29477e-07
4.5255e-05
4.36534e-05
-1.34096e-06
-1.52026e-06
-1.78425e-06
-2.08396e-06
-2.34762e-06
-2.55166e-06
-2.68629e-06
-2.74939e-06
-2.7429e-06
-2.67081e-06
-2.53801e-06
-2.34983e-06
-2.11188e-06
-1.8301e-06
-1.51138e-06
-1.16483e-06
-7.7605e-07
-2.98635e-07
)
;

boundaryField
{
    leftWall
    {
        type            calculated;
        value           uniform 0;
    }
    rightWall
    {
        type            calculated;
        value           uniform 0;
    }
    lowerWall
    {
        type            calculated;
        value           uniform 0;
    }
    atmosphere
    {
        type            calculated;
        value           nonuniform List<scalar> 
46
(
-1.56566e-05
-1.65903e-05
-1.65202e-05
-1.65079e-05
-1.64571e-05
-1.63784e-05
-1.62724e-05
-1.61409e-05
-1.59853e-05
-1.58066e-05
-1.56056e-05
-1.53831e-05
-1.514e-05
-1.4877e-05
-1.45948e-05
-1.42941e-05
-1.39755e-05
-1.36397e-05
-1.32874e-05
-1.29191e-05
-1.25355e-05
-1.2137e-05
-1.17234e-05
-3.70381e-05
-3.13299e-05
-2.51788e-05
-1.86413e-05
-1.0377e-05
-5.21449e-06
-4.37762e-08
4.66526e-06
9.01679e-06
1.31194e-05
1.70205e-05
2.07385e-05
2.42743e-05
2.76172e-05
3.07483e-05
3.3643e-05
3.62725e-05
3.86058e-05
4.06115e-05
4.22575e-05
4.35371e-05
4.47776e-05
4.33548e-05
)
;
    }
    defaultFaces
    {
        type            empty;
        value           nonuniform List<scalar> 0();
    }
}


// ************************************************************************* //
