/*--------------------------------*- C++ -*----------------------------------*\
| =========                 |                                                 |
| \\      /  F ield         | OpenFOAM: The Open Source CFD Toolbox           |
|  \\    /   O peration     | Version:  2206                                  |
|   \\  /    A nd           | Website:  www.openfoam.com                      |
|    \\/     M anipulation  |                                                 |
\*---------------------------------------------------------------------------*/
FoamFile
{
    version     2.0;
    format      ascii;
    arch        "LSB;label=32;scalar=64";
    class       surfaceScalarField;
    location    "0.225";
    object      phi;
}
// * * * * * * * * * * * * * * * * * * * * * * * * * * * * * * * * * * * * * //

dimensions      [0 3 -1 0 0 0 0];

oriented        oriented;

internalField   nonuniform List<scalar> 
4432
(
-9.98497e-07
9.98497e-07
3.5365e-06
-4.53501e-06
8.68389e-06
-5.14739e-06
1.27132e-05
-4.02935e-06
1.56923e-05
-2.97911e-06
1.80731e-05
-2.38074e-06
2.01286e-05
-2.05546e-06
2.19192e-05
-1.79061e-06
2.3394e-05
-1.47481e-06
2.44659e-05
-1.07191e-06
2.504e-05
-5.74084e-07
2.50394e-05
5.68812e-10
2.43518e-05
6.87566e-07
2.29151e-05
1.43679e-06
2.06676e-05
2.24746e-06
1.7592e-05
3.0756e-06
1.37827e-05
3.80929e-06
9.40459e-06
4.37811e-06
4.70272e-06
4.70186e-06
2.28821e-07
4.4739e-06
-3.6714e-06
3.90022e-06
-4.73797e-06
1.06657e-06
-4.73797e-06
-5.00007e-07
1.49852e-06
4.09112e-06
-9.12613e-06
9.21675e-06
-1.0273e-05
1.32688e-05
-8.0814e-06
1.63795e-05
-6.08984e-06
1.89829e-05
-4.98412e-06
2.13112e-05
-4.38383e-06
2.34035e-05
-3.88288e-06
2.52148e-05
-3.28608e-06
2.66848e-05
-2.542e-06
2.77588e-05
-1.64809e-06
2.8365e-05
-6.05548e-07
2.85215e-05
5.30984e-07
2.82688e-05
1.68955e-06
2.75724e-05
2.94386e-06
2.64027e-05
4.24531e-06
2.46895e-05
5.52248e-06
2.23681e-05
6.69949e-06
1.93424e-05
7.72752e-06
1.5503e-05
8.31327e-06
1.11867e-05
8.21654e-06
6.04083e-06
6.21243e-06
1.30286e-06
3.73036e-07
1.12547e-06
5.08242e-06
-1.38355e-05
1.01909e-05
-1.53815e-05
1.43279e-05
-1.22184e-05
1.77096e-05
-9.47149e-06
2.07162e-05
-7.99077e-06
2.34984e-05
-7.16602e-06
2.60427e-05
-6.4272e-06
2.82799e-05
-5.52327e-06
3.0137e-05
-4.39907e-06
3.1551e-05
-3.06215e-06
3.24767e-05
-1.53126e-06
3.28007e-05
2.07012e-07
3.25551e-05
1.93515e-06
3.17094e-05
3.78958e-06
3.02671e-05
5.68758e-06
2.82549e-05
7.53464e-06
2.56975e-05
9.25693e-06
2.24473e-05
1.09777e-05
1.82637e-05
1.24969e-05
1.35113e-05
1.29689e-05
8.22837e-06
1.14953e-05
9.53123e-06
1.50284e-06
-3.77375e-07
6.47026e-06
-1.88029e-05
1.16046e-05
-2.05158e-05
1.59188e-05
-1.65327e-05
1.9729e-05
-1.32817e-05
2.33294e-05
-1.15911e-05
2.67708e-05
-1.06075e-05
2.99925e-05
-9.64881e-06
3.29167e-05
-8.44749e-06
3.54732e-05
-6.95558e-06
3.75899e-05
-5.17888e-06
3.9179e-05
-3.1203e-06
4.0139e-05
-7.52999e-07
4.0289e-05
1.78514e-06
3.96352e-05
4.44335e-06
3.80631e-05
7.25973e-06
3.54962e-05
1.01015e-05
3.18975e-05
1.28557e-05
2.72407e-05
1.56345e-05
2.15022e-05
1.82353e-05
1.52083e-05
1.92628e-05
9.27459e-06
1.74291e-05
1.88058e-05
2.94058e-06
-3.31795e-06
8.27475e-06
-2.41371e-05
1.34259e-05
-2.5667e-05
1.79896e-05
-2.10964e-05
2.23696e-05
-1.76617e-05
2.67272e-05
-1.59487e-05
3.0999e-05
-1.48793e-05
3.50826e-05
-1.37324e-05
3.88985e-05
-1.22634e-05
4.23812e-05
-1.04383e-05
4.5459e-05
-8.25666e-06
4.80409e-05
-5.70224e-06
5.00121e-05
-2.72416e-06
5.1017e-05
7.80205e-07
5.10801e-05
4.38026e-06
4.9956e-05
8.38378e-06
4.74439e-05
1.26136e-05
4.33455e-05
1.69541e-05
3.75437e-05
2.14362e-05
3.0053e-05
2.57261e-05
2.10292e-05
2.82866e-05
1.15737e-05
2.68846e-05
3.03795e-05
4.53684e-06
-7.85478e-06
1.03286e-05
-2.99289e-05
1.55043e-05
-3.08427e-05
2.03971e-05
-2.59892e-05
2.54617e-05
-2.27263e-05
3.06934e-05
-2.11804e-05
3.59309e-05
-2.01167e-05
4.10575e-05
-1.88591e-05
4.60093e-05
-1.72152e-05
5.07351e-05
-1.51641e-05
5.51643e-05
-1.26859e-05
5.91981e-05
-9.736e-06
6.27066e-05
-6.2327e-06
6.54948e-05
-2.00802e-06
6.68677e-05
3.00738e-06
6.67457e-05
8.50584e-06
6.48243e-05
1.4535e-05
6.07708e-05
2.10076e-05
5.42656e-05
2.79414e-05
4.4828e-05
3.51637e-05
3.16945e-05
4.142e-05
1.60298e-05
4.25493e-05
4.64094e-05
6.08837e-06
-1.39432e-05
1.2374e-05
-3.62145e-05
1.76623e-05
-3.61309e-05
2.30015e-05
-3.13285e-05
2.88413e-05
-2.85661e-05
3.50198e-05
-2.73589e-05
4.13237e-05
-2.64206e-05
4.76635e-05
-2.51988e-05
5.40157e-05
-2.35673e-05
6.03525e-05
-2.1501e-05
6.66045e-05
-1.89379e-05
7.26734e-05
-1.58049e-05
7.84997e-05
-1.2059e-05
8.40491e-05
-7.5574e-06
8.85205e-05
-1.46398e-06
9.14244e-05
5.60192e-06
9.25395e-05
1.34199e-05
9.03276e-05
2.32194e-05
8.28174e-05
3.54516e-05
6.9183e-05
4.87981e-05
5.02931e-05
6.03099e-05
2.79967e-05
6.48457e-05
7.44061e-05
7.59002e-06
-2.15332e-05
1.42706e-05
-4.28951e-05
1.97087e-05
-4.1569e-05
2.557e-05
-3.71898e-05
3.2207e-05
-3.52032e-05
3.93124e-05
-3.44643e-05
4.66729e-05
-3.3781e-05
5.4263e-05
-3.2789e-05
6.21222e-05
-3.14265e-05
7.02633e-05
-2.96421e-05
7.86588e-05
-2.73334e-05
8.72014e-05
-2.43475e-05
9.57065e-05
-2.05641e-05
0.000103519
-1.53704e-05
0.000110585
-8.52971e-06
0.000117019
-8.32303e-07
0.00012397
6.46917e-06
0.000127666
1.95234e-05
0.000126609
3.65091e-05
0.00011819
5.72174e-05
9.71905e-05
8.1309e-05
6.15175e-05
0.000100519
0.000135924
2.34648e-07
-2.34648e-07
6.58917e-07
-4.24381e-07
1.00544e-06
-3.466e-07
1.37107e-06
-3.65722e-07
1.74331e-06
-3.72354e-07
2.07226e-06
-3.29069e-07
2.35358e-06
-2.81451e-07
2.5643e-06
-2.10713e-07
2.68639e-06
-1.22072e-07
2.71582e-06
-2.9521e-08
2.65399e-06
6.1878e-08
2.51031e-06
1.43711e-07
2.29138e-06
2.18961e-07
2.01097e-06
2.80345e-07
1.67497e-06
3.3573e-07
1.29315e-06
3.82084e-07
8.79084e-07
4.13936e-07
4.5245e-07
4.26776e-07
4.52497e-07
8.04646e-08
-3.15242e-07
4.36425e-07
-7.80493e-07
7.7595e-07
-6.86274e-07
1.21624e-06
-8.06238e-07
1.66373e-06
-8.20051e-07
2.08348e-06
-7.48861e-07
2.43357e-06
-6.31646e-07
2.69561e-06
-4.72879e-07
2.85641e-06
-2.82848e-07
2.91126e-06
-8.44495e-08
2.86103e-06
1.12202e-07
2.71697e-06
2.87734e-07
2.48947e-06
4.4621e-07
2.18591e-06
5.84027e-07
1.81971e-06
7.0182e-07
1.40718e-06
7.94773e-07
9.56961e-07
8.6436e-07
4.91874e-07
8.91795e-07
9.44583e-07
-1.73782e-07
-1.41537e-07
3.33441e-07
-1.28784e-06
7.21746e-07
-1.07471e-06
1.27186e-06
-1.35654e-06
1.77263e-06
-1.32106e-06
2.23664e-06
-1.21296e-06
2.61553e-06
-1.01058e-06
2.88946e-06
-7.47067e-07
3.04537e-06
-4.38763e-07
3.08414e-06
-1.23213e-07
3.01194e-06
1.84359e-07
2.84693e-06
4.52748e-07
2.5949e-06
6.98249e-07
2.27137e-06
9.07548e-07
1.88465e-06
1.08868e-06
1.45173e-06
1.22755e-06
9.85906e-07
1.33018e-06
5.06458e-07
1.37145e-06
1.45106e-06
-1.52255e-07
1.06603e-08
4.84921e-07
-1.92517e-06
7.96903e-07
-1.38687e-06
1.37776e-06
-1.93754e-06
1.93295e-06
-1.87641e-06
2.4684e-06
-1.7486e-06
2.91735e-06
-1.45959e-06
3.22063e-06
-1.05058e-06
3.38367e-06
-6.01888e-07
3.41146e-06
-1.50803e-07
3.31657e-06
2.79202e-07
3.12038e-06
6.48697e-07
2.82981e-06
9.89211e-07
2.46265e-06
1.27443e-06
2.0401e-06
1.51104e-06
1.57092e-06
1.69706e-06
1.06563e-06
1.83545e-06
5.45632e-07
1.89151e-06
1.99671e-06
-1.94858e-06
1.95918e-06
-9.09017e-07
-2.96488e-06
-3.94618e-07
-1.90145e-06
9.37196e-07
-3.26954e-06
1.93177e-06
-2.87112e-06
2.73595e-06
-2.553e-06
3.32103e-06
-2.04482e-06
3.69059e-06
-1.42014e-06
3.86382e-06
-7.75277e-07
3.8702e-06
-1.57274e-07
3.74212e-06
4.07383e-07
3.48876e-06
9.01772e-07
3.15293e-06
1.32515e-06
2.73727e-06
1.69014e-06
2.25709e-06
1.99144e-06
1.72955e-06
2.22448e-06
1.1668e-06
2.39833e-06
5.91805e-07
2.4666e-06
2.58858e-06
-2.64397e-06
4.60308e-06
3.98971e-08
-5.64893e-06
7.39721e-07
-2.60137e-06
1.80829e-06
-4.33825e-06
2.60477e-06
-3.66761e-06
3.41205e-06
-3.36042e-06
4.00964e-06
-2.64278e-06
4.37631e-06
-1.78686e-06
4.52512e-06
-9.23866e-07
4.48329e-06
-1.15804e-07
4.29998e-06
5.90381e-07
3.98137e-06
1.22068e-06
3.56589e-06
1.74085e-06
3.07613e-06
2.17986e-06
2.5244e-06
2.54304e-06
1.92679e-06
2.82219e-06
1.29914e-06
3.02635e-06
6.57852e-07
3.10793e-06
3.24662e-06
-1.33949e-05
1.79979e-05
-6.68104e-06
-1.2363e-05
-3.6872e-06
-5.59525e-06
1.76348e-07
-8.20195e-06
2.31423e-06
-5.80567e-06
3.8891e-06
-4.93532e-06
4.80107e-06
-3.55477e-06
5.24877e-06
-2.23492e-06
5.36604e-06
-1.04103e-06
5.26258e-06
-1.22394e-08
4.98124e-06
8.71584e-07
4.5794e-06
1.62288e-06
4.06791e-06
2.25207e-06
3.47933e-06
2.76868e-06
2.84257e-06
3.17964e-06
2.16217e-06
3.50285e-06
1.45542e-06
3.73349e-06
7.32727e-07
3.8306e-06
3.97944e-06
-1.31391e-05
3.11369e-05
-6.79081e-06
-1.87118e-05
9.12041e-07
-1.32982e-05
1.9578e-06
-9.2477e-06
4.31345e-06
-8.16142e-06
5.51817e-06
-6.14024e-06
6.23964e-06
-4.27605e-06
6.55061e-06
-2.54587e-06
6.52656e-06
-1.01697e-06
6.27874e-06
2.35569e-07
5.84386e-06
1.30605e-06
5.29449e-06
2.17252e-06
4.65905e-06
2.88763e-06
3.95894e-06
3.4691e-06
3.21119e-06
3.9272e-06
2.43442e-06
4.27983e-06
1.63347e-06
4.53467e-06
8.17658e-07
4.6465e-06
4.79736e-06
5.09559e-06
-2.66288e-05
8.8354e-06
-4.66349e-05
1.18611e-05
-4.45947e-05
1.53743e-05
-4.0703e-05
1.94017e-05
-3.92306e-05
2.36832e-05
-3.87458e-05
2.81239e-05
-3.82217e-05
3.27541e-05
-3.74192e-05
3.7652e-05
-3.63244e-05
4.29108e-05
-3.49009e-05
4.8697e-05
-3.31197e-05
5.52605e-05
-3.09111e-05
6.29268e-05
-2.82303e-05
7.18464e-05
-2.42899e-05
8.16279e-05
-1.83112e-05
9.35432e-05
-1.27476e-05
0.000107075
-7.06258e-06
0.000112224
1.4374e-05
0.000107748
4.09851e-05
0.000100095
6.48706e-05
9.14967e-05
8.99073e-05
8.11954e-05
0.00011082
0.000141648
7.54714e-05
5.75412e-06
-3.23829e-05
9.05408e-06
-4.99349e-05
1.16178e-05
-4.71584e-05
1.50607e-05
-4.41458e-05
1.90472e-05
-4.32171e-05
2.32406e-05
-4.29392e-05
2.76309e-05
-4.2612e-05
3.23416e-05
-4.21298e-05
3.75544e-05
-4.15372e-05
4.3545e-05
-4.08916e-05
5.06888e-05
-4.02634e-05
5.90126e-05
-3.92349e-05
6.92474e-05
-3.84651e-05
8.28007e-05
-3.78432e-05
9.47245e-05
-3.0235e-05
0.000101523
-1.95459e-05
0.000109104
-1.46437e-05
0.000108986
1.44922e-05
0.000109617
4.03538e-05
0.000104527
6.99608e-05
0.000105675
8.87596e-05
0.000105833
0.000110662
0.000144282
0.000103198
7.52511e-06
-3.9908e-05
9.48756e-06
-5.18973e-05
1.11124e-05
-4.87833e-05
1.46511e-05
-4.76846e-05
1.89212e-05
-4.74871e-05
2.34934e-05
-4.75115e-05
2.85201e-05
-4.76387e-05
3.43364e-05
-4.79462e-05
4.12718e-05
-4.84725e-05
4.98319e-05
-4.94517e-05
5.98056e-05
-5.0237e-05
6.94056e-05
-4.88349e-05
7.97276e-05
-4.87871e-05
9.32717e-05
-5.13873e-05
9.43758e-05
-3.13391e-05
5.61851e-05
1.86447e-05
-1.9986e-05
6.15275e-05
-2.46021e-05
1.91083e-05
3.7112e-05
-2.13603e-05
7.62348e-05
3.0838e-05
9.87909e-05
6.62034e-05
0.000112619
9.68339e-05
0.000138661
0.00011824
1.09098e-05
-5.08178e-05
1.10484e-05
-5.20359e-05
1.26722e-05
-5.04071e-05
1.76487e-05
-5.26611e-05
2.3476e-05
-5.33144e-05
2.98398e-05
-5.38753e-05
3.70177e-05
-5.48166e-05
4.54728e-05
-5.64013e-05
5.56293e-05
-5.8629e-05
6.86043e-05
-6.24268e-05
7.50544e-05
-5.66871e-05
7.64112e-05
-5.01918e-05
7.23938e-05
-4.47695e-05
5.8559e-05
-3.75527e-05
5.26101e-05
-2.53901e-05
3.46435e-05
3.66113e-05
-6.90983e-06
0.000103081
-1.60856e-05
2.82841e-05
-3.20262e-06
-3.42432e-05
3.94324e-05
-1.17971e-05
7.02902e-05
3.53457e-05
0.000105055
6.2069e-05
0.000121432
0.000122284
1.17189e-05
-6.25368e-05
1.44958e-05
-5.48127e-05
2.10732e-05
-5.69845e-05
2.87903e-05
-6.03782e-05
3.58619e-05
-6.03858e-05
4.25695e-05
-6.05827e-05
4.80385e-05
-6.02856e-05
5.21526e-05
-6.05157e-05
5.3843e-05
-6.03197e-05
5.07414e-05
-5.93253e-05
4.98796e-05
-5.58253e-05
5.00891e-05
-5.04011e-05
4.91106e-05
-4.37909e-05
4.6517e-05
-3.4959e-05
4.70878e-05
-2.59608e-05
5.8708e-05
2.49912e-05
7.1999e-05
8.97899e-05
5.59742e-05
4.43089e-05
3.03796e-05
-8.64867e-06
4.02566e-05
-2.16741e-05
5.55996e-05
2.00027e-05
8.23476e-05
3.53211e-05
8.17904e-05
0.000121989
-1.88538e-06
-6.06514e-05
9.14662e-06
-6.58447e-05
1.76577e-05
-6.54956e-05
2.2892e-05
-6.56122e-05
2.78137e-05
-6.53073e-05
3.2376e-05
-6.5145e-05
3.69248e-05
-6.48346e-05
4.08084e-05
-6.43995e-05
4.4017e-05
-6.35285e-05
4.63781e-05
-6.16863e-05
4.89934e-05
-5.84404e-05
5.26618e-05
-5.40694e-05
5.82026e-05
-4.93317e-05
6.56672e-05
-4.24236e-05
7.08042e-05
-3.10978e-05
9.80552e-05
-2.25994e-06
0.000144041
4.3804e-05
0.00014041
4.79397e-05
0.000105612
2.615e-05
8.30641e-05
8.73607e-07
7.54043e-05
2.76627e-05
6.82377e-05
4.24879e-05
3.09692e-05
0.000119059
-9.6781e-07
-5.96836e-05
8.86576e-06
-7.5678e-05
1.70615e-05
-7.3691e-05
2.28371e-05
-7.13876e-05
2.8074e-05
-7.05443e-05
3.31891e-05
-7.02604e-05
3.82886e-05
-6.99344e-05
4.31208e-05
-6.9232e-05
4.76281e-05
-6.80358e-05
5.1917e-05
-6.59751e-05
5.66513e-05
-6.31744e-05
6.28506e-05
-6.02687e-05
7.19425e-05
-5.84236e-05
8.54549e-05
-5.5936e-05
9.99779e-05
-4.56209e-05
0.000123478
-2.57596e-05
0.000168239
-9.57156e-07
0.000196049
2.01298e-05
0.000183741
3.84581e-05
0.000146601
3.80135e-05
0.00012473
4.95336e-05
9.93997e-05
6.78186e-05
3.27014e-06
0.000127099
3.09303e-06
-6.27767e-05
1.07759e-05
-8.33607e-05
1.70126e-05
-7.99274e-05
2.26579e-05
-7.70327e-05
2.82655e-05
-7.61519e-05
3.37827e-05
-7.57778e-05
3.91367e-05
-7.52887e-05
4.43732e-05
-7.44686e-05
4.95101e-05
-7.31726e-05
5.47342e-05
-7.1199e-05
6.06812e-05
-6.91212e-05
6.85186e-05
-6.8106e-05
7.9542e-05
-6.94471e-05
9.49047e-05
-7.12988e-05
0.000114045
-6.4761e-05
0.000136314
-4.80288e-05
0.000167223
-3.18661e-05
0.0002011
-1.37472e-05
0.000218188
2.13701e-05
0.00020123
5.49721e-05
0.000173438
7.73254e-05
0.000145559
9.56973e-05
1.44018e-05
0.000134428
5.26383e-06
-6.80404e-05
1.13863e-05
-8.94829e-05
1.68699e-05
-8.54109e-05
2.2519e-05
-8.26819e-05
2.83202e-05
-8.19531e-05
3.41062e-05
-8.15639e-05
3.98333e-05
-8.10158e-05
4.55654e-05
-8.02006e-05
5.13462e-05
-7.89532e-05
5.73467e-05
-7.71995e-05
6.40095e-05
-7.57841e-05
7.21873e-05
-7.62839e-05
8.24405e-05
-7.97005e-05
9.58479e-05
-8.47062e-05
0.000112899
-8.18122e-05
0.000132899
-6.80291e-05
0.00015876
-5.7727e-05
0.000188473
-4.34601e-05
0.000212918
-3.07544e-06
0.000216175
5.1715e-05
0.000198758
9.47425e-05
0.000176063
0.000118392
5.14005e-05
0.000139063
6.3106e-06
-7.43508e-05
1.18813e-05
-9.50536e-05
1.72607e-05
-9.07903e-05
2.30292e-05
-8.84505e-05
2.89771e-05
-8.79011e-05
3.49651e-05
-8.7552e-05
4.09831e-05
-8.70337e-05
4.70714e-05
-8.62887e-05
5.3276e-05
-8.51577e-05
5.97091e-05
-8.36328e-05
6.64626e-05
-8.25378e-05
7.37753e-05
-8.35967e-05
8.15975e-05
-8.75227e-05
9.09361e-05
-9.40448e-05
0.000104471
-9.53472e-05
0.000123018
-8.6576e-05
0.000144699
-7.94082e-05
0.000167702
-6.64637e-05
0.000189217
-2.45903e-05
0.000200001
4.09314e-05
0.000193478
0.000101266
0.000176424
0.000135446
8.66378e-05
0.000141186
6.84337e-06
-8.11941e-05
1.22043e-05
-0.000100415
1.76137e-05
-9.61998e-05
2.34901e-05
-9.4327e-05
2.9546e-05
-9.3957e-05
3.56806e-05
-9.36865e-05
4.19083e-05
-9.32613e-05
4.82668e-05
-9.26473e-05
5.48225e-05
-9.17137e-05
6.16155e-05
-9.0426e-05
6.84506e-05
-8.93731e-05
7.48895e-05
-9.00355e-05
8.05681e-05
-9.32012e-05
8.59214e-05
-9.93982e-05
9.49319e-05
-0.000104358
0.000110386
-0.00010203
0.000127125
-9.61472e-05
0.000144498
-8.38377e-05
0.000158709
-3.88012e-05
0.000168367
3.12731e-05
0.000168098
0.000101535
0.000162279
0.000141265
0.000109092
0.000139825
6.96466e-06
-8.81588e-05
1.23251e-05
-0.000105775
1.78483e-05
-0.000101723
2.38116e-05
-0.00010029
2.99572e-05
-0.000100102
3.62289e-05
-9.9958e-05
4.26543e-05
-9.96867e-05
4.92779e-05
-9.92711e-05
5.61827e-05
-9.86187e-05
6.33967e-05
-9.76402e-05
7.06489e-05
-9.66253e-05
7.71322e-05
-9.65186e-05
8.21671e-05
-9.8236e-05
8.52596e-05
-0.000102491
8.92649e-05
-0.000108363
9.88552e-05
-0.000111621
0.000110838
-0.00010813
0.000119859
-9.28588e-05
0.000129887
-4.88293e-05
0.000135912
2.52481e-05
0.000139892
9.7556e-05
0.000145042
0.000136115
0.000119382
0.000134753
6.9166e-06
-9.50755e-05
1.23269e-05
-0.000111186
1.79672e-05
-0.000107364
2.39966e-05
-0.00010632
3.02152e-05
-0.000106321
3.66052e-05
-0.000106348
4.32064e-05
-0.000106288
5.0068e-05
-0.000106133
5.72746e-05
-0.000105826
6.48978e-05
-0.000105264
7.2772e-05
-0.000104499
8.01933e-05
-0.00010394
8.62137e-05
-0.000104256
8.97342e-05
-0.000106011
9.11469e-05
-0.000109776
9.38386e-05
-0.000114313
9.98607e-05
-0.000114152
0.00010444
-9.74384e-05
0.000105693
-5.00822e-05
0.000109802
2.11395e-05
0.000117761
8.95973e-05
0.000129816
0.000124059
0.00012425
0.000124948
6.8127e-06
-0.000101888
1.22425e-05
-0.000116616
1.79466e-05
-0.000113068
2.40024e-05
-0.000112376
3.02601e-05
-0.000112579
3.67316e-05
-0.00011282
4.34684e-05
-0.000113025
5.05227e-05
-0.000113187
5.7965e-05
-0.000113268
6.58858e-05
-0.000113184
7.42685e-05
-0.000112882
8.27417e-05
-0.000112413
9.04668e-05
-0.000111981
9.63466e-05
-0.000111891
9.92478e-05
-0.000112677
9.92182e-05
-0.000114283
9.86202e-05
-0.000113554
9.79553e-05
-9.67737e-05
9.47557e-05
-4.68826e-05
9.86743e-05
1.72207e-05
0.000107474
8.07972e-05
0.000120517
0.000111016
0.000128261
0.000116506
6.67728e-06
-0.000108566
1.20606e-05
-0.000122
1.77593e-05
-0.000118767
2.37876e-05
-0.000118404
3.00338e-05
-0.000118825
3.65361e-05
-0.000119322
4.33584e-05
-0.000119848
5.0558e-05
-0.000120387
5.81925e-05
-0.000120902
6.63444e-05
-0.000121336
7.50705e-05
-0.000121608
8.42641e-05
-0.000121606
9.34732e-05
-0.00012119
0.000101897
-0.000120315
0.000108379
-0.000119159
0.000112393
-0.000118297
0.00011489
-0.000116051
0.000118903
-0.000100787
0.000121457
-4.94371e-05
0.000117524
2.11542e-05
0.000114219
8.41021e-05
0.000120849
0.000104386
0.000139606
0.000109502
6.5044e-06
-0.000115071
1.17592e-05
-0.000127255
1.73776e-05
-0.000124385
2.33129e-05
-0.000124339
2.94843e-05
-0.000124996
3.59503e-05
-0.000125788
4.27919e-05
-0.000126689
5.00829e-05
-0.000127678
5.78959e-05
-0.000128715
6.63133e-05
-0.000129753
7.54168e-05
-0.000130711
8.52419e-05
-0.000131431
9.5692e-05
-0.00013164
0.000106418
-0.000131041
0.000116791
-0.000129532
0.000126781
-0.000128286
0.000135379
-0.000124649
0.00014458
-0.000109989
0.000153339
-5.81957e-05
0.000150806
2.36873e-05
0.000135294
9.96138e-05
0.000123598
0.000116083
0.000164626
9.85783e-05
6.2782e-06
-0.000121349
1.13189e-05
-0.000132295
1.67746e-05
-0.00012984
2.25362e-05
-0.0001301
2.85497e-05
-0.000131009
3.48952e-05
-0.000132133
4.16673e-05
-0.000133461
4.89673e-05
-0.000134978
5.6903e-05
-0.000136651
6.55923e-05
-0.000138442
7.51676e-05
-0.000140287
8.57782e-05
-0.000142042
9.75643e-05
-0.000143426
0.000110587
-0.000144064
0.00012493
-0.000143875
0.000140964
-0.00014432
0.000158326
-0.000142012
0.000173497
-0.000125159
0.000187777
-7.24752e-05
0.000187419
2.40452e-05
0.000165111
0.000121921
0.000133535
0.000147659
0.000209798
8.83632e-05
5.97838e-06
-0.000127327
1.0722e-05
-0.000137039
1.59312e-05
-0.000135049
2.14289e-05
-0.000135598
2.71868e-05
-0.000136767
3.32988e-05
-0.000138245
3.98747e-05
-0.000140037
4.70392e-05
-0.000142142
5.49425e-05
-0.000144554
6.3766e-05
-0.000147266
7.3732e-05
-0.000150253
8.5112e-05
-0.000153422
9.82485e-05
-0.000156563
0.000113553
-0.000159368
0.00013179
-0.000162112
0.000153768
-0.000166299
0.000179174
-0.000167418
0.000202251
-0.000148237
0.000216333
-8.65568e-05
0.000213624
2.67539e-05
0.000185801
0.000149744
0.000139099
0.000194362
0.000268952
7.99447e-05
5.58946e-06
-0.000132917
9.95781e-06
-0.000141407
1.48268e-05
-0.000139918
1.99643e-05
-0.000140735
2.53593e-05
-0.000142162
3.11097e-05
-0.000143995
3.73335e-05
-0.00014626
4.41719e-05
-0.00014898
5.18047e-05
-0.000152187
6.04662e-05
-0.000155928
7.04635e-05
-0.00016025
8.22053e-05
-0.000165164
9.62375e-05
-0.000170595
0.000113313
-0.000176444
0.000134775
-0.000183574
0.000161959
-0.000193482
0.00019419
-0.000199649
0.000223929
-0.000177975
0.000234921
-9.75495e-05
0.000222815
3.88598e-05
0.000185057
0.000187502
0.000117791
0.000261629
0.000319868
6.68753e-05
5.10594e-06
-0.000138023
9.03433e-06
-0.000145335
1.34769e-05
-0.000144361
1.8155e-05
-0.000145413
2.30725e-05
-0.000147079
2.83231e-05
-0.000149246
3.40187e-05
-0.000151956
4.03e-05
-0.000155262
4.73563e-05
-0.000159243
5.54418e-05
-0.000164013
6.49084e-05
-0.000169717
7.62511e-05
-0.000176507
9.01614e-05
-0.000184506
0.00010772
-0.000194002
0.000130716
-0.000206569
0.000160863
-0.000223629
0.000197405
-0.000236192
0.000229215
-0.000209785
0.000233018
-0.000101352
0.000211156
6.07221e-05
0.000164417
0.000234241
8.71985e-05
0.000338847
0.000355001
5.20651e-05
4.53268e-06
-0.000142555
7.96858e-06
-0.000148771
1.19001e-05
-0.000148292
1.60225e-05
-0.000149535
2.03466e-05
-0.000151403
2.49526e-05
-0.000153851
2.99376e-05
-0.000156941
3.54246e-05
-0.000160748
4.158e-05
-0.000165399
4.86264e-05
-0.000171059
5.68872e-05
-0.000177978
6.68356e-05
-0.000186455
7.91725e-05
-0.000196842
9.50865e-05
-0.000209917
0.000116471
-0.000227954
0.000145357
-0.000252515
0.000180975
-0.00027181
0.000208353
-0.000237163
0.000200918
-9.39163e-05
0.00017633
8.53099e-05
0.000132647
0.000277924
6.95162e-05
0.000401978
0.00038106
4.3457e-05
3.88366e-06
-0.000146439
6.7873e-06
-0.000151675
1.01371e-05
-0.000151642
1.36263e-05
-0.000153024
1.72654e-05
-0.000155042
2.1111e-05
-0.000157697
2.52318e-05
-0.000161061
2.97159e-05
-0.000165232
3.46784e-05
-0.000170361
4.02738e-05
-0.000176655
4.67149e-05
-0.000184419
5.42975e-05
-0.000194038
6.34921e-05
-0.000206037
7.51771e-05
-0.000221602
9.0726e-05
-0.000243503
0.000111781
-0.00027357
0.000137333
-0.000297363
0.000152786
-0.000252615
0.000139782
-8.09132e-05
0.000117264
0.000107828
9.21727e-05
0.000303015
5.87165e-05
0.000435434
0.000401292
3.8485e-05
3.17823e-06
-0.000149617
5.52599e-06
-0.000154023
8.24074e-06
-0.000154357
1.10392e-05
-0.000155823
1.39239e-05
-0.000157927
1.69235e-05
-0.000160696
2.00702e-05
-0.000164208
2.34061e-05
-0.000168569
2.6985e-05
-0.00017394
3.08503e-05
-0.00018052
3.50568e-05
-0.000188626
3.96625e-05
-0.000198643
4.47622e-05
-0.000211137
5.05022e-05
-0.000227342
5.68622e-05
-0.000249863
6.41601e-05
-0.000280867
7.10448e-05
-0.000304247
7.03057e-05
-0.000251876
5.23013e-05
-6.2909e-05
3.56622e-05
0.000124467
4.18083e-05
0.000296869
4.98325e-05
0.00042741
0.000416985
3.41397e-05
2.44134e-06
-0.000152059
4.22139e-06
-0.000155803
6.26885e-06
-0.000156404
8.34521e-06
-0.000157899
1.04421e-05
-0.000160024
1.25601e-05
-0.000162814
1.46982e-05
-0.000166346
1.68505e-05
-0.000170721
1.89726e-05
-0.000176062
2.10425e-05
-0.000182591
2.29683e-05
-0.000190551
2.45708e-05
-0.000200246
2.55582e-05
-0.000212124
2.53182e-05
-0.000227102
2.27946e-05
-0.000247339
1.56706e-05
-0.000273743
4.1165e-06
-0.000292693
-6.20266e-06
-0.000241556
-1.18995e-05
-5.72122e-05
-1.87806e-05
0.000131348
3.33583e-06
0.000274753
4.4776e-05
0.000385969
0.000431489
3.02709e-05
1.69888e-06
-0.000153757
2.9149e-06
-0.000157019
4.28963e-06
-0.000157779
5.64221e-06
-0.000159252
6.94539e-06
-0.000161327
8.17707e-06
-0.000164046
9.3035e-06
-0.000167473
1.02738e-05
-0.000171692
1.10428e-05
-0.000176831
1.14704e-05
-0.000183018
1.1352e-05
-0.000190433
1.04015e-05
-0.000199295
8.12095e-06
-0.000209844
3.45239e-06
-0.000222433
-5.39255e-06
-0.000238495
-2.03165e-05
-0.00025882
-4.13109e-05
-0.000271699
-5.38312e-05
-0.000229036
-4.14275e-05
-6.9616e-05
-3.05436e-05
0.000120465
-1.1678e-05
0.000255887
4.0774e-05
0.000333518
0.000445221
2.70423e-05
9.77816e-07
-0.000154735
1.64268e-06
-0.000157684
2.3543e-06
-0.000158491
2.99913e-06
-0.000159897
3.53966e-06
-0.000161868
3.93199e-06
-0.000164439
4.12165e-06
-0.000167663
4.04083e-06
-0.000171611
3.55701e-06
-0.000176348
2.54945e-06
-0.000182011
7.97196e-07
-0.000188681
-2.04377e-06
-0.000196454
-6.50972e-06
-0.000205378
-1.34204e-05
-0.000215522
-2.43584e-05
-0.000227556
-4.1235e-05
-0.000241943
-6.34048e-05
-0.00024953
-7.6428e-05
-0.000216013
-5.54382e-05
-9.06059e-05
-2.61381e-05
9.11643e-05
-6.11089e-06
0.00023586
3.3669e-05
0.000293738
0.000453693
2.51974e-05
3.1179e-07
-0.000155047
4.36966e-07
-0.000157809
5.22881e-07
-0.000158577
5.04329e-07
-0.000159878
3.30675e-07
-0.000161694
-5.57453e-08
-0.000164052
-7.25843e-07
-0.000166993
-1.76872e-06
-0.000170568
-3.28131e-06
-0.000174835
-5.42899e-06
-0.000179863
-8.41191e-06
-0.000185698
-1.25114e-05
-0.000192355
-1.81207e-05
-0.000199769
-2.5823e-05
-0.00020782
-3.66021e-05
-0.000216777
-5.16651e-05
-0.00022688
-6.96454e-05
-0.000231549
-8.01798e-05
-0.000205479
-5.84675e-05
-0.000112318
-1.81569e-05
5.08538e-05
6.57974e-06
0.000211123
2.61287e-05
0.000274189
0.000454885
2.4937e-05
-2.74562e-07
-0.000154773
-6.77869e-07
-0.000157406
-1.1645e-06
-0.00015809
-1.78736e-06
-0.000159256
-2.60563e-06
-0.000160876
-3.68556e-06
-0.000162972
-5.10459e-06
-0.000165574
-6.95301e-06
-0.00016872
-9.33624e-06
-0.000172452
-1.23888e-05
-0.000176811
-1.62732e-05
-0.000181814
-2.11856e-05
-0.000187443
-2.73537e-05
-0.0001936
-3.50579e-05
-0.000200116
-4.47706e-05
-0.000207065
-5.69149e-05
-0.000214736
-6.92914e-05
-0.000219173
-7.28299e-05
-0.000201941
-5.33192e-05
-0.000131829
-1.0501e-05
8.03576e-06
1.99625e-05
0.000180659
2.05021e-05
0.000273649
0.000450719
2.4668e-05
-7.81645e-07
-0.000153991
-1.67593e-06
-0.000156511
-2.67136e-06
-0.000157095
-3.82838e-06
-0.000158099
-5.21181e-06
-0.000159492
-6.8932e-06
-0.000161291
-8.95269e-06
-0.000163514
-1.148e-05
-0.000166192
-1.45745e-05
-0.000169358
-1.83463e-05
-0.000173039
-2.29141e-05
-0.000177246
-2.83948e-05
-0.000181962
-3.48795e-05
-0.000187115
-4.24141e-05
-0.000192581
-5.10847e-05
-0.000198394
-6.08356e-05
-0.000204985
-6.94111e-05
-0.000210598
-6.89756e-05
-0.000202376
-4.88162e-05
-0.000151988
-7.89984e-06
-3.28804e-05
2.70637e-05
0.000145696
1.5326e-05
0.000285387
0.000443478
2.25671e-05
-1.21437e-06
-0.000152777
-2.53507e-06
-0.000155191
-3.96796e-06
-0.000155662
-5.58125e-06
-0.000156486
-7.44403e-06
-0.000157629
-9.63134e-06
-0.000159104
-1.22248e-05
-0.000160921
-1.53131e-05
-0.000163104
-1.89894e-05
-0.000165681
-2.3348e-05
-0.00016868
-2.84768e-05
-0.000172118
-3.4442e-05
-0.000175997
-4.12551e-05
-0.000180301
-4.88327e-05
-0.000185004
-5.70304e-05
-0.000190197
-6.55726e-05
-0.000196443
-7.26142e-05
-0.000203557
-7.20085e-05
-0.000202982
-5.55665e-05
-0.00016843
-2.17222e-05
-6.67246e-05
1.75369e-05
0.000106437
9.57843e-06
0.000293345
0.000434408
1.86484e-05
-1.56957e-06
-0.000151207
-3.24116e-06
-0.000153519
-5.03272e-06
-0.00015387
-7.01818e-06
-0.0001545
-9.26991e-06
-0.000155378
-1.18655e-05
-0.000156508
-1.48879e-05
-0.000157898
-1.84266e-05
-0.000159565
-2.25739e-05
-0.000161534
-2.74203e-05
-0.000163834
-3.30451e-05
-0.000166494
-3.95009e-05
-0.000169541
-4.67846e-05
-0.000173017
-5.47906e-05
-0.000176998
-6.33069e-05
-0.00018168
-7.20431e-05
-0.000187707
-7.97463e-05
-0.000195853
-8.15831e-05
-0.000201145
-7.00682e-05
-0.000179945
-4.37701e-05
-9.30229e-05
-1.16007e-05
7.42678e-05
2.25542e-06
0.000279489
0.000424519
1.21437e-05
-1.84348e-06
-0.000149363
-3.78437e-06
-0.000151578
-5.85051e-06
-0.000151804
-8.11956e-06
-0.000152231
-1.06662e-05
-0.000152831
-1.35703e-05
-0.000153604
-1.69162e-05
-0.000154552
-2.07961e-05
-0.000155685
-2.53071e-05
-0.000157023
-3.05476e-05
-0.000158594
-3.66098e-05
-0.000160432
-4.35683e-05
-0.000162582
-5.14623e-05
-0.000165123
-6.02578e-05
-0.000168202
-6.98298e-05
-0.000172108
-8.00331e-05
-0.000177503
-9.02567e-05
-0.000185629
-9.6661e-05
-0.00019474
-9.04097e-05
-0.000186197
-6.61565e-05
-0.000117276
-3.5404e-05
4.35154e-05
-1.16321e-05
0.000255717
0.000412125
7.62785e-07
-2.03289e-06
-0.00014733
-4.15849e-06
-0.000149452
-6.41188e-06
-0.000149551
-8.87304e-06
-0.00014977
-1.16177e-05
-0.000150086
-1.47272e-05
-0.000150495
-1.82878e-05
-0.000150991
-2.2395e-05
-0.000151578
-2.71538e-05
-0.000152264
-3.26769e-05
-0.000153071
-3.90825e-05
-0.000154026
-4.64904e-05
-0.000155174
-5.50175e-05
-0.000156596
-6.47648e-05
-0.000158455
-7.58203e-05
-0.000161052
-8.83552e-05
-0.000164968
-0.000102547
-0.000171438
-0.0001162
-0.000181087
-0.000119777
-0.000182619
-0.000101437
-0.000135616
-6.67507e-05
8.82866e-06
-3.95418e-05
0.000228508
0.000390246
-1.76634e-05
-2.13483e-06
-0.000145196
-4.36037e-06
-0.000147227
-6.71324e-06
-0.000147198
-9.2737e-06
-0.00014721
-1.21171e-05
-0.000147243
-1.53252e-05
-0.000147287
-1.89856e-05
-0.000147331
-2.31968e-05
-0.000147366
-2.8071e-05
-0.00014739
-3.37352e-05
-0.000147407
-4.03346e-05
-0.000147427
-4.80371e-05
-0.000147471
-5.70422e-05
-0.000147591
-6.75978e-05
-0.000147899
-8.00426e-05
-0.000148607
-9.49388e-05
-0.000150072
-0.000113299
-0.000153078
-0.000135428
-0.000158957
-0.000154921
-0.000163126
-0.000154805
-0.000135732
-0.000122521
-2.34556e-05
-7.85479e-05
0.000184535
0.000352808
-4.11093e-05
-2.14537e-06
-0.00014305
-4.38818e-06
-0.000144984
-6.75478e-06
-0.000144832
-9.32306e-06
-0.000144641
-1.21659e-05
-0.0001444
-1.53635e-05
-0.00014409
-1.90034e-05
-0.000143691
-2.31854e-05
-0.000143185
-2.80246e-05
-0.000142551
-3.36565e-05
-0.000141775
-4.02442e-05
-0.000140839
-4.79876e-05
-0.000139728
-5.71413e-05
-0.000138436
-6.80527e-05
-0.000136988
-8.12295e-05
-0.00013543
-9.74774e-05
-0.000133824
-0.000118227
-0.000132328
-0.000145683
-0.000131501
-0.000178667
-0.000130141
-0.000201138
-0.000113261
-0.000186124
-3.84694e-05
-0.00012768
0.000126091
0.000293775
-6.86472e-05
-2.05897e-06
-0.000140991
-4.23973e-06
-0.000142803
-6.53756e-06
-0.000142534
-9.02496e-06
-0.000142153
-1.1771e-05
-0.000141655
-1.48509e-05
-0.00014101
-1.83494e-05
-0.000140192
-2.23638e-05
-0.000139171
-2.70068e-05
-0.000137909
-3.24132e-05
-0.000136368
-3.87494e-05
-0.000134503
-4.62213e-05
-0.000132256
-5.50954e-05
-0.000129562
-6.57367e-05
-0.000126347
-7.86667e-05
-0.0001225
-9.46635e-05
-0.000117827
-0.000114958
-0.000112033
-0.000141748
-0.000104712
-0.000177083
-9.4806e-05
-0.000213671
-7.66735e-05
-0.000222285
-2.98552e-05
-0.000173163
7.69698e-05
0.000215758
-9.51472e-05
-1.87474e-06
-0.000139116
-3.91989e-06
-0.000140758
-6.07271e-06
-0.000140381
-8.39497e-06
-0.000139831
-1.0952e-05
-0.000139098
-1.38118e-05
-0.00013815
-1.70524e-05
-0.000136951
-2.07638e-05
-0.000135459
-2.50503e-05
-0.000133622
-3.00368e-05
-0.000131381
-3.58764e-05
-0.000128663
-4.27575e-05
-0.000125375
-5.09195e-05
-0.0001214
-6.06781e-05
-0.000116589
-7.24542e-05
-0.000110724
-8.68116e-05
-0.000103469
-0.000104516
-9.43293e-05
-0.000126718
-8.25092e-05
-0.000154881
-6.66436e-05
-0.000187606
-4.39485e-05
-0.000210701
-6.76056e-06
-0.000191539
5.78084e-05
0.000147682
-0.000123462
-1.60573e-06
-0.000137511
-3.45327e-06
-0.00013891
-5.39435e-06
-0.000138439
-7.47616e-06
-0.000137749
-9.75966e-06
-0.000136815
-1.2305e-05
-0.000135605
-1.51815e-05
-0.000134075
-1.84671e-05
-0.000132174
-2.22509e-05
-0.000129838
-2.664e-05
-0.000126992
-3.17619e-05
-0.000123541
-3.77705e-05
-0.000119366
-4.48556e-05
-0.000114315
-5.32503e-05
-0.000108193
-6.32393e-05
-0.000100735
-7.51459e-05
-9.15631e-05
-8.93139e-05
-8.01616e-05
-0.000106044
-6.57781e-05
-0.000125394
-4.72944e-05
-0.000146164
-2.31784e-05
-0.000162781
9.85642e-06
-0.000159017
5.40453e-05
0.000107753
-0.000119089
-1.26926e-06
-0.000136241
-2.86101e-06
-0.000137319
-4.52125e-06
-0.000136779
-6.28986e-06
-0.00013598
-8.22211e-06
-0.000134883
-1.037e-05
-0.000133457
-1.27916e-05
-0.000131653
-1.55504e-05
-0.000129415
-1.87171e-05
-0.00012667
-2.23747e-05
-0.000123334
-2.66181e-05
-0.000119298
-3.15551e-05
-0.000114428
-3.73146e-05
-0.000108555
-4.40434e-05
-0.000101465
-5.19002e-05
-9.2878e-05
-6.1028e-05
-8.2435e-05
-7.15049e-05
-6.96851e-05
-8.32224e-05
-5.40607e-05
-9.56562e-05
-3.48602e-05
-0.000107288
-1.15462e-05
-0.000114624
1.71924e-05
-0.000110922
5.03436e-05
8.53832e-05
-8.85524e-05
-8.72138e-07
-0.000135369
-2.11745e-06
-0.000136073
-3.40338e-06
-0.000135493
-4.76836e-06
-0.000134615
-6.25556e-06
-0.000133395
-7.90999e-06
-0.000131801
-9.77896e-06
-0.000129784
-1.19113e-05
-0.000127283
-1.43586e-05
-0.000124223
-1.71792e-05
-0.000120512
-2.04378e-05
-0.00011604
-2.42e-05
-0.000110667
-2.85332e-05
-0.000104222
-3.35044e-05
-9.64935e-05
-3.91661e-05
-8.72163e-05
-4.55364e-05
-7.60645e-05
-5.25618e-05
-6.26591e-05
-6.00392e-05
-4.65836e-05
-6.74519e-05
-2.74474e-05
-7.36423e-05
-5.35576e-06
-7.63969e-05
1.9947e-05
-7.2504e-05
4.64507e-05
7.21449e-05
-5.92656e-05
-4.52586e-07
-0.000134917
-1.24979e-06
-0.000135276
-2.05948e-06
-0.000134683
-2.91146e-06
-0.000133763
-3.8368e-06
-0.000132471
-4.87001e-06
-0.000130768
-6.0454e-06
-0.000128608
-7.3981e-06
-0.00012593
-8.96398e-06
-0.000122658
-1.07801e-05
-0.000118697
-1.28869e-05
-0.000113933
-1.53257e-05
-0.000108228
-1.81304e-05
-0.000101417
-2.13204e-05
-9.33036e-05
-2.48834e-05
-8.36532e-05
-2.87623e-05
-7.21855e-05
-3.28414e-05
-5.85798e-05
-3.69347e-05
-4.24903e-05
-4.07852e-05
-2.35971e-05
-4.40331e-05
-2.10793e-06
-4.54529e-05
2.13667e-05
-4.32231e-05
4.42209e-05
6.51934e-05
-3.62716e-05
-9.36407e-08
-3.89135e-07
-6.56356e-07
-9.28191e-07
-1.22213e-06
-1.55404e-06
-1.93767e-06
-2.3839e-06
-2.90302e-06
-3.50735e-06
-4.21344e-06
-5.04325e-06
-6.01639e-06
-7.14292e-06
-8.41623e-06
-9.80682e-06
-1.12547e-05
-1.26566e-05
-1.38831e-05
-1.52675e-05
-1.61405e-05
-1.58655e-05
-1.39453e-05
-5.28277e-05
0.000128299
-6.97522e-05
1.69245e-05
-4.84847e-05
-2.12668e-05
-1.25709e-06
-4.72274e-05
5.84709e-05
0.000173026
-4.31267e-05
0.000118522
-8.13387e-05
1.69446e-05
-3.87861e-05
-4.38098e-05
0.000100598
0.000190668
4.3095e-05
0.000176024
-4.39242e-05
0.000103964
-2.95779e-05
-5.31325e-05
0.000116537
0.000196415
8.59295e-05
0.000206632
2.22486e-05
0.000167644
3.71066e-05
-4.44361e-05
0.000123586
0.000194818
0.000101792
0.000228426
6.10104e-05
0.000208426
0.000104049
-5.9318e-06
0.000125947
0.00018793
0.000107607
0.000246766
7.62035e-05
0.00023983
0.000152193
2.80592e-05
0.000128082
0.000186947
0.000110214
0.000264634
8.37673e-05
0.000266277
0.000184788
5.1172e-05
0.000128101
0.000193273
0.000109108
0.000283627
8.53669e-05
0.000290017
0.000210877
5.92779e-05
0.000125566
0.000206771
0.000105151
0.000304042
8.29553e-05
0.000312213
0.000230615
6.3218e-05
0.000120962
0.000226996
9.91287e-05
0.000325875
7.79212e-05
0.000333421
0.000240591
6.79447e-05
0.000114637
0.000252184
9.16505e-05
0.000348862
7.16911e-05
0.00035338
0.00023653
7.57525e-05
0.000106491
0.000280445
8.33457e-05
0.000372007
6.60292e-05
0.000370697
0.000213335
8.92236e-05
9.76165e-05
0.000307777
7.50382e-05
0.000394586
6.05555e-05
0.000385179
0.000179772
9.41191e-05
8.88453e-05
0.000335438
6.66491e-05
0.000416782
5.20134e-05
0.000399815
0.000157874
7.39115e-05
7.90841e-05
0.000365856
5.82952e-05
0.000437571
4.21321e-05
0.000415978
0.000158107
4.18983e-05
6.90478e-05
0.000395387
5.14586e-05
0.00045516
3.77726e-05
0.000429664
0.000170741
2.51388e-05
5.98864e-05
0.000423863
4.53003e-05
0.000469746
3.98131e-05
0.000435151
0.000183859
2.66948e-05
5.13567e-05
0.000452451
3.80934e-05
0.000483009
4.18172e-05
0.000431427
0.000203611
2.20658e-05
4.30091e-05
0.000476318
2.95832e-05
0.000496435
3.88665e-05
0.000422144
0.000234465
8.01245e-06
3.64346e-05
0.000491948
2.50408e-05
0.000507829
3.34707e-05
0.000413714
0.00027418
-6.24425e-06
3.16182e-05
0.000503787
2.44978e-05
0.000514949
3.29679e-05
0.000405244
0.000323085
-1.59377e-05
2.61382e-05
0.000516134
2.05517e-05
0.000520536
2.42858e-05
0.00040151
0.000370966
-2.35951e-05
2.17899e-05
0.000528483
1.45967e-05
0.000527729
3.95547e-06
0.000412151
0.000409591
-3.46689e-05
1.88181e-05
0.000539936
1.04012e-05
0.000536146
-1.76936e-05
0.000440246
0.000439027
-4.71295e-05
1.7012e-05
0.000549967
8.10077e-06
0.000545057
-2.69544e-05
0.000475301
0.000464211
-5.21387e-05
1.68226e-05
0.000558341
2.92803e-06
0.000558952
-2.56444e-05
0.000503874
0.000484452
-4.58857e-05
1.96423e-05
0.000563636
5.49254e-06
0.000573101
-1.45309e-05
0.000523897
0.000492572
-2.2651e-05
2.34419e-05
0.000564862
1.90193e-05
0.000577524
1.25512e-05
0.000530365
0.000488665
1.64587e-05
2.43918e-05
0.000563038
2.89954e-05
0.00057292
3.76039e-05
0.000521756
0.000461734
6.45339e-05
2.32781e-05
0.000558408
3.35754e-05
0.000562623
5.496e-05
0.000500372
0.00040028
0.000116414
2.04045e-05
0.000550147
3.81401e-05
0.000544887
7.3798e-05
0.000464714
0.000311393
0.000162686
1.45859e-05
0.000536324
4.45309e-05
0.000514942
0.000100928
0.000408317
0.000232256
0.000180065
4.75167e-06
0.000513909
4.96439e-05
0.00047005
0.000122909
0.000335051
0.000185075
0.00017009
-9.09265e-06
0.000481892
5.63434e-05
0.000404614
0.000126591
0.000264803
0.0001665
0.000145167
-1.38443e-05
0.000427089
5.84184e-05
0.000332351
0.000104511
0.00021871
0.000161844
0.000109167
-1.48389e-05
0.000346781
4.98043e-05
0.000267708
7.41934e-05
0.000194321
0.000159196
7.68414e-05
-2.86951e-05
0.000252014
2.41909e-05
0.000214822
4.33967e-05
0.000175116
0.000151837
5.07548e-05
-4.34548e-05
0.00017638
1.4624e-08
0.000171353
1.98853e-05
0.000155245
0.000140552
3.11707e-05
-4.39615e-05
0.00013179
-1.26635e-05
0.000140055
5.89432e-06
0.000136687
0.000128803
1.76433e-05
-3.52161e-05
0.00010774
-1.49066e-05
0.000119746
-4.95481e-07
0.000122276
0.000119291
9.01648e-06
-2.39886e-05
9.54573e-05
-1.22766e-05
0.000108034
-2.98168e-06
0.000112981
0.000112647
3.66298e-06
-1.01044e-05
-5.94162e-06
-2.27515e-06
5.629e-07
-1.81843e-05
2.09368e-06
-9.25428e-06
-2.7642e-05
-2.00037e-06
-2.05523e-05
5.10332e-07
-1.17585e-05
2.86289e-06
-1.05139e-05
3.90611e-06
-7.1836e-06
4.36333e-06
-4.73331e-06
4.43992e-06
-2.62259e-06
4.33758e-06
-9.15033e-07
4.09708e-06
4.76089e-07
3.76087e-06
1.64252e-06
3.3776e-06
2.55596e-06
2.9481e-06
3.31732e-06
2.48868e-06
3.92843e-06
2.00827e-06
4.40767e-06
1.51774e-06
4.77052e-06
1.01393e-06
5.0387e-06
5.04844e-07
5.15586e-06
5.30231e-06
-1.36451e-05
-2.80712e-05
-4.54849e-06
-3.67388e-05
-1.90111e-06
-2.31996e-05
2.39918e-06
-1.60589e-05
3.90634e-06
-1.20211e-05
4.77942e-06
-8.05684e-06
5.0713e-06
-5.02532e-06
5.06265e-06
-2.61386e-06
4.85007e-06
-7.02475e-07
4.51395e-06
8.12096e-07
4.11136e-06
2.04548e-06
3.65813e-06
3.0089e-06
3.17483e-06
3.80096e-06
2.66781e-06
4.4352e-06
2.14895e-06
4.92687e-06
1.61711e-06
5.30247e-06
1.07933e-06
5.57691e-06
5.35641e-07
5.69976e-06
5.83814e-06
-1.29854e-05
-6.82185e-05
-4.4221e-06
-4.53023e-05
2.27382e-07
-2.78492e-05
3.8331e-06
-1.96648e-05
5.24071e-06
-1.34288e-05
5.86285e-06
-8.67915e-06
5.9581e-06
-5.12063e-06
5.76146e-06
-2.41735e-06
5.40835e-06
-3.49558e-07
4.9604e-06
1.25978e-06
4.47412e-06
2.53182e-06
3.94423e-06
3.53858e-06
3.40643e-06
4.33901e-06
2.85248e-06
4.98867e-06
2.29e-06
5.48966e-06
1.72022e-06
5.87218e-06
1.14667e-06
6.15066e-06
5.68309e-07
6.27824e-06
6.40664e-06
-1.25911e-05
-0.000100064
-2.3574e-06
-5.55362e-05
3.41748e-06
-3.36242e-05
6.00821e-06
-2.22557e-05
6.96194e-06
-1.43827e-05
7.175e-06
-8.89233e-06
6.94908e-06
-4.89491e-06
6.51044e-06
-1.97875e-06
6.00788e-06
1.52666e-07
5.43161e-06
1.83604e-06
4.84708e-06
3.1163e-06
4.24754e-06
4.13804e-06
3.64171e-06
4.94506e-06
3.03993e-06
5.59028e-06
2.4334e-06
6.09633e-06
1.82559e-06
6.47988e-06
1.21579e-06
6.76057e-06
6.00023e-07
6.894e-06
7.00667e-06
-1.19187e-05
-9.40768e-05
2.79241e-06
-7.02475e-05
7.44873e-06
-3.82805e-05
8.8466e-06
-2.36536e-05
9.00784e-06
-1.45439e-05
8.60255e-06
-8.48697e-06
8.01255e-06
-4.30531e-06
7.34829e-06
-1.31442e-06
6.61956e-06
8.81614e-07
5.91014e-06
2.5455e-06
5.22428e-06
3.80221e-06
4.55038e-06
4.81218e-06
3.88207e-06
5.61349e-06
3.22793e-06
6.24439e-06
2.57872e-06
6.74554e-06
1.93135e-06
7.12729e-06
1.28391e-06
7.40821e-06
6.32476e-07
7.54546e-06
7.63901e-06
1.50857e-06
-6.75262e-05
1.06406e-05
-7.93796e-05
1.26276e-05
-4.02676e-05
1.2156e-05
-2.3182e-05
1.12461e-05
-1.36342e-05
1.02005e-05
-7.44124e-06
9.11675e-06
-3.22138e-06
8.12566e-06
-3.23417e-07
7.21242e-06
1.79518e-06
6.38795e-06
3.36969e-06
5.59829e-06
4.59167e-06
4.84605e-06
5.56442e-06
4.12045e-06
6.33918e-06
3.41683e-06
6.94807e-06
2.72196e-06
7.44044e-06
2.03288e-06
7.81655e-06
1.35173e-06
8.08964e-06
6.66127e-07
8.23116e-06
8.30509e-06
1.90944e-05
-3.54486e-05
1.93628e-05
-7.96481e-05
1.80426e-05
-3.89475e-05
1.56244e-05
-2.07637e-05
1.33884e-05
-1.13982e-05
1.16207e-05
-5.67361e-06
1.01474e-05
-1.74812e-06
8.87896e-06
9.4497e-07
7.81031e-06
2.86396e-06
6.84017e-06
4.33964e-06
5.94872e-06
5.48307e-06
5.13478e-06
6.37824e-06
4.35653e-06
7.11766e-06
3.60076e-06
7.70391e-06
2.86421e-06
8.17714e-06
2.14026e-06
8.54073e-06
1.42046e-06
8.80972e-06
6.97855e-07
8.95382e-06
9.00313e-06
3.28443e-05
-9.01503e-06
2.76856e-05
-7.44896e-05
2.31997e-05
-3.44617e-05
1.86973e-05
-1.62612e-05
1.55024e-05
-8.20344e-06
1.29941e-05
-3.16522e-06
1.1112e-05
1.3373e-07
9.61772e-06
2.43956e-06
8.33333e-06
4.14854e-06
7.2515e-06
5.42148e-06
6.29574e-06
6.43901e-06
5.40872e-06
7.26519e-06
4.57865e-06
7.94817e-06
3.77818e-06
8.50446e-06
3.00029e-06
8.95526e-06
2.23582e-06
9.30538e-06
1.48468e-06
9.56105e-06
7.30622e-07
9.70787e-06
9.73399e-06
4.38818e-05
1.03211e-05
3.43e-05
-6.49079e-05
2.73511e-05
-2.75131e-05
2.12476e-05
-1.01579e-05
1.71683e-05
-4.12418e-06
1.41659e-05
-1.62907e-07
1.19446e-05
2.35492e-06
1.01939e-05
4.19044e-06
8.80445e-06
5.53808e-06
7.63094e-06
6.59473e-06
6.59867e-06
7.47138e-06
5.65662e-06
8.2072e-06
4.77976e-06
8.82536e-06
3.94581e-06
9.33848e-06
3.13289e-06
9.7684e-06
2.33727e-06
1.01011e-05
1.54982e-06
1.03486e-05
7.62127e-07
1.04956e-05
1.04962e-05
5.32943e-05
2.49715e-05
3.89381e-05
-5.05517e-05
3.01259e-05
-1.87012e-05
2.31807e-05
-3.21264e-06
1.83386e-05
7.17915e-07
1.4968e-05
3.20767e-06
1.24969e-05
4.82582e-06
1.06371e-05
6.05025e-06
9.1781e-06
6.99717e-06
7.94828e-06
7.82419e-06
6.86843e-06
8.55124e-06
5.89227e-06
9.18337e-06
4.97732e-06
9.74036e-06
4.09993e-06
1.02159e-05
3.25724e-06
1.06112e-05
2.42983e-06
1.09286e-05
1.61145e-06
1.11671e-05
7.93893e-07
1.13134e-05
1.12902e-05
6.0414e-05
4.03099e-05
4.17801e-05
-3.19178e-05
3.15504e-05
-8.47169e-06
2.39022e-05
4.43577e-06
1.87971e-05
5.82268e-06
1.53482e-05
6.65681e-06
1.28259e-05
7.34801e-06
1.09494e-05
7.92692e-06
9.4563e-06
8.49032e-06
8.18639e-06
9.09401e-06
7.09461e-06
9.64317e-06
6.09206e-06
1.0186e-05
5.14948e-06
1.06829e-05
4.25161e-06
1.11138e-05
3.37594e-06
1.14869e-05
2.51593e-06
1.17886e-05
1.67053e-06
1.20125e-05
8.25119e-07
1.21592e-05
1.21154e-05
6.36078e-05
6.59255e-05
4.1426e-05
-9.73611e-06
3.09558e-05
1.99845e-06
2.36358e-05
1.17559e-05
1.87105e-05
1.07478e-05
1.53568e-05
1.00105e-05
1.29574e-05
9.74724e-06
1.11113e-05
9.77319e-06
9.62801e-06
9.97342e-06
8.38965e-06
1.03324e-05
7.28145e-06
1.07517e-05
6.26775e-06
1.11998e-05
5.31258e-06
1.16382e-05
4.38735e-06
1.20391e-05
3.4866e-06
1.23877e-05
2.60352e-06
1.26716e-05
1.72711e-06
1.28889e-05
8.55362e-07
1.30313e-05
1.29709e-05
5.79026e-05
0.000102142
3.73441e-05
1.08222e-05
2.83758e-05
1.09667e-05
2.24402e-05
1.76916e-05
1.8037e-05
1.51509e-05
1.50109e-05
1.30364e-05
1.28104e-05
1.19478e-05
1.1113e-05
1.14705e-05
9.71108e-06
1.13752e-05
8.53841e-06
1.1505e-05
7.46394e-06
1.18265e-05
6.452e-06
1.22117e-05
5.47964e-06
1.26108e-05
4.53313e-06
1.29858e-05
3.60789e-06
1.33129e-05
2.69311e-06
1.35864e-05
1.78641e-06
1.37956e-05
8.86021e-07
1.39318e-05
1.3857e-05
4.27081e-05
0.000133345
3.05582e-05
2.29719e-05
2.46322e-05
1.68923e-05
2.01945e-05
2.21295e-05
1.68099e-05
1.85353e-05
1.43528e-05
1.54932e-05
1.24796e-05
1.38213e-05
1.10412e-05
1.29087e-05
9.80847e-06
1.26081e-05
8.67665e-06
1.26368e-05
7.62005e-06
1.28834e-05
6.60754e-06
1.32242e-05
5.62451e-06
1.3594e-05
4.66232e-06
1.39481e-05
3.71315e-06
1.42621e-05
2.771e-06
1.45286e-05
1.84125e-06
1.47252e-05
9.1392e-07
1.48593e-05
1.47709e-05
2.68046e-05
0.000148439
2.27904e-05
2.6986e-05
2.01281e-05
1.95544e-05
1.75742e-05
2.46836e-05
1.5233e-05
2.08765e-05
1.34608e-05
1.72654e-05
1.21164e-05
1.51659e-05
1.09166e-05
1.41081e-05
9.82054e-06
1.37044e-05
8.76905e-06
1.36883e-05
7.74926e-06
1.39033e-05
6.74786e-06
1.42257e-05
5.75894e-06
1.45831e-05
4.78105e-06
1.49261e-05
3.81009e-06
1.52331e-05
2.84999e-06
1.54888e-05
1.89259e-06
1.56826e-05
9.40073e-07
1.5812e-05
1.57108e-05
1.6326e-05
0.000157251
1.53311e-05
2.7981e-05
1.53078e-05
1.95774e-05
1.45916e-05
2.53999e-05
1.34904e-05
2.19776e-05
1.25264e-05
1.82293e-05
1.16465e-05
1.60458e-05
1.07345e-05
1.50198e-05
9.80299e-06
1.46361e-05
8.84454e-06
1.46467e-05
7.86812e-06
1.48798e-05
6.88043e-06
1.52135e-05
5.88902e-06
1.55746e-05
4.8963e-06
1.59188e-05
3.90703e-06
1.62224e-05
2.92328e-06
1.64727e-05
1.94171e-06
1.66642e-05
9.65027e-07
1.6789e-05
1.66758e-05
9.20842e-06
0.000174738
8.91065e-06
2.82786e-05
1.07991e-05
1.76889e-05
1.17244e-05
2.44744e-05
1.17609e-05
2.19411e-05
1.16025e-05
1.83875e-05
1.11686e-05
1.64799e-05
1.05542e-05
1.56342e-05
9.79115e-06
1.53992e-05
8.92417e-06
1.55136e-05
7.99051e-06
1.58137e-05
7.01445e-06
1.61895e-05
6.01771e-06
1.65714e-05
5.01005e-06
1.69265e-05
4.00127e-06
1.72312e-05
2.99529e-06
1.74788e-05
1.98859e-06
1.76709e-05
9.89029e-07
1.77888e-05
1.7665e-05
6.27132e-07
0.000196176
2.77238e-06
2.61334e-05
6.53136e-06
1.39297e-05
8.97044e-06
2.20351e-05
1.02733e-05
2.06382e-05
1.07585e-05
1.79021e-05
1.07756e-05
1.64628e-05
1.04296e-05
1.59801e-05
9.81718e-06
1.60117e-05
9.02837e-06
1.63022e-05
8.12708e-06
1.67152e-05
7.15643e-06
1.716e-05
6.14911e-06
1.75787e-05
5.12507e-06
1.79507e-05
4.09385e-06
1.82626e-05
3.06226e-06
1.85105e-05
2.03786e-06
1.86954e-05
1.01257e-06
1.88142e-05
1.86777e-05
-8.42565e-06
0.000212614
-2.91382e-06
2.06216e-05
2.73788e-06
8.2778e-06
6.68296e-06
1.80897e-05
8.90299e-06
1.8418e-05
1.00904e-05
1.67146e-05
1.0521e-05
1.60324e-05
1.04051e-05
1.60957e-05
9.90889e-06
1.6508e-05
9.17487e-06
1.70361e-05
8.28938e-06
1.7601e-05
7.31135e-06
1.81378e-05
6.28809e-06
1.86021e-05
5.24131e-06
1.89976e-05
4.1859e-06
1.93183e-05
3.13191e-06
1.95647e-05
2.08217e-06
1.97453e-05
1.035e-06
1.98615e-05
1.97128e-05
-1.38459e-05
0.000220215
-7.84358e-06
1.46191e-05
-4.43681e-07
8.77894e-07
4.71163e-06
1.29341e-05
7.98208e-06
1.51477e-05
9.72646e-06
1.497e-05
1.04716e-05
1.52872e-05
1.05148e-05
1.60524e-05
1.00972e-05
1.69258e-05
9.38011e-06
1.77533e-05
8.48757e-06
1.84938e-05
7.48324e-06
1.9142e-05
6.43508e-06
1.96504e-05
5.35959e-06
2.00733e-05
4.2788e-06
2.03994e-05
3.19922e-06
2.06445e-05
2.12525e-06
2.08195e-05
1.05642e-06
2.09304e-05
2.07693e-05
-2.12467e-05
0.000225524
-1.26394e-05
6.01189e-06
-3.01362e-06
-8.74788e-06
3.57758e-06
6.3426e-06
7.5445e-06
1.11808e-05
9.7543e-06
1.27603e-05
1.06963e-05
1.43451e-05
1.0808e-05
1.59408e-05
1.03918e-05
1.73423e-05
9.65014e-06
1.84951e-05
8.71524e-06
1.9429e-05
7.68454e-06
2.01727e-05
6.59168e-06
2.07436e-05
5.48173e-06
2.11833e-05
4.36977e-06
2.15116e-05
3.26336e-06
2.17512e-05
2.16657e-06
2.19165e-05
1.0764e-06
2.20208e-05
2.18457e-05
-2.87075e-05
0.000230637
-1.70603e-05
-5.63526e-06
-4.66613e-06
-2.1142e-05
3.2725e-06
-1.59593e-06
7.86678e-06
6.58628e-06
1.02788e-05
1.03485e-05
1.12414e-05
1.33826e-05
1.13066e-05
1.58757e-05
1.08091e-05
1.784e-05
9.99347e-06
1.93108e-05
8.99198e-06
2.04306e-05
7.89542e-06
2.12694e-05
6.75652e-06
2.18826e-05
5.60317e-06
2.23367e-05
4.45865e-06
2.26562e-05
3.32471e-06
2.28853e-05
2.20486e-06
2.30366e-05
1.09487e-06
2.31309e-05
2.29407e-05
-3.65347e-05
0.000232502
-2.00272e-05
-2.21429e-05
-4.95154e-06
-3.62177e-05
4.17833e-06
-1.07258e-05
9.03557e-06
1.72904e-06
1.13564e-05
8.02736e-06
1.21393e-05
1.25994e-05
1.20188e-05
1.59962e-05
1.13555e-05
1.85035e-05
1.04101e-05
2.02562e-05
9.30172e-06
2.1539e-05
8.1248e-06
2.24465e-05
6.92154e-06
2.30861e-05
5.72524e-06
2.35331e-05
4.5434e-06
2.38381e-05
3.38039e-06
2.40485e-05
2.23913e-06
2.41781e-05
1.11114e-06
2.4259e-05
2.4052e-05
-4.16039e-05
0.000226977
-1.94538e-05
-4.4293e-05
-3.37494e-06
-5.22965e-05
6.62216e-06
-2.07233e-05
1.11877e-05
-2.83644e-06
1.30301e-05
6.18493e-06
1.33716e-05
1.22579e-05
1.29214e-05
1.64462e-05
1.20344e-05
1.93906e-05
1.08899e-05
2.14007e-05
9.64242e-06
2.27866e-05
8.36274e-06
2.37262e-05
7.08743e-06
2.43614e-05
5.83787e-06
2.47828e-05
4.61752e-06
2.50586e-05
3.43101e-06
2.52352e-05
2.26836e-06
2.5341e-05
1.12452e-06
2.54029e-05
2.51766e-05
-3.68393e-05
0.000211677
-1.42414e-05
-6.68911e-05
3.27739e-06
-6.98154e-05
1.10992e-05
-2.85451e-05
1.43671e-05
-6.10419e-06
1.52594e-05
5.29259e-06
1.49547e-05
1.25628e-05
1.40163e-05
1.73842e-05
1.27854e-05
2.06216e-05
1.14093e-05
2.27766e-05
9.99753e-06
2.41985e-05
8.60122e-06
2.51225e-05
7.24492e-06
2.57177e-05
5.93889e-06
2.60888e-05
4.68195e-06
2.63157e-05
3.46916e-06
2.64481e-05
2.29009e-06
2.65203e-05
1.1341e-06
2.65589e-05
2.63108e-05
-1.79761e-05
0.000183768
2.83581e-06
-8.77033e-05
1.32722e-05
-8.02521e-05
1.73627e-05
-3.26356e-05
1.8466e-05
-7.20755e-06
1.79336e-05
5.82501e-06
1.67898e-05
1.37066e-05
1.52501e-05
1.89238e-05
1.35954e-05
2.22762e-05
1.19453e-05
2.44266e-05
1.03467e-05
2.57972e-05
8.82358e-06
2.66455e-05
7.38425e-06
2.7157e-05
6.02236e-06
2.74507e-05
4.72973e-06
2.76085e-05
3.49464e-06
2.76834e-05
2.30257e-06
2.77127e-05
1.13844e-06
2.77232e-05
2.74494e-05
7.07787e-06
0.000154038
2.3693e-05
-0.000104318
2.61128e-05
-8.26719e-05
2.49379e-05
-3.14607e-05
2.31245e-05
-5.39431e-06
2.10809e-05
7.86855e-06
1.87566e-05
1.60308e-05
1.65133e-05
2.11669e-05
1.44087e-05
2.43809e-05
1.24585e-05
2.63767e-05
1.06667e-05
2.7589e-05
9.01675e-06
2.82955e-05
7.49444e-06
2.86794e-05
6.07994e-06
2.88652e-05
4.75648e-06
2.89321e-05
3.50384e-06
2.89361e-05
2.30441e-06
2.89123e-05
1.13742e-06
2.88904e-05
2.85869e-05
4.26502e-05
0.000127847
4.82791e-05
-0.000109948
4.029e-05
-7.46828e-05
3.31048e-05
-2.42757e-05
2.81581e-05
-4.47655e-07
2.41499e-05
1.18766e-05
2.069e-05
1.94907e-05
1.77265e-05
2.41302e-05
1.51601e-05
2.69472e-05
1.29156e-05
2.86212e-05
1.09338e-05
2.95708e-05
9.16159e-06
3.00678e-05
7.56303e-06
3.02781e-05
6.10394e-06
3.03244e-05
4.7562e-06
3.028e-05
3.49377e-06
3.01987e-05
2.29272e-06
3.01136e-05
1.12996e-06
3.00535e-05
2.97169e-05
8.79753e-05
0.000104406
7.39898e-05
-9.5962e-05
5.37437e-05
-5.44368e-05
4.08805e-05
-1.14124e-05
3.29071e-05
7.52582e-06
2.69844e-05
1.77992e-05
2.24269e-05
2.40482e-05
1.87847e-05
2.77724e-05
1.57894e-05
2.99425e-05
1.32725e-05
3.11382e-05
1.112e-05
3.17233e-05
9.24111e-06
3.19468e-05
7.57852e-06
3.19407e-05
6.08593e-06
3.18172e-05
4.72346e-06
3.16426e-05
3.45988e-06
3.14624e-05
2.26605e-06
3.13075e-05
1.11531e-06
3.12046e-05
3.08322e-05
0.0001296
9.12195e-05
9.48305e-05
-6.11923e-05
6.44314e-05
-2.40378e-05
4.73295e-05
5.68951e-06
3.67147e-05
1.81407e-05
2.92838e-05
2.52301e-05
2.38038e-05
2.95282e-05
1.95911e-05
3.19851e-05
1.62386e-05
3.32949e-05
1.34939e-05
3.3883e-05
1.11959e-05
3.40213e-05
9.23594e-06
3.39069e-05
7.52936e-06
3.36472e-05
6.01726e-06
3.33294e-05
4.65311e-06
3.30068e-05
3.39863e-06
3.2717e-05
2.22228e-06
3.2484e-05
1.09234e-06
3.23348e-05
3.19246e-05
0.00015852
9.53856e-05
0.000105988
-8.66044e-06
7.07072e-05
1.12425e-05
5.14858e-05
2.49109e-05
3.92719e-05
3.03547e-05
3.08196e-05
3.36823e-05
2.46961e-05
3.56517e-05
2.00663e-05
3.66148e-05
1.64486e-05
3.69126e-05
1.35415e-05
3.67903e-05
1.11447e-05
3.64182e-05
9.13332e-06
3.59184e-05
7.4055e-06
3.53749e-05
5.89249e-06
3.48425e-05
4.54079e-06
3.43585e-05
3.30823e-06
3.39498e-05
2.15922e-06
3.36331e-05
1.06069e-06
3.34334e-05
3.29854e-05
0.000160844
0.000114607
0.000105052
4.71308e-05
7.2033e-05
4.4262e-05
5.30332e-05
4.39107e-05
4.03503e-05
4.30378e-05
3.14651e-05
4.25674e-05
2.50074e-05
4.21095e-05
2.01483e-05
4.14738e-05
1.63822e-05
4.06786e-05
1.33876e-05
3.97851e-05
1.09493e-05
3.88565e-05
8.92039e-06
3.79474e-05
7.19901e-06
3.70962e-05
5.70567e-06
3.63359e-05
4.38314e-06
3.56811e-05
3.18554e-06
3.51476e-05
2.07585e-06
3.47429e-05
1.01917e-06
3.44902e-05
3.40046e-05
0.000140766
0.00014393
9.67955e-05
9.11019e-05
6.96364e-05
7.14212e-05
5.21753e-05
6.13717e-05
3.99571e-05
5.52561e-05
3.11723e-05
5.13522e-05
2.47024e-05
4.85793e-05
1.9811e-05
4.63652e-05
1.60226e-05
4.44671e-05
1.30221e-05
4.27855e-05
1.0595e-05
4.12835e-05
8.59123e-06
3.99512e-05
6.9039e-06
3.87834e-05
5.45314e-06
3.77866e-05
4.17768e-06
3.69566e-05
3.03008e-06
3.62953e-05
1.97132e-06
3.58018e-05
9.6757e-07
3.54939e-05
3.49722e-05
0.000115897
0.0001732
8.57828e-05
0.000121216
6.45186e-05
9.26853e-05
4.93675e-05
7.65227e-05
3.82495e-05
6.63742e-05
3.00007e-05
5.96009e-05
2.37952e-05
5.47848e-05
1.90501e-05
5.11103e-05
1.53584e-05
4.81588e-05
1.2435e-05
4.57089e-05
1.00776e-05
4.36407e-05
8.14204e-06
4.18867e-05
6.51957e-06
4.04059e-05
5.13392e-06
3.91722e-05
3.92324e-06
3.81674e-05
2.84009e-06
3.73786e-05
1.84513e-06
3.67969e-05
9.05613e-07
3.64335e-05
3.58779e-05
9.20055e-05
0.000190362
7.32835e-05
0.000139938
5.75078e-05
0.000108461
4.50948e-05
8.89357e-05
3.5473e-05
7.5996e-05
2.80523e-05
6.70214e-05
2.23314e-05
6.05057e-05
1.78882e-05
5.55533e-05
1.44023e-05
5.16448e-05
1.16322e-05
4.84789e-05
9.39926e-06
4.58736e-05
7.5703e-06
4.37156e-05
6.04463e-06
4.19316e-05
4.74733e-06
4.04694e-05
3.62015e-06
3.92947e-05
2.61689e-06
3.83819e-05
1.69765e-06
3.77162e-05
8.33224e-07
3.7298e-05
3.67112e-05
7.09587e-05
0.000196245
6.0463e-05
0.000150433
4.94823e-05
0.000119442
3.98531e-05
9.85649e-05
3.18851e-05
8.39638e-05
2.5475e-05
7.34314e-05
2.03864e-05
6.55942e-05
1.63626e-05
5.9577e-05
1.31707e-05
5.48367e-05
1.06221e-05
5.10274e-05
8.56588e-06
4.79298e-05
6.88296e-06
4.53984e-05
5.48386e-06
4.33307e-05
4.29717e-06
4.16561e-05
3.27044e-06
4.03214e-05
2.35778e-06
3.92946e-05
1.52948e-06
3.85446e-05
7.50582e-07
3.8077e-05
3.74618e-05
5.28638e-05
0.000194136
4.8172e-05
0.000155125
4.115e-05
0.000126464
3.40661e-05
0.000105649
2.77414e-05
9.02885e-05
2.24066e-05
7.87662e-05
1.8043e-05
6.99577e-05
1.45241e-05
6.30959e-05
1.16997e-05
5.7661e-05
9.42895e-06
5.32982e-05
7.59101e-06
4.97678e-05
6.08744e-06
4.69018e-05
4.83951e-06
4.45786e-05
3.78558e-06
4.27101e-05
2.87586e-06
4.12312e-05
2.07209e-06
4.00984e-05
1.34009e-06
3.92767e-05
6.59085e-07
3.87581e-05
3.81209e-05
3.78109e-05
0.000187496
3.70086e-05
0.000155928
3.29998e-05
0.000130473
2.8069e-05
0.00011058
2.32567e-05
9.51007e-05
1.89892e-05
8.30335e-05
1.53863e-05
7.35606e-05
1.24227e-05
6.60594e-05
1.0017e-05
6.00668e-05
8.06947e-06
5.52458e-05
6.48806e-06
5.13492e-05
5.19421e-06
4.81956e-05
4.12223e-06
4.56505e-05
3.21891e-06
4.36134e-05
2.44063e-06
4.20095e-05
1.75648e-06
4.07826e-05
1.13608e-06
3.98972e-05
5.57597e-07
3.93367e-05
3.86785e-05
2.58381e-05
0.000179301
2.72482e-05
0.000154518
2.53218e-05
0.000132399
2.20899e-05
0.000113812
1.85971e-05
9.85934e-05
1.53344e-05
8.6296e-05
1.24958e-05
7.63991e-05
1.01171e-05
6.84382e-05
8.16322e-06
6.20208e-05
6.57198e-06
5.68371e-05
5.27702e-06
5.26442e-05
4.21709e-06
4.92555e-05
3.34027e-06
4.65273e-05
2.60343e-06
4.43502e-05
1.97137e-06
4.26416e-05
1.41637e-06
4.13377e-05
9.14644e-07
4.0399e-05
4.49952e-07
3.98014e-05
3.91285e-05
1.66156e-05
0.000171702
1.88744e-05
0.000152259
1.82216e-05
0.000133052
1.62591e-05
0.000115774
1.38758e-05
0.000100977
1.15347e-05
8.8637e-05
9.43843e-06
7.84954e-05
7.65314e-06
7.02236e-05
6.1732e-06
6.35009e-05
4.96282e-06
5.80475e-05
3.97654e-06
5.36304e-05
3.17057e-06
5.00614e-05
2.50542e-06
4.71924e-05
1.94842e-06
4.49072e-05
1.47269e-06
4.31174e-05
1.05604e-06
4.17544e-05
6.80713e-07
4.07743e-05
3.36556e-07
4.01456e-05
3.9465e-05
9.51545e-06
0.00016585
1.17068e-05
0.000150068
1.17243e-05
0.000133035
1.06723e-05
0.000116826
9.20456e-06
0.000102444
7.68597e-06
9.01557e-05
6.29339e-06
7.98881e-05
5.0936e-06
7.14236e-05
4.09444e-06
6.45001e-05
3.27722e-06
5.88647e-05
2.61341e-06
5.42942e-05
2.07355e-06
5.06012e-05
1.63112e-06
4.76348e-05
1.26351e-06
4.52749e-05
9.52031e-07
4.34289e-05
6.80508e-07
4.2026e-05
4.38921e-07
4.10159e-05
2.15716e-07
4.03688e-05
3.96807e-05
3.27731e-06
4.44832e-06
4.61885e-06
4.26366e-06
3.68615e-06
3.06551e-06
2.49032e-06
1.99589e-06
1.5876e-06
1.25757e-06
9.93082e-07
7.80976e-07
6.09536e-07
4.69021e-07
3.5154e-07
2.50356e-07
1.60883e-07
7.94225e-08
)
;

boundaryField
{
    leftWall
    {
        type            calculated;
        value           uniform 0;
    }
    rightWall
    {
        type            calculated;
        value           uniform 0;
    }
    lowerWall
    {
        type            calculated;
        value           uniform 0;
    }
    atmosphere
    {
        type            calculated;
        value           nonuniform List<scalar> 
46
(
-0.000134823
-0.00013498
-0.000134415
-0.000133492
-0.000132176
-0.000130436
-0.000128225
-0.000125484
-0.000122138
-0.000118093
-0.000113226
-0.000107398
-0.000100443
-9.2177e-05
-8.23801e-05
-7.07949e-05
-5.7132e-05
-4.10883e-05
-2.23709e-05
-7.23653e-07
2.22397e-05
4.3946e-05
6.32732e-05
9.16164e-05
0.000103871
0.000109315
0.000109809
0.000163135
0.000148897
0.000132864
0.000117181
0.000103022
9.07764e-05
8.04633e-05
7.19181e-05
6.49084e-05
5.91947e-05
5.45586e-05
5.08133e-05
4.78062e-05
4.54154e-05
4.35464e-05
4.21272e-05
4.11054e-05
4.04502e-05
3.97601e-05
)
;
    }
    defaultFaces
    {
        type            empty;
        value           nonuniform List<scalar> 0();
    }
}


// ************************************************************************* //
