/*--------------------------------*- C++ -*----------------------------------*\
| =========                 |                                                 |
| \\      /  F ield         | OpenFOAM: The Open Source CFD Toolbox           |
|  \\    /   O peration     | Version:  2206                                  |
|   \\  /    A nd           | Website:  www.openfoam.com                      |
|    \\/     M anipulation  |                                                 |
\*---------------------------------------------------------------------------*/
FoamFile
{
    version     2.0;
    format      ascii;
    arch        "LSB;label=32;scalar=64";
    class       surfaceScalarField;
    location    "0.8";
    object      phi;
}
// * * * * * * * * * * * * * * * * * * * * * * * * * * * * * * * * * * * * * //

dimensions      [0 3 -1 0 0 0 0];

oriented        oriented;

internalField   nonuniform List<scalar> 
4432
(
-2.49064e-07
2.49064e-07
2.7019e-06
-2.95096e-06
6.32076e-06
-3.61886e-06
8.77239e-06
-2.45163e-06
9.98642e-06
-1.21403e-06
1.0392e-05
-4.05632e-07
1.04444e-05
-5.23803e-08
1.03836e-05
6.08411e-08
1.02846e-05
9.89622e-08
1.01256e-05
1.59044e-07
9.86353e-06
2.6202e-07
9.47231e-06
3.91209e-07
8.95661e-06
5.15698e-07
8.34603e-06
6.10575e-07
7.68656e-06
6.59469e-07
7.04502e-06
6.41529e-07
6.56641e-06
4.7861e-07
6.44101e-06
1.254e-07
6.98403e-06
-5.43016e-07
8.10094e-06
-1.11691e-06
1.07734e-05
-2.67244e-06
1.2414e-05
-1.64062e-06
1.2414e-05
-1.73659e-07
4.22721e-07
2.7563e-06
-5.88092e-06
5.94974e-06
-6.8123e-06
8.1341e-06
-4.63599e-06
9.2644e-06
-2.34433e-06
9.76706e-06
-9.0828e-07
1.00134e-05
-2.98736e-07
1.02191e-05
-1.44826e-07
1.04315e-05
-1.13481e-07
1.06338e-05
-4.31881e-08
1.08238e-05
7.206e-08
1.09985e-05
2.16466e-07
1.11602e-05
3.54026e-07
1.13319e-05
4.3885e-07
1.15631e-05
4.28284e-07
1.19377e-05
2.66906e-07
1.2521e-05
-1.04668e-07
1.35057e-05
-8.59275e-07
1.49256e-05
-1.96294e-06
1.75341e-05
-3.72543e-06
1.98357e-05
-4.97406e-06
1.45228e-05
3.67229e-06
2.69368e-05
1.73521e-07
2.492e-07
2.77641e-06
-8.48382e-06
5.47844e-06
-9.51434e-06
7.42666e-06
-6.58422e-06
8.6714e-06
-3.58907e-06
9.51084e-06
-1.74772e-06
1.01619e-05
-9.49807e-07
1.06873e-05
-6.70274e-07
1.10794e-05
-5.05515e-07
1.13238e-05
-2.87664e-07
1.14193e-05
-2.33847e-08
1.13327e-05
3.0302e-07
1.11166e-05
5.70156e-07
1.07998e-05
7.55607e-07
1.04117e-05
8.16425e-07
9.99438e-06
6.84212e-07
9.5785e-06
3.11214e-07
9.21117e-06
-4.91938e-07
8.97972e-06
-1.7315e-06
9.73533e-06
-4.48103e-06
9.03475e-06
-4.27348e-06
3.60954e-06
9.0975e-06
3.05463e-05
5.44382e-07
-2.95182e-07
2.65909e-06
-1.05985e-05
5.03554e-06
-1.18908e-05
6.96864e-06
-8.51732e-06
8.4934e-06
-5.11383e-06
9.79326e-06
-3.04758e-06
1.08977e-05
-2.05429e-06
1.17888e-05
-1.56134e-06
1.2438e-05
-1.15472e-06
1.28196e-05
-6.6921e-07
1.28765e-05
-8.02679e-08
1.26843e-05
4.9522e-07
1.21704e-05
1.08401e-06
1.13054e-05
1.62055e-06
1.00801e-05
2.04176e-06
8.47559e-06
2.28873e-06
6.46539e-06
2.3214e-06
3.85074e-06
2.12271e-06
4.2156e-07
1.69768e-06
-4.52846e-06
4.68991e-07
-9.33608e-06
5.34135e-07
-8.89336e-06
8.65478e-06
2.1653e-05
3.66411e-07
-6.61596e-07
1.65741e-06
-1.18895e-05
4.15803e-06
-1.43914e-05
6.72358e-06
-1.10829e-05
9.00595e-06
-7.3962e-06
1.10642e-05
-5.10585e-06
1.28009e-05
-3.79098e-06
1.4093e-05
-2.85348e-06
1.48843e-05
-1.94597e-06
1.51944e-05
-9.7933e-07
1.51602e-05
-4.60728e-08
1.47678e-05
8.87592e-07
1.41058e-05
1.74605e-06
1.31458e-05
2.58051e-06
1.18413e-05
3.34628e-06
1.01379e-05
3.99212e-06
7.95697e-06
4.50237e-06
5.15435e-06
4.92533e-06
1.39177e-06
5.46026e-06
-3.84131e-06
5.70207e-06
-8.60538e-06
5.29821e-06
-7.32429e-06
7.37369e-06
1.43287e-05
-3.01953e-08
-6.314e-07
4.00259e-07
-1.232e-05
3.22025e-06
-1.72114e-05
7.25504e-06
-1.51177e-05
1.07339e-05
-1.08751e-05
1.34214e-05
-7.7933e-06
1.55473e-05
-5.91691e-06
1.71419e-05
-4.44808e-06
1.82092e-05
-3.0133e-06
1.89089e-05
-1.67904e-06
1.9243e-05
-3.80112e-07
1.92289e-05
9.01688e-07
1.85913e-05
2.38359e-06
1.71529e-05
4.01899e-06
1.49163e-05
5.58281e-06
1.20894e-05
6.81902e-06
8.94532e-06
7.64648e-06
5.73542e-06
8.13523e-06
2.78436e-06
8.41131e-06
7.60238e-07
7.72619e-06
-3.11883e-07
6.37033e-06
4.88955e-07
6.57285e-06
1.48176e-05
3.46776e-06
-4.09916e-06
5.0732e-06
-1.39254e-05
8.22678e-06
-2.0365e-05
1.32437e-05
-2.01346e-05
1.80521e-05
-1.56834e-05
2.16553e-05
-1.13965e-05
2.43463e-05
-8.60798e-06
2.60785e-05
-6.18024e-06
2.62571e-05
-3.19194e-06
2.48432e-05
-2.65139e-07
2.27318e-05
1.7313e-06
2.06156e-05
3.01794e-06
1.85868e-05
4.41238e-06
1.61252e-05
6.48059e-06
1.29221e-05
8.78589e-06
9.23374e-06
1.05074e-05
5.5728e-06
1.13074e-05
2.7458e-06
1.09622e-05
1.07376e-06
1.00833e-05
1.31591e-06
7.48404e-06
3.33873e-06
4.34751e-06
4.01874e-06
5.89284e-06
1.88364e-05
1.23758e-05
-1.6475e-05
2.14834e-05
-2.3033e-05
2.62878e-05
-2.51693e-05
2.99341e-05
-2.3781e-05
3.33801e-05
-1.91294e-05
3.59636e-05
-1.398e-05
3.75897e-05
-1.02341e-05
3.84869e-05
-7.07738e-06
3.72226e-05
-1.92767e-06
3.41243e-05
2.83321e-06
3.03675e-05
5.48809e-06
2.66935e-05
6.69192e-06
2.30624e-05
8.04345e-06
1.94098e-05
1.01332e-05
1.61662e-05
1.20295e-05
1.35972e-05
1.30763e-05
1.17047e-05
1.31999e-05
1.08917e-05
1.17752e-05
1.20097e-05
8.96534e-06
1.3862e-05
5.63173e-06
1.11588e-05
7.05074e-06
1.16193e-07
1.69354e-05
1.89526e-05
2.49226e-05
-2.49226e-05
-1.16343e-06
2.6086e-05
-0.000103521
0.000102357
-0.000176681
7.31606e-05
-5.40185e-05
-0.000122663
7.97201e-05
-0.000133739
0.000181265
-0.000101545
0.000255253
-7.39884e-05
0.000261074
-5.82122e-06
0.000147934
0.000113141
6.24029e-05
8.55307e-05
2.9158e-05
3.32449e-05
4.44622e-05
-1.53041e-05
8.6143e-05
-4.16808e-05
0.00013736
-5.12167e-05
0.000118621
1.8739e-05
6.29707e-05
5.56499e-05
4.82966e-06
5.81411e-05
4.82966e-06
2.01262e-05
-4.50488e-05
6.8128e-07
4.55309e-05
-5.53419e-05
0.000158381
-1.65073e-05
3.4326e-05
9.88768e-05
-0.000238047
0.000168743
-0.000203605
0.000201036
-0.000133838
0.000193293
-6.62454e-05
0.000120187
6.72842e-05
9.15544e-05
0.000141774
9.40607e-05
8.30243e-05
7.23434e-05
5.49622e-05
6.04664e-05
-3.42711e-06
0.000110181
-9.13953e-05
0.000195165
-0.000136201
0.000218011
-4.10669e-06
0.000136126
0.000137535
4.23105e-05
0.000151957
4.71401e-05
3.05941e-05
-7.56428e-05
4.53943e-05
3.07307e-05
6.85459e-05
0.000135229
0.000134619
-3.17468e-05
0.000122275
-0.000225703
9.87917e-05
-0.000180121
1.53907e-05
-5.04367e-05
-3.29836e-05
-1.78711e-05
-6.24039e-05
9.67046e-05
-7.29866e-05
0.000152357
-9.14237e-05
0.000101461
-5.59914e-05
1.953e-05
5.61871e-05
-0.000115606
0.00010989
-0.000145098
0.000151321
-0.000177632
0.000248262
-0.000101047
0.000208296
0.000177501
5.97647e-05
0.000300488
0.000106905
1.91354e-05
-9.47782e-05
5.28146e-05
-2.94847e-06
0.000151505
3.65384e-05
0.000210338
-9.05797e-05
0.000140803
-0.000156168
-3.25439e-05
-6.7747e-06
-0.000133717
5.07367e-05
-0.000199098
4.75092e-05
-0.000247474
0.000145081
-0.000294271
0.000199153
-0.00030223
0.000109421
-0.000211882
-7.08185e-05
-0.000122488
-0.000204999
-4.2795e-05
-0.000224791
7.38652e-05
-0.000294292
0.00017912
-0.000206303
0.000212527
0.000144094
3.921e-05
0.000473805
0.000146115
-1.69984e-06
-9.30784e-05
8.24013e-05
-8.70496e-05
0.000199587
-8.06471e-05
0.000218352
-0.000109345
1.25766e-05
4.96073e-05
-0.00018032
0.000186122
-0.000232511
0.000102927
-0.000295274
0.000110273
-0.000354188
0.000203996
-0.000355715
0.00020068
-0.000305319
5.90237e-05
-0.000252674
-0.000123464
-0.000273611
-0.000184062
-0.000157462
-0.00034094
6.47243e-06
-0.000458227
0.000120219
-0.000320049
0.000128431
0.000135882
1.58098e-05
0.000586426
0.000161925
1.26557e-05
-0.000105734
0.000104946
-0.000179339
0.000180695
-0.000156397
4.96808e-05
2.16694e-05
-0.000239131
0.000338419
-0.000269008
0.000215999
-0.000267112
0.000101031
-0.000298622
0.000141784
-0.000339299
0.000244672
-0.000333248
0.00019463
-0.000294335
2.01106e-05
-0.000307073
-0.000110725
-0.000329683
-0.000161453
-0.000199425
-0.000471197
-6.5071e-05
-0.000592581
2.57416e-05
-0.000410862
3.51443e-05
0.000126479
-1.1531e-07
0.000621686
0.000161809
2.31154e-05
-0.000128849
3.07645e-05
-0.000186989
1.03742e-05
-0.000136007
-0.000189138
0.000221181
-0.000300697
0.000449979
-0.000281054
0.000196355
-0.000249681
6.96586e-05
-0.000239515
0.000131617
-0.000273527
0.000278684
-0.000334957
0.000256059
-0.000312445
-2.40086e-06
-0.000238107
-0.000185064
-0.000204213
-0.000195346
-0.000137328
-0.000538082
-0.000117427
-0.000612482
-6.40319e-05
-0.000464256
-1.49218e-05
7.73691e-05
-1.40558e-05
0.000620819
0.000147754
-4.28539e-05
-8.59955e-05
-5.74873e-05
-0.000172355
-8.4772e-05
-0.000108722
-0.000125261
0.00026167
-0.000214377
0.000539094
-0.000258084
0.000240063
-0.000207932
1.9506e-05
-0.00017292
9.66055e-05
-0.000176386
0.00028215
-0.000233068
0.000312741
-0.000180461
-5.5008e-05
-0.00010968
-0.000255845
-6.80101e-05
-0.000237015
-6.78973e-05
-0.000538195
-0.000107227
-0.000573153
-0.000112566
-0.000458918
8.84e-06
-4.40365e-05
-2.804e-06
0.000632463
0.00014495
9.53e-06
-2.6005e-05
1.75089e-05
-3.10119e-05
2.12905e-05
-2.8951e-05
2.28277e-05
-2.53181e-05
2.34192e-05
-1.97209e-05
2.34631e-05
-1.40239e-05
2.35696e-05
-1.03405e-05
2.31458e-05
-6.65362e-06
2.22804e-05
-1.06229e-06
2.14081e-05
3.70558e-06
2.24786e-05
4.41752e-06
2.51555e-05
4.01505e-06
2.76416e-05
5.55737e-06
2.73602e-05
1.04146e-05
2.58762e-05
1.35135e-05
2.46299e-05
1.43227e-05
2.36141e-05
1.42157e-05
2.2883e-05
1.25063e-05
2.27586e-05
9.08976e-06
1.31514e-05
1.52389e-05
-1.14319e-05
3.1634e-05
-3.26768e-05
3.81804e-05
2.34664e-05
-3.71907e-05
1.0069e-05
-3.6074e-05
1.6484e-05
-3.74269e-05
1.95284e-05
-3.19954e-05
2.30568e-05
-2.88465e-05
2.75242e-05
-2.41882e-05
3.38213e-05
-2.0321e-05
4.31438e-05
-1.96631e-05
5.40926e-05
-1.76024e-05
6.08665e-05
-7.8362e-06
6.53525e-05
-7.80368e-07
7.14274e-05
-1.65736e-06
7.95434e-05
-4.10093e-06
8.82923e-05
-3.19154e-06
8.9018e-05
9.68887e-06
8.08618e-05
2.16697e-05
6.85086e-05
2.66759e-05
5.30544e-05
2.96699e-05
3.39606e-05
3.16001e-05
8.55403e-06
3.44963e-05
-2.26151e-05
4.6408e-05
-4.40787e-05
5.30976e-05
-4.39668e-05
3.80684e-05
9.67282e-06
-3.01731e-05
8.45503e-06
-4.4529e-05
7.8118e-07
-2.97532e-05
-5.48381e-06
-2.57306e-05
-4.90798e-07
-3.38396e-05
7.56594e-06
-3.2245e-05
9.98556e-06
-2.27406e-05
3.59481e-06
-1.32724e-05
-5.71996e-06
-8.2876e-06
-4.52701e-06
-9.02909e-06
3.05388e-06
-8.36122e-06
1.12191e-05
-9.82259e-06
1.51463e-05
-8.02811e-06
1.24973e-05
-5.42499e-07
6.3652e-06
1.58209e-05
2.43609e-06
2.55988e-05
6.53437e-07
2.84585e-05
1.85677e-06
2.84665e-05
9.71943e-07
3.24848e-05
-8.67648e-06
4.41447e-05
-1.88864e-05
5.66179e-05
-2.32133e-05
5.74246e-05
-1.55293e-05
3.03844e-05
1.64885e-07
-6.02139e-06
-9.91535e-06
-3.46137e-05
-2.26852e-05
-1.69835e-05
-3.0969e-05
-1.74469e-05
-3.58302e-05
-2.89785e-05
-3.63194e-05
-3.17558e-05
-3.75799e-05
-2.148e-05
-3.82271e-05
-1.26251e-05
-3.49802e-05
-1.15345e-05
-2.90499e-05
-1.49593e-05
-2.62404e-05
-1.11707e-05
-2.77368e-05
-8.3262e-06
-3.30475e-05
-2.71739e-06
-3.92476e-05
5.65751e-06
-3.95498e-05
1.61231e-05
-3.64701e-05
2.2519e-05
-3.21271e-05
2.41154e-05
-2.75715e-05
2.39109e-05
-2.43067e-05
2.922e-05
-2.23609e-05
4.21989e-05
-1.89415e-05
5.31984e-05
-1.1969e-05
5.04521e-05
-6.45108e-06
2.48665e-05
4.70604e-06
-1.09922e-05
-2.81513e-05
-6.46255e-06
-3.88987e-05
-6.2362e-06
-3.93151e-05
-1.70306e-05
-3.87094e-05
-2.95843e-05
-3.8191e-05
-3.22742e-05
-3.28705e-05
-2.68004e-05
-2.48555e-05
-2.06401e-05
-1.9017e-05
-1.7373e-05
-2.07818e-05
-1.31944e-05
-2.5155e-05
-6.79741e-06
-3.11518e-05
-2.32938e-06
-3.71472e-05
3.27804e-06
-4.14284e-05
9.93865e-06
-4.18063e-05
1.6501e-05
-4.02515e-05
2.09643e-05
-3.92444e-05
2.31082e-05
-3.92556e-05
2.39221e-05
-3.75149e-05
2.74793e-05
-3.12796e-05
3.59635e-05
-2.19847e-05
4.39036e-05
-1.22708e-05
4.07381e-05
-1.15027e-05
2.40984e-05
1.56193e-05
-2.24159e-05
-2.10763e-05
1.46137e-05
-2.4823e-05
-2.48963e-06
-2.47861e-05
-1.70677e-05
-2.62087e-05
-2.81617e-05
-2.6817e-05
-3.16659e-05
-2.60135e-05
-2.76038e-05
-2.52781e-05
-2.13755e-05
-2.68749e-05
-1.57762e-05
-2.97505e-05
-1.03188e-05
-3.18114e-05
-4.73645e-06
-3.5004e-05
8.63221e-07
-3.78594e-05
6.13346e-06
-3.96828e-05
1.1762e-05
-4.00698e-05
1.6888e-05
-3.99473e-05
2.08418e-05
-4.02952e-05
2.34561e-05
-4.13819e-05
2.50088e-05
-4.10213e-05
2.71186e-05
-3.62453e-05
3.11874e-05
-2.75872e-05
3.52455e-05
-2.03855e-05
3.35363e-05
-2.19916e-05
2.57045e-05
2.06652e-05
-2.70374e-05
-1.47096e-05
2.93232e-05
-2.29425e-05
5.74323e-06
-2.58857e-05
-1.41246e-05
-2.64165e-05
-2.76309e-05
-2.58567e-05
-3.22257e-05
-2.54016e-05
-2.8059e-05
-2.56494e-05
-2.11277e-05
-2.72168e-05
-1.42088e-05
-2.98743e-05
-7.66129e-06
-3.28938e-05
-1.71692e-06
-3.576e-05
3.72941e-06
-3.83107e-05
8.68419e-06
-3.97437e-05
1.31951e-05
-4.01456e-05
1.72899e-05
-3.99624e-05
2.06586e-05
-3.96972e-05
2.31909e-05
-3.97258e-05
2.50373e-05
-3.93267e-05
2.67194e-05
-3.68353e-05
2.8696e-05
-3.19564e-05
3.03665e-05
-2.80667e-05
2.96467e-05
-2.86475e-05
2.62854e-05
2.30467e-05
-3.10289e-05
-1.10286e-05
4.03517e-05
-1.79508e-05
1.26653e-05
-2.13913e-05
-1.06841e-05
-2.23255e-05
-2.66968e-05
-2.30047e-05
-3.15466e-05
-2.45669e-05
-2.64968e-05
-2.69496e-05
-1.87449e-05
-2.99097e-05
-1.12487e-05
-3.28346e-05
-4.73636e-06
-3.54627e-05
9.11213e-07
-3.74475e-05
5.71425e-06
-3.88612e-05
1.00979e-05
-3.96371e-05
1.39711e-05
-3.96862e-05
1.7339e-05
-3.91819e-05
2.01544e-05
-3.84156e-05
2.24246e-05
-3.76492e-05
2.42709e-05
-3.6794e-05
2.58641e-05
-3.53603e-05
2.72623e-05
-3.31944e-05
2.82005e-05
-3.15756e-05
2.80279e-05
-3.19645e-05
2.66743e-05
2.50976e-05
-3.40154e-05
-8.20149e-06
4.85532e-05
-1.49855e-05
1.94493e-05
-1.92064e-05
-6.46328e-06
-2.05788e-05
-2.53244e-05
-2.22799e-05
-2.98455e-05
-2.48859e-05
-2.38909e-05
-2.80083e-05
-1.56225e-05
-3.11295e-05
-8.12755e-06
-3.38697e-05
-1.99621e-06
-3.59735e-05
3.01501e-06
-3.74762e-05
7.217e-06
-3.82654e-05
1.08871e-05
-3.84402e-05
1.4146e-05
-3.81029e-05
1.70018e-05
-3.74106e-05
1.94621e-05
-3.65459e-05
2.15598e-05
-3.56473e-05
2.33723e-05
-3.47564e-05
2.49732e-05
-3.38389e-05
2.63447e-05
-3.29728e-05
2.73344e-05
-3.26489e-05
2.77041e-05
-3.3484e-05
2.75094e-05
2.7157e-05
-3.55434e-05
-6.11877e-06
5.46719e-05
-1.2751e-05
2.60815e-05
-1.69445e-05
-2.26981e-06
-1.89083e-05
-2.33607e-05
-2.1516e-05
-2.72378e-05
-2.48263e-05
-2.05807e-05
-2.8281e-05
-1.21678e-05
-3.12994e-05
-5.10923e-06
-3.36354e-05
3.39796e-07
-3.52111e-05
4.59072e-06
-3.61089e-05
8.1148e-06
-3.64134e-05
1.11918e-05
-3.62256e-05
1.39582e-05
-3.56935e-05
1.64698e-05
-3.49712e-05
1.87398e-05
-3.42036e-05
2.07922e-05
-3.34913e-05
2.26599e-05
-3.28851e-05
2.4367e-05
-3.24402e-05
2.58998e-05
-3.22773e-05
2.71715e-05
-3.26671e-05
2.8094e-05
-3.38864e-05
2.87287e-05
2.92615e-05
-3.59908e-05
-4.63956e-06
5.93114e-05
-1.12004e-05
3.26423e-05
-1.54041e-05
1.93382e-06
-1.78524e-05
-2.09124e-05
-2.0937e-05
-2.41533e-05
-2.4448e-05
-1.70697e-05
-2.77757e-05
-8.84019e-06
-3.04253e-05
-2.45963e-06
-3.22377e-05
2.15216e-06
-3.33047e-05
5.65774e-06
-3.37615e-05
8.57163e-06
-3.37533e-05
1.11836e-05
-3.34189e-05
1.36238e-05
-3.28892e-05
1.59401e-05
-3.22907e-05
1.81414e-05
-3.17298e-05
2.02313e-05
-3.12845e-05
2.22145e-05
-3.1009e-05
2.40915e-05
-3.09595e-05
2.58504e-05
-3.12429e-05
2.7455e-05
-3.20264e-05
2.88775e-05
-3.34657e-05
3.0168e-05
3.14167e-05
-3.56209e-05
-4.16856e-06
6.348e-05
-1.06753e-05
3.9149e-05
-1.45741e-05
5.8326e-06
-1.72296e-05
-1.82571e-05
-2.03525e-05
-2.10304e-05
-2.36739e-05
-1.37484e-05
-2.66111e-05
-5.903e-06
-2.87733e-05
-2.97494e-07
-3.0117e-05
3.4959e-06
-3.07854e-05
6.32621e-06
-3.09642e-05
8.75041e-06
-3.0822e-05
1.10414e-05
-3.04939e-05
1.32958e-05
-3.00847e-05
1.55309e-05
-2.96815e-05
1.77381e-05
-2.93512e-05
1.9901e-05
-2.91502e-05
2.20135e-05
-2.91248e-05
2.40661e-05
-2.93345e-05
2.60601e-05
-2.98619e-05
2.79825e-05
-3.08297e-05
2.98453e-05
-3.23461e-05
3.16844e-05
3.35589e-05
-3.44883e-05
-4.82471e-06
6.83047e-05
-1.10842e-05
4.54085e-05
-1.43865e-05
9.1348e-06
-1.69564e-05
-1.56872e-05
-1.97687e-05
-1.82182e-05
-2.26252e-05
-1.08919e-05
-2.50316e-05
-3.49665e-06
-2.66834e-05
1.35437e-06
-2.76338e-05
4.44632e-06
-2.80353e-05
6.72765e-06
-2.8088e-05
8.8031e-06
-2.79461e-05
1.08996e-05
-2.7712e-05
1.30617e-05
-2.74571e-05
1.52761e-05
-2.72326e-05
1.75135e-05
-2.708e-05
1.97484e-05
-2.70366e-05
2.19701e-05
-2.71494e-05
2.41789e-05
-2.74699e-05
2.63808e-05
-2.80778e-05
2.85905e-05
-2.90646e-05
3.0832e-05
-3.05288e-05
3.31487e-05
3.5593e-05
-3.2563e-05
-6.00909e-06
7.43138e-05
-1.18371e-05
5.12365e-05
-1.46452e-05
1.19428e-05
-1.68903e-05
-1.34421e-05
-1.91686e-05
-1.59399e-05
-2.14099e-05
-8.65062e-06
-2.32263e-05
-1.68018e-06
-2.44284e-05
2.55643e-06
-2.50526e-05
5.07062e-06
-2.52901e-05
6.96511e-06
-2.53041e-05
8.81715e-06
-2.52141e-05
1.08095e-05
-2.50848e-05
1.29324e-05
-2.49527e-05
1.5144e-05
-2.48443e-05
1.74051e-05
-2.47835e-05
1.96876e-05
-2.48025e-05
2.19892e-05
-2.49425e-05
2.43189e-05
-2.52563e-05
2.66947e-05
-2.58122e-05
2.91465e-05
-2.66903e-05
3.171e-05
-2.79837e-05
3.44422e-05
3.74003e-05
-2.97911e-05
-6.97867e-06
8.12924e-05
-1.2391e-05
5.66488e-05
-1.49836e-05
1.45353e-05
-1.68598e-05
-1.1566e-05
-1.85246e-05
-1.42751e-05
-2.01145e-05
-7.06074e-06
-2.13672e-05
-4.27382e-07
-2.21469e-05
3.33616e-06
-2.25165e-05
5.44022e-06
-2.26342e-05
7.08285e-06
-2.26374e-05
8.82028e-06
-2.25917e-05
1.07637e-05
-2.25263e-05
1.2867e-05
-2.24556e-05
1.50732e-05
-2.2388e-05
1.73374e-05
-2.23394e-05
1.9639e-05
-2.23383e-05
2.19881e-05
-2.24219e-05
2.44026e-05
-2.26369e-05
2.69099e-05
-2.30395e-05
2.95492e-05
-2.36986e-05
3.23691e-05
-2.46989e-05
3.54425e-05
3.88432e-05
-2.61418e-05
-7.33383e-06
8.86262e-05
-1.24946e-05
6.18095e-05
-1.5153e-05
1.71936e-05
-1.67274e-05
-9.99153e-06
-1.77944e-05
-1.32081e-05
-1.87639e-05
-6.0912e-06
-1.95003e-05
3.09038e-07
-1.99238e-05
3.75971e-06
-2.00767e-05
5.59314e-06
-2.00956e-05
7.10172e-06
-2.00678e-05
8.79235e-06
-2.00273e-05
1.07231e-05
-1.99746e-05
1.28142e-05
-1.9902e-05
1.50005e-05
-1.981e-05
1.72454e-05
-1.971e-05
1.9539e-05
-1.96285e-05
2.19067e-05
-1.9592e-05
2.43661e-05
-1.96371e-05
2.69551e-05
-1.98064e-05
2.97184e-05
-2.01564e-05
3.27192e-05
-2.07475e-05
3.60335e-05
3.97679e-05
-2.16721e-05
-7.02179e-06
9.5648e-05
-1.21028e-05
6.68904e-05
-1.50133e-05
2.01041e-05
-1.6394e-05
-8.61086e-06
-1.69235e-05
-1.26786e-05
-1.73234e-05
-5.6912e-06
-1.7637e-05
6.22692e-07
-1.77502e-05
3.87305e-06
-1.77228e-05
5.5657e-06
-1.76478e-05
7.02669e-06
-1.75752e-05
8.7196e-06
-1.75046e-05
1.06524e-05
-1.74176e-05
1.27272e-05
-1.72939e-05
1.48767e-05
-1.71345e-05
1.7086e-05
-1.69482e-05
1.93528e-05
-1.67425e-05
2.17012e-05
-1.65411e-05
2.41647e-05
-1.63656e-05
2.67798e-05
-1.62398e-05
2.95926e-05
-1.61973e-05
3.26767e-05
-1.6275e-05
3.61111e-05
4.00137e-05
-1.65208e-05
-6.12701e-06
0.000101775
-1.12515e-05
7.20148e-05
-1.44907e-05
2.33432e-05
-1.57753e-05
-7.32623e-06
-1.58511e-05
-1.26027e-05
-1.57592e-05
-5.78301e-06
-1.57056e-05
5.69134e-07
-1.55835e-05
3.7511e-06
-1.54132e-05
5.39536e-06
-1.52584e-05
6.87182e-06
-1.51339e-05
8.59497e-06
-1.50141e-05
1.05325e-05
-1.48679e-05
1.25809e-05
-1.46751e-05
1.46838e-05
-1.44248e-05
1.68358e-05
-1.41223e-05
1.90504e-05
-1.37722e-05
2.13512e-05
-1.33783e-05
2.3771e-05
-1.29468e-05
2.63484e-05
-1.24906e-05
2.91363e-05
-1.20071e-05
3.21933e-05
-1.15005e-05
3.56045e-05
3.94747e-05
-1.09613e-05
-4.71275e-06
0.000106488
-9.98585e-06
7.72878e-05
-1.35393e-05
2.68967e-05
-1.47707e-05
-6.09489e-06
-1.44831e-05
-1.28902e-05
-1.39894e-05
-6.27656e-06
-1.36584e-05
2.38242e-07
-1.33643e-05
3.45706e-06
-1.31016e-05
5.13257e-06
-1.28919e-05
6.66207e-06
-1.27223e-05
8.42522e-06
-1.25518e-05
1.0362e-05
-1.23434e-05
1.23725e-05
-1.20717e-05
1.4412e-05
-1.17269e-05
1.6491e-05
-1.13043e-05
1.86278e-05
-1.07994e-05
2.08464e-05
-1.02059e-05
2.31775e-05
-9.51806e-06
2.56607e-05
-8.71938e-06
2.83377e-05
-7.78977e-06
3.12637e-05
-6.69566e-06
3.45104e-05
3.81417e-05
-5.36262e-06
-2.6013e-06
0.000109089
-8.24075e-06
8.29271e-05
-1.20328e-05
3.06886e-05
-1.32094e-05
-4.91819e-06
-1.26716e-05
-1.34279e-05
-1.19119e-05
-7.03616e-06
-1.14131e-05
-2.60409e-07
-1.10498e-05
3.09381e-06
-1.07528e-05
4.83548e-06
-1.05232e-05
6.43238e-06
-1.03237e-05
8.22567e-06
-1.01147e-05
1.01528e-05
-9.84967e-06
1.21075e-05
-9.50846e-06
1.40709e-05
-9.07263e-06
1.60552e-05
-8.53595e-06
1.80912e-05
-7.88293e-06
2.01934e-05
-7.09762e-06
2.23922e-05
-6.16346e-06
2.47265e-05
-5.05755e-06
2.72319e-05
-3.7283e-06
2.99345e-05
-2.12311e-06
3.29053e-05
3.62035e-05
-1.84932e-07
2.36065e-07
0.000108853
-5.60751e-06
8.87706e-05
-9.60252e-06
3.46836e-05
-1.08022e-05
-3.7185e-06
-1.02333e-05
-1.39967e-05
-9.44199e-06
-7.82738e-06
-8.93368e-06
-7.68629e-07
-8.59683e-06
2.75702e-06
-8.33387e-06
4.57251e-06
-8.12868e-06
6.22712e-06
-7.94151e-06
8.03842e-06
-7.71303e-06
9.92435e-06
-7.41039e-06
1.18049e-05
-7.01068e-06
1.36712e-05
-6.49977e-06
1.55443e-05
-5.85621e-06
1.74476e-05
-5.0705e-06
1.94077e-05
-4.12677e-06
2.14485e-05
-2.98862e-06
2.35884e-05
-1.62244e-06
2.58658e-05
9.33074e-09
2.83028e-05
1.98281e-06
3.09319e-05
3.37778e-05
4.40852e-06
3.6031e-06
0.00010525
-1.67225e-06
9.40459e-05
-5.82479e-06
3.88361e-05
-7.26119e-06
-2.28209e-06
-7.0318e-06
-1.4226e-05
-6.52919e-06
-8.3299e-06
-6.2102e-06
-1.08753e-06
-6.01702e-06
2.56389e-06
-5.8676e-06
4.4231e-06
-5.73735e-06
6.09683e-06
-5.58748e-06
7.88852e-06
-5.36805e-06
9.70494e-06
-5.04848e-06
1.14854e-05
-4.61047e-06
1.32333e-05
-4.03878e-06
1.49727e-05
-3.31822e-06
1.6727e-05
-2.42657e-06
1.8516e-05
-1.34284e-06
2.03647e-05
-4.5452e-08
2.22909e-05
1.51256e-06
2.43078e-05
3.38397e-06
2.64315e-05
5.63352e-06
2.86825e-05
3.1056e-05
8.35538e-06
5.78934e-06
9.94602e-05
2.9176e-06
9.69175e-05
-6.30226e-07
4.23839e-05
-2.45761e-06
-4.54711e-07
-3.10946e-06
-1.35741e-05
-3.26442e-06
-8.17489e-06
-3.3335e-06
-1.01839e-06
-3.38674e-06
2.61719e-06
-3.39929e-06
4.43569e-06
-3.38344e-06
6.081e-06
-3.30162e-06
7.80672e-06
-3.11505e-06
9.51841e-06
-2.80011e-06
1.11705e-05
-2.34293e-06
1.27761e-05
-1.73048e-06
1.43602e-05
-9.48466e-07
1.5945e-05
1.76099e-08
1.75499e-05
1.19659e-06
1.91857e-05
2.61956e-06
2.0868e-05
4.32213e-06
2.26053e-05
6.35125e-06
2.44025e-05
8.76581e-06
2.62681e-05
2.8176e-05
1.16458e-05
6.77858e-06
9.26816e-05
6.82138e-06
9.68746e-05
4.41994e-06
4.47853e-05
2.46601e-06
1.49921e-06
1.1168e-06
-1.22249e-05
1.65639e-07
-7.2237e-06
-4.30615e-07
-4.22093e-07
-7.63955e-07
2.95059e-06
-9.9157e-07
4.66337e-06
-1.12251e-06
6.21202e-06
-1.13285e-06
7.81715e-06
-9.97472e-07
9.3831e-06
-7.04365e-07
1.08774e-05
-2.45956e-07
1.23177e-05
3.85412e-07
1.37288e-05
1.20327e-06
1.51271e-05
2.22653e-06
1.65266e-05
3.47576e-06
1.79364e-05
4.9793e-06
1.93645e-05
6.77097e-06
2.08137e-05
8.89206e-06
2.22815e-05
1.13904e-05
2.37699e-05
2.52408e-05
1.43256e-05
6.71426e-06
8.59673e-05
9.54915e-06
9.40396e-05
9.15882e-06
4.51756e-05
7.4118e-06
3.24622e-06
5.30259e-06
-1.01157e-05
3.56586e-06
-5.48693e-06
2.41263e-06
7.3118e-07
1.72496e-06
3.63833e-06
1.26851e-06
5.1199e-06
9.79861e-07
6.50078e-06
8.67006e-07
7.93013e-06
9.39736e-07
9.31047e-06
1.19868e-06
1.06185e-05
1.64379e-06
1.18725e-05
2.2806e-06
1.30919e-05
3.11867e-06
1.4289e-05
4.17318e-06
1.54721e-05
5.46291e-06
1.66467e-05
7.01239e-06
1.78151e-05
8.85034e-06
1.89759e-05
1.10095e-05
2.01224e-05
1.35307e-05
2.12488e-05
2.2318e-05
1.64535e-05
5.9371e-06
8.00301e-05
1.10955e-05
8.88812e-05
1.29372e-05
4.33338e-05
1.16883e-05
4.49519e-06
8.92177e-06
-7.34915e-06
6.42975e-06
-2.99487e-06
4.86152e-06
2.29946e-06
3.91168e-06
4.58824e-06
3.27075e-06
5.76093e-06
2.84648e-06
6.92517e-06
2.64139e-06
8.13536e-06
2.65357e-06
9.29839e-06
2.87449e-06
1.03976e-05
3.29892e-06
1.1448e-05
3.92858e-06
1.24621e-05
4.77051e-06
1.34469e-05
5.83647e-06
1.44061e-05
7.14211e-06
1.53411e-05
8.7072e-06
1.62502e-05
1.05546e-05
1.71285e-05
1.27115e-05
1.79656e-05
1.52091e-05
1.87513e-05
1.94523e-05
1.80747e-05
4.98616e-06
7.50439e-05
1.18765e-05
8.19908e-05
1.56218e-05
3.95884e-05
1.48586e-05
5.25842e-06
1.16272e-05
-4.11778e-06
8.64737e-06
-1.49613e-08
6.83334e-06
4.11356e-06
5.72437e-06
5.69727e-06
4.94983e-06
6.53554e-06
4.42525e-06
7.44985e-06
4.14871e-06
8.41203e-06
4.11031e-06
9.33688e-06
4.2957e-06
1.02122e-05
4.69615e-06
1.10474e-05
5.31059e-06
1.18475e-05
6.14345e-06
1.2614e-05
7.20321e-06
1.33463e-05
8.50206e-06
1.40424e-05
1.00553e-05
1.46971e-05
1.18809e-05
1.5303e-05
1.39997e-05
1.58467e-05
1.64364e-05
1.63146e-05
1.66796e-05
1.92092e-05
4.33542e-06
7.07084e-05
1.24467e-05
7.38795e-05
1.73768e-05
3.46584e-05
1.67841e-05
5.85103e-06
1.32659e-05
-5.99506e-07
1.01518e-05
3.09911e-06
8.28346e-06
5.98198e-06
7.11062e-06
6.87017e-06
6.26291e-06
7.38329e-06
5.68034e-06
8.03248e-06
5.36072e-06
8.73173e-06
5.28834e-06
9.40932e-06
5.44533e-06
1.00552e-05
5.82217e-06
1.06705e-05
6.41599e-06
1.12537e-05
7.22875e-06
1.18013e-05
8.26599e-06
1.23092e-05
9.53654e-06
1.2772e-05
1.10518e-05
1.3182e-05
1.28258e-05
1.35291e-05
1.48739e-05
1.37986e-05
1.72147e-05
1.39738e-05
1.40339e-05
1.98604e-05
4.26681e-06
6.64416e-05
1.31066e-05
6.50397e-05
1.83285e-05
2.94365e-05
1.75241e-05
6.6554e-06
1.39155e-05
3.00907e-06
1.09527e-05
6.06189e-06
9.20739e-06
7.72739e-06
8.05433e-06
8.02326e-06
7.19437e-06
8.24327e-06
6.59969e-06
8.62718e-06
6.2674e-06
9.06406e-06
6.179e-06
9.49776e-06
6.31743e-06
9.91671e-06
6.67319e-06
1.03147e-05
7.24244e-06
1.06844e-05
8.02525e-06
1.10185e-05
9.02473e-06
1.13098e-05
1.02469e-05
1.15499e-05
1.17001e-05
1.17289e-05
1.33947e-05
1.18346e-05
1.53415e-05
1.18517e-05
1.75532e-05
1.17621e-05
1.15498e-05
2.00373e-05
4.67893e-06
6.17627e-05
1.37186e-05
5.6e-05
1.84439e-05
2.47112e-05
1.71815e-05
7.91776e-06
1.37262e-05
6.46427e-06
1.11634e-05
8.62475e-06
9.64508e-06
9.24571e-06
8.57432e-06
9.09404e-06
7.75667e-06
9.06092e-06
7.19129e-06
9.19257e-06
6.87411e-06
9.38127e-06
6.78739e-06
9.58449e-06
6.9169e-06
9.78719e-06
7.25433e-06
9.97728e-06
7.79571e-06
1.01431e-05
8.53977e-06
1.02746e-05
9.48807e-06
1.03616e-05
1.06446e-05
1.03934e-05
1.20151e-05
1.03584e-05
1.36069e-05
1.02428e-05
1.54271e-05
1.00314e-05
1.74826e-05
9.70655e-06
9.25496e-06
1.97776e-05
5.23719e-06
5.65256e-05
1.39169e-05
4.73203e-05
1.76499e-05
2.09782e-05
1.5957e-05
9.61064e-06
1.29317e-05
9.48953e-06
1.09049e-05
1.06515e-05
9.65785e-06
1.04928e-05
8.71413e-06
1.00378e-05
7.98289e-06
9.79219e-06
7.4793e-06
9.69621e-06
7.19939e-06
9.66122e-06
7.12844e-06
9.65546e-06
7.25665e-06
9.65898e-06
7.57756e-06
9.65638e-06
8.08803e-06
9.63273e-06
8.78586e-06
9.57688e-06
9.67224e-06
9.47523e-06
1.07497e-05
9.31595e-06
1.20222e-05
9.08591e-06
1.34944e-05
8.77067e-06
1.51711e-05
8.35463e-06
1.70547e-05
7.82304e-06
7.16237e-06
1.91474e-05
5.63125e-06
5.08943e-05
1.34526e-05
3.9499e-05
1.60081e-05
1.84227e-05
1.41497e-05
1.14689e-05
1.17686e-05
1.18706e-05
1.02999e-05
1.21202e-05
9.32329e-06
1.14694e-05
8.53396e-06
1.08271e-05
7.91891e-06
1.04073e-05
7.4982e-06
1.0117e-05
7.2686e-06
9.8909e-06
7.22277e-06
9.70134e-06
7.35426e-06
9.52749e-06
7.65847e-06
9.35218e-06
8.13571e-06
9.15555e-06
8.78122e-06
8.93145e-06
9.59797e-06
8.6585e-06
1.05875e-05
8.32639e-06
1.17525e-05
7.92087e-06
1.3096e-05
7.42711e-06
1.46203e-05
6.8304e-06
1.63282e-05
6.11526e-06
5.27083e-06
1.82199e-05
5.69933e-06
4.5195e-05
1.23195e-05
3.28788e-05
1.382e-05
1.69221e-05
1.21041e-05
1.31847e-05
1.04425e-05
1.35323e-05
9.45598e-06
1.31067e-05
8.72481e-06
1.22006e-05
8.10176e-06
1.14502e-05
7.61497e-06
1.08942e-05
7.28478e-06
1.04473e-05
7.11153e-06
1.00642e-05
7.09429e-06
9.71861e-06
7.2295e-06
9.39227e-06
7.5174e-06
9.06427e-06
7.95452e-06
8.71845e-06
8.54494e-06
8.34108e-06
9.2872e-06
7.91625e-06
1.01839e-05
7.42961e-06
1.12367e-05
6.86811e-06
1.24478e-05
6.21601e-06
1.38196e-05
5.45868e-06
1.5355e-05
4.5799e-06
3.57266e-06
1.70533e-05
5.44071e-06
3.97543e-05
1.07345e-05
2.75851e-05
1.14317e-05
1.62249e-05
1.00797e-05
1.45367e-05
9.07044e-06
1.45416e-05
8.46205e-06
1.37151e-05
7.94311e-06
1.27195e-05
7.48143e-06
1.19119e-05
7.11907e-06
1.12566e-05
6.87643e-06
1.069e-05
6.7576e-06
1.01831e-05
6.76521e-06
9.71099e-06
6.90305e-06
9.25439e-06
7.17026e-06
8.79702e-06
7.56837e-06
8.32034e-06
8.09949e-06
7.80999e-06
8.76475e-06
7.25101e-06
9.5655e-06
6.62884e-06
1.05045e-05
5.9291e-06
1.15836e-05
5.13699e-06
1.2804e-05
4.23833e-06
1.41731e-05
3.21083e-06
2.06192e-06
1.56839e-05
4.94376e-06
3.48105e-05
8.94131e-06
2.35875e-05
9.13027e-06
1.60359e-05
8.24659e-06
1.54204e-05
7.73718e-06
1.50511e-05
7.39231e-06
1.406e-05
7.047e-06
1.30649e-05
6.72751e-06
1.22315e-05
6.47475e-06
1.15095e-05
6.30713e-06
1.08577e-05
6.23508e-06
1.02552e-05
6.26425e-06
9.68178e-06
6.39871e-06
9.11988e-06
6.6429e-06
8.55281e-06
6.9988e-06
7.96446e-06
7.46889e-06
7.33994e-06
8.05532e-06
6.66459e-06
8.75985e-06
5.92429e-06
9.58516e-06
5.10379e-06
1.05336e-05
4.18854e-06
1.16081e-05
3.16393e-06
1.28038e-05
2.01507e-06
7.31901e-07
1.41339e-05
4.31818e-06
3.04924e-05
7.16621e-06
2.07395e-05
7.11446e-06
1.60877e-05
6.65829e-06
1.58766e-05
6.46341e-06
1.5246e-05
6.29601e-06
1.42274e-05
6.08839e-06
1.32725e-05
5.88447e-06
1.24355e-05
5.71985e-06
1.16742e-05
5.61286e-06
1.09647e-05
5.57694e-06
1.0291e-05
5.61991e-06
9.63875e-06
5.74738e-06
8.9924e-06
5.96465e-06
8.33556e-06
6.27527e-06
7.65389e-06
6.68232e-06
6.93291e-06
7.18887e-06
6.15801e-06
7.79543e-06
5.31767e-06
8.50528e-06
4.39392e-06
9.32055e-06
3.37331e-06
1.02417e-05
2.24275e-06
1.12691e-05
9.87714e-07
-4.04142e-07
1.24052e-05
3.65833e-06
2.68341e-05
5.55777e-06
1.88401e-05
5.43645e-06
1.6209e-05
5.28945e-06
1.60236e-05
5.27927e-06
1.52562e-05
5.21336e-06
1.42933e-05
5.11023e-06
1.33757e-05
4.99116e-06
1.25546e-05
4.89043e-06
1.17749e-05
4.82796e-06
1.10272e-05
4.81635e-06
1.03026e-05
4.86429e-06
9.59079e-06
4.97879e-06
8.87793e-06
5.16473e-06
8.14968e-06
5.42627e-06
7.39239e-06
5.76759e-06
6.59158e-06
6.19057e-06
5.73494e-06
6.69409e-06
4.81405e-06
7.2842e-06
3.80379e-06
7.96073e-06
2.69684e-06
8.72409e-06
1.47939e-06
9.57183e-06
1.39971e-07
-1.34006e-06
1.05078e-05
3.01227e-06
2.38219e-05
4.17254e-06
1.76799e-05
4.06704e-06
1.63145e-05
4.10928e-06
1.59814e-05
4.18074e-06
1.51847e-05
4.17932e-06
1.42947e-05
4.11812e-06
1.34369e-05
4.06847e-06
1.26043e-05
4.00929e-06
1.18342e-05
3.97503e-06
1.10614e-05
3.97613e-06
1.03015e-05
4.02024e-06
9.54669e-06
4.1131e-06
8.78513e-06
4.26043e-06
8.00243e-06
4.46617e-06
7.18668e-06
4.73653e-06
6.32117e-06
5.08259e-06
5.38878e-06
5.47232e-06
4.42423e-06
5.9413e-06
3.33481e-06
6.46879e-06
2.16942e-06
7.07202e-06
8.76153e-07
7.7422e-06
-5.30269e-07
-2.08237e-06
8.48454e-06
2.37408e-06
2.14478e-05
2.99544e-06
1.70585e-05
2.94639e-06
1.63635e-05
3.05508e-06
1.58727e-05
3.14571e-06
1.5094e-05
3.17267e-06
1.42677e-05
3.16004e-06
1.34496e-05
3.11494e-06
1.26495e-05
3.0827e-06
1.18664e-05
3.06526e-06
1.10789e-05
3.07003e-06
1.02967e-05
3.10371e-06
9.51301e-06
3.17003e-06
8.71884e-06
3.27777e-06
7.89473e-06
3.43234e-06
7.03214e-06
3.63763e-06
6.11588e-06
3.8769e-06
5.14946e-06
4.17759e-06
4.1235e-06
4.51114e-06
3.00125e-06
4.90583e-06
1.77473e-06
5.35611e-06
4.25796e-07
5.86868e-06
-1.04291e-06
-2.64702e-06
6.43338e-06
1.75e-06
1.96978e-05
2.00551e-06
1.6803e-05
1.98726e-06
1.63818e-05
2.11508e-06
1.57449e-05
2.17225e-06
1.50369e-05
2.20304e-06
1.4237e-05
2.20861e-06
1.3444e-05
2.18764e-06
1.26705e-05
2.15076e-06
1.19033e-05
2.14063e-06
1.1089e-05
2.14654e-06
1.02908e-05
2.1718e-06
9.48774e-06
2.20632e-06
8.68432e-06
2.26875e-06
7.83233e-06
2.37205e-06
6.92889e-06
2.51991e-06
5.96806e-06
2.69621e-06
4.97317e-06
2.8899e-06
3.92977e-06
3.10548e-06
2.78561e-06
3.36218e-06
1.51796e-06
3.67849e-06
1.09395e-07
4.0396e-06
-1.40402e-06
-3.0391e-06
4.43182e-06
1.10039e-06
1.85974e-05
1.17745e-06
1.67259e-05
1.18272e-06
1.63766e-05
1.25197e-06
1.56757e-05
1.30605e-06
1.49828e-05
1.31383e-06
1.42292e-05
1.30416e-06
1.34537e-05
1.29577e-06
1.26788e-05
1.27973e-06
1.19193e-05
1.2674e-06
1.11013e-05
1.26303e-06
1.02951e-05
1.26826e-06
9.48251e-06
1.29033e-06
8.6623e-06
1.3266e-06
7.79612e-06
1.39279e-06
6.86273e-06
1.46224e-06
5.89861e-06
1.5394e-06
4.89597e-06
1.67283e-06
3.7963e-06
1.80835e-06
2.65009e-06
1.94967e-06
1.37668e-06
2.13174e-06
-7.2691e-08
2.32729e-06
-1.5996e-06
-3.25809e-06
2.54634e-06
4.02754e-07
4.11038e-07
4.20065e-07
4.33596e-07
4.46916e-07
4.47754e-07
4.36993e-07
4.24924e-07
4.35543e-07
4.25621e-07
4.16542e-07
4.14332e-07
4.30302e-07
4.53048e-07
4.58899e-07
4.68878e-07
4.99878e-07
5.23475e-07
5.83235e-07
6.59111e-07
7.03814e-07
7.63589e-07
8.38076e-07
-1.52574e-05
-2.19332e-05
1.04519e-06
-1.63026e-05
1.51326e-05
-1.40874e-05
-2.30977e-05
3.82303e-05
-2.62317e-05
-2.58746e-05
-2.12327e-05
-2.13016e-05
-2.12603e-05
-1.40598e-05
-5.66509e-06
-3.86929e-05
-2.18734e-05
-1.00226e-05
-3.24682e-05
-1.07068e-05
-3.89096e-05
-7.61838e-06
1.17106e-06
-4.57458e-05
-2.43664e-05
3.3516e-06
-3.86764e-05
3.60321e-06
-4.63905e-05
9.58023e-08
-2.01205e-06
-4.32073e-05
-3.12847e-05
1.22204e-05
-3.64807e-05
8.79912e-06
-4.42412e-05
7.85646e-06
6.87788e-06
-5.31312e-05
-3.34155e-05
1.85985e-05
-4.01266e-05
1.55103e-05
-4.65453e-05
1.42753e-05
1.32976e-05
-5.29651e-05
-3.58274e-05
2.33969e-05
-4.1695e-05
2.1378e-05
-4.77251e-05
2.03053e-05
1.97513e-05
-5.41788e-05
-3.79586e-05
2.73402e-05
-4.29059e-05
2.63253e-05
-4.8486e-05
2.58854e-05
2.5918e-05
-5.46527e-05
-3.91228e-05
3.09197e-05
-4.36736e-05
3.08762e-05
-4.89392e-05
3.1151e-05
3.17342e-05
-5.47555e-05
-3.94325e-05
3.43613e-05
-4.38267e-05
3.52704e-05
-4.89921e-05
3.63163e-05
3.74756e-05
-5.47334e-05
-3.9002e-05
3.77424e-05
-4.33337e-05
3.9602e-05
-4.85391e-05
4.15216e-05
4.34101e-05
-5.44736e-05
-3.77919e-05
4.10458e-05
-4.20734e-05
4.38836e-05
-4.73837e-05
4.68318e-05
4.97291e-05
-5.37028e-05
-3.5714e-05
4.41966e-05
-3.98921e-05
4.80618e-05
-4.53242e-05
5.22639e-05
5.65965e-05
-5.21917e-05
-3.26438e-05
4.7049e-05
-3.65102e-05
5.19283e-05
-4.17267e-05
5.74804e-05
6.36569e-05
-4.87871e-05
-2.84953e-05
4.94023e-05
-3.17722e-05
5.52052e-05
-3.65288e-05
6.22371e-05
7.16144e-05
-4.44863e-05
-2.32927e-05
5.10227e-05
-2.5716e-05
5.76285e-05
-2.95569e-05
6.6078e-05
7.88154e-05
-3.67579e-05
-1.71336e-05
5.16356e-05
-1.82135e-05
5.87085e-05
-2.01515e-05
6.80159e-05
8.13769e-05
-2.27129e-05
-1.03072e-05
5.09815e-05
-9.57053e-06
5.79718e-05
-8.67701e-06
6.71224e-05
7.86743e-05
-5.97447e-06
-3.41954e-06
4.90385e-05
-1.0383e-06
5.55906e-05
2.76037e-06
6.33237e-05
7.30151e-05
8.41953e-06
2.68457e-06
4.61692e-05
6.45382e-06
5.18214e-05
1.19271e-05
5.78504e-05
6.5878e-05
1.90642e-05
7.91363e-06
4.26641e-05
1.24429e-05
4.72921e-05
1.85961e-05
5.16972e-05
5.81074e-05
2.63668e-05
1.22012e-05
3.88183e-05
1.70739e-05
4.24195e-05
2.32009e-05
4.55702e-05
5.02369e-05
3.10715e-05
1.56327e-05
3.48313e-05
2.05514e-05
3.75008e-05
2.64146e-05
3.9707e-05
4.27701e-05
3.38814e-05
1.83285e-05
3.08283e-05
2.3114e-05
3.27153e-05
2.86624e-05
3.41587e-05
3.5888e-05
3.55447e-05
2.03873e-05
2.68944e-05
2.49859e-05
2.81166e-05
3.01972e-05
2.89475e-05
2.95542e-05
3.65311e-05
2.1879e-05
2.309e-05
2.62814e-05
2.37143e-05
3.11974e-05
2.40316e-05
2.37902e-05
3.69615e-05
2.28454e-05
1.94538e-05
2.70167e-05
1.9543e-05
3.16781e-05
1.93703e-05
1.85867e-05
3.68817e-05
2.32958e-05
1.60185e-05
2.71878e-05
1.5651e-05
3.15358e-05
1.50224e-05
1.3876e-05
3.62465e-05
2.32356e-05
1.28203e-05
2.68107e-05
1.20761e-05
3.07707e-05
1.10624e-05
9.63194e-06
3.50147e-05
2.27112e-05
9.88678e-06
2.59565e-05
8.83083e-06
2.95167e-05
7.50216e-06
5.82428e-06
3.33243e-05
2.18098e-05
7.22452e-06
2.47405e-05
5.9001e-06
2.79383e-05
4.30432e-06
2.39388e-06
3.13687e-05
2.06224e-05
4.82204e-06
2.3266e-05
3.25649e-06
2.61495e-05
1.42079e-06
-7.14893e-07
2.92582e-05
1.92124e-05
2.66291e-06
2.15915e-05
8.77465e-07
2.4191e-05
-1.17873e-06
-3.53019e-06
2.70063e-05
1.76109e-05
7.35937e-07
1.9732e-05
-1.2436e-06
2.20557e-05
-3.50231e-06
-6.05051e-06
2.45761e-05
1.58196e-05
-9.49731e-07
1.76808e-05
-3.10471e-06
1.97141e-05
-5.5355e-06
-8.25504e-06
2.19187e-05
1.38446e-05
-2.38907e-06
1.54255e-05
-4.6855e-06
1.71469e-05
-7.25675e-06
-1.01219e-05
1.90138e-05
1.16893e-05
-3.57051e-06
1.29834e-05
-5.97949e-06
1.43917e-05
-8.66501e-06
-1.16573e-05
1.59271e-05
9.42009e-06
-4.506e-06
1.04462e-05
-7.00551e-06
1.15682e-05
-9.78689e-06
-1.28892e-05
1.28002e-05
7.14326e-06
-5.21576e-06
7.92211e-06
-7.78423e-06
8.77521e-06
-1.06399e-05
-1.38226e-05
9.70857e-06
4.91883e-06
-5.70268e-06
5.45238e-06
-8.31776e-06
6.03603e-06
-1.12235e-05
-1.44561e-05
6.66954e-06
2.82072e-06
-5.97706e-06
3.12777e-06
-8.62494e-06
3.46895e-06
-1.15648e-05
-1.48314e-05
3.84431e-06
9.35563e-07
1.04921e-06
1.17886e-06
1.32395e-06
1.81621e-05
-6.59273e-05
-4.41594e-05
-0.000110034
-7.62217e-05
-7.66595e-05
-4.92863e-05
0.000234735
-5.85501e-05
0.000548358
-0.000108208
0.000289721
-9.06163e-05
1.91398e-06
-7.65061e-05
8.24953e-05
-6.12795e-05
0.000266923
-6.95736e-05
0.000321035
-5.32527e-05
-7.13289e-05
-4.65846e-05
-0.000262512
-7.9369e-06
-0.000275663
3.82022e-06
-0.000549953
-2.84532e-05
-0.000540879
-7.50559e-05
-0.000412315
-4.495e-06
-0.000114597
5.6666e-06
0.000622302
0.000150616
-5.61115e-05
-4.85087e-05
-7.81276e-05
-8.80175e-05
-9.42894e-05
-6.04976e-05
-5.38562e-05
0.000194302
-2.04657e-05
0.000514968
-5.81293e-05
0.000327385
-6.55835e-05
9.36817e-06
-6.77131e-05
8.46249e-05
-4.81001e-05
0.00024731
-3.95485e-05
0.000312484
-2.89706e-05
-8.19068e-05
-4.02659e-05
-0.000251217
-9.88872e-06
-0.00030604
1.16681e-05
-0.000571509
-7.68938e-06
-0.000521522
-4.97727e-05
-0.000370232
9.17455e-06
-0.000173544
1.36714e-05
0.000617805
0.000164288
-6.1964e-05
-3.22903e-05
-8.9806e-05
-6.01755e-05
-0.000114014
-3.62891e-05
-7.37029e-05
0.00015399
3.53451e-07
0.000440912
-1.99629e-05
0.000347701
-5.3421e-05
4.28263e-05
-6.43393e-05
9.55432e-05
-5.63101e-05
0.000239281
-3.24602e-05
0.000288634
-1.8128e-05
-9.62389e-05
-3.90216e-05
-0.000230324
-1.69796e-05
-0.000328082
-1.99021e-05
-0.000568587
-1.62753e-05
-0.000525149
-2.02741e-05
-0.000366233
9.48703e-06
-0.000203306
1.19938e-05
0.000615298
0.000176281
-6.22328e-05
-1.3265e-05
-9.47187e-05
-2.76896e-05
-0.000121729
-9.2789e-06
-9.18949e-05
0.000124156
4.14756e-07
0.000348602
7.29519e-07
0.000347386
-5.92841e-05
0.00010284
-6.6942e-05
0.000103201
-4.62912e-05
0.00021863
-6.00116e-06
0.000248344
-1.28759e-05
-8.93642e-05
-4.17491e-05
-0.000201451
-7.76259e-06
-0.000362069
-3.46177e-05
-0.000541732
-1.63279e-05
-0.000543438
-3.60843e-06
-0.000378952
1.03849e-05
-0.000217299
9.95304e-06
0.00061573
0.000186234
-6.90337e-05
2.63748e-06
-9.18243e-05
-4.89894e-06
-0.000114797
1.36941e-05
-9.62864e-05
0.000105645
-1.30366e-05
0.000265353
1.15233e-05
0.000322826
-3.24822e-05
0.000146845
-4.61386e-05
0.000116857
-1.98473e-05
0.000192339
6.20485e-05
0.000166448
2.75003e-05
-5.4816e-05
4.18354e-06
-0.000178134
3.86287e-05
-0.000396514
2.49924e-05
-0.000528096
2.16416e-05
-0.000540088
2.63837e-05
-0.000383695
1.11955e-05
-0.000202111
1.21761e-05
0.00061475
0.00019841
-6.76131e-05
1.72854e-05
-8.60815e-05
1.35693e-05
-0.000100013
2.76257e-05
-8.44697e-05
9.01015e-05
-2.0333e-05
0.000201216
2.22657e-05
0.000280228
8.88688e-06
0.000160224
1.08263e-05
0.000114918
4.88269e-05
0.000154339
0.000123895
9.13794e-05
8.54237e-05
-1.63442e-05
6.7426e-05
-0.000160136
7.42948e-05
-0.000403383
6.52943e-05
-0.000519095
5.64805e-05
-0.000531274
6.16874e-05
-0.000388902
1.06301e-05
-0.000151053
9.79104e-06
0.000615589
0.000208201
-6.65243e-05
2.96308e-05
-8.08611e-05
2.7906e-05
-8.8213e-05
3.4978e-05
-7.02712e-05
7.21597e-05
-1.62118e-05
0.000147157
3.88078e-05
0.000225208
4.34474e-05
0.000155585
4.91012e-05
0.000109264
9.05944e-05
0.000112845
0.000143684
3.82899e-05
9.29067e-05
3.44329e-05
8.56946e-05
-0.000152924
9.15582e-05
-0.000409246
8.30096e-05
-0.000510547
5.58073e-05
-0.000504072
5.4581e-05
-0.000387675
1.11272e-05
-0.0001076
5.68238e-06
0.000621034
0.000213884
-6.53653e-05
4.03436e-05
-7.68107e-05
3.93513e-05
-8.15742e-05
3.97415e-05
-6.48841e-05
5.54695e-05
-1.85248e-05
0.000100798
4.08652e-05
0.000165818
5.09385e-05
0.000145512
4.38011e-05
0.000116401
6.48211e-05
9.18255e-05
7.97074e-05
2.34036e-05
5.14205e-05
6.27197e-05
8.67944e-05
-0.000188298
9.7431e-05
-0.000419883
8.53217e-05
-0.000498437
4.36833e-05
-0.000462433
2.14815e-05
-0.000365473
1.45952e-06
-8.75777e-05
5.40638e-06
0.000617087
0.00021929
-6.45492e-05
5.01375e-05
-7.4339e-05
4.91411e-05
-7.83489e-05
4.37514e-05
-6.63527e-05
4.34733e-05
-3.29519e-05
6.73969e-05
1.32494e-05
0.000119617
2.32208e-05
0.00013554
-5.64531e-07
0.000140187
-1.58684e-05
0.000107129
-1.726e-05
2.4795e-05
2.03903e-05
2.50695e-05
8.26398e-05
-0.000250548
9.08036e-05
-0.000428047
6.78824e-05
-0.000475516
2.06341e-05
-0.000415185
-3.23755e-06
-0.000341602
-2.06114e-05
-7.0204e-05
2.38321e-06
0.000594092
0.000221673
-6.44278e-05
5.98319e-05
-7.40069e-05
5.87202e-05
-7.8357e-05
4.81017e-05
-7.08216e-05
3.5938e-05
-4.96964e-05
4.62717e-05
-2.23107e-05
9.2231e-05
-2.58398e-05
0.000139069
-6.09255e-05
0.000175272
-9.75553e-05
0.000143759
-0.000107431
3.46702e-05
7.49911e-06
-8.98603e-05
7.44003e-05
-0.000317449
6.82952e-05
-0.000421941
3.04411e-05
-0.000437662
-7.75618e-06
-0.000376987
-1.48766e-05
-0.000334481
-3.89946e-05
-4.60858e-05
-3.51818e-06
0.000558616
0.000218155
-6.4938e-05
7.02963e-05
-7.59969e-05
6.97791e-05
-8.21774e-05
5.42825e-05
-7.79025e-05
3.16632e-05
-6.49658e-05
3.33348e-05
-5.36998e-05
8.09649e-05
-7.09743e-05
0.000156344
-0.000115536
0.000219834
-0.000145626
0.000173849
-9.56374e-05
-1.53186e-05
3.14026e-05
-0.0002169
5.72749e-05
-0.000343321
2.49763e-05
-0.000389643
-1.23533e-05
-0.000400332
-3.11414e-05
-0.000358199
-2.95769e-05
-0.000336046
-3.62706e-05
-3.9392e-05
1.35882e-06
0.000520986
0.000219514
-6.57446e-05
8.23382e-05
-8.0074e-05
8.41084e-05
-8.98498e-05
6.40583e-05
-8.77554e-05
2.95688e-05
-7.84507e-05
2.40301e-05
-7.68374e-05
7.93515e-05
-0.000103056
0.000182562
-0.000147312
0.00026409
-0.000136228
0.000162766
-4.13963e-05
-0.000110151
3.12954e-05
-0.000289592
5.46755e-06
-0.000317493
-3.03811e-05
-0.000353794
-3.62659e-05
-0.000394447
-3.71764e-05
-0.000357289
-5.90909e-05
-0.000314131
-2.50623e-05
-7.34207e-05
3.92283e-06
0.000492001
0.000223437
-6.63826e-05
9.65292e-05
-8.52442e-05
0.00010297
-9.97713e-05
7.85853e-05
-9.78781e-05
2.76753e-05
-8.76114e-05
1.37634e-05
-9.28215e-05
8.45616e-05
-0.000121368
0.000211108
-0.000155548
0.00029827
-0.00010543
0.000112648
-1.68865e-05
-0.000198694
-1.97392e-05
-0.000286739
-6.42168e-05
-0.000273016
-5.40501e-05
-0.000363961
-3.77258e-05
-0.000410772
-3.06794e-05
-0.000364335
-5.7209e-05
-0.000287602
-1.84814e-05
-0.000112148
7.85108e-06
0.000465669
0.000231288
-6.53241e-05
0.000113066
-9.05672e-05
0.000128213
-0.000109705
9.77233e-05
-0.000101435
1.94047e-05
-8.38424e-05
-3.82889e-06
-9.70799e-05
9.77991e-05
-0.000115315
0.000229343
-0.000111593
0.000294548
-5.58926e-05
5.6948e-05
-2.59458e-05
-0.000228641
-8.01501e-05
-0.000232535
-8.53518e-05
-0.000267814
-5.77628e-05
-0.00039155
-3.99284e-05
-0.000428606
-2.57625e-05
-0.000378501
-3.63479e-05
-0.000277016
-7.85909e-06
-0.000140637
1.76891e-05
0.000440121
0.000248977
-6.66035e-05
0.000135183
-9.62413e-05
0.000157851
-0.000104584
0.000106066
-7.20087e-05
-1.3171e-05
-5.15081e-05
-2.43294e-05
-7.74668e-05
0.000123758
-8.59304e-05
0.000237807
-6.0981e-05
0.000269598
-3.0134e-05
2.6101e-05
-5.91129e-05
-0.000199662
-0.000108835
-0.000182813
-7.58179e-05
-0.000300832
-6.15915e-05
-0.000405776
-4.60256e-05
-0.000444172
-2.70588e-05
-0.000397468
-2.21953e-05
-0.00028188
-6.42073e-06
-0.000156412
2.0482e-06
0.000431652
0.000251025
-5.75367e-05
0.000155962
-7.48028e-05
0.000175117
-6.86829e-05
9.99464e-05
-3.85508e-05
-4.33032e-05
-2.65527e-05
-3.63275e-05
-3.49591e-05
0.000132164
-4.11829e-05
0.000244031
-2.77603e-05
0.000256175
-1.72329e-05
1.55736e-05
-7.24075e-05
-0.000144488
-9.26038e-05
-0.000162616
-6.54603e-05
-0.000327975
-6.179e-05
-0.000409447
-4.79979e-05
-0.000457964
-2.8733e-05
-0.000416733
-1.42583e-05
-0.000296354
-6.12602e-06
-0.000164544
-1.18103e-06
0.000426707
0.000249844
-3.33715e-05
0.000166621
-4.10801e-05
0.000182826
-3.59204e-05
9.47867e-05
-2.63834e-05
-5.28401e-05
-1.52323e-05
-4.74786e-05
1.26444e-05
0.000104287
1.56736e-05
0.000241002
6.28652e-06
0.000265562
-6.7884e-06
2.86485e-05
-6.72553e-05
-8.40211e-05
-6.81009e-05
-0.000161771
-5.27777e-05
-0.000343298
-5.09747e-05
-0.00041125
-4.07478e-05
-0.000468191
-2.50009e-05
-0.00043248
-5.38064e-06
-0.000315974
-3.24591e-06
-0.000166679
1.49241e-07
0.000423312
0.000249993
1.6296e-06
0.000159017
-3.923e-06
0.000188378
-8.04235e-06
9.89061e-05
-2.94534e-05
-3.1429e-05
-1.92302e-05
-5.77017e-05
4.17294e-05
4.33276e-05
6.93405e-05
0.000213391
6.76087e-05
0.000267294
1.69713e-05
7.92859e-05
-3.25098e-05
-3.454e-05
-2.43354e-05
-0.000169945
-2.78246e-05
-0.000339809
-3.00993e-05
-0.000408975
-2.58595e-05
-0.000472431
-1.56549e-05
-0.000442685
2.38132e-06
-0.00033401
3.43925e-06
-0.000167737
1.29437e-06
0.000425457
0.000251288
2.78871e-05
0.000139549
4.50378e-05
0.000171227
3.10521e-05
0.000112892
-8.89915e-07
5.13123e-07
-4.07089e-06
-5.45206e-05
4.88981e-05
-9.64151e-06
9.94123e-05
0.000162876
9.4753e-05
0.000271953
4.82902e-05
0.000125749
2.93714e-05
-1.56213e-05
2.80664e-05
-0.00016864
6.68829e-06
-0.000318431
-5.10537e-06
-0.000397181
-7.05369e-06
-0.000470482
-5.43309e-06
-0.000444305
7.11258e-06
-0.000346556
5.4978e-06
-0.000166122
3.40441e-07
0.000430614
0.000251628
4.27587e-05
0.000115855
7.30981e-05
0.000140888
7.28055e-05
0.000113185
4.10997e-05
3.22189e-05
1.95e-05
-3.29209e-05
4.86696e-05
-3.88114e-05
0.000109472
0.000102074
0.000123289
0.000258137
8.72222e-05
0.000161815
7.41724e-05
-2.57145e-06
6.7958e-05
-0.000162425
4.29607e-05
-0.000293434
2.38035e-05
-0.000378024
9.3787e-06
-0.000456058
8.03863e-06
-0.000442965
9.72979e-06
-0.000348247
2.19136e-06
-0.000158584
-1.49339e-07
0.000432955
0.000251479
4.69481e-05
9.52734e-05
8.00583e-05
0.000107778
9.13773e-05
0.000101866
6.8458e-05
5.51382e-05
3.55992e-05
-6.23063e-08
4.16739e-05
-4.48863e-05
0.000104796
3.89518e-05
0.000145056
0.000217877
0.000131069
0.000175802
0.000117572
1.09254e-05
0.000104612
-0.000149466
7.7833e-05
-0.000266655
5.12639e-05
-0.000351455
2.66449e-05
-0.000431439
1.91683e-05
-0.000435489
1.16136e-05
-0.000340693
-3.25055e-06
-0.00014372
-4.17568e-07
0.000430122
0.000251061
4.6818e-05
7.9527e-05
7.39788e-05
8.06173e-05
9.23693e-05
8.34752e-05
8.38667e-05
6.36408e-05
5.42909e-05
2.95133e-05
3.81989e-05
-2.87944e-05
8.72e-05
-1.00493e-05
0.000150482
0.000154595
0.000167888
0.000158396
0.000157105
2.17085e-05
0.000135934
-0.000128295
0.000106957
-0.000237678
7.72508e-05
-0.000321749
4.62185e-05
-0.000400406
2.87451e-05
-0.000418015
1.45699e-05
-0.000326517
-7.42763e-06
-0.000121722
-5.22786e-07
0.000423217
0.000250539
4.67262e-05
6.66823e-05
6.59354e-05
6.14082e-05
8.56503e-05
6.37603e-05
9.12577e-05
5.80332e-05
7.89924e-05
4.17785e-05
4.72983e-05
2.89968e-06
5.83108e-05
-2.10616e-05
0.000121857
9.10487e-05
0.000161956
0.000118297
0.000167948
1.57163e-05
0.000153505
-0.000113851
0.00012815
-0.000212323
9.9939e-05
-0.000293538
6.68235e-05
-0.000367291
3.91677e-05
-0.000390359
1.72601e-05
-0.00030461
-1.08761e-05
-9.35859e-05
-3.57659e-07
0.000412698
0.000250181
4.70847e-05
5.51423e-05
6.05513e-05
4.79417e-05
7.73452e-05
4.69664e-05
8.97996e-05
4.55787e-05
9.27211e-05
3.88569e-05
7.58924e-05
1.97284e-05
5.72438e-05
-2.41288e-06
9.25881e-05
5.57044e-05
0.000141593
6.92914e-05
0.000166183
-8.873e-06
0.000161653
-0.000109322
0.000142284
-0.000192953
0.000118789
-0.000270043
8.64068e-05
-0.000334909
5.0505e-05
-0.000354458
1.98991e-05
-0.000274004
-1.19888e-05
-6.1698e-05
-1.10134e-06
0.000401811
0.00024908
4.7246e-05
4.44275e-05
5.73794e-05
3.78083e-05
6.98813e-05
3.44643e-05
8.27285e-05
3.27314e-05
9.33592e-05
2.82262e-05
9.54035e-05
1.76842e-05
8.4235e-05
8.75564e-06
0.000105641
3.42979e-05
0.000145805
2.91274e-05
0.000166985
-3.00525e-05
0.000164089
-0.000106426
0.000152291
-0.000181156
0.000134603
-0.000252355
0.000103936
-0.000304242
6.41257e-05
-0.000314647
2.73669e-05
-0.000237245
-1.55407e-05
-1.87903e-05
-2.26359e-06
0.000388534
0.000246816
4.69472e-05
3.44418e-05
5.58576e-05
2.88979e-05
6.54295e-05
2.48923e-05
7.62086e-05
2.19522e-05
8.71897e-05
1.72453e-05
9.55115e-05
9.36236e-06
0.000101058
3.20924e-06
0.000124002
1.13531e-05
0.000151186
1.94403e-06
0.000162864
-4.17308e-05
0.000164188
-0.00010775
0.000161372
-0.00017834
0.000147612
-0.000238595
0.000119233
-0.000275863
8.1123e-05
-0.000276537
4.29674e-05
-0.000199089
4.32256e-06
1.98548e-05
1.96536e-05
0.000373203
0.00026647
4.57343e-05
2.55891e-05
5.41625e-05
2.04696e-05
6.29983e-05
1.60565e-05
7.28553e-05
1.20952e-05
8.33444e-05
6.75633e-06
9.31132e-05
-4.06521e-07
0.000103035
-6.71284e-06
0.000121255
-6.8667e-06
0.000141041
-1.78424e-05
0.000156557
-5.72469e-05
0.000167391
-0.000118584
0.00016892
-0.00017987
0.000156404
-0.000226079
0.000132346
-0.000251805
0.000100733
-0.000244924
6.51943e-05
-0.000163551
3.98354e-05
4.52139e-05
4.74e-05
0.000365638
0.00031387
4.39077e-05
1.79278e-05
5.15685e-05
1.28088e-05
6.00671e-05
7.55788e-06
7.01152e-05
2.04714e-06
8.111e-05
-4.23855e-06
9.16669e-05
-1.09636e-05
0.000101735
-1.67815e-05
0.000116546
-2.16775e-05
0.000136587
-3.78834e-05
0.000157129
-7.77887e-05
0.000170666
-0.000132121
0.000171016
-0.000180219
0.00016011
-0.000215173
0.000143165
-0.00023486
0.000119795
-0.000221554
8.90387e-05
-0.000132795
7.1614e-05
6.26388e-05
6.8432e-05
0.00036882
0.000382302
4.18032e-05
1.11392e-05
4.88539e-05
5.75816e-06
5.69273e-05
-5.15454e-07
6.658e-05
-7.60551e-06
7.71986e-05
-1.48572e-05
8.77523e-05
-2.15176e-05
9.91295e-05
-2.81587e-05
0.000115421
-3.79696e-05
0.000137034
-5.94963e-05
0.000157373
-9.81271e-05
0.000167938
-0.000142686
0.00016663
-0.000178912
0.00016046
-0.000209003
0.000152171
-0.000226571
0.000135105
-0.000204488
0.000107812
-0.000105501
8.80319e-05
8.24189e-05
7.35454e-05
0.000383307
0.000455847
3.94858e-05
4.97777e-06
4.61013e-05
-8.57209e-07
5.37367e-05
-8.15063e-06
6.27447e-05
-1.66136e-05
7.27927e-05
-2.49053e-05
8.37804e-05
-3.25056e-05
9.70928e-05
-4.1471e-05
0.000114573
-5.54494e-05
0.000134474
-7.93972e-05
0.000150868
-0.000114521
0.00015831
-0.000150128
0.000158847
-0.00017945
0.000160806
-0.000210961
0.000161368
-0.000227133
0.000148242
-0.000191362
0.000120846
-7.81057e-05
9.42225e-05
0.000109042
6.96723e-05
0.000407857
0.000525519
3.70573e-05
-7.108e-07
4.33103e-05
-7.11012e-06
5.04286e-05
-1.52687e-05
5.86227e-05
-2.48079e-05
6.80087e-05
-3.42913e-05
7.90916e-05
-4.35885e-05
9.27705e-05
-5.51498e-05
0.000108904
-7.1583e-05
0.00012537
-9.58631e-05
0.000138709
-0.00012786
0.000146243
-0.000157662
0.000151856
-0.000185063
0.000162903
-0.000222008
0.000171509
-0.000235739
0.000160584
-0.000180437
0.000130192
-4.77141e-05
9.54194e-05
0.000143815
6.19736e-05
0.000441303
0.000587493
3.4537e-05
-5.98952e-06
4.04158e-05
-1.29889e-05
4.69414e-05
-2.17943e-05
5.4232e-05
-3.20987e-05
6.26912e-05
-4.27505e-05
7.29371e-05
-5.38345e-05
8.53065e-05
-6.7519e-05
9.91143e-05
-8.5391e-05
0.00011317
-0.000109919
0.000125836
-0.000140527
0.000135634
-0.00016746
0.000146604
-0.000196033
0.000165164
-0.000240568
0.000180172
-0.000250747
0.000171011
-0.000171276
0.000136978
-1.36813e-05
9.44723e-05
0.000186321
5.28058e-05
0.00048297
0.000640299
3.18488e-05
-1.08319e-05
3.72735e-05
-1.84137e-05
4.31715e-05
-2.76923e-05
4.95822e-05
-3.85096e-05
5.69664e-05
-5.01346e-05
6.58938e-05
-6.27618e-05
7.65869e-05
-7.82121e-05
8.86998e-05
-9.75042e-05
0.0001016
-0.00012282
0.000114367
-0.000153293
0.000126316
-0.00017941
0.000140945
-0.000210662
0.000164542
-0.000264165
0.000184662
-0.000270867
0.000177504
-0.000164118
0.000139775
2.4047e-05
9.13701e-05
0.000234727
4.15828e-05
0.000532757
0.000681881
2.89103e-05
-1.5166e-05
3.37576e-05
-2.3261e-05
3.89747e-05
-3.29094e-05
4.4574e-05
-4.4109e-05
5.09882e-05
-5.65487e-05
5.87782e-05
-7.05517e-05
6.81999e-05
-8.76339e-05
7.91775e-05
-0.000108482
9.09237e-05
-0.000134566
0.000103062
-0.000165431
0.000116171
-0.000192519
0.000132681
-0.000227172
0.00015861
-0.000290094
0.000182553
-0.000294811
0.000176579
-0.000158143
0.000136981
6.36449e-05
8.40961e-05
0.000287611
2.5463e-05
0.00059139
0.000707344
2.56696e-05
-1.89168e-05
2.98308e-05
-2.74222e-05
3.4325e-05
-3.74037e-05
3.9218e-05
-4.90019e-05
4.48984e-05
-6.22289e-05
5.18549e-05
-7.75083e-05
6.0188e-05
-9.59671e-05
6.986e-05
-0.000118154
7.98965e-05
-0.000144602
9.06243e-05
-0.000176159
0.000103905
-0.000205799
0.000120897
-0.000244164
0.000145376
-0.000314574
0.00017105
-0.000320484
0.000167557
-0.00015465
0.000127084
0.000104118
7.03134e-05
0.000344381
3.47133e-06
0.000658232
0.000710816
2.21488e-05
-2.20518e-05
2.56148e-05
-3.08882e-05
2.94383e-05
-4.12272e-05
3.37404e-05
-5.33039e-05
3.88015e-05
-6.729e-05
4.4913e-05
-8.362e-05
5.19674e-05
-0.000103021
5.9971e-05
-0.000126157
6.81333e-05
-0.000152765
7.72074e-05
-0.000185233
8.939e-05
-0.000217982
0.000105313
-0.000260088
0.000123091
-0.000332352
0.000147379
-0.000344772
0.000149154
-0.000156426
0.000109052
0.00014422
4.78315e-05
0.000405602
-3.08905e-05
0.000736954
0.000679925
1.84884e-05
-2.46131e-05
2.13483e-05
-3.37482e-05
2.45873e-05
-4.44662e-05
2.83012e-05
-5.70177e-05
3.26237e-05
-7.16125e-05
3.76656e-05
-8.86621e-05
4.33063e-05
-0.000108662
4.96116e-05
-0.000132463
5.62149e-05
-0.000159368
6.37052e-05
-0.000192724
7.33505e-05
-0.000227627
8.63799e-05
-0.000273117
9.29577e-05
-0.000338929
0.000112794
-0.000364608
0.000124767
-0.000168399
8.74743e-05
0.000181513
2.06907e-05
0.000472386
-6.90626e-05
0.000826708
0.000610862
1.48488e-05
-2.66616e-05
1.71609e-05
-3.60604e-05
1.97988e-05
-4.7104e-05
2.27977e-05
-6.00167e-05
2.6218e-05
-7.5033e-05
3.0127e-05
-9.25713e-05
3.45382e-05
-0.000113073
3.94592e-05
-0.000137384
4.49008e-05
-0.00016481
5.08424e-05
-0.000198665
5.73524e-05
-0.000234137
6.61192e-05
-0.000281884
6.22657e-05
-0.000335076
7.57513e-05
-0.000378094
0.000101665
-0.000194313
7.20351e-05
0.000211143
2.36977e-06
0.000542051
-0.000109776
0.000938853
0.000501087
1.12458e-05
-2.81988e-05
1.29852e-05
-3.77997e-05
1.49614e-05
-4.90802e-05
1.71998e-05
-6.22552e-05
1.97759e-05
-7.76093e-05
2.27765e-05
-9.55719e-05
2.62794e-05
-0.000116576
3.01561e-05
-0.000141261
3.45819e-05
-0.000169236
3.89308e-05
-0.000203014
4.29621e-05
-0.000238169
4.71921e-05
-0.000286114
3.96274e-05
-0.000327511
4.56503e-05
-0.000384117
8.41006e-05
-0.000232764
7.55415e-05
0.000219702
3.80425e-05
0.00057955
-6.70234e-05
0.00104392
0.000434063
7.70243e-06
-2.92316e-05
8.89761e-06
-3.8995e-05
1.02852e-05
-5.04678e-05
1.19078e-05
-6.38779e-05
1.38432e-05
-7.95446e-05
1.61491e-05
-9.78776e-05
1.88509e-05
-0.000119278
2.17714e-05
-0.000144181
2.50641e-05
-0.000172529
2.79047e-05
-0.000205855
3.04253e-05
-0.000240689
3.09321e-05
-0.000286621
2.52251e-05
-0.000321804
2.09608e-05
-0.000379852
6.01745e-05
-0.000271977
9.08657e-05
0.000189011
8.38322e-05
0.000586583
6.7251e-06
0.00112103
0.000440788
4.46093e-06
-2.98481e-05
5.21791e-06
-3.9752e-05
6.12984e-06
-5.13796e-05
7.2252e-06
-6.49733e-05
8.5381e-06
-8.08576e-05
1.00758e-05
-9.94154e-05
1.18189e-05
-0.000121021
1.36618e-05
-0.000146024
1.56897e-05
-0.000174556
1.72607e-05
-0.000207426
1.88492e-05
-0.000242278
1.73196e-05
-0.000285091
1.3975e-05
-0.000318459
1.13787e-06
-0.000367015
2.02222e-05
-0.000291061
9.98195e-05
0.000109414
6.89134e-05
0.00061749
7.42126e-05
0.00111573
0.000515001
1.56625e-06
1.87144e-06
2.23547e-06
2.66312e-06
3.15852e-06
3.71769e-06
4.33114e-06
4.97689e-06
5.6689e-06
6.18857e-06
6.82893e-06
5.82415e-06
4.38557e-06
-5.58082e-06
6.52144e-06
0.000117835
0.000235284
0.000437552
)
;

boundaryField
{
    leftWall
    {
        type            calculated;
        value           uniform 0;
    }
    rightWall
    {
        type            calculated;
        value           uniform 0;
    }
    lowerWall
    {
        type            calculated;
        value           uniform 0;
    }
    atmosphere
    {
        type            calculated;
        value           nonuniform List<scalar> 
46
(
1.81946e-05
1.67176e-05
1.63676e-05
1.56622e-05
1.49696e-05
1.42284e-05
1.34644e-05
1.26908e-05
1.19087e-05
1.11112e-05
1.03043e-05
9.48481e-06
8.64634e-06
7.77327e-06
6.85673e-06
5.88861e-06
4.86513e-06
3.77289e-06
2.59037e-06
1.30068e-06
-1.17552e-07
-1.65945e-06
-3.33255e-06
-6.07457e-06
-8.73863e-06
-1.16943e-05
-1.49764e-05
-3.00905e-05
-4.00573e-05
-5.17437e-05
-6.5401e-05
-8.1353e-05
-9.99746e-05
-0.000121635
-0.00014667
-0.000175249
-0.000207945
-0.000242918
-0.000284086
-0.000317021
-0.000357048
-0.000303164
-1.89957e-06
0.00050004
0.000913459
0.000952553
)
;
    }
    defaultFaces
    {
        type            empty;
        value           nonuniform List<scalar> 0();
    }
}


// ************************************************************************* //
