/*--------------------------------*- C++ -*----------------------------------*\
| =========                 |                                                 |
| \\      /  F ield         | OpenFOAM: The Open Source CFD Toolbox           |
|  \\    /   O peration     | Version:  2206                                  |
|   \\  /    A nd           | Website:  www.openfoam.com                      |
|    \\/     M anipulation  |                                                 |
\*---------------------------------------------------------------------------*/
FoamFile
{
    version     2.0;
    format      ascii;
    arch        "LSB;label=32;scalar=64";
    class       volVectorField;
    location    "0.5";
    object      U;
}
// * * * * * * * * * * * * * * * * * * * * * * * * * * * * * * * * * * * * * //

dimensions      [0 1 -1 0 0 0 0];

internalField   nonuniform List<vector> 
2268
(
(-0.031878 0.0103804 0)
(-0.0611449 0.00465653 0)
(-0.0552389 -0.00539479 0)
(-0.0155432 -0.011505 0)
(0.0422604 -0.0148755 0)
(0.106514 -0.0151269 0)
(0.16712 -0.0129467 0)
(0.21627 -0.00964696 0)
(0.250833 -0.00636162 0)
(0.271983 -0.00360944 0)
(0.282595 -0.00145629 0)
(0.285554 0.000515949 0)
(0.280999 0.00248015 0)
(0.269378 0.00489712 0)
(0.249235 0.00840297 0)
(0.217136 0.0135996 0)
(0.166504 0.020403 0)
(0.0937972 0.0256672 0)
(-0.00529023 0.0157169 0)
(-0.04747 0.00883587 0)
(-0.161732 0.0261052 0)
(-0.232443 0.00150207 0)
(-0.0820361 -0.0548099 0)
(-0.0413936 0.0313072 0)
(-0.0584816 0.0104616 0)
(-0.0502115 -0.0170984 0)
(-0.00965946 -0.0350084 0)
(0.0475695 -0.044828 0)
(0.11106 -0.0455105 0)
(0.170692 -0.0389768 0)
(0.21869 -0.0291396 0)
(0.252257 -0.0193944 0)
(0.272917 -0.011291 0)
(0.283812 -0.00500623 0)
(0.287504 4.88257e-05 0)
(0.287448 0.00441078 0)
(0.284886 0.00893106 0)
(0.280812 0.0148589 0)
(0.275278 0.0238918 0)
(0.26371 0.0374405 0)
(0.236003 0.0551526 0)
(0.157274 0.0607652 0)
(0.0636713 0.0592933 0)
(-0.119673 0.0561468 0)
(-0.14765 -0.0115177 0)
(-0.0252136 -0.125562 0)
(-0.036912 0.0515586 0)
(-0.0484321 0.0139831 0)
(-0.0395092 -0.0292199 0)
(-0.00064736 -0.0577112 0)
(0.0535713 -0.0737384 0)
(0.114967 -0.0749567 0)
(0.172756 -0.0639824 0)
(0.218488 -0.0475538 0)
(0.24973 -0.0315139 0)
(0.268732 -0.018385 0)
(0.278938 -0.00835403 0)
(0.28296 -0.000841022 0)
(0.282389 0.00505461 0)
(0.278281 0.010342 0)
(0.271538 0.0163904 0)
(0.263821 0.0254284 0)
(0.257794 0.040508 0)
(0.25872 0.0658 0)
(0.242915 0.0921831 0)
(0.195612 0.114879 0)
(0.0669945 0.110279 0)
(-0.0343071 -0.0150153 0)
(0.0364099 -0.149192 0)
(-0.0295066 0.0680564 0)
(-0.0344788 0.0160732 0)
(-0.0237815 -0.040911 0)
(0.0102903 -0.0779837 0)
(0.0592278 -0.100753 0)
(0.117406 -0.103357 0)
(0.17305 -0.0879811 0)
(0.216412 -0.0647332 0)
(0.245187 -0.0425522 0)
(0.262452 -0.0249262 0)
(0.272114 -0.0117476 0)
(0.276746 -0.00186349 0)
(0.277656 0.00596542 0)
(0.275476 0.0129496 0)
(0.270524 0.0203478 0)
(0.263257 0.0297387 0)
(0.254826 0.0431516 0)
(0.251862 0.0655061 0)
(0.259175 0.0984529 0)
(0.26692 0.139784 0)
(0.223781 0.154843 0)
(0.145522 0.0235605 0)
(0.102529 -0.109972 0)
(-0.0209169 0.0787097 0)
(-0.0143422 0.0150501 0)
(-0.00165569 -0.0510134 0)
(0.0280648 -0.0957529 0)
(0.0711849 -0.125725 0)
(0.123302 -0.130502 0)
(0.173725 -0.110937 0)
(0.212841 -0.0807987 0)
(0.238541 -0.0525421 0)
(0.2543 -0.0307799 0)
(0.263993 -0.0150075 0)
(0.269804 -0.00337721 0)
(0.272646 0.00580839 0)
(0.272898 0.0140917 0)
(0.270763 0.0227476 0)
(0.266535 0.0330931 0)
(0.260873 0.0463508 0)
(0.255702 0.0649877 0)
(0.258376 0.0921828 0)
(0.281627 0.134746 0)
(0.29905 0.165188 0)
(0.247775 0.077323 0)
(0.154371 -0.0438116 0)
(-0.0108491 0.0828367 0)
(0.0140897 0.0103763 0)
(0.0325809 -0.0617437 0)
(0.0656755 -0.112596 0)
(0.104848 -0.14779 0)
(0.1448 -0.153892 0)
(0.182273 -0.130497 0)
(0.211855 -0.0947898 0)
(0.231805 -0.0619171 0)
(0.245228 -0.0369208 0)
(0.255195 -0.0188945 0)
(0.26285 -0.0055998 0)
(0.268305 0.00477036 0)
(0.271371 0.0140682 0)
(0.271975 0.023617 0)
(0.270435 0.0347089 0)
(0.267832 0.0483181 0)
(0.265649 0.0658221 0)
(0.265141 0.0872589 0)
(0.277527 0.119917 0)
(0.312699 0.156261 0)
(0.287025 0.119055 0)
(0.182162 0.0567426 0)
(0.00227187 0.0759502 0)
(0.0486804 -0.00505062 0)
(0.0870062 -0.0771385 0)
(0.135796 -0.127982 0)
(0.170821 -0.163305 0)
(0.18885 -0.168374 0)
(0.203919 -0.141836 0)
(0.218656 -0.102807 0)
(0.23022 -0.0682484 0)
(0.239645 -0.0427607 0)
(0.248593 -0.0243504 0)
(0.257135 -0.0100564 0)
(0.264745 0.00237479 0)
(0.270731 0.0129198 0)
(0.274369 0.0235733 0)
(0.275558 0.0349493 0)
(0.275303 0.048082 0)
(0.27563 0.0649883 0)
(0.277334 0.0850707 0)
(0.280261 0.109893 0)
(0.306069 0.147033 0)
(0.299831 0.153012 0)
(0.215932 0.157311 0)
(0.0162693 0.0584394 0)
(0.0855772 -0.0256748 0)
(0.164304 -0.0972909 0)
(0.234317 -0.145041 0)
(0.256264 -0.171711 0)
(0.241979 -0.17151 0)
(0.230644 -0.144083 0)
(0.23134 -0.104242 0)
(0.2366 -0.0689389 0)
(0.243482 -0.0437788 0)
(0.251353 -0.0266644 0)
(0.259384 -0.0139805 0)
(0.266208 -0.00278512 0)
(0.271958 0.00890512 0)
(0.276786 0.0221912 0)
(0.28001 0.036309 0)
(0.282602 0.050209 0)
(0.28562 0.0658156 0)
(0.290469 0.0844664 0)
(0.29391 0.104964 0)
(0.305989 0.140802 0)
(0.314376 0.18471 0)
(0.210241 0.31079 0)
(0.462293 -0.337784 0)
(1.56045 -0.211151 0)
(2.16605 -0.0206654 0)
(2.232 0.0371345 0)
(2.21011 0.174833 0)
(1.60637 0.297523 0)
(0.512692 0.262382 0)
(-0.247319 -0.069436 0)
(0.224132 -0.158297 0)
(0.517139 -0.0582626 0)
(0.00416044 0.218056 0)
(-2.1327 0.488805 0)
(-4.21401 0.220738 0)
(-4.80753 -0.129097 0)
(-4.3017 -0.287833 0)
(-3.47609 -0.288546 0)
(-2.54649 -0.27491 0)
(-1.33701 -0.396316 0)
(-0.29831 -0.313006 0)
(0.150705 -0.677284 0)
(0.729 -0.526458 0)
(1.15699 -0.154575 0)
(1.07615 -0.140018 0)
(1.53629 -0.0256357 0)
(2.0514 0.378085 0)
(1.49557 0.622723 0)
(0.315702 0.189981 0)
(0.302376 -0.286474 0)
(0.0337318 0.272963 0)
(-2.75458 1.04411 0)
(-4.91429 0.970361 0)
(-5.43476 0.49879 0)
(-4.33107 -0.0826002 0)
(-3.30526 -0.470479 0)
(-3.04376 -0.524056 0)
(-2.22544 -0.673942 0)
(-1.03771 -0.847445 0)
(-0.110898 -0.586022 0)
(0.0289159 -0.831738 0)
(0.270569 -0.802726 0)
(0.813686 -0.103677 0)
(0.909008 -0.118435 0)
(0.880082 -0.177075 0)
(1.5671 0.283659 0)
(1.6456 0.78322 0)
(0.612232 0.434171 0)
(0.143579 -0.104629 0)
(-1.28344 1.22504 0)
(-4.02837 2.00602 0)
(-5.53902 1.62262 0)
(-5.06853 0.41162 0)
(-4.11244 -0.64933 0)
(-4.13721 -0.629282 0)
(-3.60032 -0.683662 0)
(-2.5419 -0.962443 0)
(-1.03423 -1.29943 0)
(-0.0114121 -0.814635 0)
(-0.0144127 -0.775087 0)
(-0.588434 -0.58116 0)
(0.281146 -0.310913 0)
(0.888023 -0.143961 0)
(0.93069 -0.201853 0)
(1.10348 0.284149 0)
(1.34931 1.02677 0)
(0.47263 0.76405 0)
(-1.02069 0.62522 0)
(-3.00313 2.20603 0)
(-4.69173 2.70115 0)
(-5.06348 1.77516 0)
(-4.13039 0.0679652 0)
(-3.57123 -0.75085 0)
(-3.07378 -0.923115 0)
(-2.80287 -0.958862 0)
(-2.14709 -1.29895 0)
(-0.902676 -1.90062 0)
(0.110909 -1.08575 0)
(-0.0533944 -0.583947 0)
(-0.70891 -0.800229 0)
(-0.124618 -0.668806 0)
(0.420984 -0.452401 0)
(0.585177 -0.310247 0)
(0.530582 0.219302 0)
(0.789528 1.24663 0)
(-0.229352 1.23478 0)
(-2.50554 1.51832 0)
(-4.04349 2.7174 0)
(-4.81205 2.95928 0)
(-4.29269 1.56236 0)
(-3.38487 -0.19665 0)
(-2.68988 -1.09922 0)
(-1.93282 -1.21836 0)
(-1.70163 -1.03472 0)
(-1.49718 -1.42049 0)
(-0.770163 -2.26638 0)
(0.214435 -1.32854 0)
(-0.0345253 -0.401354 0)
(-0.454377 -0.784421 0)
(-0.400073 -0.851096 0)
(0.0926657 -0.574646 0)
(0.248541 -0.329188 0)
(0.101062 0.272608 0)
(0.224954 1.44999 0)
(-0.934788 1.89343 0)
(-3.10288 2.16852 0)
(-4.25966 3.00704 0)
(-4.4304 2.88079 0)
(-3.51697 1.20586 0)
(-2.6015 -0.660584 0)
(-1.56074 -1.50505 0)
(-0.91552 -1.52814 0)
(-0.711165 -1.1766 0)
(-0.816335 -1.32568 0)
(-0.688898 -2.46209 0)
(0.271029 -1.5354 0)
(0.0557805 -0.339814 0)
(-0.153163 -0.684106 0)
(-0.32674 -0.948451 0)
(-0.116961 -0.659224 0)
(-0.0212234 -0.332733 0)
(-0.240533 0.360893 0)
(-0.205356 1.69142 0)
(-1.11328 2.54878 0)
(-2.84679 2.76969 0)
(-3.8119 3.133 0)
(-3.66213 2.65852 0)
(-2.28661 0.834388 0)
(-1.14249 -1.09918 0)
(-0.358264 -1.8155 0)
(-0.0037335 -1.67287 0)
(0.00745331 -1.33719 0)
(0.283332 -1.03406 0)
(-0.716978 -2.45773 0)
(0.277407 -1.69574 0)
(0.210908 -0.364397 0)
(0.0748684 -0.611363 0)
(-0.0957367 -0.868816 0)
(-0.17181 -0.680377 0)
(-0.113808 -0.262235 0)
(-0.480379 0.489459 0)
(-0.486641 1.89204 0)
(-0.841763 3.05373 0)
(-1.82753 3.31573 0)
(-2.80253 3.23438 0)
(-2.54371 2.38734 0)
(-0.697816 0.207669 0)
(0.387037 -1.32376 0)
(0.601096 -1.96434 0)
(0.604522 -1.72726 0)
(0.469631 -1.38038 0)
(0.995169 -1.18932 0)
(-0.204412 -2.4203 0)
(0.299528 -1.82451 0)
(0.0336217 0.00113474 0)
(0.156716 -0.0889829 0)
(0.284894 -0.161964 0)
(0.353049 -0.181031 0)
(0.329207 -0.170378 0)
(0.269924 -0.157128 0)
(0.234901 -0.138641 0)
(0.228102 -0.108357 0)
(0.234801 -0.0757443 0)
(0.248439 -0.0488956 0)
(0.264234 -0.0278967 0)
(0.277871 -0.0112044 0)
(0.287481 0.0014603 0)
(0.292032 0.0100692 0)
(0.292854 0.0163401 0)
(0.291637 0.0241983 0)
(0.291999 0.0359023 0)
(0.296515 0.0540366 0)
(0.304511 0.0765769 0)
(0.318268 0.0987121 0)
(0.337095 0.129166 0)
(0.404482 0.164586 0)
(0.480741 0.31731 0)
(0.0623622 -0.107806 0)
(0.229873 -0.259264 0)
(0.369204 -0.29026 0)
(0.34215 -0.189004 0)
(0.238148 -0.118431 0)
(0.167633 -0.109205 0)
(0.13573 -0.116243 0)
(0.126709 -0.116035 0)
(0.142641 -0.105774 0)
(0.182416 -0.089905 0)
(0.228267 -0.0718826 0)
(0.269607 -0.051202 0)
(0.300963 -0.0270451 0)
(0.317746 0.000689783 0)
(0.320039 0.029101 0)
(0.315221 0.0501094 0)
(0.313609 0.0555951 0)
(0.317324 0.0619749 0)
(0.323516 0.0679001 0)
(0.338726 0.0738302 0)
(0.365634 0.0868846 0)
(0.412707 0.0946358 0)
(0.493564 0.107937 0)
(0.097673 -0.304408 0)
(0.208766 -0.432921 0)
(0.199975 -0.279212 0)
(-0.25822 0.0457486 0)
(-0.267184 0.0233048 0)
(-0.227237 -0.0426145 0)
(-0.286134 -0.0447652 0)
(-0.385666 -0.0784858 0)
(-0.387864 -0.133035 0)
(-0.224932 -0.13926 0)
(-0.106671 -0.111213 0)
(-0.00269205 -0.0805204 0)
(0.0933429 -0.0463836 0)
(0.17921 -0.0130274 0)
(0.237785 0.00988449 0)
(0.29477 0.021153 0)
(0.341722 0.0240229 0)
(0.353439 0.0466266 0)
(0.340489 0.0652888 0)
(0.336024 0.0579456 0)
(0.353669 0.0515725 0)
(0.381123 0.0423846 0)
(0.426244 0.0221172 0)
(-0.0322994 -0.511062 0)
(-0.149164 -0.145889 0)
(-0.167222 0.196788 0)
(-0.186884 0.105631 0)
(-0.0819965 -0.116352 0)
(-0.0904527 -0.0998973 0)
(-0.098294 -0.00393295 0)
(-0.0993063 -0.064012 0)
(-0.145315 -0.174293 0)
(-0.24063 -0.281484 0)
(-0.348384 -0.222673 0)
(-0.449219 -0.185752 0)
(-0.556854 -0.156447 0)
(-0.632531 -0.116117 0)
(-0.511001 -0.0859444 0)
(-0.166746 -0.0485661 0)
(0.0568516 -0.00208303 0)
(0.19338 0.0601657 0)
(0.265661 0.0814309 0)
(0.330921 0.0637106 0)
(0.377486 0.0509324 0)
(0.40274 0.0269547 0)
(0.423068 -0.0171563 0)
(-0.125367 -0.213571 0)
(-0.214515 -0.223771 0)
(-0.170671 -0.140212 0)
(-0.0313278 -0.0524125 0)
(-0.0245176 -0.0583319 0)
(-0.0625528 -0.0407893 0)
(-0.0467575 -0.0224157 0)
(-0.0281202 -0.032629 0)
(-0.0388925 -0.0521375 0)
(-0.0678148 -0.0680525 0)
(-0.0873959 -0.0436805 0)
(-0.0960526 0.0084951 0)
(-0.12992 0.0134405 0)
(-0.25035 -0.109087 0)
(-0.408363 -0.275974 0)
(-0.50618 -0.492729 0)
(-0.541389 -0.273273 0)
(-0.369849 -0.152826 0)
(-0.0609218 -0.0796689 0)
(0.110678 -0.0743492 0)
(0.195772 -0.0152056 0)
(0.270087 0.00508198 0)
(0.363199 -0.00653488 0)
(-0.0806136 -0.124531 0)
(-0.0724942 -0.217129 0)
(-0.0927072 -0.0862492 0)
(-0.057228 -0.0564656 0)
(-0.0546719 -0.0693828 0)
(-0.0590013 -0.0543247 0)
(-0.0554556 -0.0433027 0)
(-0.0520964 -0.0533666 0)
(-0.0601341 -0.0820624 0)
(-0.0743062 -0.10816 0)
(-0.0786302 -0.10969 0)
(-0.0557384 -0.0696119 0)
(-0.00429023 0.0288306 0)
(0.0212752 0.143793 0)
(-0.0754636 0.084315 0)
(-0.0893972 -0.154252 0)
(-0.096163 -0.240803 0)
(-0.0312726 -0.354276 0)
(-0.0725318 -0.375223 0)
(-0.106874 -0.152821 0)
(-0.263627 -0.116779 0)
(-0.0367715 -0.193383 0)
(0.107741 -0.215711 0)
(-0.0436894 -0.0612083 0)
(-0.0451528 -0.175595 0)
(-0.070324 -0.104498 0)
(-0.0560373 -0.0720071 0)
(-0.0528772 -0.0625227 0)
(-0.0496223 -0.0537152 0)
(-0.0462801 -0.0455982 0)
(-0.0445365 -0.0485407 0)
(-0.0504452 -0.063607 0)
(-0.0636119 -0.0843447 0)
(-0.0785103 -0.0965247 0)
(-0.0876638 -0.0856167 0)
(-0.074691 -0.0485872 0)
(-0.00974744 -0.0111501 0)
(0.0419733 -0.107236 0)
(0.0595924 -0.271174 0)
(0.0271109 -0.270588 0)
(0.0446969 -0.221426 0)
(0.088895 -0.182684 0)
(0.220721 -0.0428425 0)
(0.372906 0.0155445 0)
(0.492938 -0.276506 0)
(0.427973 -0.249045 0)
(-0.0285854 -0.0258167 0)
(-0.0379125 -0.166834 0)
(-0.0499684 -0.106365 0)
(-0.044615 -0.0772449 0)
(-0.0425796 -0.0661371 0)
(-0.0388702 -0.0578535 0)
(-0.0349034 -0.0494665 0)
(-0.032463 -0.0466059 0)
(-0.0353873 -0.0533845 0)
(-0.0444256 -0.0683692 0)
(-0.0559953 -0.0836614 0)
(-0.060587 -0.0850386 0)
(-0.0417366 -0.0595201 0)
(0.00841199 -0.0178313 0)
(0.0668464 -0.0473839 0)
(0.0776445 -0.195176 0)
(0.0436724 -0.254701 0)
(0.026999 -0.315574 0)
(0.0457574 -0.377942 0)
(0.12612 -0.392717 0)
(0.299288 -0.377075 0)
(0.423657 -0.310413 0)
(0.511484 -0.0296603 0)
(-0.0178677 0.00122175 0)
(-0.0277575 -0.155318 0)
(-0.0364114 -0.106142 0)
(-0.034911 -0.0776669 0)
(-0.0343786 -0.067898 0)
(-0.0318019 -0.0614305 0)
(-0.0278628 -0.0541855 0)
(-0.0232308 -0.0490705 0)
(-0.0205042 -0.0506745 0)
(-0.021632 -0.0609254 0)
(-0.0261269 -0.076678 0)
(-0.0299882 -0.0908637 0)
(-0.0227397 -0.0987993 0)
(0.00581494 -0.106769 0)
(0.0569769 -0.135018 0)
(0.0735556 -0.19829 0)
(0.0587394 -0.236143 0)
(0.0485412 -0.278143 0)
(0.0496088 -0.358134 0)
(0.0767713 -0.40864 0)
(0.155453 -0.407247 0)
(0.20425 -0.393091 0)
(0.277154 -0.215857 0)
(-0.00996276 0.0207086 0)
(-0.018783 -0.145259 0)
(-0.026864 -0.103317 0)
(-0.0276286 -0.0770443 0)
(-0.0277551 -0.068869 0)
(-0.0261729 -0.0642361 0)
(-0.0226646 -0.0590942 0)
(-0.0170209 -0.0547616 0)
(-0.0105825 -0.0546291 0)
(-0.00553411 -0.0614594 0)
(-0.00300372 -0.0746133 0)
(-0.0020675 -0.0906631 0)
(0.00259075 -0.106204 0)
(0.0147297 -0.123486 0)
(0.0347315 -0.149886 0)
(0.0437202 -0.19507 0)
(0.0332536 -0.232159 0)
(0.0274955 -0.279143 0)
(0.00982697 -0.361206 0)
(-0.0170594 -0.436608 0)
(-0.00704691 -0.46057 0)
(0.000438085 -0.424636 0)
(0.0292665 -0.259999 0)
(-0.00513514 0.0323386 0)
(-0.0129255 -0.137413 0)
(-0.0199869 -0.0997443 0)
(-0.0219994 -0.0754351 0)
(-0.0228662 -0.0690613 0)
(-0.0222567 -0.0662767 0)
(-0.0198668 -0.0634906 0)
(-0.0151807 -0.0613222 0)
(-0.00863694 -0.0618787 0)
(-0.00192218 -0.0674345 0)
(0.00318489 -0.0785653 0)
(0.00617749 -0.0937618 0)
(0.0087412 -0.110828 0)
(0.0116343 -0.131269 0)
(0.0152511 -0.156332 0)
(0.0126423 -0.188291 0)
(-0.000346902 -0.220627 0)
(-0.0112813 -0.26211 0)
(-0.0377226 -0.328466 0)
(-0.0805914 -0.401277 0)
(-0.125888 -0.439455 0)
(-0.168462 -0.407199 0)
(-0.191399 -0.274484 0)
(-0.00237497 0.0396964 0)
(-0.00919314 -0.130666 0)
(-0.0153491 -0.0959466 0)
(-0.0180853 -0.0732455 0)
(-0.019605 -0.0683695 0)
(-0.0199632 -0.0670989 0)
(-0.0189867 -0.0661875 0)
(-0.0163165 -0.0660968 0)
(-0.0120114 -0.0680372 0)
(-0.0070686 -0.0734002 0)
(-0.00308901 -0.0829315 0)
(-0.00128422 -0.096075 0)
(-0.00152922 -0.11159 0)
(-0.00385356 -0.129888 0)
(-0.00846984 -0.151238 0)
(-0.0180822 -0.176883 0)
(-0.0319322 -0.204695 0)
(-0.0502764 -0.239917 0)
(-0.0803067 -0.293728 0)
(-0.125827 -0.354558 0)
(-0.187746 -0.395031 0)
(-0.248401 -0.374428 0)
(-0.280531 -0.265485 0)
(-0.000903732 0.0446026 0)
(-0.00682064 -0.124749 0)
(-0.0123724 -0.0918432 0)
(-0.0156233 -0.0706291 0)
(-0.0176724 -0.0669745 0)
(-0.0188979 -0.0667882 0)
(-0.0192204 -0.0670608 0)
(-0.0185789 -0.0682732 0)
(-0.0170242 -0.0711797 0)
(-0.0150823 -0.0764973 0)
(-0.0138437 -0.0847093 0)
(-0.0144131 -0.0956909 0)
(-0.0172197 -0.108899 0)
(-0.0223365 -0.124439 0)
(-0.0301247 -0.142498 0)
(-0.0415454 -0.163531 0)
(-0.056561 -0.186295 0)
(-0.0764679 -0.213981 0)
(-0.108242 -0.253151 0)
(-0.158979 -0.298323 0)
(-0.229373 -0.33221 0)
(-0.303011 -0.324884 0)
(-0.343088 -0.254623 0)
(-0.000323723 0.0479989 0)
(-0.00547541 -0.119552 0)
(-0.0106098 -0.0876677 0)
(-0.0142004 -0.0676244 0)
(-0.0167462 -0.0649286 0)
(-0.0187217 -0.0654948 0)
(-0.0201226 -0.0664262 0)
(-0.0210594 -0.0682229 0)
(-0.0216971 -0.0714603 0)
(-0.0223722 -0.0765064 0)
(-0.0237293 -0.0835855 0)
(-0.0265062 -0.0927342 0)
(-0.0311789 -0.103842 0)
(-0.0380011 -0.116919 0)
(-0.0474436 -0.132067 0)
(-0.0601883 -0.149307 0)
(-0.0764919 -0.168127 0)
(-0.09705 -0.188833 0)
(-0.126627 -0.212507 0)
(-0.173654 -0.237586 0)
(-0.241826 -0.256809 0)
(-0.319212 -0.254745 0)
(-0.380992 -0.216329 0)
(-0.000260905 0.0507837 0)
(-0.00482949 -0.114826 0)
(-0.00973153 -0.0833967 0)
(-0.0135621 -0.0643103 0)
(-0.0165365 -0.0623193 0)
(-0.0191515 -0.063381 0)
(-0.0214361 -0.0646565 0)
(-0.0235328 -0.066622 0)
(-0.0256702 -0.0697633 0)
(-0.0281339 -0.0743144 0)
(-0.0313342 -0.0803879 0)
(-0.0357414 -0.0880283 0)
(-0.0417832 -0.0972306 0)
(-0.0498922 -0.107956 0)
(-0.0605914 -0.120135 0)
(-0.0745295 -0.133622 0)
(-0.0926624 -0.148159 0)
(-0.116091 -0.163146 0)
(-0.145762 -0.177001 0)
(-0.183454 -0.187764 0)
(-0.23185 -0.19304 0)
(-0.288771 -0.187157 0)
(-0.342865 -0.163351 0)
(-0.000360948 0.0533568 0)
(-0.00457456 -0.110349 0)
(-0.00943778 -0.0790382 0)
(-0.0134436 -0.0607272 0)
(-0.0167891 -0.0592324 0)
(-0.0199378 -0.0605745 0)
(-0.0229556 -0.0619955 0)
(-0.0259561 -0.0639269 0)
(-0.0291497 -0.0667758 0)
(-0.032801 -0.0707184 0)
(-0.037229 -0.0758321 0)
(-0.0427881 -0.0821156 0)
(-0.0498461 -0.0895432 0)
(-0.058829 -0.0980354 0)
(-0.0701875 -0.107399 0)
(-0.0843908 -0.117273 0)
(-0.102123 -0.127275 0)
(-0.124195 -0.137173 0)
(-0.151387 -0.146426 0)
(-0.184037 -0.15292 0)
(-0.22171 -0.152588 0)
(-0.262141 -0.141313 0)
(-0.300269 -0.118373 0)
(-0.000505488 0.0559547 0)
(-0.00454925 -0.105947 0)
(-0.00950313 -0.0745643 0)
(-0.0136401 -0.0569102 0)
(-0.0173003 -0.055746 0)
(-0.0208873 -0.0571918 0)
(-0.0245002 -0.0586058 0)
(-0.0282233 -0.0603822 0)
(-0.0322261 -0.0628578 0)
(-0.0367382 -0.0661548 0)
(-0.0420274 -0.0703177 0)
(-0.0483973 -0.0753221 0)
(-0.0561629 -0.0811112 0)
(-0.0656676 -0.0875691 0)
(-0.0772763 -0.0944785 0)
(-0.0913428 -0.101527 0)
(-0.10826 -0.108254 0)
(-0.128403 -0.113969 0)
(-0.15224 -0.11782 0)
(-0.180161 -0.118728 0)
(-0.211494 -0.115189 0)
(-0.24367 -0.105336 0)
(-0.273111 -0.0881204 0)
(-0.00062336 0.0586385 0)
(-0.00462218 -0.101491 0)
(-0.00976078 -0.0699582 0)
(-0.0139964 -0.0528883 0)
(-0.0179161 -0.0519351 0)
(-0.0218491 -0.0533507 0)
(-0.0259218 -0.0546371 0)
(-0.0301989 -0.0561669 0)
(-0.0348173 -0.0582199 0)
(-0.0399666 -0.0608671 0)
(-0.0458645 -0.0641182 0)
(-0.0527641 -0.0679369 0)
(-0.0609281 -0.0722476 0)
(-0.0706156 -0.0769149 0)
(-0.0821065 -0.0817102 0)
(-0.095672 -0.0863218 0)
(-0.111577 -0.0903401 0)
(-0.130004 -0.0932653 0)
(-0.151023 -0.0945211 0)
(-0.174517 -0.0931659 0)
(-0.199827 -0.0878473 0)
(-0.225525 -0.0776212 0)
(-0.249538 -0.0627649 0)
(-0.000678079 0.0613942 0)
(-0.00471348 -0.0969003 0)
(-0.010092 -0.0652148 0)
(-0.0143951 -0.0486965 0)
(-0.0185211 -0.0478672 0)
(-0.0227157 -0.0491596 0)
(-0.0271238 -0.0502371 0)
(-0.0317931 -0.0514587 0)
(-0.0368405 -0.0530589 0)
(-0.0424229 -0.0550731 0)
(-0.0487088 -0.0574817 0)
(-0.0558969 -0.0602374 0)
(-0.0641966 -0.0632483 0)
(-0.0738034 -0.0663801 0)
(-0.0849255 -0.0694244 0)
(-0.0977422 -0.0720891 0)
(-0.112376 -0.0740039 0)
(-0.128884 -0.0747062 0)
(-0.147243 -0.0737343 0)
(-0.167257 -0.07053 0)
(-0.188273 -0.064327 0)
(-0.209235 -0.0546423 0)
(-0.228923 -0.0418422 0)
(-0.000658541 0.0641887 0)
(-0.00477815 -0.0921248 0)
(-0.0104151 -0.0603443 0)
(-0.0147517 -0.0443748 0)
(-0.0190301 -0.0436074 0)
(-0.0234103 -0.0447162 0)
(-0.028048 -0.045538 0)
(-0.0329728 -0.046423 0)
(-0.0382848 -0.0475669 0)
(-0.0441144 -0.048981 0)
(-0.0505964 -0.050622 0)
(-0.0578788 -0.0524368 0)
(-0.0661236 -0.0543267 0)
(-0.07548 -0.0561655 0)
(-0.0860863 -0.0577708 0)
(-0.0980651 -0.0588836 0)
(-0.111467 -0.0591924 0)
(-0.126254 -0.0583401 0)
(-0.142328 -0.0559918 0)
(-0.15946 -0.0517891 0)
(-0.177091 -0.0452024 0)
(-0.194452 -0.035984 0)
(-0.21079 -0.0247018 0)
(-0.000563314 0.0669684 0)
(-0.00479344 -0.0871485 0)
(-0.0106686 -0.0553723 0)
(-0.0150019 -0.0399639 0)
(-0.0193814 -0.0392179 0)
(-0.0238786 -0.0401084 0)
(-0.0286557 -0.040655 0)
(-0.0337253 -0.0411974 0)
(-0.039172 -0.0418992 0)
(-0.0451002 -0.0427532 0)
(-0.0516203 -0.0437057 0)
(-0.0588479 -0.044695 0)
(-0.0669032 -0.0456289 0)
(-0.0758958 -0.0463878 0)
(-0.0859137 -0.0468169 0)
(-0.0970298 -0.0467096 0)
(-0.109248 -0.0458018 0)
(-0.122482 -0.0438088 0)
(-0.136607 -0.0405033 0)
(-0.151403 -0.0356909 0)
(-0.1664 -0.0290282 0)
(-0.180976 -0.020354 0)
(-0.194664 -0.0103142 0)
(-0.000405423 0.0696722 0)
(-0.0047457 -0.0819894 0)
(-0.0107993 -0.0503354 0)
(-0.015093 -0.035505 0)
(-0.0195292 -0.0347552 0)
(-0.0240817 -0.0354108 0)
(-0.0289192 -0.03568 0)
(-0.034041 -0.0358897 0)
(-0.0395184 -0.0361761 0)
(-0.0454355 -0.036518 0)
(-0.0518801 -0.0368603 0)
(-0.0589413 -0.0371363 0)
(-0.066709 -0.0372599 0)
(-0.0752623 -0.037124 0)
(-0.0846585 -0.0366005 0)
(-0.0949307 -0.0355272 0)
(-0.106051 -0.0336976 0)
(-0.117919 -0.0308904 0)
(-0.130409 -0.026954 0)
(-0.143321 -0.0218139 0)
(-0.156265 -0.015265 0)
(-0.168714 -0.0071499 0)
(-0.180335 0.00187116 0)
(-0.000216344 0.0722374 0)
(-0.00461966 -0.0767017 0)
(-0.0107636 -0.0452871 0)
(-0.0149819 -0.0310403 0)
(-0.0194322 -0.0302702 0)
(-0.0239837 -0.030688 0)
(-0.0288146 -0.0306887 0)
(-0.033913 -0.0305858 0)
(-0.03934 -0.0304918 0)
(-0.0451621 -0.0303763 0)
(-0.0514492 -0.0301831 0)
(-0.0582697 -0.0298467 0)
(-0.0656898 -0.0292858 0)
(-0.0737652 -0.0284091 0)
(-0.0825284 -0.0271143 0)
(-0.0919954 -0.0252742 0)
(-0.102125 -0.0227367 0)
(-0.11281 -0.0193414 0)
(-0.123937 -0.0149874 0)
(-0.135346 -0.00966881 0)
(-0.146692 -0.00329985 0)
(-0.157495 0.00425359 0)
(-0.16765 0.0123699 0)
(-2.69487e-05 0.0746175 0)
(-0.00439241 -0.0713737 0)
(-0.0105353 -0.0402938 0)
(-0.0146382 -0.0266103 0)
(-0.0190612 -0.0258112 0)
(-0.0235572 -0.0259991 0)
(-0.0283227 -0.0257473 0)
(-0.0333349 -0.0253559 0)
(-0.0386469 -0.0249174 0)
(-0.0443122 -0.0243966 0)
(-0.0503859 -0.0237389 0)
(-0.0569168 -0.022878 0)
(-0.063954 -0.0217379 0)
(-0.0715405 -0.0202504 0)
(-0.0796903 -0.0183293 0)
(-0.0884041 -0.0158832 0)
(-0.0976477 -0.0127972 0)
(-0.107322 -0.00895887 0)
(-0.117313 -0.00431081 0)
(-0.127505 0.00109975 0)
(-0.137662 0.00726248 0)
(-0.147357 0.0142805 0)
(-0.156448 0.0216596 0)
(0.000155191 0.076759 0)
(-0.0040395 -0.0661108 0)
(-0.0101159 -0.0354202 0)
(-0.0140537 -0.0222561 0)
(-0.0184073 -0.0214259 0)
(-0.0227922 -0.0213979 0)
(-0.027437 -0.0209122 0)
(-0.0323066 -0.0202564 0)
(-0.0374493 -0.0195081 0)
(-0.042909 -0.0186286 0)
(-0.0487251 -0.0175672 0)
(-0.0549299 -0.0162523 0)
(-0.0615716 -0.0146304 0)
(-0.0686772 -0.0126443 0)
(-0.076243 -0.0102125 0)
(-0.0842668 -0.00726708 0)
(-0.0927195 -0.00374429 0)
(-0.101528 0.00044722 0)
(-0.110602 0.00533279 0)
(-0.119855 0.0108083 0)
(-0.12913 0.0167957 0)
(-0.13804 0.0233986 0)
(-0.146459 0.0303105 0)
(0.00036123 0.0785884 0)
(-0.00353867 -0.0609991 0)
(-0.00953467 -0.0307145 0)
(-0.0132494 -0.018023 0)
(-0.0174914 -0.0171655 0)
(-0.0217071 -0.0169379 0)
(-0.0261762 -0.0162374 0)
(-0.0308473 -0.0153404 0)
(-0.0357661 -0.0143129 0)
(-0.0409703 -0.0131118 0)
(-0.0464816 -0.0116944 0)
(-0.0523332 -0.00999281 0)
(-0.0585732 -0.0079737 0)
(-0.0651977 -0.00556522 0)
(-0.0721917 -0.00270671 0)
(-0.0795819 0.00065595 0)
(-0.0873392 0.00454269 0)
(-0.0953952 0.00903362 0)
(-0.103709 0.014142 0)
(-0.11222 0.0197287 0)
(-0.12084 0.0256672 0)
(-0.129267 0.0320141 0)
(-0.137372 0.0386461 0)
(0.000650291 0.0800112 0)
(-0.00287633 -0.0560625 0)
(-0.00884608 -0.0262069 0)
(-0.0122774 -0.0139593 0)
(-0.0163631 -0.0130867 0)
(-0.0203528 -0.0126769 0)
(-0.0245926 -0.0117809 0)
(-0.0290075 -0.0106651 0)
(-0.03364 -0.00938529 0)
(-0.0385287 -0.00789821 0)
(-0.0436878 -0.0061673 0)
(-0.0491497 -0.0041439 0)
(-0.0549453 -0.0017701 0)
(-0.06106 0.00100325 0)
(-0.0674896 0.00422844 0)
(-0.0742734 0.00792572 0)
(-0.0813782 0.0121456 0)
(-0.0887355 0.0169218 0)
(-0.0963818 0.0222511 0)
(-0.104264 0.0280275 0)
(-0.112349 0.034062 0)
(-0.120475 0.0403552 0)
(-0.128473 0.0469784 0)
(0.00109016 0.0808807 0)
(-0.00207086 -0.051259 0)
(-0.00811677 -0.0219078 0)
(-0.0112019 -0.0101118 0)
(-0.0150979 -0.00924606 0)
(-0.0188107 -0.00867176 0)
(-0.0227737 -0.00760253 0)
(-0.0268776 -0.00629252 0)
(-0.0311655 -0.00478916 0)
(-0.0356756 -0.00306125 0)
(-0.040428 -0.00105705 0)
(-0.0454243 0.00125347 0)
(-0.0507079 0.00394164 0)
(-0.0562673 0.00701932 0)
(-0.0621036 0.0105578 0)
(-0.0682391 0.014558 0)
(-0.0746478 0.0190835 0)
(-0.0813175 0.0241366 0)
(-0.0882726 0.0297205 0)
(-0.095498 0.035754 0)
(-0.103031 0.0420486 0)
(-0.110824 0.0485384 0)
(-0.118704 0.0554179 0)
(0.00168143 0.0809661 0)
(-0.0011786 -0.0464552 0)
(-0.00740406 -0.0177877 0)
(-0.0100892 -0.00651348 0)
(-0.0137901 -0.00568417 0)
(-0.0171892 -0.00496084 0)
(-0.0208461 -0.00374723 0)
(-0.0246011 -0.00227629 0)
(-0.0285095 -0.000588711 0)
(-0.03259 0.00134391 0)
(-0.0368635 0.00357722 0)
(-0.041335 0.00613842 0)
(-0.0460505 0.00907419 0)
(-0.0509847 0.012427 0)
(-0.0561366 0.0162177 0)
(-0.0615504 0.020485 0)
(-0.0671932 0.0252799 0)
(-0.0730536 0.0306084 0)
(-0.0792083 0.0364624 0)
(-0.0856279 0.0428323 0)
(-0.0923538 0.0495025 0)
(-0.0995514 0.0563706 0)
(-0.106985 0.0637566 0)
(0.00240688 0.0802165 0)
(-0.000250701 -0.0416065 0)
(-0.00676079 -0.0137816 0)
(-0.00900999 -0.0031665 0)
(-0.0125478 -0.00240352 0)
(-0.0156221 -0.00154441 0)
(-0.0189802 -0.000219723 0)
(-0.0223862 0.00137593 0)
(-0.0259045 0.00320798 0)
(-0.0295432 0.00530575 0)
(-0.0333245 0.00771385 0)
(-0.0372528 0.0104688 0)
(-0.0413482 0.0135827 0)
(-0.0456183 0.0171361 0)
(-0.0500619 0.021134 0)
(-0.0546634 0.0255972 0)
(-0.059418 0.0306174 0)
(-0.0643638 0.0361567 0)
(-0.0695076 0.042277 0)
(-0.0748689 0.0489494 0)
(-0.0805242 0.0560468 0)
(-0.0866016 0.0634101 0)
(-0.0929004 0.0714262 0)
(0.00328027 0.0785808 0)
(0.000685924 -0.0365964 0)
(-0.00624995 -0.00981968 0)
(-0.00803388 -5.25313e-05 0)
(-0.0114856 0.000621676 0)
(-0.0142546 0.00160809 0)
(-0.0173603 0.0030045 0)
(-0.0204563 0.00468483 0)
(-0.0236347 0.00660857 0)
(-0.0268868 0.00881242 0)
(-0.0302206 0.0113337 0)
(-0.033665 0.0142111 0)
(-0.0372121 0.0174612 0)
(-0.0408312 0.0211288 0)
(-0.0445722 0.0252683 0)
(-0.0483784 0.0298772 0)
(-0.0522582 0.0350464 0)
(-0.0561942 0.0407087 0)
(-0.0602303 0.0469543 0)
(-0.0643721 0.0537775 0)
(-0.0686016 0.0612002 0)
(-0.0731544 0.0690338 0)
(-0.0776525 0.0776085 0)
(0.00432085 0.0759482 0)
(0.00160845 -0.0313189 0)
(-0.00589148 -0.00586958 0)
(-0.00720934 0.00283197 0)
(-0.0106919 0.00343097 0)
(-0.0132044 0.00453215 0)
(-0.0161479 0.00597842 0)
(-0.0190203 0.00768247 0)
(-0.0219563 0.00964827 0)
(-0.0249238 0.0119098 0)
(-0.0279329 0.0144934 0)
(-0.0309952 0.0174344 0)
(-0.0341115 0.0207687 0)
(-0.0372341 0.0245082 0)
(-0.040399 0.028681 0)
(-0.043535 0.0333577 0)
(-0.046666 0.0384949 0)
(-0.0497999 0.0441799 0)
(-0.0528312 0.0504111 0)
(-0.0557305 0.0572645 0)
(-0.0585254 0.0647179 0)
(-0.0614026 0.072746 0)
(-0.063775 0.0815991 0)
(0.00548934 0.0722032 0)
(0.00244985 -0.0256514 0)
(-0.00564877 -0.0018899 0)
(-0.00651966 0.00552888 0)
(-0.0101731 0.00608922 0)
(-0.0124858 0.00727048 0)
(-0.0153857 0.00874051 0)
(-0.0181428 0.0104509 0)
(-0.0209271 0.0124354 0)
(-0.0237332 0.0147262 0)
(-0.0265554 0.0173412 0)
(-0.029395 0.0203075 0)
(-0.0322519 0.0236592 0)
(-0.0350888 0.0273999 0)
(-0.0378837 0.03154 0)
(-0.040636 0.0361554 0)
(-0.0433018 0.0411826 0)
(-0.0457784 0.0467638 0)
(-0.0480645 0.0528388 0)
(-0.0501198 0.059496 0)
(-0.0518245 0.066696 0)
(-0.0533245 0.0745461 0)
(-0.0538906 0.0832498 0)
(0.00661249 0.0674321 0)
(0.00310338 -0.0194191 0)
(-0.00544446 0.00224822 0)
(-0.00591574 0.00818915 0)
(-0.00986411 0.00872961 0)
(-0.0120266 0.00996902 0)
(-0.0149314 0.011433 0)
(-0.0176387 0.0131626 0)
(-0.0203608 0.0151582 0)
(-0.0230974 0.0174579 0)
(-0.0258508 0.0200852 0)
(-0.0285966 0.0230532 0)
(-0.0313435 0.0263764 0)
(-0.0340588 0.0300754 0)
(-0.0366999 0.0341533 0)
(-0.0392601 0.0386183 0)
(-0.0416656 0.0435157 0)
(-0.0438793 0.0488671 0)
(-0.045817 0.0546349 0)
(-0.0473996 0.0609077 0)
(-0.0485102 0.0677018 0)
(-0.0491786 0.0750454 0)
(-0.0486335 0.0831604 0)
(0.00750116 0.0620888 0)
(0.00350628 -0.0125788 0)
(-0.00526134 0.00662405 0)
(-0.00537941 0.011016 0)
(-0.00960414 0.0115935 0)
(-0.0116044 0.0128659 0)
(-0.0145284 0.0143219 0)
(-0.017193 0.0160567 0)
(-0.0198834 0.018067 0)
(-0.0225789 0.0203736 0)
(-0.0252881 0.0230048 0)
(-0.028003 0.0259707 0)
(-0.0306989 0.0292633 0)
(-0.0333462 0.0329027 0)
(-0.0359389 0.0368794 0)
(-0.0384341 0.0412026 0)
(-0.0407556 0.0459068 0)
(-0.0428509 0.0509692 0)
(-0.0446406 0.0564208 0)
(-0.0460412 0.062231 0)
(-0.0469341 0.0684703 0)
(-0.0473258 0.0751154 0)
(-0.0463772 0.0823558 0)
(0.00806254 0.0562807 0)
(0.0036765 -0.00561572 0)
(-0.00504369 0.0107947 0)
(-0.00481865 0.0137586 0)
(-0.00919224 0.0144282 0)
(-0.0110099 0.0156748 0)
(-0.0139048 0.0170995 0)
(-0.0164789 0.018853 0)
(-0.019085 0.0208621 0)
(-0.0216951 0.0231677 0)
(-0.0243164 0.0257894 0)
(-0.0269449 0.0287436 0)
(-0.0295596 0.0320155 0)
(-0.0321266 0.0356051 0)
(-0.0346267 0.0394874 0)
(-0.037017 0.0436805 0)
(-0.0392447 0.0481852 0)
(-0.0412539 0.0529949 0)
(-0.0429768 0.0581053 0)
(-0.0443228 0.0634449 0)
(-0.0451376 0.0690741 0)
(-0.0454346 0.0749608 0)
(-0.0444711 0.0812719 0)
(0.00819415 0.049828 0)
(0.00358689 0.000996962 0)
(-0.00467299 0.0143833 0)
(-0.00417559 0.0160646 0)
(-0.00851342 0.0168808 0)
(-0.0101179 0.0180155 0)
(-0.0128523 0.0194792 0)
(-0.0152398 0.0211933 0)
(-0.0177015 0.0232325 0)
(-0.0201253 0.0255834 0)
(-0.0225463 0.0282252 0)
(-0.0249809 0.0311616 0)
(-0.0273984 0.0344149 0)
(-0.0297714 0.0379584 0)
(-0.0320916 0.0417656 0)
(-0.0343043 0.0458337 0)
(-0.0363517 0.0501367 0)
(-0.0381747 0.0546604 0)
(-0.0397731 0.0593975 0)
(-0.0410264 0.0643197 0)
(-0.0417413 0.0694437 0)
(-0.0419793 0.0745355 0)
(-0.0410624 0.0799779 0)
(0.00758366 0.0433323 0)
(0.00320069 0.00729246 0)
(-0.00400551 0.0174482 0)
(-0.00342515 0.0180367 0)
(-0.00745553 0.0190494 0)
(-0.00875395 0.0200885 0)
(-0.0111988 0.0215125 0)
(-0.0133251 0.0232185 0)
(-0.0154188 0.0252683 0)
(-0.0175448 0.0275963 0)
(-0.0197013 0.0302255 0)
(-0.0218384 0.0331487 0)
(-0.0239464 0.0363606 0)
(-0.0260286 0.0398248 0)
(-0.0280524 0.0435426 0)
(-0.0299898 0.0474865 0)
(-0.0318015 0.0516424 0)
(-0.0334084 0.0559679 0)
(-0.034773 0.0603529 0)
(-0.0357948 0.0649099 0)
(-0.0364964 0.0694729 0)
(-0.0367132 0.073952 0)
(-0.0358524 0.078531 0)
(0.00626338 0.0382827 0)
(0.00252932 0.0133516 0)
(-0.00316872 0.0205343 0)
(-0.00252574 0.020385 0)
(-0.00587023 0.0214838 0)
(-0.00694532 0.0224627 0)
(-0.0089179 0.023818 0)
(-0.01059 0.0255438 0)
(-0.0123311 0.0275536 0)
(-0.0140582 0.0298366 0)
(-0.0157524 0.0324305 0)
(-0.0174628 0.0353369 0)
(-0.0191795 0.038515 0)
(-0.0208589 0.041935 0)
(-0.0224904 0.0455761 0)
(-0.0240484 0.0494064 0)
(-0.0254935 0.053403 0)
(-0.0268689 0.0575505 0)
(-0.0280333 0.061726 0)
(-0.0289443 0.0659302 0)
(-0.0295775 0.0700016 0)
(-0.0298182 0.0739693 0)
(-0.0293209 0.077745 0)
(0.00467215 0.0344723 0)
(0.00202365 0.0178329 0)
(-0.00206529 0.0226658 0)
(-0.00154526 0.0221144 0)
(-0.00398057 0.023171 0)
(-0.00469871 0.0240502 0)
(-0.00609023 0.0254648 0)
(-0.00726937 0.0271181 0)
(-0.00850794 0.029147 0)
(-0.0097296 0.0314943 0)
(-0.0109178 0.0341008 0)
(-0.0121069 0.0369745 0)
(-0.013319 0.0401232 0)
(-0.0145375 0.0435322 0)
(-0.0157423 0.0471637 0)
(-0.0169164 0.0509566 0)
(-0.0180023 0.054863 0)
(-0.0190321 0.0588434 0)
(-0.0199671 0.0629026 0)
(-0.0207664 0.0668871 0)
(-0.0213901 0.0707488 0)
(-0.0217234 0.074324 0)
(-0.0215534 0.0775727 0)
(0.0029894 0.0320187 0)
(0.00141444 0.0209247 0)
(-0.00104489 0.0241266 0)
(-0.000655646 0.0233541 0)
(-0.00212715 0.0243963 0)
(-0.00243222 0.0252916 0)
(-0.00322289 0.026651 0)
(-0.00388196 0.0283546 0)
(-0.00452255 0.0303632 0)
(-0.00524291 0.0327393 0)
(-0.0059509 0.0354269 0)
(-0.00662845 0.0383624 0)
(-0.00729071 0.0415378 0)
(-0.00794681 0.044934 0)
(-0.00864644 0.0485288 0)
(-0.00937781 0.0523318 0)
(-0.0100671 0.0563021 0)
(-0.0107168 0.0602652 0)
(-0.011305 0.0642984 0)
(-0.0118485 0.0681985 0)
(-0.0122895 0.0719972 0)
(-0.0125522 0.0754302 0)
(-0.0125661 0.0783208 0)
(0.00111369 0.0297041 0)
(0.000558393 0.0219821 0)
(-0.000211641 0.0244085 0)
(-6.1187e-05 0.0233388 0)
(-0.000531754 0.0244827 0)
(-0.000597754 0.0252995 0)
(-0.000839545 0.0266557 0)
(-0.00102033 0.0283489 0)
(-0.00121791 0.030368 0)
(-0.00135978 0.0326919 0)
(-0.00154788 0.0353307 0)
(-0.00176243 0.038265 0)
(-0.00197696 0.041457 0)
(-0.00219505 0.0448701 0)
(-0.00237434 0.0484709 0)
(-0.00251201 0.0522248 0)
(-0.00272586 0.0560858 0)
(-0.00292533 0.060053 0)
(-0.00309964 0.0639726 0)
(-0.00323268 0.0678174 0)
(-0.0033067 0.0714009 0)
(-0.00341247 0.0746157 0)
(-0.00338939 0.0772655 0)
(0.566415 0.280176 0)
(0.526909 0.2014 0)
(0.463158 0.119123 0)
(0.433864 0.0199691 0)
(0.588426 0.0763648 0)
(0.637776 0.0349055 0)
(0.668696 -0.0105917 0)
(0.696028 -0.0592206 0)
(0.472452 -0.00614453 0)
(0.504366 -0.0313929 0)
(0.528401 -0.0613602 0)
(0.545656 -0.0952377 0)
(0.439054 -0.0505778 0)
(0.446423 -0.0698971 0)
(0.446866 -0.0886874 0)
(0.441507 -0.109917 0)
(0.426611 -0.0178862 0)
(0.451753 -0.0228937 0)
(0.455253 -0.0276791 0)
(0.445985 -0.0503969 0)
(0.203064 -0.181687 0)
(0.224848 -0.125732 0)
(0.20993 -0.0775902 0)
(0.243489 -0.058893 0)
(0.227598 -0.159899 0)
(0.0307083 0.0303497 0)
(-0.0385314 0.0106679 0)
(-0.362418 -0.24492 0)
(0.509968 0.238958 0)
(0.439698 0.413369 0)
(0.375343 0.464314 0)
(0.363013 0.444332 0)
(0.379013 0.0587214 0)
(0.457224 0.307072 0)
(0.498517 0.450044 0)
(0.584584 0.458963 0)
(0.096432 -0.0642842 0)
(0.179419 0.113589 0)
(0.25855 0.254763 0)
(0.343172 0.320759 0)
(-0.181012 -0.113246 0)
(-0.146134 -0.00906741 0)
(-0.0921151 0.0874768 0)
(-0.034177 0.153489 0)
(-0.277597 -0.138523 0)
(-0.257186 -0.0651903 0)
(-0.223689 -0.00438995 0)
(-0.17151 0.0446331 0)
(-0.339359 -0.17647 0)
(-0.325506 -0.139755 0)
(-0.302045 -0.109702 0)
(-0.269713 -0.0837578 0)
(-0.405009 -0.166238 0)
(-0.411887 -0.135389 0)
(-0.415744 -0.104506 0)
(-0.415026 -0.0714356 0)
(-0.374357 -0.134247 0)
(-0.390367 -0.113365 0)
(-0.403734 -0.0921191 0)
(-0.413461 -0.0716234 0)
(-0.323972 -0.0958989 0)
(-0.336772 -0.0796683 0)
(-0.347915 -0.0619795 0)
(-0.357488 -0.0434996 0)
(-0.291547 -0.0708867 0)
(-0.301985 -0.0577768 0)
(-0.311306 -0.0434813 0)
(-0.319519 -0.0281125 0)
(-0.264912 -0.0489414 0)
(-0.273714 -0.0381138 0)
(-0.281711 -0.0258682 0)
(-0.288984 -0.0121955 0)
(-0.241754 -0.030401 0)
(-0.249218 -0.0212847 0)
(-0.256036 -0.0107168 0)
(-0.262255 0.00137845 0)
(-0.221503 -0.0151445 0)
(-0.227725 -0.0074563 0)
(-0.233412 0.00170091 0)
(-0.238609 0.0124062 0)
(-0.203697 -0.00223998 0)
(-0.208907 0.00425039 0)
(-0.213711 0.0121523 0)
(-0.218096 0.0215064 0)
(-0.188102 0.00867592 0)
(-0.192593 0.0141228 0)
(-0.196737 0.0209006 0)
(-0.200508 0.0289794 0)
(-0.174608 0.0181842 0)
(-0.178584 0.0227619 0)
(-0.182293 0.0285399 0)
(-0.185671 0.0354182 0)
(-0.162844 0.0267971 0)
(-0.166575 0.0307066 0)
(-0.170133 0.0356364 0)
(-0.17342 0.041447 0)
(-0.152638 0.0350282 0)
(-0.156351 0.0385135 0)
(-0.159999 0.0428434 0)
(-0.163464 0.0478174 0)
(-0.143561 0.0432553 0)
(-0.147404 0.0465987 0)
(-0.1513 0.0506038 0)
(-0.155124 0.054978 0)
(-0.134814 0.0517976 0)
(-0.138877 0.055246 0)
(-0.143105 0.0591518 0)
(-0.14738 0.0631206 0)
(-0.125178 0.0607168 0)
(-0.129376 0.0644801 0)
(-0.133829 0.0684729 0)
(-0.138457 0.0722286 0)
(-0.113291 0.0697432 0)
(-0.117414 0.073986 0)
(-0.121815 0.078214 0)
(-0.126529 0.0819438 0)
(-0.0984738 0.0781747 0)
(-0.10213 0.0829666 0)
(-0.106067 0.0875678 0)
(-0.110363 0.0914836 0)
(-0.0818113 0.0850302 0)
(-0.0845226 0.0902782 0)
(-0.0874466 0.0952816 0)
(-0.0906739 0.0995231 0)
(-0.0661884 0.0894281 0)
(-0.0676413 0.0949286 0)
(-0.0691468 0.100175 0)
(-0.0708716 0.104716 0)
(-0.0546412 0.091116 0)
(-0.0548809 0.0965828 0)
(-0.0549504 0.101724 0)
(-0.0551667 0.106278 0)
(-0.0482723 0.0906905 0)
(-0.0476713 0.0957699 0)
(-0.0467412 0.10043 0)
(-0.0458873 0.104597 0)
(-0.0454807 0.089229 0)
(-0.0444512 0.0936342 0)
(-0.0430253 0.0975463 0)
(-0.0416209 0.101098 0)
(-0.0434196 0.0873684 0)
(-0.0422208 0.0909722 0)
(-0.0406331 0.094073 0)
(-0.039057 0.0969517 0)
(-0.0400202 0.0852258 0)
(-0.0388313 0.088029 0)
(-0.0372581 0.0903974 0)
(-0.0357183 0.0926536 0)
(-0.0349509 0.0827736 0)
(-0.033853 0.0848391 0)
(-0.0323777 0.0865835 0)
(-0.0309065 0.0882259 0)
(-0.0285902 0.0809341 0)
(-0.0276286 0.0823352 0)
(-0.0264491 0.0835052 0)
(-0.0252244 0.0845 0)
(-0.0211333 0.0798771 0)
(-0.0204574 0.0807962 0)
(-0.0196269 0.0815028 0)
(-0.0186129 0.0819567 0)
(-0.0123664 0.0799945 0)
(-0.011898 0.0806579 0)
(-0.0113105 0.0810151 0)
(-0.0106569 0.0809774 0)
(-0.00320341 0.0785393 0)
(-0.00297336 0.0789757 0)
(-0.00282508 0.079052 0)
(-0.00250775 0.0786987 0)
(0.471203 -0.295132 0)
(0.344853 -0.507345 0)
(0.156732 -0.711865 0)
(-0.0923971 -0.708046 0)
(0.0250524 -0.100965 0)
(-0.463485 0.662771 0)
(-0.446537 1.90641 0)
(-0.23084 3.14955 0)
(0.200095 3.72149 0)
(-0.470355 3.41906 0)
(-0.202311 2.10347 0)
(1.31558 0.0208134 0)
(1.76959 -1.53216 0)
(1.40887 -1.8975 0)
(1.0679 -1.61972 0)
(0.818605 -1.31739 0)
(1.11701 -1.2613 0)
(0.153895 -0.970114 0)
(0.296587 -1.80873 0)
(0.686064 -0.206077 0)
(0.557917 -0.360822 0)
(0.340842 -0.543411 0)
(0.177683 -0.660655 0)
(0.123022 0.0588553 0)
(-0.05517 0.786474 0)
(-0.0546283 1.6689 0)
(0.433096 2.55744 0)
(1.36095 3.09915 0)
(2.17728 2.93263 0)
(2.81604 1.34078 0)
(3.24178 -0.43994 0)
(2.77456 -1.41325 0)
(1.95475 -1.53381 0)
(1.34101 -1.30327 0)
(1.02026 -1.10918 0)
(0.796164 -1.20298 0)
(0.162847 -0.989776 0)
(0.261601 -1.68063 0)
(0.547589 -0.177226 0)
(0.49233 -0.259685 0)
(0.319308 -0.412884 0)
(0.150295 -0.570359 0)
(0.0928849 0.0500346 0)
(0.403541 0.900581 0)
(0.417564 1.46168 0)
(0.814242 1.90975 0)
(1.52947 2.13055 0)
(2.35517 1.89874 0)
(2.9589 0.893639 0)
(2.95082 -0.14364 0)
(2.43813 -0.761723 0)
(1.79355 -0.9331 0)
(1.22667 -0.887244 0)
(0.976461 -0.778565 0)
(0.314039 -0.910272 0)
(0.0959831 -0.692989 0)
(0.229036 -1.55203 0)
(0.424457 -0.148053 0)
(0.390753 -0.165705 0)
(0.287776 -0.254339 0)
(0.0334654 -0.497411 0)
(0.0459826 -0.510036 0)
(0.625805 0.684797 0)
(0.747656 1.25854 0)
(1.02061 1.42726 0)
(1.46492 1.48996 0)
(1.95816 1.31211 0)
(2.29612 0.769429 0)
(2.28999 0.134235 0)
(2.00497 -0.302004 0)
(1.58692 -0.511177 0)
(1.11662 -0.535943 0)
(0.911872 -0.37046 0)
(-0.090889 -0.511817 0)
(0.106941 -0.753315 0)
(0.203767 -1.42662 0)
(0.417811 -0.103709 0)
(0.345465 -0.1126 0)
(0.299768 -0.0857485 0)
(-0.00211885 -0.249013 0)
(-0.453457 -0.557124 0)
(-0.0676027 0.483155 0)
(0.668639 1.1389 0)
(1.15249 1.3792 0)
(1.51351 1.36103 0)
(1.74385 1.10513 0)
(1.85637 0.697055 0)
(1.87483 0.26803 0)
(1.76338 0.00384209 0)
(1.46864 -0.159335 0)
(1.12229 -0.203999 0)
(0.913819 -0.0372656 0)
(0.412101 -0.0871647 0)
(0.215883 -0.684879 0)
(0.185298 -1.27804 0)
(0.355169 -0.033011 0)
(0.387171 -0.0215522 0)
(0.341079 0.0200363 0)
(0.251081 0.0873965 0)
(-0.207142 -0.016256 0)
(-0.840585 -0.139187 0)
(-0.0855902 -0.310766 0)
(0.658537 0.299426 0)
(1.29372 0.988119 0)
(1.38994 1.08312 0)
(1.3814 0.668817 0)
(1.44878 0.053452 0)
(1.41154 0.259151 0)
(1.05372 0.0487339 0)
(0.755588 -0.00127241 0)
(0.531843 0.449521 0)
(0.279745 0.00993326 0)
(0.308378 -0.631355 0)
(0.188698 -1.10165 0)
(-0.184299 -0.270106 0)
(0.201113 -0.0661786 0)
(0.36544 0.064078 0)
(0.40445 0.184193 0)
(0.314013 0.255812 0)
(0.105669 0.264422 0)
(-0.163221 0.203513 0)
(-0.725997 0.176199 0)
(-0.263982 0.603722 0)
(0.528156 0.715332 0)
(0.847825 0.590026 0)
(0.367824 0.434651 0)
(0.387425 0.455104 0)
(0.308851 0.253861 0)
(0.165551 0.206237 0)
(0.202913 0.259921 0)
(0.376258 -0.0414908 0)
(0.411752 -0.510945 0)
(0.205672 -0.876267 0)
(-0.226914 -0.532814 0)
(-0.283549 -0.439811 0)
(0.0637168 -0.129199 0)
(0.340451 0.121217 0)
(0.482981 0.247006 0)
(0.532774 0.31951 0)
(0.471657 0.34794 0)
(0.366987 0.365317 0)
(0.280142 0.427675 0)
(0.32566 0.509902 0)
(0.438747 0.516661 0)
(0.501148 0.438246 0)
(0.587603 0.374836 0)
(0.659303 0.295774 0)
(0.66818 0.241397 0)
(0.679364 0.187348 0)
(0.683535 0.00837839 0)
(0.557509 -0.332598 0)
(0.24571 -0.588615 0)
(0.304978 0.285549 0)
(0.205569 -0.291572 0)
(-0.364956 -0.463609 0)
(-0.1635 -0.18754 0)
(0.324285 0.104157 0)
(0.540281 0.239745 0)
(0.656859 0.304526 0)
(0.711276 0.352142 0)
(0.747718 0.383465 0)
(0.765468 0.422099 0)
(0.82883 0.431522 0)
(0.916435 0.387775 0)
(0.984568 0.325066 0)
(1.03477 0.265132 0)
(1.05422 0.229595 0)
(1.02231 0.212792 0)
(0.922649 0.135305 0)
(0.677415 -0.0615815 0)
(0.272365 -0.230346 0)
(0.377362 0.26061 0)
(0.370347 0.0830108 0)
(0.183245 0.0197125 0)
(0.156356 -0.481824 0)
(0.0116342 -0.389408 0)
(0.189811 0.0386161 0)
(0.527283 0.214081 0)
(0.709743 0.296952 0)
(0.822173 0.351505 0)
(0.894881 0.388804 0)
(0.96762 0.380545 0)
(1.03935 0.330031 0)
(1.09985 0.270287 0)
(1.14798 0.221451 0)
(1.18154 0.20347 0)
(1.14854 0.232962 0)
(0.984097 0.290989 0)
(0.654748 0.245602 0)
(0.242719 0.164552 0)
(0.104347 0.130598 0)
(0.0899016 -0.0578117 0)
(0.182377 -0.118959 0)
(0.18479 -0.164866 0)
(0.00715583 -0.135546 0)
(0.0501698 -0.0757569 0)
(0.0596517 -0.242358 0)
(0.370667 0.0368087 0)
(0.567356 0.228634 0)
(0.783176 0.333241 0)
(0.922247 0.321365 0)
(0.998588 0.26382 0)
(0.99791 0.208843 0)
(0.754263 0.23001 0)
(0.376148 0.357383 0)
(0.509966 0.491627 0)
(0.531829 0.579504 0)
(0.357661 0.517773 0)
(0.133679 0.463788 0)
(-0.0576156 0.0692084 0)
(0.0129323 -0.00798605 0)
(0.0519543 -0.112951 0)
(-0.0686721 -0.200408 0)
(-0.227813 -0.0876766 0)
(-0.303893 -0.0477725 0)
(-0.443256 -0.10013 0)
(-0.514133 -0.0491274 0)
(-0.478982 0.095177 0)
(-0.497024 0.137223 0)
(-0.956555 0.20788 0)
(-1.65782 0.414349 0)
(-1.75096 0.689014 0)
(-2.03395 0.509384 0)
(-1.13234 -0.0747696 0)
(-0.584145 0.0327029 0)
(-0.00495647 0.450995 0)
(0.0404303 0.573519 0)
(0.0479503 0.611927 0)
(-0.225583 -0.0737507 0)
(-0.212671 -0.0996326 0)
(-0.28565 -0.0325619 0)
(-0.409376 0.0279082 0)
(-0.493727 0.0495984 0)
(-0.553879 0.0238957 0)
(-0.631972 -0.0173592 0)
(-0.712481 0.0365693 0)
(-0.7648 0.203476 0)
(-0.84763 0.486163 0)
(-1.2463 0.774832 0)
(-1.76132 0.801227 0)
(-1.47757 0.401913 0)
(-0.822029 -0.303862 0)
(-0.642079 -0.352582 0)
(-0.475891 -0.162835 0)
(-0.240409 0.148831 0)
(-0.118602 0.504678 0)
(0.0109661 0.604165 0)
(-0.418677 -0.0286415 0)
(-0.444351 0.00893839 0)
(-0.483711 0.0321936 0)
(-0.514877 0.050025 0)
(-0.540562 0.0671682 0)
(-0.571661 0.0579817 0)
(-0.622273 0.0471479 0)
(-0.691467 0.103296 0)
(-0.761901 0.310378 0)
(-0.834031 0.702182 0)
(-1.05035 1.04848 0)
(-1.43529 0.894047 0)
(-1.36734 0.236549 0)
(-0.803764 -0.434013 0)
(-0.63033 -0.444906 0)
(-0.447487 -0.29156 0)
(-0.288614 -0.0149847 0)
(-0.148602 0.371859 0)
(0.0218791 0.520173 0)
(-0.425318 -0.0415306 0)
(-0.440611 -0.00316402 0)
(-0.461443 0.038851 0)
(-0.480898 0.0691652 0)
(-0.494166 0.083953 0)
(-0.512724 0.0863043 0)
(-0.547722 0.0970577 0)
(-0.59547 0.16099 0)
(-0.629951 0.361989 0)
(-0.604224 0.759585 0)
(-0.5491 1.13622 0)
(-0.664424 0.986272 0)
(-0.732723 0.222509 0)
(-0.668346 -1.04657 0)
(-0.657902 -0.825588 0)
(-0.453863 -0.502294 0)
(-0.219963 -0.193059 0)
(-0.111652 0.221345 0)
(0.0663832 0.472416 0)
(-0.371611 -0.0133875 0)
(-0.390332 0.0260045 0)
(-0.407988 0.0573161 0)
(-0.422169 0.0820565 0)
(-0.433372 0.0962967 0)
(-0.444759 0.105316 0)
(-0.459994 0.126881 0)
(-0.477032 0.187705 0)
(-0.469656 0.343624 0)
(-0.36896 0.662045 0)
(-0.137835 1.02619 0)
(0.0288528 0.975145 0)
(0.178386 0.293756 0)
(-0.234194 -0.364994 0)
(-0.490933 -0.785249 0)
(-0.336323 -0.735707 0)
(-0.0676844 -0.457032 0)
(-0.0970944 0.117096 0)
(0.103581 0.460739 0)
(-0.331215 -0.00119519 0)
(-0.345996 0.0369133 0)
(-0.360126 0.0708413 0)
(-0.372247 0.093872 0)
(-0.380029 0.104988 0)
(-0.381614 0.111744 0)
(-0.375974 0.131985 0)
(-0.363566 0.185364 0)
(-0.332698 0.293661 0)
(-0.231206 0.48947 0)
(0.00101764 0.747828 0)
(0.282558 0.793659 0)
(0.335364 0.362702 0)
(0.157617 -0.256841 0)
(-0.111265 -0.696078 0)
(-0.129442 -0.747276 0)
(-0.00457287 -0.541223 0)
(-0.0992955 0.0371219 0)
(0.0932863 0.475898 0)
(-0.299379 0.0126392 0)
(-0.311506 0.0483088 0)
(-0.321421 0.0803332 0)
(-0.328671 0.100446 0)
(-0.329779 0.105871 0)
(-0.321052 0.104848 0)
(-0.300416 0.116062 0)
(-0.268732 0.159118 0)
(-0.22539 0.242041 0)
(-0.152295 0.358085 0)
(-0.00648736 0.491707 0)
(0.227695 0.574712 0)
(0.330564 0.386593 0)
(0.251324 -0.0430165 0)
(0.0339592 -0.544056 0)
(-0.0638975 -0.687944 0)
(-0.0681353 -0.528374 0)
(-0.142021 0.0633317 0)
(0.0661354 0.466025 0)
(-0.27089 0.0238002 0)
(-0.280194 0.0565146 0)
(-0.285963 0.0854525 0)
(-0.287516 0.101066 0)
(-0.281322 0.0993329 0)
(-0.263553 0.0887558 0)
(-0.233223 0.0891908 0)
(-0.19361 0.121498 0)
(-0.148423 0.192684 0)
(-0.0960868 0.284884 0)
(-0.0269453 0.363329 0)
(0.0840603 0.415267 0)
(0.191669 0.361866 0)
(0.0912725 0.113163 0)
(-0.0249593 -0.523419 0)
(-0.110276 -0.635624 0)
(-0.141471 -0.511492 0)
(-0.22928 0.0381669 0)
(0.046141 0.433483 0)
(-0.245483 0.0324242 0)
(-0.251937 0.0614974 0)
(-0.253784 0.0861966 0)
(-0.250271 0.0959644 0)
(-0.23795 0.0858756 0)
(-0.213155 0.0649651 0)
(-0.176065 0.0559165 0)
(-0.133436 0.0828955 0)
(-0.0954562 0.152025 0)
(-0.0640556 0.244417 0)
(-0.0371683 0.323799 0)
(-0.0326125 0.365518 0)
(0.00371462 0.371327 0)
(-0.0725277 0.2125 0)
(-0.111946 -0.454631 0)
(-0.178236 -0.579351 0)
(-0.194965 -0.431062 0)
(-0.383684 -0.0529523 0)
(0.0100028 0.272261 0)
(-0.223523 0.0388736 0)
(-0.22758 0.0636189 0)
(-0.225995 0.0831857 0)
(-0.218081 0.0864344 0)
(-0.200477 0.0674109 0)
(-0.169906 0.0357328 0)
(-0.128468 0.0182215 0)
(-0.0868269 0.0461012 0)
(-0.0576898 0.126252 0)
(-0.0506135 0.230755 0)
(-0.052679 0.328225 0)
(-0.107619 0.391181 0)
(-0.154262 0.437592 0)
(-0.16942 0.292921 0)
(-0.324912 -0.443786 0)
(-0.298335 -0.544989 0)
(-0.273069 -0.330475 0)
(-0.433818 -0.14357 0)
(-0.0565291 -0.0451603 0)
(-0.204908 0.0435497 0)
(-0.207385 0.0634552 0)
(-0.203593 0.0771046 0)
(-0.192401 0.0730921 0)
(-0.169805 0.0441954 0)
(-0.13324 0.00143795 0)
(-0.0889695 -0.0210078 0)
(-0.0530262 0.0148979 0)
(-0.0348533 0.115132 0)
(-0.0473 0.241665 0)
(-0.0813428 0.365249 0)
(-0.167906 0.471743 0)
(-0.274305 0.511582 0)
(-0.345007 0.198814 0)
(-0.441957 -0.390064 0)
(-0.485433 -0.587919 0)
(-0.371938 -0.344456 0)
(-0.401435 -0.289174 0)
(-0.0884175 -0.201269 0)
(-0.189518 0.0472696 0)
(-0.191425 0.0623106 0)
(-0.187159 0.069605 0)
(-0.174767 0.0567191 0)
(-0.148983 0.015538 0)
(-0.108465 -0.0380897 0)
(-0.0654457 -0.0591777 0)
(-0.0375484 -0.00665627 0)
(-0.0308533 0.116484 0)
(-0.0522991 0.271044 0)
(-0.108911 0.426058 0)
(-0.204106 0.5734 0)
(-0.324905 0.608745 0)
(-0.40292 0.3364 0)
(-0.508504 -0.0456267 0)
(-0.575379 -0.611757 0)
(-0.295678 -0.415386 0)
(-0.222718 -0.324873 0)
(-0.045672 -0.488887 0)
(-0.177303 0.0508089 0)
(-0.17962 0.0613456 0)
(-0.176233 0.0624918 0)
(-0.164736 0.0399652 0)
(-0.139107 -0.0148626 0)
(-0.101081 -0.0772746 0)
(-0.0672635 -0.0911927 0)
(-0.0471245 -0.0191436 0)
(-0.0437127 0.126604 0)
(-0.0649709 0.311239 0)
(-0.132919 0.501274 0)
(-0.244896 0.686856 0)
(-0.40402 0.738619 0)
(-0.652312 0.408688 0)
(-0.942412 -0.249441 0)
(-0.623131 -0.706891 0)
(-0.311187 -0.650298 0)
(-0.0562631 -0.46877 0)
(0.0810478 -0.443493 0)
(-0.167906 0.0549964 0)
(-0.171477 0.0614314 0)
(-0.170173 0.0570888 0)
(-0.162 0.0257104 0)
(-0.141565 -0.0412004 0)
(-0.114186 -0.108222 0)
(-0.0935497 -0.113913 0)
(-0.0775544 -0.0307574 0)
(-0.0676118 0.131265 0)
(-0.0833856 0.347142 0)
(-0.154911 0.583105 0)
(-0.272064 0.819247 0)
(-0.429783 0.915493 0)
(-0.748019 0.620467 0)
(-1.02136 -0.128213 0)
(-0.676914 -1.0379 0)
(-0.387067 -0.987561 0)
(-0.139155 -0.737767 0)
(0.1024 -0.444122 0)
(-0.160478 0.0603905 0)
(-0.165946 0.0635333 0)
(-0.168296 0.0553517 0)
(-0.166917 0.0176581 0)
(-0.157486 -0.0575138 0)
(-0.146301 -0.125552 0)
(-0.139266 -0.12803 0)
(-0.131136 -0.0478128 0)
(-0.12045 0.125129 0)
(-0.129326 0.378443 0)
(-0.18708 0.662917 0)
(-0.277948 0.937453 0)
(-0.348953 1.07303 0)
(-0.489524 0.810269 0)
(-0.543961 -0.0479044 0)
(-0.425693 -1.36792 0)
(-0.34114 -1.20796 0)
(-0.162555 -0.965839 0)
(-0.0483531 -0.496446 0)
(-0.153807 0.0673931 0)
(-0.161571 0.0688476 0)
(-0.168893 0.0599152 0)
(-0.177257 0.0199188 0)
(-0.18339 -0.0595182 0)
(-0.189456 -0.125415 0)
(-0.201301 -0.125661 0)
(-0.222043 -0.0544865 0)
(-0.232541 0.124976 0)
(-0.236951 0.413084 0)
(-0.26904 0.728705 0)
(-0.316645 1.00653 0)
(-0.315472 1.12681 0)
(-0.316387 0.821792 0)
(-0.246666 -0.125827 0)
(-0.333846 -1.10344 0)
(-0.377947 -1.1904 0)
(-0.0941556 -1.07099 0)
(-0.215084 -0.637552 0)
(-0.145815 0.0760639 0)
(-0.155691 0.077685 0)
(-0.168103 0.0715324 0)
(-0.187371 0.0340856 0)
(-0.21039 -0.0456357 0)
(-0.230152 -0.103819 0)
(-0.266455 -0.0919616 0)
(-0.339728 -0.0287843 0)
(-0.392853 0.145279 0)
(-0.401165 0.444954 0)
(-0.41121 0.766641 0)
(-0.414233 1.01761 0)
(-0.357382 1.07883 0)
(-0.263368 0.7186 0)
(-0.126731 -0.169611 0)
(-0.108252 -1.07795 0)
(-0.167868 -1.30994 0)
(-0.00693402 -1.16896 0)
(-0.167032 -0.798197 0)
(-0.134346 0.0860296 0)
(-0.145333 0.0894116 0)
(-0.160621 0.0886152 0)
(-0.18738 0.0583275 0)
(-0.224936 -0.0192562 0)
(-0.252886 -0.0661401 0)
(-0.301309 -0.0207614 0)
(-0.421651 0.0474288 0)
(-0.540928 0.190081 0)
(-0.575425 0.469324 0)
(-0.56589 0.774263 0)
(-0.521111 0.979239 0)
(-0.402965 0.962142 0)
(-0.222602 0.551665 0)
(0.0177764 -0.261878 0)
(0.0830448 -0.992431 0)
(0.0982846 -1.41585 0)
(0.192354 -1.06697 0)
(0.047276 -0.79727 0)
(-0.117665 0.0963145 0)
(-0.12821 0.102257 0)
(-0.143113 0.107666 0)
(-0.16993 0.0891274 0)
(-0.217063 0.0149153 0)
(-0.253566 -0.028967 0)
(-0.291211 0.0602985 0)
(-0.409445 0.172129 0)
(-0.588553 0.274736 0)
(-0.675408 0.486617 0)
(-0.653863 0.738502 0)
(-0.559032 0.869962 0)
(-0.374582 0.755236 0)
(-0.107694 0.294331 0)
(0.19512 -0.444214 0)
(0.268505 -1.03451 0)
(0.261722 -1.62253 0)
(0.271695 -0.996879 0)
(0.19098 -0.624008 0)
(-0.0962895 0.105193 0)
(-0.104711 0.113635 0)
(-0.116361 0.123915 0)
(-0.136436 0.121659 0)
(-0.18521 0.0614092 0)
(-0.242621 0.0103097 0)
(-0.274985 0.116483 0)
(-0.317351 0.292352 0)
(-0.460475 0.39669 0)
(-0.583705 0.511953 0)
(-0.573811 0.65895 0)
(-0.441938 0.698517 0)
(-0.202362 0.502945 0)
(0.110952 0.0230982 0)
(0.325156 -0.542692 0)
(0.423091 -1.02957 0)
(0.130126 -1.75775 0)
(0.325028 -0.826923 0)
(0.196337 -0.419559 0)
(-0.0736881 0.110971 0)
(-0.078453 0.121543 0)
(-0.0849325 0.134577 0)
(-0.0960406 0.147455 0)
(-0.131817 0.119281 0)
(-0.205952 0.0628584 0)
(-0.259484 0.133493 0)
(-0.232384 0.335308 0)
(-0.243982 0.492535 0)
(-0.302359 0.56397 0)
(-0.290141 0.590586 0)
(-0.150126 0.521563 0)
(0.106316 0.24546 0)
(0.372945 -0.192406 0)
(0.563914 -0.572527 0)
(0.51712 -0.906096 0)
(-0.0417225 -1.4362 0)
(0.271272 -0.772463 0)
(0.182905 -0.224879 0)
(-0.0549119 0.112637 0)
(-0.0553077 0.124349 0)
(-0.0550187 0.138714 0)
(-0.0575609 0.158385 0)
(-0.0677602 0.164843 0)
(-0.121371 0.136323 0)
(-0.19671 0.147081 0)
(-0.187676 0.288084 0)
(-0.105514 0.469414 0)
(-0.0385965 0.563019 0)
(0.0286263 0.533932 0)
(0.17451 0.378048 0)
(0.384014 0.0512192 0)
(0.629522 -0.358822 0)
(0.754206 -0.632449 0)
(0.873687 -0.760503 0)
(0.686512 -0.964367 0)
(0.0882133 -1.1255 0)
(0.196096 -0.0605923 0)
(-0.0432965 0.110519 0)
(-0.0400112 0.121867 0)
(-0.0335458 0.136255 0)
(-0.0286002 0.155053 0)
(-0.016862 0.176445 0)
(-0.0297453 0.186454 0)
(-0.0714025 0.190141 0)
(-0.0931459 0.24436 0)
(-0.0302695 0.36377 0)
(0.0838701 0.454009 0)
(0.2029 0.413885 0)
(0.351915 0.215094 0)
(0.52078 -0.135403 0)
(0.650135 -0.525366 0)
(0.751226 -0.819965 0)
(0.910082 -0.81027 0)
(0.811545 -0.773733 0)
(0.269641 -0.676746 0)
(0.184124 0.110865 0)
(-0.0379182 0.106079 0)
(-0.0324459 0.115737 0)
(-0.0227252 0.128902 0)
(-0.0125114 0.142668 0)
(0.00815743 0.163761 0)
(0.0237204 0.190136 0)
(0.0319505 0.20653 0)
(0.0420713 0.234376 0)
(0.084155 0.285832 0)
(0.173039 0.328588 0)
(0.291476 0.274008 0)
(0.41399 0.08273 0)
(0.524006 -0.237389 0)
(0.682147 -0.679694 0)
(0.825516 -0.873517 0)
(0.840824 -0.763365 0)
(0.749014 -0.589874 0)
(0.274277 -0.308732 0)
(0.177388 0.276114 0)
(-0.0351495 0.100638 0)
(-0.0286504 0.108111 0)
(-0.018844 0.11895 0)
(-0.00455832 0.126838 0)
(0.0131054 0.143432 0)
(0.0405482 0.167461 0)
(0.0769195 0.181935 0)
(0.112181 0.203941 0)
(0.156348 0.236817 0)
(0.223591 0.252261 0)
(0.303452 0.188191 0)
(0.37604 -0.0110867 0)
(0.579434 -0.413347 0)
(0.816954 -0.838738 0)
(0.829593 -0.857237 0)
(0.748055 -0.69077 0)
(0.686406 -0.462446 0)
(0.203227 0.0823455 0)
(0.183604 0.42273 0)
(-0.03192 0.0950974 0)
(-0.0250933 0.100376 0)
(-0.0169654 0.108278 0)
(0.00133799 0.111259 0)
(0.0118664 0.124555 0)
(0.0490171 0.130618 0)
(0.0897641 0.144598 0)
(0.127268 0.168921 0)
(0.163098 0.189274 0)
(0.217305 0.204186 0)
(0.285787 0.133509 0)
(0.461035 -0.18152 0)
(0.726015 -0.585731 0)
(0.840601 -0.860988 0)
(0.76769 -0.805291 0)
(0.635155 -0.60377 0)
(0.589927 -0.327488 0)
(0.115883 0.319532 0)
(0.199001 0.538061 0)
(-0.0275126 0.0895797 0)
(-0.0206947 0.0925992 0)
(-0.0147111 0.096905 0)
(0.00672514 0.0970552 0)
(0.0102518 0.103786 0)
(0.0655373 0.0974116 0)
(0.077309 0.105629 0)
(0.155936 0.13157 0)
(0.207257 0.152456 0)
(0.214284 0.151307 0)
(0.343399 -0.0198273 0)
(0.571141 -0.408765 0)
(0.676234 -0.72723 0)
(0.668024 -0.85187 0)
(0.673459 -0.69086 0)
(0.526912 -0.53053 0)
(0.417001 -0.176471 0)
(-0.000365421 0.754815 0)
(0.217246 0.592047 0)
(-0.0224801 0.0849063 0)
(-0.0162393 0.0857239 0)
(-0.0112887 0.0855196 0)
(0.0105328 0.0840541 0)
(0.0121169 0.0775212 0)
(0.0757131 0.0760788 0)
(0.0725698 0.0482695 0)
(0.17765 0.0634663 0)
(0.280068 0.122515 0)
(0.255269 0.116386 0)
(0.39072 -0.21084 0)
(0.683337 -0.469878 0)
(0.346 -0.709607 0)
(0.287175 -0.890594 0)
(0.547215 -0.595898 0)
(0.544499 -0.353967 0)
(0.318581 -0.122183 0)
(0.0306839 0.888149 0)
(0.240242 0.66114 0)
(-0.0165741 0.0815751 0)
(-0.0116607 0.0803492 0)
(-0.00691508 0.0757515 0)
(0.0107466 0.0710474 0)
(0.0166319 0.0517035 0)
(0.0640056 0.0492281 0)
(0.0912695 -0.00609458 0)
(0.131284 -0.028252 0)
(0.286647 0.0499004 0)
(0.269888 0.102716 0)
(0.552582 -0.339319 0)
(0.689325 -0.187199 0)
(-0.188662 -0.47491 0)
(0.305272 -0.981716 0)
(0.22071 -0.804468 0)
(0.595532 -0.210066 0)
(0.624506 0.106596 0)
(-0.208453 1.08265 0)
(0.253809 0.863993 0)
(-0.00940296 0.0800435 0)
(-0.0062488 0.0771018 0)
(-0.00235278 0.0693878 0)
(0.00821145 0.0599253 0)
(0.0151248 0.0348482 0)
(0.0410151 0.0184428 0)
(0.0765842 -0.0375727 0)
(0.0757812 -0.0946521 0)
(0.228601 -0.0762258 0)
(0.274093 -0.069024 0)
(0.774769 -0.602157 0)
(0.580905 0.120379 0)
(-0.648562 -0.533886 0)
(0.426901 -1.15841 0)
(-0.113688 -1.0127 0)
(0.492634 -0.579352 0)
(0.837517 0.297334 0)
(0.613345 1.33852 0)
(0.258458 0.586914 0)
(-0.00190458 0.0774207 0)
(-0.00075639 0.0733956 0)
(0.000901031 0.0644737 0)
(0.00469003 0.0518009 0)
(0.00752951 0.0254116 0)
(0.0169221 -0.000471603 0)
(0.0306321 -0.058206 0)
(0.0344943 -0.138122 0)
(0.100075 -0.188408 0)
(0.213501 -0.326516 0)
(0.465613 -0.930389 0)
(0.295104 1.32322 0)
(-0.37794 -0.646396 0)
(0.124836 -1.28158 0)
(0.00103471 -1.1381 0)
(0.427628 -1.10047 0)
(0.585901 -0.242936 0)
(2.98499 0.609099 0)
(0.402381 2.79851 0)
)
;

boundaryField
{
    leftWall
    {
        type            noSlip;
    }
    rightWall
    {
        type            noSlip;
    }
    lowerWall
    {
        type            noSlip;
    }
    atmosphere
    {
        type            pressureInletOutletVelocity;
        value           nonuniform List<vector> 
46
(
(0.00111369 0.0297041 0)
(0.000558393 0.0219821 0)
(-0.000211641 0.0244085 0)
(-6.1187e-05 0.0233388 0)
(-0.000531754 0.0244827 0)
(-0.000597754 0.0252995 0)
(-0.000839545 0.0266557 0)
(-0.00102033 0.0283489 0)
(-0.00121791 0.030368 0)
(-0.00135978 0.0326919 0)
(-0.00154788 0.0353307 0)
(-0.00176243 0.038265 0)
(-0.00197696 0.041457 0)
(-0.00219505 0.0448701 0)
(-0.00237434 0.0484709 0)
(-0.00251201 0.0522248 0)
(-0.00272586 0.0560858 0)
(-0.00292533 0.060053 0)
(-0.00309964 0.0639726 0)
(-0.00323268 0.0678174 0)
(-0.0033067 0.0714009 0)
(-0.00341247 0.0746157 0)
(-0.00338939 0.0772655 0)
(-0.00320341 0.0785393 0)
(-0.00297336 0.0789757 0)
(-0.00282508 0.079052 0)
(-0.00250775 0.0786987 0)
(-0.00190458 0.0774207 0)
(-0.00075639 0.0733956 0)
(0.000901031 0.0644737 0)
(0.00469003 0.0518009 0)
(0.00752951 0.0254116 0)
(0 -0.000471603 0)
(0 -0.058206 0)
(0 -0.138122 0)
(0 -0.188408 0)
(0 -0.326516 0)
(0 -0.930389 0)
(0.295104 1.32322 0)
(0 -0.646396 0)
(0 -1.28158 0)
(0 -1.1381 0)
(0 -1.10047 0)
(0 -0.242936 0)
(2.98499 0.609099 0)
(0.402381 2.79851 0)
)
;
    }
    defaultFaces
    {
        type            empty;
    }
}


// ************************************************************************* //
