/*--------------------------------*- C++ -*----------------------------------*\
| =========                 |                                                 |
| \\      /  F ield         | OpenFOAM: The Open Source CFD Toolbox           |
|  \\    /   O peration     | Version:  2206                                  |
|   \\  /    A nd           | Website:  www.openfoam.com                      |
|    \\/     M anipulation  |                                                 |
\*---------------------------------------------------------------------------*/
FoamFile
{
    version     2.0;
    format      ascii;
    arch        "LSB;label=32;scalar=64";
    class       surfaceScalarField;
    location    "0.1";
    object      phi;
}
// * * * * * * * * * * * * * * * * * * * * * * * * * * * * * * * * * * * * * //

dimensions      [0 3 -1 0 0 0 0];

oriented        oriented;

internalField   nonuniform List<scalar> 
4432
(
1.38162e-06
-1.38162e-06
2.9358e-06
-1.55416e-06
4.41287e-06
-1.47707e-06
5.84675e-06
-1.43389e-06
7.24538e-06
-1.39864e-06
8.59931e-06
-1.35394e-06
9.89535e-06
-1.29604e-06
1.11182e-05
-1.22285e-06
1.22497e-05
-1.13153e-06
1.32682e-05
-1.0185e-06
1.41476e-05
-8.79301e-07
1.48559e-05
-7.08286e-07
1.53528e-05
-4.96906e-07
1.55843e-05
-2.31527e-07
1.54785e-05
1.05792e-07
1.49508e-05
5.27727e-07
1.39733e-05
9.77543e-07
1.25366e-05
1.43663e-06
1.06516e-05
1.88507e-06
8.36156e-06
2.29008e-06
5.7456e-06
2.61601e-06
2.91384e-06
2.83176e-06
2.91383e-06
1.39175e-06
-2.77336e-06
2.95763e-06
-3.12005e-06
4.44738e-06
-2.96682e-06
5.89411e-06
-2.88063e-06
7.30639e-06
-2.81093e-06
8.67544e-06
-2.723e-06
9.98858e-06
-2.60918e-06
1.12311e-05
-2.46533e-06
1.23855e-05
-2.28592e-06
1.34309e-05
-2.06388e-06
1.43422e-05
-1.79063e-06
1.50899e-05
-1.45596e-06
1.56416e-05
-1.04857e-06
1.59683e-05
-5.58206e-07
1.60441e-05
3.0057e-08
1.58579e-05
7.13883e-07
1.53037e-05
1.53178e-06
1.42715e-05
2.46888e-06
1.26588e-05
3.49782e-06
1.03879e-05
4.56107e-06
7.4402e-06
5.56366e-06
3.89954e-06
6.3724e-06
6.81335e-06
1.40187e-06
-4.17523e-06
2.98309e-06
-4.70126e-06
4.48845e-06
-4.4722e-06
5.95188e-06
-4.34407e-06
7.38315e-06
-4.24221e-06
8.77444e-06
-4.1143e-06
1.0114e-05
-3.94872e-06
1.13881e-05
-3.73944e-06
1.25806e-05
-3.47839e-06
1.36719e-05
-3.15521e-06
1.46386e-05
-2.75728e-06
1.54523e-05
-2.26967e-06
1.6079e-05
-1.67525e-06
1.6476e-05
-9.55176e-07
1.65968e-05
-9.0727e-08
1.63776e-05
9.33081e-07
1.57665e-05
2.14286e-06
1.46905e-05
3.54491e-06
1.30609e-05
5.1275e-06
1.07844e-05
6.83752e-06
7.79648e-06
8.55155e-06
4.12356e-06
1.00453e-05
1.0937e-05
1.41621e-06
-5.59144e-06
3.02024e-06
-6.3053e-06
4.54856e-06
-6.00053e-06
6.03643e-06
-5.83195e-06
7.49557e-06
-5.70135e-06
8.91951e-06
-5.53825e-06
1.02978e-05
-5.327e-06
1.16183e-05
-5.05991e-06
1.28665e-05
-4.72662e-06
1.4025e-05
-4.31371e-06
1.50724e-05
-3.80464e-06
1.59822e-05
-3.17948e-06
1.67216e-05
-2.41463e-06
1.72492e-05
-1.48277e-06
1.75121e-05
-3.53633e-07
1.74436e-05
1.00151e-06
1.69629e-05
2.62353e-06
1.59769e-05
4.53095e-06
1.43727e-05
6.73168e-06
1.20262e-05
9.18396e-06
8.82454e-06
1.17533e-05
4.72976e-06
1.41401e-05
1.56667e-05
1.43471e-06
-7.02615e-06
3.06815e-06
-7.93875e-06
4.62598e-06
-7.55837e-06
6.14506e-06
-7.35105e-06
7.63978e-06
-7.19608e-06
9.10543e-06
-7.00391e-06
1.05332e-05
-6.75481e-06
1.1913e-05
-6.43971e-06
1.32327e-05
-6.04634e-06
1.44776e-05
-5.55859e-06
1.56293e-05
-4.95634e-06
1.66647e-05
-4.21491e-06
1.75543e-05
-3.3042e-06
1.82594e-05
-2.1879e-06
1.87289e-05
-8.23167e-07
1.88967e-05
8.3372e-07
1.86688e-05
2.85148e-06
1.79259e-05
5.27384e-06
1.65045e-05
8.15304e-06
1.42004e-05
1.14881e-05
1.07821e-05
1.51716e-05
6.02566e-06
1.88965e-05
2.16924e-05
1.45644e-06
-8.48259e-06
3.12562e-06
-9.60794e-06
4.71878e-06
-9.15153e-06
6.27498e-06
-8.90724e-06
7.81191e-06
-8.73302e-06
9.32704e-06
-8.51906e-06
1.08136e-05
-8.2414e-06
1.22638e-05
-7.88995e-06
1.36685e-05
-7.45107e-06
1.50164e-05
-6.90651e-06
1.62933e-05
-6.23322e-06
1.74808e-05
-5.40247e-06
1.85551e-05
-4.3785e-06
1.94838e-05
-3.11664e-06
2.02217e-05
-1.56109e-06
2.07071e-05
3.48331e-07
2.08454e-05
2.71318e-06
2.04957e-05
5.62357e-06
1.94438e-05
9.20497e-06
1.73658e-05
1.35661e-05
1.37675e-05
1.87699e-05
8.02037e-06
2.46437e-05
2.97128e-05
1.48239e-06
-9.96498e-06
3.19196e-06
-1.13175e-05
4.82516e-06
-1.07847e-05
6.42378e-06
-1.05059e-05
8.00892e-06
-1.03182e-05
9.58044e-06
-1.00906e-05
1.11339e-05
-9.79488e-06
1.26643e-05
-9.42035e-06
1.41657e-05
-8.95258e-06
1.56312e-05
-8.37197e-06
1.70514e-05
-7.6535e-06
1.84145e-05
-6.76553e-06
1.9704e-05
-5.66803e-06
2.08974e-05
-4.31014e-06
2.19636e-05
-2.62724e-06
2.28483e-05
-5.3642e-07
2.34896e-05
2.07189e-06
2.37319e-05
5.38126e-06
2.33487e-05
9.58817e-06
2.19822e-05
1.49326e-05
1.88851e-05
2.1867e-05
1.3203e-05
3.03258e-05
4.29158e-05
1.51561e-06
-1.14806e-05
3.26428e-06
-1.30662e-05
4.93992e-06
-1.24604e-05
6.58479e-06
-1.21508e-05
8.22242e-06
-1.19558e-05
9.85533e-06
-1.17235e-05
1.14817e-05
-1.14213e-05
1.30995e-05
-1.10382e-05
1.47069e-05
-1.05599e-05
1.63013e-05
-9.96645e-06
1.78799e-05
-9.23211e-06
1.94386e-05
-8.32422e-06
2.09714e-05
-7.20085e-06
2.24685e-05
-5.8073e-06
2.3912e-05
-4.07068e-06
2.52719e-05
-1.89635e-06
2.65352e-05
8.08615e-07
2.75762e-05
4.34027e-06
2.81856e-05
8.97873e-06
2.79011e-05
1.52171e-05
2.53909e-05
2.43773e-05
1.8505e-05
3.72117e-05
6.14208e-05
-2.08781e-05
2.08781e-05
-3.93666e-05
1.8489e-05
-3.56221e-05
-3.7445e-06
-2.44161e-06
-3.31814e-05
2.80545e-05
-3.04948e-05
3.94843e-05
-1.14307e-05
3.89732e-05
5.10665e-07
3.44425e-05
4.53179e-06
2.93936e-05
5.04807e-06
2.47415e-05
4.6522e-06
2.06605e-05
4.08147e-06
1.71096e-05
3.5503e-06
1.39908e-05
3.11986e-06
1.12163e-05
2.77476e-06
8.69162e-06
2.52421e-06
6.36236e-06
2.32986e-06
4.16854e-06
2.19306e-06
2.06156e-06
2.10743e-06
2.06204e-06
-2.35538e-05
4.44316e-05
-4.24301e-05
3.73651e-05
-3.771e-05
-8.46314e-06
-2.43378e-06
-6.84594e-05
3.04443e-05
-6.33716e-05
4.24982e-05
-2.34842e-05
4.20368e-05
9.70445e-07
3.73316e-05
9.23845e-06
3.18601e-05
1.05197e-05
2.67636e-05
9.74874e-06
2.22844e-05
8.56218e-06
1.84048e-05
7.42905e-06
1.50129e-05
6.51232e-06
1.20117e-05
5.7768e-06
9.29669e-06
5.23804e-06
6.79904e-06
4.82854e-06
4.45156e-06
4.54015e-06
2.19909e-06
4.35931e-06
4.26159e-06
-2.36735e-05
6.81051e-05
-4.49285e-05
5.86195e-05
-3.9875e-05
-1.35149e-05
-2.44543e-06
-0.00010589
3.29906e-05
-9.88068e-05
4.44861e-05
-3.49784e-05
4.24372e-05
3.01849e-06
3.69265e-05
1.47503e-05
3.12624e-05
1.61837e-05
2.62102e-05
1.48008e-05
2.18335e-05
1.29407e-05
1.80548e-05
1.12072e-05
1.4747e-05
9.81983e-06
1.18111e-05
8.71342e-06
9.15182e-06
7.89706e-06
6.69887e-06
7.28264e-06
4.38836e-06
6.84998e-06
2.16846e-06
6.57851e-06
6.43062e-06
-2.30754e-05
9.1181e-05
-3.856e-05
7.41031e-05
-2.59025e-05
-2.61705e-05
6.77862e-06
-0.000138574
3.77687e-05
-0.000129796
4.77115e-05
-4.49204e-05
4.36448e-05
7.08421e-06
3.70387e-05
2.13569e-05
3.10285e-05
2.21938e-05
2.59266e-05
1.9902e-05
2.15911e-05
1.72774e-05
1.78623e-05
1.49361e-05
1.46027e-05
1.308e-05
1.17035e-05
1.16129e-05
9.07464e-06
1.05247e-05
6.64573e-06
9.7127e-06
4.3551e-06
9.14045e-06
2.15251e-06
8.78032e-06
8.5838e-06
-1.58733e-05
0.000107055
-7.41212e-06
6.56394e-05
2.25899e-05
-5.61708e-05
3.76602e-05
-0.000153645
5.01887e-05
-0.000142325
5.21775e-05
-4.69088e-05
4.51893e-05
1.40715e-05
3.72376e-05
2.93088e-05
3.08107e-05
2.86214e-05
2.56449e-05
2.50677e-05
2.13445e-05
2.15785e-05
1.76638e-05
1.86161e-05
1.44515e-05
1.62927e-05
1.15899e-05
1.44751e-05
8.99192e-06
1.31214e-05
6.58809e-06
1.21174e-05
4.31883e-06
1.141e-05
2.13483e-06
1.09634e-05
1.07194e-05
2.16908e-07
0.000106839
4.94354e-05
1.64191e-05
9.73946e-05
-0.000104129
9.74759e-05
-0.000153726
7.9973e-05
-0.000124822
6.04164e-05
-2.73512e-05
4.67724e-05
2.77153e-05
3.72442e-05
3.8837e-05
3.04629e-05
3.54031e-05
2.52743e-05
3.02558e-05
2.10321e-05
2.58216e-05
1.74168e-05
2.22308e-05
1.42629e-05
1.94465e-05
1.14483e-05
1.72905e-05
8.88839e-06
1.56805e-05
6.51563e-06
1.44908e-05
4.27297e-06
1.36531e-05
2.11237e-06
1.31231e-05
1.28326e-05
5.69436e-05
4.98962e-05
0.000138657
-6.52943e-05
0.000158463
-0.000123935
0.000142424
-0.000137688
0.000104132
-8.65306e-05
6.91346e-05
7.64743e-06
4.78291e-05
4.90209e-05
3.68474e-05
4.98188e-05
2.99304e-05
4.23205e-05
2.4801e-05
3.53845e-05
2.06498e-05
2.99735e-05
1.712e-05
2.57607e-05
1.40371e-05
2.25291e-05
1.1279e-05
2.00494e-05
8.76445e-06
1.81946e-05
6.42868e-06
1.68268e-05
4.21764e-06
1.58645e-05
2.08521e-06
1.52546e-05
1.49184e-05
0.000141669
-9.17722e-05
0.000178322
-0.000101948
0.000175135
-0.000120748
0.000147419
-0.000109971
0.000107142
-4.62535e-05
6.9725e-05
4.50648e-05
4.70561e-05
7.16892e-05
3.59178e-05
6.09574e-05
2.91887e-05
4.905e-05
2.42201e-05
4.03524e-05
2.01987e-05
3.39951e-05
1.67755e-05
2.91843e-05
1.3776e-05
2.55283e-05
1.10831e-05
2.27426e-05
8.6207e-06
2.0657e-05
6.32746e-06
1.91202e-05
4.15291e-06
1.80396e-05
2.05335e-06
1.73531e-05
1.69721e-05
3.32787e-06
-1.48085e-05
7.18846e-06
-1.69268e-05
1.08876e-05
-1.61595e-05
1.4534e-05
-1.57971e-05
1.81878e-05
-1.56096e-05
2.18609e-05
-1.53966e-05
2.55578e-05
-1.51181e-05
2.92846e-05
-1.4765e-05
3.305e-05
-1.43253e-05
3.68651e-05
-1.37816e-05
4.0745e-05
-1.3112e-05
4.47101e-05
-1.22894e-05
4.87889e-05
-1.12797e-05
5.30219e-05
-1.00403e-05
5.74689e-05
-8.51764e-06
6.22168e-05
-6.64428e-06
6.73623e-05
-4.33684e-06
7.32326e-05
-1.53003e-06
8.02946e-05
1.9167e-06
8.93536e-05
6.15812e-06
0.000102452
1.12785e-05
0.000124281
1.53827e-05
2.58372e-05
0.000159865
3.47895e-06
-1.82874e-05
7.50147e-06
-2.09492e-05
1.13716e-05
-2.00296e-05
1.52087e-05
-1.96342e-05
1.90812e-05
-1.94821e-05
2.30098e-05
-1.93253e-05
2.70095e-05
-1.91177e-05
3.10985e-05
-1.88541e-05
3.53005e-05
-1.85272e-05
3.96451e-05
-1.81261e-05
4.41703e-05
-1.76373e-05
4.8926e-05
-1.70451e-05
5.39787e-05
-1.63324e-05
5.94189e-05
-1.54806e-05
6.53727e-05
-1.44714e-05
7.20185e-05
-1.32901e-05
7.96127e-05
-1.1931e-05
8.84883e-05
-1.04057e-05
9.91481e-05
-8.74306e-06
0.000112332
-7.02597e-06
0.000128815
-5.20409e-06
0.000148534
-4.33618e-06
-5.44237e-07
0.000174915
3.60811e-06
-2.18955e-05
7.73373e-06
-2.50748e-05
1.17176e-05
-2.40135e-05
1.56909e-05
-2.36075e-05
1.97217e-05
-2.35128e-05
2.38344e-05
-2.3438e-05
2.80501e-05
-2.33334e-05
3.23942e-05
-2.31982e-05
3.68977e-05
-2.30307e-05
4.15978e-05
-2.28263e-05
4.65402e-05
-2.25797e-05
5.17808e-05
-2.22858e-05
5.73891e-05
-2.19407e-05
6.3451e-05
-2.15425e-05
7.00729e-05
-2.10933e-05
7.73843e-05
-2.06014e-05
8.55379e-05
-2.00847e-05
9.47069e-05
-1.95747e-05
0.000105083
-1.91193e-05
0.000116869
-1.88114e-05
0.00013036
-1.8696e-05
0.000145253
-1.92285e-05
-1.96723e-05
0.000164381
3.69694e-06
-2.55924e-05
7.84395e-06
-2.92218e-05
1.18655e-05
-2.80351e-05
1.59e-05
-2.76419e-05
2.00064e-05
-2.76192e-05
2.42082e-05
-2.76398e-05
2.85288e-05
-2.7654e-05
3.2996e-05
-2.76653e-05
3.76419e-05
-2.76765e-05
4.25038e-05
-2.76883e-05
4.76255e-05
-2.77013e-05
5.30575e-05
-2.77179e-05
5.88593e-05
-2.77425e-05
6.50994e-05
-2.77826e-05
7.18564e-05
-2.78503e-05
7.92184e-05
-2.79634e-05
8.72817e-05
-2.81479e-05
9.61466e-05
-2.84397e-05
0.000105913
-2.8886e-05
0.000116663
-2.95614e-05
0.000128461
-3.04942e-05
0.000141205
-3.19715e-05
-3.34053e-05
0.000154937
3.731e-06
-2.93234e-05
7.8088e-06
-3.32996e-05
1.17839e-05
-3.20102e-05
1.57943e-05
-3.16523e-05
1.98831e-05
-3.1708e-05
2.40698e-05
-3.18265e-05
2.83773e-05
-3.19614e-05
3.28322e-05
-3.21202e-05
3.74642e-05
-3.23086e-05
4.23066e-05
-3.25307e-05
4.73965e-05
-3.27912e-05
5.27756e-05
-3.30969e-05
5.84899e-05
-3.34568e-05
6.45902e-05
-3.38829e-05
7.11309e-05
-3.43912e-05
7.81695e-05
-3.5002e-05
8.57634e-05
-3.57418e-05
9.39663e-05
-3.66425e-05
0.000102824
-3.77436e-05
0.00011236
-3.90976e-05
0.00012258
-4.07141e-05
0.00013345
-4.28412e-05
-4.4821e-05
0.000144865
3.70077e-06
-3.30241e-05
7.62092e-06
-3.72197e-05
1.14677e-05
-3.5857e-05
1.53692e-05
-3.55539e-05
1.93482e-05
-3.5687e-05
2.34188e-05
-3.5897e-05
2.76019e-05
-3.61445e-05
3.19213e-05
-3.64395e-05
3.64022e-05
-3.67895e-05
4.1072e-05
-3.72006e-05
4.59604e-05
-3.76797e-05
5.10993e-05
-3.82358e-05
5.65226e-05
-3.88801e-05
6.2266e-05
-3.96264e-05
6.83665e-05
-4.04916e-05
7.48608e-05
-4.14962e-05
8.1784e-05
-4.2665e-05
8.91674e-05
-4.4026e-05
9.70372e-05
-4.56134e-05
0.000105406
-4.74661e-05
0.000114284
-4.95925e-05
0.000123653
-5.22102e-05
-5.46144e-05
0.000133447
3.60181e-06
-3.66259e-05
7.28486e-06
-4.09028e-05
1.09301e-05
-3.95022e-05
1.46448e-05
-3.92686e-05
1.84304e-05
-3.94726e-05
2.22957e-05
-3.97623e-05
2.62587e-05
-4.01076e-05
3.03393e-05
-4.05201e-05
3.45576e-05
-4.10078e-05
3.89348e-05
-4.15778e-05
4.3493e-05
-4.22379e-05
4.82552e-05
-4.2998e-05
5.3245e-05
-4.38699e-05
5.84862e-05
-4.48675e-05
6.40022e-05
-4.60076e-05
6.98156e-05
-4.73096e-05
7.59467e-05
-4.87962e-05
8.24133e-05
-5.04926e-05
8.92303e-05
-5.24302e-05
9.64042e-05
-5.46401e-05
0.000103953
-5.71412e-05
0.000111858
-6.01148e-05
-6.29001e-05
0.000120143
3.4357e-06
-4.00616e-05
6.81597e-06
-4.4283e-05
1.01982e-05
-4.28845e-05
1.36592e-05
-4.27295e-05
1.71804e-05
-4.29939e-05
2.07667e-05
-4.33486e-05
2.44329e-05
-4.37737e-05
2.8194e-05
-4.42813e-05
3.20652e-05
-4.48791e-05
3.60615e-05
-4.55741e-05
4.01982e-05
-4.63745e-05
4.44903e-05
-4.72901e-05
4.89526e-05
-4.83322e-05
5.35992e-05
-4.95141e-05
5.84428e-05
-5.08513e-05
6.34947e-05
-5.23614e-05
6.87635e-05
-5.40649e-05
7.4255e-05
-5.59842e-05
7.99724e-05
-5.81476e-05
8.59118e-05
-6.05796e-05
9.2081e-05
-6.33105e-05
9.84419e-05
-6.64757e-05
-6.9529e-05
0.000105071
3.20824e-06
-4.32699e-05
6.23707e-06
-4.73118e-05
9.3092e-06
-4.59566e-05
1.24627e-05
-4.58831e-05
1.56635e-05
-4.61947e-05
1.89137e-05
-4.65987e-05
2.22245e-05
-4.70845e-05
2.56068e-05
-4.76636e-05
2.90706e-05
-4.83429e-05
3.26256e-05
-4.91291e-05
3.62809e-05
-5.00299e-05
4.00451e-05
-5.10543e-05
4.39256e-05
-5.22126e-05
4.79283e-05
-5.35168e-05
5.20575e-05
-5.49804e-05
5.63147e-05
-5.66186e-05
6.06988e-05
-5.8449e-05
6.52047e-05
-6.049e-05
6.98231e-05
-6.27661e-05
7.45367e-05
-6.52931e-05
7.93338e-05
-6.81075e-05
8.41436e-05
-7.12855e-05
-7.44191e-05
8.90337e-05
2.92776e-06
-4.61976e-05
5.57197e-06
-4.99561e-05
8.29991e-06
-4.86846e-05
1.11065e-05
-4.86897e-05
1.39466e-05
-4.90348e-05
1.68206e-05
-4.94727e-05
1.97366e-05
-5.00006e-05
2.27015e-05
-5.06284e-05
2.57207e-05
-5.13621e-05
2.87992e-05
-5.22076e-05
3.19411e-05
-5.31718e-05
3.51495e-05
-5.42626e-05
3.8426e-05
-5.54892e-05
4.17708e-05
-5.68615e-05
4.51814e-05
-5.83909e-05
4.86528e-05
-6.009e-05
5.21765e-05
-6.19727e-05
5.57396e-05
-6.40532e-05
5.93241e-05
-6.63506e-05
6.29029e-05
-6.88719e-05
6.64529e-05
-7.16576e-05
6.98882e-05
-7.47208e-05
-7.77977e-05
7.32668e-05
2.61005e-06
-4.88077e-05
4.8511e-06
-5.21971e-05
7.21248e-06
-5.1046e-05
9.64532e-06
-5.11225e-05
1.20988e-05
-5.14884e-05
1.45723e-05
-5.19462e-05
1.70707e-05
-5.24991e-05
1.95972e-05
-5.3155e-05
2.21539e-05
-5.39188e-05
2.4742e-05
-5.47957e-05
2.73615e-05
-5.57913e-05
3.00114e-05
-5.69125e-05
3.26887e-05
-5.81665e-05
3.53891e-05
-5.95619e-05
3.81058e-05
-6.11077e-05
4.08298e-05
-6.2814e-05
4.35488e-05
-6.46917e-05
4.62473e-05
-6.67517e-05
4.89045e-05
-6.90078e-05
5.14939e-05
-7.14612e-05
5.39868e-05
-7.41506e-05
5.63046e-05
-7.70384e-05
-8.00045e-05
5.85113e-05
2.27413e-06
-5.10818e-05
4.11183e-06
-5.40348e-05
6.09733e-06
-5.30315e-05
8.14135e-06
-5.31665e-05
1.01943e-05
-5.35413e-05
1.22559e-05
-5.40078e-05
1.43282e-05
-5.45714e-05
1.64113e-05
-5.52381e-05
1.8504e-05
-5.60115e-05
2.06043e-05
-5.6896e-05
2.27096e-05
-5.78966e-05
2.48157e-05
-5.90186e-05
2.69172e-05
-6.0268e-05
2.90066e-05
-6.16513e-05
3.10744e-05
-6.31755e-05
3.31089e-05
-6.48485e-05
3.50954e-05
-6.66782e-05
3.70182e-05
-6.86746e-05
3.88566e-05
-7.08462e-05
4.05925e-05
-7.31971e-05
4.21731e-05
-7.57312e-05
4.35434e-05
-7.84087e-05
-8.11732e-05
4.47121e-05
1.91557e-06
-5.29974e-05
3.35744e-06
-5.54766e-05
4.97224e-06
-5.46463e-05
6.63409e-06
-5.48284e-05
8.29549e-06
-5.52027e-05
9.95527e-06
-5.56677e-05
1.16134e-05
-5.62296e-05
1.32678e-05
-5.68925e-05
1.49156e-05
-5.76593e-05
1.65526e-05
-5.85331e-05
1.81736e-05
-5.95176e-05
1.97718e-05
-6.06168e-05
2.1339e-05
-6.18352e-05
2.28651e-05
-6.31774e-05
2.43375e-05
-6.46479e-05
2.5741e-05
-6.6252e-05
2.70572e-05
-6.79943e-05
2.8266e-05
-6.98834e-05
2.93425e-05
-7.19228e-05
3.02638e-05
-7.41183e-05
3.09062e-05
-7.63736e-05
3.12772e-05
-7.87797e-05
-8.11505e-05
3.12546e-05
1.58916e-06
-5.45865e-05
2.64206e-06
-5.65295e-05
3.88952e-06
-5.58937e-05
5.17401e-06
-5.61129e-05
6.45384e-06
-5.64826e-05
7.72752e-06
-5.69414e-05
8.99078e-06
-5.74929e-05
1.02385e-05
-5.81402e-05
1.14656e-05
-5.88865e-05
1.26666e-05
-5.97341e-05
1.38345e-05
-6.06855e-05
1.49605e-05
-6.17429e-05
1.60338e-05
-6.29085e-05
1.70407e-05
-6.41844e-05
1.79643e-05
-6.55714e-05
1.87834e-05
-6.70711e-05
1.94732e-05
-6.86841e-05
2.00044e-05
-7.04146e-05
2.03499e-05
-7.22681e-05
2.04548e-05
-7.42232e-05
2.01543e-05
-7.6073e-05
1.95305e-05
-7.8156e-05
-8.0152e-05
1.8532e-05
1.23766e-06
-5.58242e-05
1.87747e-06
-5.71693e-05
2.76332e-06
-5.67796e-05
3.67296e-06
-5.70225e-05
4.56855e-06
-5.73782e-05
5.45035e-06
-5.78232e-05
6.31213e-06
-5.83547e-05
7.14731e-06
-5.89754e-05
7.95005e-06
-5.96892e-05
8.71397e-06
-6.0498e-05
9.43152e-06
-6.1403e-05
1.00937e-05
-6.24051e-05
1.06901e-05
-6.35048e-05
1.12079e-05
-6.47022e-05
1.16304e-05
-6.5994e-05
1.19363e-05
-6.7377e-05
1.21042e-05
-6.8852e-05
1.21089e-05
-7.04193e-05
1.19537e-05
-7.21128e-05
1.15826e-05
-7.38522e-05
1.10911e-05
-7.55814e-05
1.06231e-05
-7.7688e-05
-8.07029e-05
1.11739e-05
8.15193e-07
-5.66394e-05
1.01321e-06
-5.73673e-05
1.50756e-06
-5.72739e-05
2.00543e-06
-5.75203e-05
2.47931e-06
-5.78521e-05
2.92952e-06
-5.82733e-05
3.35695e-06
-5.87821e-05
3.75171e-06
-5.93702e-05
4.10739e-06
-6.00449e-05
4.41889e-06
-6.08096e-05
4.67961e-06
-6.16638e-05
4.8815e-06
-6.26069e-05
5.01499e-06
-6.36383e-05
5.0723e-06
-6.47595e-05
5.0474e-06
-6.59691e-05
4.94081e-06
-6.72704e-05
4.75003e-06
-6.86612e-05
4.4961e-06
-7.01654e-05
4.32444e-06
-7.19411e-05
4.33305e-06
-7.38608e-05
5.66884e-06
-7.69173e-05
8.71202e-06
-8.07311e-05
-8.98244e-05
1.78335e-05
2.93652e-07
-5.6933e-05
-2.98623e-08
-5.70437e-05
3.54021e-08
-5.73391e-05
4.11633e-08
-5.75262e-05
1.95967e-08
-5.78305e-05
-5.59966e-08
-5.81978e-05
-1.53165e-07
-5.86849e-05
-2.8742e-07
-5.9236e-05
-4.70802e-07
-5.98616e-05
-7.05478e-07
-6.05749e-05
-9.95181e-07
-6.13741e-05
-1.34582e-06
-6.22563e-05
-1.76866e-06
-6.32154e-05
-2.27117e-06
-6.4257e-05
-2.82391e-06
-6.54163e-05
-3.37916e-06
-6.67151e-05
-3.88258e-06
-6.81577e-05
-4.11551e-06
-6.99322e-05
-3.43685e-06
-7.26199e-05
-7.06821e-07
-7.65905e-05
6.08594e-06
-8.37102e-05
1.79201e-05
-9.25651e-05
-9.97513e-05
2.78471e-05
-6.19875e-07
-5.63131e-05
-1.66846e-06
-5.59947e-05
-2.18104e-06
-5.68264e-05
-2.97258e-06
-5.67348e-05
-3.77721e-06
-5.70256e-05
-4.70963e-06
-5.72657e-05
-5.72164e-06
-5.76726e-05
-6.72749e-06
-5.82301e-05
-7.76663e-06
-5.88227e-05
-8.80759e-06
-5.95339e-05
-9.78187e-06
-6.03995e-05
-1.05683e-05
-6.14699e-05
-1.09948e-05
-6.2789e-05
-1.09187e-05
-6.43329e-05
-1.04952e-05
-6.58392e-05
-9.64196e-06
-6.75678e-05
-8.25361e-06
-6.95463e-05
-5.85776e-06
-7.23285e-05
-1.61717e-06
-7.68606e-05
6.50366e-06
-8.47116e-05
2.02e-05
-9.74064e-05
3.48106e-05
-0.000107176
-0.00010818
4.32388e-05
-1.22091e-06
-5.50914e-05
-1.48041e-06
-5.57374e-05
-2.23161e-06
-5.6076e-05
-2.93641e-06
-5.60281e-05
-3.77084e-06
-5.61937e-05
-4.69629e-06
-5.6339e-05
-5.57106e-06
-5.67984e-05
-6.4879e-06
-5.73132e-05
-7.3899e-06
-5.79205e-05
-8.27344e-06
-5.86501e-05
-9.14223e-06
-5.95295e-05
-1.00255e-05
-6.05853e-05
-1.09745e-05
-6.18397e-05
-1.19969e-05
-6.33111e-05
-1.27864e-05
-6.505e-05
-1.32042e-05
-6.71498e-05
-1.30098e-05
-6.97402e-05
-1.21366e-05
-7.32019e-05
-1.04229e-05
-7.85741e-05
-7.58625e-06
-8.75477e-05
-5.51743e-06
-9.94741e-05
-4.61649e-06
-0.000108076
-0.000104981
-7.81464e-06
-1.74727e-06
-5.33449e-05
-2.71424e-06
-5.47693e-05
-4.18321e-06
-5.46078e-05
-5.62075e-06
-5.45919e-05
-7.13124e-06
-5.46829e-05
-8.59987e-06
-5.48704e-05
-1.02268e-05
-5.51731e-05
-1.19447e-05
-5.55947e-05
-1.37267e-05
-5.61371e-05
-1.55824e-05
-5.67948e-05
-1.75392e-05
-5.75734e-05
-1.96375e-05
-5.84858e-05
-2.19244e-05
-5.95507e-05
-2.44396e-05
-6.0795e-05
-2.723e-05
-6.226e-05
-3.04083e-05
-6.3972e-05
-3.41807e-05
-6.59677e-05
-3.8876e-05
-6.85066e-05
-4.49562e-05
-7.24937e-05
-5.34154e-05
-7.90887e-05
-6.49583e-05
-8.79318e-05
-7.72714e-05
-9.5763e-05
-9.66725e-05
-8.558e-05
-2.45209e-06
-5.08925e-05
-4.54228e-06
-5.26791e-05
-6.608e-06
-5.2542e-05
-8.63167e-06
-5.25697e-05
-1.0646e-05
-5.26665e-05
-1.26838e-05
-5.2835e-05
-1.48005e-05
-5.3057e-05
-1.70372e-05
-5.33575e-05
-1.94312e-05
-5.37424e-05
-2.20093e-05
-5.42164e-05
-2.48039e-05
-5.47794e-05
-2.78624e-05
-5.54284e-05
-3.1253e-05
-5.61606e-05
-3.50696e-05
-5.69779e-05
-3.94476e-05
-5.78813e-05
-4.45718e-05
-5.88475e-05
-5.06764e-05
-5.98628e-05
-5.81073e-05
-6.10747e-05
-6.76835e-05
-6.29165e-05
-8.07007e-05
-6.60701e-05
-9.77539e-05
-7.08777e-05
-0.000117712
-7.58048e-05
-7.71653e-05
-0.000137219
-2.56783e-06
-4.83255e-05
-5.12583e-06
-5.0121e-05
-7.56724e-06
-5.01002e-05
-1.00163e-05
-5.0121e-05
-1.25038e-05
-5.01797e-05
-1.5038e-05
-5.03016e-05
-1.76224e-05
-5.04728e-05
-2.03005e-05
-5.06803e-05
-2.31216e-05
-5.09224e-05
-2.61363e-05
-5.12016e-05
-2.93945e-05
-5.15201e-05
-3.29455e-05
-5.18769e-05
-3.68417e-05
-5.22652e-05
-4.11475e-05
-5.26728e-05
-4.59515e-05
-5.30772e-05
-5.13559e-05
-5.34427e-05
-5.74761e-05
-5.37423e-05
-6.45586e-05
-5.39917e-05
-7.31654e-05
-5.43097e-05
-8.42083e-05
-5.50274e-05
-9.86494e-05
-5.64365e-05
-0.000116439
-5.80154e-05
-5.80242e-05
-0.00013558
-2.58173e-06
-4.57439e-05
-5.22734e-06
-4.74742e-05
-7.82555e-06
-4.75029e-05
-1.04199e-05
-4.7526e-05
-1.30535e-05
-4.75489e-05
-1.57654e-05
-4.75872e-05
-1.85862e-05
-4.76516e-05
-2.1529e-05
-4.77386e-05
-2.46112e-05
-4.78408e-05
-2.78625e-05
-4.79506e-05
-3.13228e-05
-4.806e-05
-3.5039e-05
-4.81604e-05
-3.90627e-05
-4.82414e-05
-4.34486e-05
-4.82871e-05
-4.82514e-05
-4.82746e-05
-5.35189e-05
-4.81752e-05
-5.93036e-05
-4.79571e-05
-6.57099e-05
-4.75852e-05
-7.29464e-05
-4.70728e-05
-8.13668e-05
-4.66074e-05
-9.13809e-05
-4.64227e-05
-0.000103137
-4.626e-05
-4.50511e-05
-0.00011611
-2.57662e-06
-4.31678e-05
-5.26866e-06
-4.47821e-05
-7.98245e-06
-4.47906e-05
-1.07114e-05
-4.47988e-05
-1.34465e-05
-4.48145e-05
-1.6222e-05
-4.48124e-05
-1.90815e-05
-4.47931e-05
-2.20575e-05
-4.47633e-05
-2.51745e-05
-4.47235e-05
-2.84549e-05
-4.46694e-05
-3.19227e-05
-4.45921e-05
-3.56037e-05
-4.44797e-05
-3.95261e-05
-4.43187e-05
-4.372e-05
-4.40923e-05
-4.82156e-05
-4.37785e-05
-5.30418e-05
-4.33489e-05
-5.82263e-05
-4.27723e-05
-6.37917e-05
-4.20197e-05
-6.97649e-05
-4.10993e-05
-7.62541e-05
-4.0118e-05
-8.34777e-05
-3.91987e-05
-9.1555e-05
-3.81824e-05
-3.64427e-05
-0.000100163
-2.54506e-06
-4.06237e-05
-5.16226e-06
-4.21647e-05
-7.80669e-06
-4.21447e-05
-1.04992e-05
-4.21068e-05
-1.32512e-05
-4.20588e-05
-1.60663e-05
-4.19986e-05
-1.8942e-05
-4.19167e-05
-2.18947e-05
-4.18088e-05
-2.49475e-05
-4.16705e-05
-2.81215e-05
-4.14962e-05
-3.14352e-05
-4.12791e-05
-3.49061e-05
-4.10093e-05
-3.85514e-05
-4.06739e-05
-4.23875e-05
-4.02569e-05
-4.64265e-05
-3.97401e-05
-5.06726e-05
-3.91034e-05
-5.51229e-05
-3.83229e-05
-5.97734e-05
-3.73699e-05
-6.46404e-05
-3.62327e-05
-6.97917e-05
-3.49671e-05
-7.53139e-05
-3.36763e-05
-8.11739e-05
-3.23222e-05
-3.0519e-05
-8.70973e-05
-2.52291e-06
-3.8102e-05
-5.12441e-06
-3.95642e-05
-7.72296e-06
-3.95459e-05
-1.03248e-05
-3.95047e-05
-1.29668e-05
-3.94178e-05
-1.56659e-05
-3.93005e-05
-1.84274e-05
-3.91555e-05
-2.1257e-05
-3.89776e-05
-2.41648e-05
-3.87614e-05
-2.71618e-05
-3.84995e-05
-3.02584e-05
-3.81831e-05
-3.34645e-05
-3.78032e-05
-3.67875e-05
-3.73507e-05
-4.02307e-05
-3.68142e-05
-4.3792e-05
-3.61795e-05
-4.74649e-05
-3.54307e-05
-5.12376e-05
-3.45503e-05
-5.50892e-05
-3.35184e-05
-5.90006e-05
-3.23212e-05
-6.29872e-05
-3.09804e-05
-6.71002e-05
-2.95628e-05
-7.13371e-05
-2.8085e-05
-2.63326e-05
-7.55236e-05
-2.3681e-06
-3.57328e-05
-4.84801e-06
-3.70845e-05
-7.34683e-06
-3.70471e-05
-9.87246e-06
-3.69766e-05
-1.24184e-05
-3.68736e-05
-1.4984e-05
-3.67316e-05
-1.75892e-05
-3.65496e-05
-2.02451e-05
-3.63236e-05
-2.29569e-05
-3.60502e-05
-2.57295e-05
-3.57258e-05
-2.85669e-05
-3.53445e-05
-3.14715e-05
-3.48983e-05
-3.44434e-05
-3.4379e-05
-3.74806e-05
-3.37773e-05
-4.05776e-05
-3.30827e-05
-4.37244e-05
-3.22838e-05
-4.69061e-05
-3.13685e-05
-5.01004e-05
-3.03238e-05
-5.32833e-05
-2.91382e-05
-5.64448e-05
-2.78191e-05
-5.95977e-05
-2.64099e-05
-6.27372e-05
-2.49458e-05
-2.33116e-05
-6.57583e-05
-2.27002e-06
-3.34619e-05
-4.60847e-06
-3.4746e-05
-6.94774e-06
-3.47075e-05
-9.30908e-06
-3.46151e-05
-1.16907e-05
-3.44918e-05
-1.4092e-05
-3.43295e-05
-1.65182e-05
-3.4122e-05
-1.89749e-05
-3.38672e-05
-2.14654e-05
-3.35611e-05
-2.39917e-05
-3.32001e-05
-2.65554e-05
-3.27803e-05
-2.91566e-05
-3.22965e-05
-3.17931e-05
-3.17426e-05
-3.44594e-05
-3.11116e-05
-3.71466e-05
-3.03957e-05
-3.98429e-05
-2.95873e-05
-4.25322e-05
-2.8679e-05
-4.51926e-05
-2.76631e-05
-4.77993e-05
-2.65317e-05
-5.03336e-05
-2.52853e-05
-5.27947e-05
-2.39492e-05
-5.51836e-05
-2.25571e-05
-2.10533e-05
-5.74419e-05
-2.13077e-06
-3.1331e-05
-4.31287e-06
-3.25635e-05
-6.50144e-06
-3.25189e-05
-8.68487e-06
-3.24326e-05
-1.08725e-05
-3.22998e-05
-1.30819e-05
-3.21215e-05
-1.53096e-05
-3.18949e-05
-1.75549e-05
-3.16198e-05
-1.98194e-05
-3.12946e-05
-2.21028e-05
-3.09159e-05
-2.44035e-05
-3.04795e-05
-2.67184e-05
-2.99814e-05
-2.9043e-05
-2.94174e-05
-3.13708e-05
-2.8783e-05
-3.36929e-05
-2.80727e-05
-3.59981e-05
-2.72817e-05
-3.82722e-05
-2.64052e-05
-4.04967e-05
-2.5439e-05
-4.26507e-05
-2.43784e-05
-4.47148e-05
-2.32221e-05
-4.66814e-05
-2.19832e-05
-4.8551e-05
-2.06877e-05
-1.93126e-05
-5.02916e-05
-1.94661e-06
-2.93842e-05
-3.94678e-06
-3.05606e-05
-5.95297e-06
-3.05121e-05
-7.96261e-06
-3.04236e-05
-9.97661e-06
-3.0286e-05
-1.19983e-05
-3.00999e-05
-1.40271e-05
-2.98665e-05
-1.6062e-05
-2.95846e-05
-1.81026e-05
-2.92532e-05
-2.01479e-05
-2.88704e-05
-2.21952e-05
-2.8433e-05
-2.42401e-05
-2.79374e-05
-2.62774e-05
-2.73804e-05
-2.83011e-05
-2.6759e-05
-3.03034e-05
-2.60699e-05
-3.22752e-05
-2.531e-05
-3.42045e-05
-2.44767e-05
-3.60765e-05
-2.35679e-05
-3.78745e-05
-2.25813e-05
-3.95819e-05
-2.15155e-05
-4.1189e-05
-2.03768e-05
-4.26943e-05
-1.9183e-05
-1.79299e-05
-4.40776e-05
-1.76557e-06
-2.76191e-05
-3.59019e-06
-2.87357e-05
-5.40438e-06
-2.86965e-05
-7.22407e-06
-2.86009e-05
-9.0525e-06
-2.846e-05
-1.08774e-05
-2.82728e-05
-1.27017e-05
-2.80408e-05
-1.45254e-05
-2.77617e-05
-1.63456e-05
-2.74338e-05
-1.816e-05
-2.70555e-05
-1.9967e-05
-2.66253e-05
-2.17633e-05
-2.61409e-05
-2.35443e-05
-2.55999e-05
-2.5304e-05
-2.5e-05
-2.70355e-05
-2.43394e-05
-2.87303e-05
-2.36163e-05
-3.03786e-05
-2.28297e-05
-3.19683e-05
-2.19789e-05
-3.34863e-05
-2.10637e-05
-3.49186e-05
-2.00833e-05
-3.62556e-05
-1.90399e-05
-3.74949e-05
-1.79443e-05
-1.68019e-05
-3.86238e-05
-1.57795e-06
-2.604e-05
-3.21287e-06
-2.71011e-05
-4.84713e-06
-2.70624e-05
-6.4811e-06
-2.6967e-05
-8.11366e-06
-2.68277e-05
-9.74116e-06
-2.6645e-05
-1.13647e-05
-2.64172e-05
-1.29837e-05
-2.61437e-05
-1.45957e-05
-2.5823e-05
-1.6198e-05
-2.54539e-05
-1.7788e-05
-2.50352e-05
-1.93631e-05
-2.45656e-05
-2.0919e-05
-2.40439e-05
-2.24503e-05
-2.3469e-05
-2.39504e-05
-2.28399e-05
-2.5412e-05
-2.21558e-05
-2.68264e-05
-2.14164e-05
-2.8184e-05
-2.06221e-05
-2.94746e-05
-1.97737e-05
-3.06868e-05
-1.88715e-05
-3.18119e-05
-1.79154e-05
-3.28467e-05
-1.69105e-05
-1.58654e-05
-3.37842e-05
-1.39853e-06
-2.4641e-05
-2.84246e-06
-2.56567e-05
-4.29362e-06
-2.56106e-05
-5.74308e-06
-2.55181e-05
-7.18397e-06
-2.53832e-05
-8.62381e-06
-2.52057e-05
-1.00589e-05
-2.49834e-05
-1.14862e-05
-2.47161e-05
-1.29049e-05
-2.44038e-05
-1.43133e-05
-2.40459e-05
-1.57081e-05
-2.36414e-05
-1.70855e-05
-2.31893e-05
-1.84412e-05
-2.26892e-05
-1.97702e-05
-2.21407e-05
-2.10667e-05
-2.15436e-05
-2.23244e-05
-2.0898e-05
-2.35366e-05
-2.02041e-05
-2.4696e-05
-1.94627e-05
-2.57949e-05
-1.8675e-05
-2.68251e-05
-1.78419e-05
-2.77786e-05
-1.69629e-05
-2.86508e-05
-1.60399e-05
-1.5081e-05
-2.94365e-05
-1.22298e-06
-2.34178e-05
-2.49058e-06
-2.43893e-05
-3.75897e-06
-2.43435e-05
-5.02519e-06
-2.42522e-05
-6.28775e-06
-2.412e-05
-7.54952e-06
-2.3945e-05
-8.80611e-06
-2.37274e-05
-1.00544e-05
-2.34669e-05
-1.12932e-05
-2.31637e-05
-1.25207e-05
-2.28178e-05
-1.37339e-05
-2.24285e-05
-1.4929e-05
-2.19952e-05
-1.61019e-05
-2.15178e-05
-1.72479e-05
-2.09961e-05
-1.83621e-05
-2.04303e-05
-1.94394e-05
-1.9821e-05
-2.04744e-05
-1.91688e-05
-2.14619e-05
-1.84747e-05
-2.23964e-05
-1.77402e-05
-2.32722e-05
-1.69663e-05
-2.40829e-05
-1.61531e-05
-2.48219e-05
-1.5302e-05
-1.44215e-05
-2.54822e-05
-1.04619e-06
-2.23713e-05
-2.14371e-06
-2.32908e-05
-3.23797e-06
-2.32491e-05
-4.33166e-06
-2.31579e-05
-5.42806e-06
-2.30257e-05
-6.52012e-06
-2.28527e-05
-7.60646e-06
-2.26399e-05
-8.68639e-06
-2.23871e-05
-9.75736e-06
-2.20938e-05
-1.08161e-05
-2.17598e-05
-1.18595e-05
-2.13851e-05
-1.28846e-05
-2.09697e-05
-1.38884e-05
-2.05136e-05
-1.48672e-05
-2.00171e-05
-1.58171e-05
-1.94805e-05
-1.67338e-05
-1.89045e-05
-1.76131e-05
-1.82897e-05
-1.84507e-05
-1.76375e-05
-1.92425e-05
-1.6949e-05
-1.99841e-05
-1.62254e-05
-2.06705e-05
-1.54674e-05
-2.12953e-05
-1.46778e-05
-1.3868e-05
-2.18489e-05
-8.79157e-07
-2.14927e-05
-1.81e-06
-2.23599e-05
-2.74173e-06
-2.23156e-05
-3.67604e-06
-2.22225e-05
-4.61229e-06
-2.209e-05
-5.54335e-06
-2.19199e-05
-6.46901e-06
-2.17123e-05
-7.38906e-06
-2.1467e-05
-8.30084e-06
-2.11833e-05
-9.2009e-06
-2.08611e-05
-1.00863e-05
-2.05003e-05
-1.09546e-05
-2.01013e-05
-1.18033e-05
-1.96645e-05
-1.26295e-05
-1.91905e-05
-1.34303e-05
-1.86797e-05
-1.4202e-05
-1.81329e-05
-1.49413e-05
-1.7551e-05
-1.56446e-05
-1.69351e-05
-1.63081e-05
-1.62863e-05
-1.69284e-05
-1.5606e-05
-1.75013e-05
-1.48949e-05
-1.80222e-05
-1.4157e-05
-1.34073e-05
-1.84827e-05
-7.33259e-07
-2.07595e-05
-1.50679e-06
-2.15874e-05
-2.28675e-06
-2.15363e-05
-3.06969e-06
-2.14399e-05
-3.85084e-06
-2.1308e-05
-4.62946e-06
-2.1141e-05
-5.40392e-06
-2.0938e-05
-6.17186e-06
-2.06987e-05
-6.93129e-06
-2.04233e-05
-7.68045e-06
-2.01116e-05
-8.41734e-06
-1.97637e-05
-9.13963e-06
-1.93797e-05
-9.84484e-06
-1.89601e-05
-1.05304e-05
-1.85057e-05
-1.11936e-05
-1.80172e-05
-1.18317e-05
-1.74955e-05
-1.24417e-05
-1.69416e-05
-1.30205e-05
-1.63565e-05
-1.35651e-05
-1.57418e-05
-1.40723e-05
-1.50985e-05
-1.45389e-05
-1.44277e-05
-1.49623e-05
-1.37329e-05
-1.30304e-05
-1.53388e-05
-6.04537e-07
-2.01543e-05
-1.23326e-06
-2.09581e-05
-1.86796e-06
-2.09021e-05
-2.5042e-06
-2.08037e-05
-3.13833e-06
-2.06731e-05
-3.77161e-06
-2.05086e-05
-4.4017e-06
-2.03094e-05
-5.02537e-06
-2.00753e-05
-5.64088e-06
-1.98067e-05
-6.24736e-06
-1.95038e-05
-6.8435e-06
-1.91666e-05
-7.42727e-06
-1.87955e-05
-7.99638e-06
-1.83909e-05
-8.54859e-06
-1.79536e-05
-9.08179e-06
-1.74845e-05
-9.59376e-06
-1.69843e-05
-1.0082e-05
-1.64543e-05
-1.0544e-05
-1.58954e-05
-1.0977e-05
-1.53091e-05
-1.13784e-05
-1.46968e-05
-1.17458e-05
-1.40596e-05
-1.20778e-05
-1.34001e-05
-1.27318e-05
-1.2376e-05
-4.72517e-07
-1.96818e-05
-9.6815e-07
-2.04624e-05
-1.46523e-06
-2.04039e-05
-1.96324e-06
-2.03055e-05
-2.46083e-06
-2.01757e-05
-2.95627e-06
-2.00131e-05
-3.44774e-06
-1.98173e-05
-3.93395e-06
-1.95886e-05
-4.41391e-06
-1.93269e-05
-4.88636e-06
-1.90321e-05
-5.34963e-06
-1.87043e-05
-5.8018e-06
-1.83439e-05
-6.24109e-06
-1.79517e-05
-6.66592e-06
-1.75284e-05
-7.07484e-06
-1.70751e-05
-7.46626e-06
-1.65926e-05
-7.83835e-06
-1.60821e-05
-8.18909e-06
-1.55447e-05
-8.51646e-06
-1.49817e-05
-8.81848e-06
-1.43944e-05
-9.0932e-06
-1.37844e-05
-9.33973e-06
-1.3153e-05
-1.25089e-05
-9.56238e-06
-3.10142e-07
-1.93721e-05
-6.84621e-07
-2.00887e-05
-1.0562e-06
-2.00316e-05
-1.42691e-06
-1.9935e-05
-1.79608e-06
-1.98071e-05
-2.16118e-06
-1.96475e-05
-2.52129e-06
-1.94559e-05
-2.8766e-06
-1.92324e-05
-3.22683e-06
-1.89769e-05
-3.57073e-06
-1.8689e-05
-3.9066e-06
-1.83689e-05
-4.23293e-06
-1.80174e-05
-4.54858e-06
-1.76351e-05
-4.85268e-06
-1.72231e-05
-5.14432e-06
-1.67825e-05
-5.42235e-06
-1.6314e-05
-5.68544e-06
-1.58189e-05
-5.93206e-06
-1.52981e-05
-6.16075e-06
-1.47529e-05
-6.37016e-06
-1.41848e-05
-6.55894e-06
-1.35952e-05
-6.72605e-06
-1.29855e-05
-1.23595e-05
-6.87524e-06
-1.22969e-07
-1.92493e-05
-3.73829e-07
-1.98373e-05
-6.24355e-07
-1.97809e-05
-8.68167e-07
-1.96909e-05
-1.10522e-06
-1.95696e-05
-1.3362e-06
-1.9416e-05
-1.56214e-06
-1.92299e-05
-1.78381e-06
-1.90112e-05
-2.00123e-06
-1.87601e-05
-2.21374e-06
-1.84768e-05
-2.42055e-06
-1.81619e-05
-2.62103e-06
-1.78161e-05
-2.81473e-06
-1.74405e-05
-3.00122e-06
-1.70359e-05
-3.17987e-06
-1.66034e-05
-3.34985e-06
-1.61439e-05
-3.51013e-06
-1.56586e-05
-3.65968e-06
-1.51485e-05
-3.79754e-06
-1.46149e-05
-3.92285e-06
-1.40593e-05
-4.03483e-06
-1.3483e-05
-4.13267e-06
-1.28875e-05
-1.22743e-05
-4.21784e-06
4.2857e-08
-8.79194e-08
-1.98581e-07
-2.93826e-07
-3.79426e-07
-4.59132e-07
-5.35208e-07
-6.08749e-07
-6.80097e-07
-7.4929e-07
-8.16358e-07
-8.81409e-07
-9.44562e-07
-1.00582e-06
-1.06501e-06
-1.12179e-06
-1.1757e-06
-1.22627e-06
-1.27302e-06
-1.3155e-06
-1.35321e-06
-1.38534e-06
-1.41062e-06
0.000170726
-1.08609e-05
0.000233009
-6.22833e-05
0.000280093
-4.70843e-05
-4.62954e-05
0.000326389
0.000213984
-4.99295e-05
0.00025169
-9.999e-05
0.000296854
-9.22478e-05
-8.10376e-05
0.000331596
0.000212754
-9.83027e-05
0.000253996
-0.000141232
0.000300541
-0.000138792
-9.14179e-05
0.000310921
0.000201954
-0.00014532
0.000245772
-0.00018505
0.000277438
-0.000170458
-9.37162e-05
0.000279736
0.000188313
-0.000188768
0.000230829
-0.000227565
0.000242184
-0.000181813
-6.37976e-05
0.000212265
0.00017152
-0.000226841
0.000201993
-0.000258038
0.000198066
-0.000177886
9.19877e-06
0.000125069
0.000151669
-0.000258368
0.000165514
-0.000271882
0.000130496
-0.000142868
9.18454e-05
4.78497e-05
0.000128598
-0.000281895
0.000129546
-0.00027283
5.71049e-05
-7.04269e-05
0.000149107
-1.56743e-07
0.000103184
-0.000296046
9.07396e-05
-0.000260386
9.94451e-06
1.03681e-05
0.000174184
-1.51321e-05
7.99127e-05
-0.000302691
5.3459e-05
-0.000233932
-1.49593e-05
7.87862e-05
0.000176234
-1.70083e-05
6.09629e-05
-0.000305143
3.09534e-05
-0.000203922
-2.01489e-05
0.000129889
0.000172037
-1.59513e-05
4.55864e-05
-0.000306017
9.00291e-06
-0.000167339
-2.19502e-05
0.000160842
0.000166595
-1.65083e-05
2.995e-05
-0.000304713
-2.00652e-05
-0.000117323
-2.81159e-05
0.000168892
0.000157437
-1.89561e-05
1.05759e-05
-0.000296757
-4.09597e-05
-6.57875e-05
-3.14077e-05
0.000159339
0.000147237
-2.12066e-05
-4.81437e-06
-0.000280768
-3.15688e-05
-3.90323e-05
-2.55436e-05
0.000153313
0.000143251
-2.15575e-05
7.29384e-06
-0.000270229
-7.26096e-06
-2.44767e-05
-1.32039e-05
0.000159255
0.000151096
-2.10479e-05
4.29626e-05
-0.000285344
4.12947e-05
-2.28079e-05
1.34513e-06
0.000199205
0.00017403
-2.15884e-05
1.40042e-05
-0.00025611
1.77232e-05
-2.65268e-05
-2.75773e-06
0.000219686
0.000198836
-2.75629e-05
-2.36582e-05
-0.000240266
-4.18271e-05
-8.35759e-06
-4.51706e-05
0.00022303
0.000197233
-4.35669e-05
-8.47827e-05
-0.000241063
-0.000100718
7.57814e-06
-9.13363e-05
0.000213649
0.000167399
-6.15022e-05
-0.000184367
-0.000193915
-0.000179718
2.9295e-06
-0.000115927
0.000149858
0.000124449
-7.29761e-05
-0.000185917
-0.000143578
-0.000172802
-1.01853e-05
-0.000113896
9.0952e-05
8.80754e-05
-7.7522e-05
-0.000149142
-0.000110545
-0.000140723
-1.86037e-05
-0.000100633
5.08617e-05
6.34053e-05
-7.59625e-05
-0.000119936
-9.07723e-05
-0.000114252
-2.42877e-05
-8.91563e-05
2.57665e-05
4.58938e-05
-7.16449e-05
-9.96727e-05
-7.81967e-05
-9.54889e-05
-2.84716e-05
-8.01721e-05
1.04495e-05
3.2419e-05
-6.66977e-05
-8.43128e-05
-6.94075e-05
-8.17018e-05
-3.10826e-05
-7.18536e-05
6.00769e-07
2.19995e-05
-6.14347e-05
-7.21613e-05
-6.30047e-05
-7.07456e-05
-3.24986e-05
-6.41694e-05
-5.97603e-06
1.3948e-05
-5.61185e-05
-6.23143e-05
-5.81325e-05
-6.16841e-05
-3.3129e-05
-5.71831e-05
-1.04775e-05
7.73468e-06
-5.09702e-05
-5.41447e-05
-5.42794e-05
-5.40175e-05
-3.32566e-05
-5.08532e-05
-1.36421e-05
2.94862e-06
-4.60674e-05
-4.72174e-05
-5.11399e-05
-4.73879e-05
-3.30866e-05
-4.51515e-05
-1.58789e-05
-7.58584e-07
-4.14445e-05
-4.12343e-05
-4.85301e-05
-4.15712e-05
-3.27505e-05
-3.99858e-05
-1.74648e-05
-3.64494e-06
-3.70997e-05
-3.59786e-05
-4.63367e-05
-3.6401e-05
-3.23291e-05
-3.52749e-05
-1.85916e-05
-5.89493e-06
-3.30252e-05
-3.12923e-05
-4.4482e-05
-3.17492e-05
-3.18732e-05
-3.09543e-05
-1.93872e-05
-7.65762e-06
-2.91921e-05
-2.70574e-05
-4.29077e-05
-2.75166e-05
-3.14148e-05
-2.69574e-05
-1.99469e-05
-9.03226e-06
-2.55832e-05
-2.31865e-05
-4.15706e-05
-2.3626e-05
-3.09758e-05
-2.32355e-05
-2.03378e-05
-1.01014e-05
-2.21667e-05
-1.96113e-05
-4.04422e-05
-2.00144e-05
-3.05729e-05
-1.97443e-05
-2.06082e-05
-1.09284e-05
-1.89175e-05
-1.62756e-05
-3.95054e-05
-1.66288e-05
-3.02198e-05
-1.64422e-05
-2.0795e-05
-1.15655e-05
-1.58051e-05
-1.31307e-05
-3.87506e-05
-1.34241e-05
-2.99265e-05
-1.32936e-05
-2.09256e-05
-1.20479e-05
-1.28111e-05
-1.01395e-05
-3.81734e-05
-1.03624e-05
-2.97037e-05
-1.02649e-05
-2.10231e-05
-1.24083e-05
-9.90452e-06
-7.27547e-06
-3.77732e-05
-7.41614e-06
-2.9563e-05
-7.33036e-06
-2.11089e-05
-1.2673e-05
-7.06552e-06
-4.45288e-06
-3.75382e-05
-4.52098e-06
-2.9495e-05
-4.44616e-06
-2.11837e-05
-1.28525e-05
-4.26665e-06
-1.50048e-06
-1.52727e-06
-1.50082e-06
-1.43819e-06
0.000329652
-9.5035e-05
0.000344371
-0.000116668
0.00032239
-9.87665e-05
0.000264779
-5.23611e-05
0.00018958
2.89459e-05
0.000126533
0.000108111
9.11797e-05
0.000107042
7.1837e-05
8.03004e-05
5.90622e-05
6.18251e-05
4.92827e-05
5.01321e-05
4.12604e-05
4.20175e-05
3.43728e-05
3.60717e-05
2.82892e-05
3.16112e-05
2.27996e-05
2.82323e-05
1.77597e-05
2.56966e-05
1.30513e-05
2.38284e-05
8.57636e-06
2.25154e-05
4.2452e-06
2.16839e-05
2.12176e-05
0.000316549
-7.99877e-05
0.000284906
-8.50254e-05
0.000233943
-4.78033e-05
0.000171471
1.01108e-05
0.000114972
8.5444e-05
8.67142e-05
0.000136369
7.34132e-05
0.000120343
6.28201e-05
9.08927e-05
5.34818e-05
7.11632e-05
4.54264e-05
5.8188e-05
3.84353e-05
4.90085e-05
3.22472e-05
4.22598e-05
2.66778e-05
3.71808e-05
2.15851e-05
3.3325e-05
1.68627e-05
3.04183e-05
1.24182e-05
2.82723e-05
8.17172e-06
2.67627e-05
4.04832e-06
2.58072e-05
2.52662e-05
0.000282714
-5.17806e-05
0.0002258
-2.8111e-05
0.000158186
1.98115e-05
9.24262e-05
7.5872e-05
5.70841e-05
0.000120786
5.55107e-05
0.000137944
5.69987e-05
0.000118856
5.30399e-05
9.48518e-05
4.7082e-05
7.71216e-05
4.09601e-05
6.43095e-05
3.51697e-05
5.47983e-05
2.98001e-05
4.7629e-05
2.48257e-05
4.21549e-05
2.01899e-05
3.79609e-05
1.58319e-05
3.47763e-05
1.16893e-05
3.24143e-05
7.70458e-06
3.07481e-05
3.81996e-06
2.96916e-05
2.90861e-05
0.00023658
-8.62444e-06
0.000162869
4.55993e-05
9.13729e-05
9.13069e-05
4.68708e-05
0.000120374
3.43449e-05
0.000133313
4.10554e-05
0.000131233
4.55121e-05
0.000114399
4.44192e-05
9.59448e-05
4.07949e-05
8.07462e-05
3.63273e-05
6.87766e-05
3.16908e-05
5.94345e-05
2.71535e-05
5.21665e-05
2.28036e-05
4.65043e-05
1.86555e-05
4.21084e-05
1.4692e-05
3.87397e-05
1.08808e-05
3.62254e-05
7.18563e-06
3.44438e-05
3.56635e-06
3.33103e-05
3.26523e-05
0.000147045
5.65952e-05
8.09067e-05
0.000111737
4.09252e-05
0.000131288
2.58178e-05
0.000135482
2.65678e-05
0.000132563
3.33675e-05
0.000124433
3.71433e-05
0.000110623
3.71342e-05
9.59539e-05
3.49839e-05
8.28963e-05
3.17965e-05
7.19637e-05
2.81696e-05
6.30615e-05
2.44159e-05
5.59202e-05
2.0682e-05
5.02376e-05
1.70295e-05
4.57605e-05
1.34754e-05
4.22936e-05
1.00137e-05
3.9687e-05
6.62757e-06
3.78301e-05
3.29324e-06
3.6644e-05
3.59453e-05
6.31351e-05
0.00011853
2.93957e-05
0.000145477
1.83783e-05
0.000142306
1.79792e-05
0.000135881
2.2227e-05
0.000128314
2.74245e-05
0.000119235
3.03972e-05
0.000107651
3.09067e-05
9.54447e-05
2.97132e-05
8.40893e-05
2.74944e-05
7.41823e-05
2.47164e-05
6.58398e-05
2.16703e-05
5.89662e-05
1.85205e-05
5.33867e-05
1.53541e-05
4.89265e-05
1.2212e-05
4.54356e-05
9.10813e-06
4.27905e-05
6.04276e-06
4.08954e-05
3.0065e-06
3.96798e-05
3.89517e-05
1.4635e-05
0.000151744
9.31822e-06
0.000150795
1.07522e-05
0.000140872
1.41923e-05
0.000132441
1.8314e-05
0.000124193
2.22253e-05
0.000115324
2.46993e-05
0.000105177
2.55015e-05
9.46425e-05
2.49552e-05
8.46353e-05
2.34731e-05
7.56644e-05
2.13982e-05
6.79146e-05
1.89765e-05
6.13873e-05
1.63668e-05
5.59956e-05
1.36655e-05
5.16274e-05
1.0928e-05
4.81731e-05
8.18248e-06
4.55355e-05
5.44283e-06
4.36349e-05
2.7118e-06
4.24104e-05
4.16634e-05
-2.70982e-06
0.000154297
2.60578e-06
0.000145479
6.85791e-06
0.00013662
1.07019e-05
0.000128597
1.43322e-05
0.000120563
1.75439e-05
0.000112112
1.97473e-05
0.000102974
2.07397e-05
9.36497e-05
2.06552e-05
8.47199e-05
1.9744e-05
7.65757e-05
1.82514e-05
6.94069e-05
1.6375e-05
6.3263e-05
1.42571e-05
5.81129e-05
1.19934e-05
5.38908e-05
9.64619e-06
5.05205e-05
7.25317e-06
4.7928e-05
4.8383e-06
4.60494e-05
2.41426e-06
4.48339e-05
4.40774e-05
-7.15845e-06
0.000146324
-1.09408e-06
0.000139415
3.29811e-06
0.000132228
7.04753e-06
0.000124848
1.03968e-05
0.000117215
1.3267e-05
0.000109242
1.53434e-05
0.000100897
1.64871e-05
9.2506e-05
1.67543e-05
8.44528e-05
1.62981e-05
7.70316e-05
1.52922e-05
7.04123e-05
1.38914e-05
6.46633e-05
1.22178e-05
5.97863e-05
1.03609e-05
5.57473e-05
8.38528e-06
5.24963e-05
6.3341e-06
4.99787e-05
4.23831e-06
4.81448e-05
2.1184e-06
4.69532e-05
4.61955e-05
-9.27035e-06
0.000138586
-4.27066e-06
0.000134415
-1.33736e-07
0.000128091
3.46122e-06
0.000121253
6.63656e-06
0.00011404
9.33153e-06
0.000106547
1.13654e-05
9.88627e-05
1.26475e-05
9.12242e-05
1.32001e-05
8.39003e-05
1.31182e-05
7.71129e-05
1.25249e-05
7.1005e-05
1.15402e-05
6.56476e-05
1.02667e-05
6.10598e-05
8.78566e-06
5.7228e-05
7.16019e-06
5.41216e-05
5.43674e-06
5.17016e-05
3.65057e-06
4.99304e-05
1.82805e-06
4.87751e-05
4.80231e-05
-1.13156e-05
0.00013395
-7.15568e-06
0.000130256
-3.36211e-06
0.000124298
4.56658e-08
0.000117846
3.08803e-06
0.000110997
5.69113e-06
0.000103944
7.73432e-06
9.68198e-05
9.15193e-06
8.98071e-05
9.94873e-06
8.31032e-05
1.01845e-05
7.68766e-05
9.94693e-06
7.12423e-05
9.32865e-06
6.62657e-05
8.41557e-06
6.19729e-05
7.28013e-06
5.8363e-05
5.98249e-06
5.54187e-05
4.5703e-06
5.31133e-05
3.08141e-06
5.14187e-05
1.5464e-06
5.03095e-05
4.9569e-05
-1.35642e-05
0.000131006
-9.89246e-06
0.000126585
-6.44146e-06
0.000120848
-3.20862e-06
0.000114613
-2.62153e-07
0.000108051
2.30445e-06
0.000101378
4.39355e-06
9.47314e-05
5.94903e-06
8.82521e-05
6.96488e-06
8.20871e-05
7.47828e-06
7.6363e-05
7.5523e-06
7.11682e-05
7.25943e-06
6.65584e-05
6.67151e-06
6.25607e-05
5.85317e-06
5.91809e-05
4.86083e-06
5.64105e-05
3.74194e-06
5.42318e-05
2.53585e-06
5.26243e-05
1.27601e-06
5.15688e-05
5.08447e-05
-1.58768e-05
0.000127928
-1.26046e-05
0.000123313
-9.42685e-06
0.00011767
-6.33429e-06
0.000111521
-3.44328e-06
0.000105161
-8.64944e-07
9.88e-05
1.30081e-06
9.25662e-05
3.00042e-06
8.65526e-05
4.22049e-06
8.08667e-05
4.98266e-06
7.56009e-05
5.33403e-06
7.08169e-05
5.33242e-06
6.656e-05
5.03867e-06
6.28542e-05
4.51078e-06
5.97085e-05
3.80144e-06
5.71195e-05
2.95705e-06
5.5076e-05
2.01773e-06
5.35633e-05
1.01888e-06
5.25672e-05
5.18633e-05
-1.81946e-05
0.000124916
-1.53125e-05
0.000120431
-1.23604e-05
0.000114718
-9.36315e-06
0.000108524
-6.48116e-06
0.00010228
-3.84774e-06
9.61673e-05
-1.57902e-06
9.02979e-05
2.77137e-07
8.46967e-05
1.69396e-06
7.945e-05
2.68358e-06
7.46116e-05
3.28531e-06
7.02151e-05
3.54614e-06
6.62989e-05
3.51913e-06
6.28809e-05
3.25686e-06
5.99705e-05
2.80867e-06
5.75676e-05
2.21952e-06
5.56651e-05
1.52988e-06
5.42527e-05
7.76492e-07
5.33201e-05
5.26397e-05
-2.01584e-05
0.000123517
-1.80059e-05
0.000118278
-1.52939e-05
0.000112006
-1.23371e-05
0.000105568
-9.40337e-06
9.93468e-05
-6.6854e-06
9.34498e-05
-4.26848e-06
8.78813e-05
-2.24598e-06
8.26746e-05
-6.32599e-07
7.78369e-05
5.69495e-07
7.341e-05
1.40012e-06
6.93844e-05
1.89854e-06
6.58003e-05
2.11369e-06
6.26654e-05
2.0938e-06
5.99903e-05
1.88541e-06
5.7776e-05
1.53206e-06
5.60184e-05
1.07433e-06
5.47102e-05
5.49884e-07
5.38441e-05
5.31894e-05
-2.2223e-05
0.000124692
-2.08771e-05
0.000116933
-1.83304e-05
0.00010946
-1.53028e-05
0.000102541
-1.22247e-05
9.62691e-05
-9.33077e-06
9.05561e-05
-6.768e-06
8.53187e-05
-4.58174e-06
8.04888e-05
-2.79807e-06
7.60536e-05
-1.37853e-06
7.19908e-05
-3.2822e-07
6.83341e-05
3.87053e-07
6.50849e-05
8.22152e-07
6.22301e-05
1.0228e-06
5.97896e-05
1.03348e-06
5.77654e-05
8.96457e-07
5.61553e-05
6.52462e-07
5.49539e-05
3.39664e-07
5.41566e-05
5.35291e-05
-2.53049e-05
0.000128409
-2.43475e-05
0.000115976
-2.16098e-05
0.000106722
-1.8304e-05
9.9235e-05
-1.49689e-05
9.29343e-05
-1.18627e-05
8.74501e-05
-9.08328e-06
8.25397e-05
-6.70466e-06
7.81106e-05
-4.72772e-06
7.40769e-05
-3.14439e-06
7.04077e-05
-1.92236e-06
6.71121e-05
-9.96161e-07
6.41588e-05
-3.59362e-07
6.15933e-05
4.34855e-08
5.93868e-05
2.53693e-07
5.75551e-05
3.13671e-07
5.6095e-05
2.6515e-07
5.50021e-05
1.45944e-07
5.42757e-05
5.36751e-05
-3.06108e-05
0.000131458
-2.86822e-05
0.000114048
-2.51885e-05
0.000103229
-2.13437e-05
9.53904e-05
-1.7625e-05
8.92158e-05
-1.42209e-05
8.40463e-05
-1.12229e-05
7.95422e-05
-8.64821e-06
7.55363e-05
-6.48675e-06
7.19156e-05
-4.73071e-06
6.86519e-05
-3.31969e-06
6.57013e-05
-2.24011e-06
6.30794e-05
-1.42575e-06
6.0779e-05
-8.46395e-07
5.88073e-05
-4.60895e-07
5.71693e-05
-2.20092e-07
5.58539e-05
-8.76281e-08
5.48694e-05
-3.19131e-08
5.422e-05
5.36434e-05
-3.87281e-05
0.00012662
-3.39381e-05
0.000109258
-2.90064e-05
9.82969e-05
-2.43507e-05
9.0735e-05
-2.01315e-05
8.4997e-05
-1.64021e-05
8.03172e-05
-1.31672e-05
7.63076e-05
-1.03991e-05
7.27684e-05
-8.07474e-06
6.95915e-05
-6.14307e-06
6.67206e-05
-4.58154e-06
6.41401e-05
-3.34103e-06
6.18391e-05
-2.37298e-06
5.9811e-05
-1.64575e-06
5.80799e-05
-1.0951e-06
5.66182e-05
-6.94043e-07
5.54525e-05
-4.03754e-07
5.45791e-05
-1.9385e-07
5.40103e-05
5.34497e-05
-4.81368e-05
0.000113255
-3.95491e-05
0.00010067
-3.27852e-05
9.15334e-05
-2.71817e-05
8.51321e-05
-2.24206e-05
8.02364e-05
-1.8351e-05
7.62479e-05
-1.48792e-05
7.2836e-05
-1.19329e-05
6.98223e-05
-9.45461e-06
6.71134e-05
-7.39191e-06
6.46583e-05
-5.69409e-06
6.24426e-05
-4.31482e-06
6.046e-05
-3.2158e-06
5.8712e-05
-2.33551e-06
5.71993e-05
-1.65203e-06
5.59344e-05
-1.11353e-06
5.49138e-05
-6.82346e-07
5.4148e-05
-3.38563e-07
5.36668e-05
5.31112e-05
-5.58474e-05
9.61259e-05
-4.43389e-05
8.91622e-05
-3.60613e-05
8.32562e-05
-2.96241e-05
7.86956e-05
-2.43828e-05
7.49957e-05
-2.00166e-05
7.18819e-05
-1.63434e-05
6.91628e-05
-1.32454e-05
6.67244e-05
-1.06392e-05
6.45076e-05
-8.45983e-06
6.24793e-05
-6.65113e-06
6.06342e-05
-5.16071e-06
5.89697e-05
-3.94139e-06
5.74926e-05
-2.94961e-06
5.62073e-05
-2.14053e-06
5.51251e-05
-1.4809e-06
5.42541e-05
-9.29427e-07
5.35967e-05
-4.64744e-07
5.32023e-05
5.26465e-05
-5.99434e-05
7.85475e-05
-4.74152e-05
7.66344e-05
-3.84101e-05
7.42516e-05
-3.14749e-05
7.17611e-05
-2.59179e-05
6.94391e-05
-2.13459e-05
6.73101e-05
-1.75285e-05
6.53456e-05
-1.43201e-05
6.35162e-05
-1.16192e-05
6.18071e-05
-9.35104e-06
6.02114e-05
-7.45239e-06
5.87358e-05
-5.87021e-06
5.73876e-05
-4.55636e-06
5.61787e-05
-3.46756e-06
5.51184e-05
-2.56177e-06
5.42193e-05
-1.79739e-06
5.34898e-05
-1.13933e-06
5.29388e-05
-5.71329e-07
5.26343e-05
5.20751e-05
-6.03688e-05
6.29538e-05
-4.85875e-05
6.48534e-05
-3.96442e-05
6.53087e-05
-3.26205e-05
6.47379e-05
-2.6961e-05
6.37799e-05
-2.23028e-05
6.26522e-05
-1.84156e-05
6.14587e-05
-1.51471e-05
6.0248e-05
-1.23895e-05
5.90497e-05
-1.00627e-05
5.78847e-05
-8.10157e-06
5.67748e-05
-6.45191e-06
5.5738e-05
-5.06511e-06
5.47919e-05
-3.89806e-06
5.39513e-05
-2.90962e-06
5.32309e-05
-2.06155e-06
5.26418e-05
-1.31689e-06
5.21941e-05
-6.59798e-07
5.19771e-05
5.14151e-05
-5.86308e-05
4.99396e-05
-4.82349e-05
5.44576e-05
-3.98525e-05
5.69266e-05
-3.3066e-05
5.79517e-05
-2.75003e-05
5.82145e-05
-2.28772e-05
5.80294e-05
-1.89987e-05
5.75806e-05
-1.5724e-05
5.69736e-05
-1.29494e-05
5.62752e-05
-1.0596e-05
5.55314e-05
-8.59951e-06
5.47783e-05
-6.90582e-06
5.40444e-05
-5.46774e-06
5.33538e-05
-4.24292e-06
5.27266e-05
-3.19148e-06
5.21795e-05
-2.276e-06
5.17264e-05
-1.46148e-06
5.13794e-05
-7.3039e-07
5.12457e-05
5.06845e-05
-5.59438e-05
3.91852e-05
-4.68881e-05
4.54017e-05
-3.92617e-05
4.93002e-05
-3.28981e-05
5.15883e-05
-2.75693e-05
5.2886e-05
-2.30828e-05
5.35432e-05
-1.92846e-05
5.37828e-05
-1.60557e-05
5.3745e-05
-1.33037e-05
5.35233e-05
-1.09552e-05
5.31829e-05
-8.94951e-06
5.27728e-05
-7.23529e-06
5.23302e-05
-5.76706e-06
5.18857e-05
-4.50365e-06
5.14633e-05
-3.40731e-06
5.10832e-05
-2.44213e-06
5.07611e-05
-1.5743e-06
5.05113e-05
-7.84329e-07
5.04554e-05
4.99e-05
-5.26785e-05
3.04283e-05
-4.48804e-05
3.76033e-05
-3.80706e-05
4.24903e-05
-3.22238e-05
4.57415e-05
-2.72239e-05
4.78865e-05
-2.29499e-05
4.92696e-05
-1.92911e-05
5.01243e-05
-1.6154e-05
5.06081e-05
-1.34608e-05
5.08304e-05
-1.11471e-05
5.08693e-05
-9.15775e-06
5.07835e-05
-7.44512e-06
5.06176e-05
-5.96656e-06
5.04072e-05
-4.68345e-06
5.01802e-05
-3.55978e-06
4.99595e-05
-2.56146e-06
4.97625e-05
-1.6562e-06
4.96057e-05
-8.22511e-07
4.96214e-05
4.90774e-05
-4.90442e-05
2.33535e-05
-4.24172e-05
3.0976e-05
-3.64281e-05
3.65011e-05
-3.11416e-05
4.04551e-05
-2.65257e-05
4.32707e-05
-2.25168e-05
4.52609e-05
-1.90429e-05
4.66508e-05
-1.60355e-05
4.76011e-05
-1.3433e-05
4.82281e-05
-1.1181e-05
4.86175e-05
-9.23144e-06
4.8834e-05
-7.54126e-06
4.89275e-05
-6.07144e-06
4.89374e-05
-4.78611e-06
4.88948e-05
-3.65161e-06
4.88248e-05
-2.63591e-06
4.87465e-05
-1.70844e-06
4.86779e-05
-8.45939e-07
4.87586e-05
4.82313e-05
-4.52559e-05
1.76388e-05
-3.967e-05
2.53899e-05
-3.44603e-05
3.12912e-05
-2.97409e-05
3.57355e-05
-2.55357e-05
3.90654e-05
-2.18247e-05
4.15501e-05
-1.85682e-05
4.33947e-05
-1.57204e-05
4.47537e-05
-1.3235e-05
4.57431e-05
-1.10682e-05
4.6451e-05
-9.17934e-06
4.69452e-05
-7.53063e-06
4.72788e-05
-6.08706e-06
4.74938e-05
-4.81592e-06
4.76236e-05
-3.68613e-06
4.76947e-05
-2.6679e-06
4.77279e-05
-1.73253e-06
4.77422e-05
-8.55541e-07
4.78813e-05
4.73756e-05
-4.14512e-05
1.30225e-05
-3.67674e-05
2.07059e-05
-3.22712e-05
2.67947e-05
-2.80998e-05
3.15639e-05
-2.43107e-05
3.52761e-05
-2.09145e-05
3.8154e-05
-1.78966e-05
4.03773e-05
-1.52302e-05
4.20878e-05
-1.2883e-05
4.33962e-05
-1.08212e-05
4.43892e-05
-9.01119e-06
4.51352e-05
-7.42089e-06
4.56885e-05
-6.01947e-06
4.60923e-05
-4.77756e-06
4.63815e-05
-3.66686e-06
4.65837e-05
-2.65993e-06
4.67206e-05
-1.73018e-06
4.68121e-05
-8.52243e-07
4.70031e-05
4.65232e-05
-3.771e-05
9.28788e-06
-3.37967e-05
1.67924e-05
-2.99403e-05
2.29378e-05
-2.62834e-05
2.79065e-05
-2.29012e-05
3.18937e-05
-1.98245e-05
3.50775e-05
-1.70571e-05
3.76104e-05
-1.45871e-05
3.96182e-05
-1.2394e-05
4.12033e-05
-1.0453e-05
4.24482e-05
-8.73732e-06
4.34196e-05
-7.22022e-06
4.41713e-05
-5.87512e-06
4.47471e-05
-4.67605e-06
4.51822e-05
-3.59757e-06
4.55049e-05
-2.61477e-06
4.57375e-05
-1.70318e-06
4.59002e-05
-8.36977e-07
4.61365e-05
4.5686e-05
-3.40775e-05
6.26554e-06
-3.08171e-05
1.35316e-05
-2.75266e-05
1.96469e-05
-2.43436e-05
2.47232e-05
-2.13502e-05
2.89003e-05
-1.85893e-05
3.23168e-05
-1.60769e-05
3.50984e-05
-1.38125e-05
3.7354e-05
-1.17849e-05
3.91758e-05
-9.97696e-06
4.06403e-05
-8.3683e-06
4.18109e-05
-6.93704e-06
4.274e-05
-5.66069e-06
4.34706e-05
-4.51662e-06
4.40379e-05
-3.48227e-06
4.44703e-05
-2.53528e-06
4.47902e-05
-1.65341e-06
4.5018e-05
-8.10689e-07
4.52934e-05
4.48751e-05
-3.05762e-05
3.81622e-06
-2.78663e-05
1.08214e-05
-2.50725e-05
1.68527e-05
-2.23209e-05
2.19713e-05
-1.96936e-05
2.6273e-05
-1.72388e-05
2.98622e-05
-1.49807e-05
3.28404e-05
-1.29262e-05
3.52997e-05
-1.10717e-05
3.73212e-05
-9.40616e-06
3.89747e-05
-7.91467e-06
4.03194e-05
-6.57983e-06
4.14052e-05
-5.38294e-06
4.22736e-05
-4.30459e-06
4.29593e-05
-3.32504e-06
4.34905e-05
-2.42447e-06
4.38893e-05
-1.58283e-06
4.4176e-05
-7.74336e-07
4.44845e-05
4.41005e-05
-2.72119e-05
1.83575e-06
-2.4967e-05
8.57622e-06
-2.26077e-05
1.44931e-05
-2.02461e-05
1.96097e-05
-1.796e-05
2.39869e-05
-1.57987e-05
2.77009e-05
-1.37902e-05
3.08318e-05
-1.19466e-05
3.3456e-05
-1.02695e-05
3.5644e-05
-8.75302e-06
3.74582e-05
-7.38664e-06
3.8953e-05
-6.15694e-06
4.01754e-05
-5.04865e-06
4.11652e-05
-4.04536e-06
4.19559e-05
-3.13005e-06
4.2575e-05
-2.28535e-06
4.30443e-05
-1.49341e-06
4.33837e-05
-7.2888e-07
4.37195e-05
4.33714e-05
-2.39834e-05
2.35719e-07
-2.2131e-05
6.72369e-06
-2.01516e-05
1.25137e-05
-1.81419e-05
1.76e-05
-1.61722e-05
2.20171e-05
-1.42899e-05
2.58185e-05
-1.25241e-05
2.90657e-05
-1.08898e-05
3.18216e-05
-9.39221e-06
3.41463e-05
-8.02921e-06
3.60952e-05
-6.794e-06
3.77178e-05
-5.67649e-06
3.90579e-05
-4.66445e-06
4.01531e-05
-3.74426e-06
4.10356e-05
-2.90144e-06
4.1732e-05
-2.12097e-06
4.22636e-05
-1.38716e-06
4.26495e-05
-6.75282e-07
4.30072e-05
4.2696e-05
-2.08815e-05
-1.04965e-06
-1.93621e-05
5.20442e-06
-1.77162e-05
1.08678e-05
-1.60243e-05
1.5908e-05
-1.43477e-05
2.03403e-05
-1.27296e-05
2.42001e-05
-1.11983e-05
2.75341e-05
-9.77007e-06
3.03931e-05
-8.45225e-06
3.28283e-05
-7.24554e-06
3.48884e-05
-6.14597e-06
3.66182e-05
-5.14625e-06
3.80581e-05
-4.2368e-06
3.92436e-05
-3.40652e-06
4.02053e-05
-2.6433e-06
4.09686e-05
-1.93435e-06
4.15544e-05
-1.26605e-06
4.19809e-05
-6.14505e-07
4.23554e-05
4.20813e-05
-1.78891e-05
-2.07803e-06
-1.66585e-05
3.97394e-06
-1.53078e-05
9.51718e-06
-1.39041e-05
1.45042e-05
-1.24993e-05
1.89352e-05
-1.11313e-05
2.28318e-05
-9.826e-06
2.62286e-05
-8.59969e-06
2.91667e-05
-7.46081e-06
3.16893e-05
-6.41192e-06
3.38394e-05
-5.45119e-06
3.56574e-05
-4.57362e-06
3.71804e-05
-3.77192e-06
3.84419e-05
-3.03725e-06
3.94706e-05
-2.35966e-06
4.0291e-05
-1.72845e-06
4.0923e-05
-1.13204e-06
4.13843e-05
-5.47509e-07
4.17706e-05
4.15337e-05
-1.49986e-05
-2.88445e-06
-1.40156e-05
2.99111e-06
-1.29283e-05
8.42984e-06
-1.1788e-05
1.33638e-05
-1.06365e-05
1.77834e-05
-9.50564e-06
2.17006e-05
-8.4182e-06
2.51409e-05
-7.38935e-06
2.81377e-05
-6.42785e-06
3.07277e-05
-5.53738e-06
3.29488e-05
-4.7177e-06
3.48375e-05
-3.9656e-06
3.64283e-05
-3.27578e-06
3.7752e-05
-2.64136e-06
3.88361e-05
-2.0544e-06
3.97039e-05
-1.50618e-06
4.03747e-05
-9.87067e-07
4.0865e-05
-4.75244e-07
4.12586e-05
4.10584e-05
-1.2185e-05
-3.5105e-06
-1.14247e-05
2.23093e-06
-1.05766e-05
7.58166e-06
-9.67976e-06
1.24668e-05
-8.76614e-06
1.68695e-05
-7.86117e-06
2.07954e-05
-6.98405e-06
2.42636e-05
-6.14827e-06
2.73017e-05
-5.36225e-06
2.99415e-05
-4.6302e-06
3.22165e-05
-3.95296e-06
3.41601e-05
-3.3288e-06
3.5804e-05
-2.75404e-06
3.71772e-05
-2.22358e-06
3.83056e-05
-1.73129e-06
3.92116e-05
-1.27033e-06
3.99136e-05
-8.33005e-07
4.04275e-05
-3.98663e-07
4.08241e-05
4.06597e-05
-9.43934e-06
-3.97557e-06
-8.87693e-06
1.66856e-06
-8.24944e-06
6.95409e-06
-7.58086e-06
1.1798e-05
-6.89288e-06
1.61814e-05
-6.20455e-06
2.01069e-05
-5.53128e-06
2.35902e-05
-4.88454e-06
2.66548e-05
-4.27198e-06
2.93287e-05
-3.69794e-06
3.16423e-05
-3.16397e-06
3.3626e-05
-2.66947e-06
3.53094e-05
-2.21213e-06
3.67198e-05
-1.78844e-06
3.78819e-05
-1.39396e-06
3.8817e-05
-1.02362e-06
3.95432e-05
-6.7166e-07
4.00755e-05
-3.1874e-07
4.04711e-05
4.0341e-05
-6.73982e-06
-4.3012e-06
-6.36065e-06
1.28941e-06
-5.94245e-06
6.53583e-06
-5.49171e-06
1.13472e-05
-5.02027e-06
1.57099e-05
-4.54127e-06
1.96279e-05
-4.06647e-06
2.31153e-05
-3.60523e-06
2.61934e-05
-3.1642e-06
2.88875e-05
-2.74751e-06
3.12254e-05
-2.35716e-06
3.32355e-05
-1.9934e-06
3.49456e-05
-1.65512e-06
3.63815e-05
-1.34021e-06
3.75669e-05
-1.04581e-06
3.85225e-05
-7.68583e-07
3.92659e-05
-5.04703e-07
3.98115e-05
-2.36541e-07
4.02029e-05
4.01044e-05
-4.06376e-06
-4.50405e-06
-3.86283e-06
1.08848e-06
-3.65199e-06
6.32496e-06
-3.41443e-06
1.11096e-05
-3.15427e-06
1.54497e-05
-2.8799e-06
1.93534e-05
-2.59984e-06
2.28352e-05
-2.3214e-06
2.59148e-05
-2.05012e-06
2.86161e-05
-1.7898e-06
3.0965e-05
-1.54271e-06
3.29883e-05
-1.3098e-06
3.47126e-05
-1.09105e-06
3.61627e-05
-8.85653e-07
3.73614e-05
-6.92261e-07
3.83291e-05
-5.09214e-07
3.90828e-05
-3.3465e-07
3.96369e-05
-1.53839e-07
4.0022e-05
3.99506e-05
-1.36671e-06
-1.326e-06
-1.27953e-06
-1.22e-06
-1.14785e-06
-1.06589e-06
-9.77478e-07
-8.85697e-07
-7.93001e-07
-7.0117e-07
-6.11381e-07
-5.24344e-07
-4.4042e-07
-3.59715e-07
-2.8215e-07
-2.0755e-07
-1.35632e-07
-6.06036e-08
)
;

boundaryField
{
    leftWall
    {
        type            calculated;
        value           uniform 0;
    }
    rightWall
    {
        type            calculated;
        value           uniform 0;
    }
    lowerWall
    {
        type            calculated;
        value           uniform 0;
    }
    atmosphere
    {
        type            calculated;
        value           nonuniform List<scalar> 
46
(
-1.92917e-05
-1.97065e-05
-1.96703e-05
-1.95951e-05
-1.9483e-05
-1.93357e-05
-1.91541e-05
-1.89385e-05
-1.86895e-05
-1.84078e-05
-1.80943e-05
-1.77501e-05
-1.73763e-05
-1.69739e-05
-1.65438e-05
-1.60871e-05
-1.56047e-05
-1.5098e-05
-1.45682e-05
-1.40168e-05
-1.34452e-05
-1.28553e-05
-1.2249e-05
-3.74483e-05
-2.94682e-05
-2.12102e-05
-1.29151e-05
-4.57552e-06
1.04777e-06
6.27848e-06
1.10501e-05
1.53775e-05
1.92714e-05
2.27467e-05
2.5823e-05
2.85233e-05
3.08731e-05
3.28985e-05
3.46255e-05
3.60787e-05
3.72807e-05
3.82515e-05
3.90082e-05
3.9565e-05
3.9947e-05
3.989e-05
)
;
    }
    defaultFaces
    {
        type            empty;
        value           nonuniform List<scalar> 0();
    }
}


// ************************************************************************* //
