/*--------------------------------*- C++ -*----------------------------------*\
| =========                 |                                                 |
| \\      /  F ield         | OpenFOAM: The Open Source CFD Toolbox           |
|  \\    /   O peration     | Version:  2206                                  |
|   \\  /    A nd           | Website:  www.openfoam.com                      |
|    \\/     M anipulation  |                                                 |
\*---------------------------------------------------------------------------*/
FoamFile
{
    version     2.0;
    format      ascii;
    arch        "LSB;label=32;scalar=64";
    class       volVectorField;
    location    "0.225";
    object      U;
}
// * * * * * * * * * * * * * * * * * * * * * * * * * * * * * * * * * * * * * //

dimensions      [0 1 -1 0 0 0 0];

internalField   nonuniform List<vector> 
2268
(
(-0.00322068 -0.00304546 0)
(0.0347532 -0.0136965 0)
(0.104789 -0.0167722 0)
(0.176088 -0.015817 0)
(0.240212 -0.0140489 0)
(0.29697 -0.0127981 0)
(0.349615 -0.0122313 0)
(0.401088 -0.0121142 0)
(0.452692 -0.0121527 0)
(0.504459 -0.0121101 0)
(0.555655 -0.0118227 0)
(0.604999 -0.0111645 0)
(0.650668 -0.0100095 0)
(0.690274 -0.00814163 0)
(0.719794 -0.00539239 0)
(0.736784 0.000609053 0)
(0.723035 0.0120171 0)
(0.659742 0.0309014 0)
(0.52615 0.0554925 0)
(0.305867 0.0749548 0)
(0.0116716 0.0604174 0)
(-0.272095 -0.0512525 0)
(-0.105339 -0.131274 0)
(-0.00292518 -0.00941162 0)
(0.0357482 -0.0412584 0)
(0.106024 -0.0504702 0)
(0.177173 -0.0476778 0)
(0.241065 -0.0424156 0)
(0.297797 -0.0386834 0)
(0.350648 -0.0370125 0)
(0.402472 -0.0366906 0)
(0.454507 -0.0368265 0)
(0.506757 -0.0367171 0)
(0.5585 -0.0358834 0)
(0.608487 -0.0339538 0)
(0.654978 -0.0305392 0)
(0.695576 -0.0250817 0)
(0.727841 -0.0168068 0)
(0.745925 -0.00297985 0)
(0.757369 0.0191041 0)
(0.761961 0.0542902 0)
(0.745174 0.105298 0)
(0.658074 0.164949 0)
(0.445565 0.19114 0)
(0.0805065 0.119333 0)
(0.0994981 -0.110118 0)
(-0.00239293 -0.01614 0)
(0.037152 -0.0688094 0)
(0.107271 -0.0839475 0)
(0.177609 -0.0792644 0)
(0.240591 -0.0705347 0)
(0.296805 -0.0644083 0)
(0.349596 -0.0617463 0)
(0.401669 -0.0613046 0)
(0.454132 -0.0615838 0)
(0.506926 -0.0614398 0)
(0.559331 -0.0601041 0)
(0.610153 -0.0569757 0)
(0.657738 -0.0514118 0)
(0.699911 -0.0425833 0)
(0.733978 -0.0292385 0)
(0.756364 -0.0102058 0)
(0.762991 0.016589 0)
(0.752333 0.0565517 0)
(0.734437 0.117895 0)
(0.714694 0.20525 0)
(0.658631 0.278235 0)
(0.406923 0.232815 0)
(0.231006 -0.00121179 0)
(-0.00156718 -0.0233842 0)
(0.0392502 -0.0964819 0)
(0.109063 -0.117133 0)
(0.178238 -0.110391 0)
(0.239991 -0.0982938 0)
(0.295554 -0.0899973 0)
(0.348349 -0.0865593 0)
(0.400869 -0.0861428 0)
(0.454022 -0.0866504 0)
(0.507664 -0.0865388 0)
(0.561086 -0.084785 0)
(0.613173 -0.0805808 0)
(0.662404 -0.0730622 0)
(0.706787 -0.0611321 0)
(0.743803 -0.0433266 0)
(0.770099 -0.0179068 0)
(0.782087 0.0177259 0)
(0.775038 0.066248 0)
(0.748434 0.131238 0)
(0.709375 0.219778 0)
(0.693302 0.321853 0)
(0.548812 0.336562 0)
(0.316603 0.165972 0)
(-0.000413547 -0.0313992 0)
(0.0419903 -0.124359 0)
(0.111252 -0.149863 0)
(0.178879 -0.140835 0)
(0.239112 -0.125565 0)
(0.293929 -0.115441 0)
(0.346802 -0.111515 0)
(0.399925 -0.111302 0)
(0.453952 -0.112142 0)
(0.508645 -0.11215 0)
(0.563329 -0.110094 0)
(0.616996 -0.104986 0)
(0.668308 -0.0957704 0)
(0.715506 -0.081099 0)
(0.756292 -0.0591876 0)
(0.787526 -0.0277971 0)
(0.80561 0.0156481 0)
(0.806105 0.0736131 0)
(0.786305 0.147818 0)
(0.735498 0.237335 0)
(0.68992 0.350293 0)
(0.584259 0.432651 0)
(0.35792 0.361986 0)
(0.00113047 -0.0405215 0)
(0.0452479 -0.152411 0)
(0.113652 -0.181956 0)
(0.179355 -0.170417 0)
(0.237837 -0.152253 0)
(0.291872 -0.14074 0)
(0.3449 -0.136674 0)
(0.398732 -0.136866 0)
(0.453736 -0.138154 0)
(0.509591 -0.138392 0)
(0.565678 -0.136194 0)
(0.621149 -0.130436 0)
(0.674897 -0.119902 0)
(0.725427 -0.102998 0)
(0.77066 -0.0775741 0)
(0.807585 -0.0409137 0)
(0.832574 0.00984999 0)
(0.841092 0.0768931 0)
(0.830027 0.162592 0)
(0.787042 0.263428 0)
(0.71601 0.386386 0)
(0.600785 0.526022 0)
(0.376813 0.581864 0)
(0.00307352 -0.0507739 0)
(0.0488337 -0.180592 0)
(0.11606 -0.213381 0)
(0.179529 -0.199146 0)
(0.23612 -0.178379 0)
(0.289388 -0.165902 0)
(0.34265 -0.162019 0)
(0.397258 -0.16279 0)
(0.45328 -0.164616 0)
(0.510336 -0.165168 0)
(0.567902 -0.162967 0)
(0.625336 -0.156803 0)
(0.681809 -0.14533 0)
(0.73609 -0.126711 0)
(0.786316 -0.0984348 0)
(0.829621 -0.057301 0)
(0.862353 -0.000186107 0)
(0.880099 0.0752969 0)
(0.878305 0.172088 0)
(0.849238 0.289471 0)
(0.778708 0.431796 0)
(0.650829 0.612191 0)
(0.427505 0.805246 0)
(0.00530404 -0.0621984 0)
(0.0525096 -0.209051 0)
(0.118262 -0.244122 0)
(0.179335 -0.227043 0)
(0.234036 -0.204043 0)
(0.286614 -0.191024 0)
(0.340172 -0.187596 0)
(0.39557 -0.18907 0)
(0.452594 -0.191484 0)
(0.510839 -0.192395 0)
(0.569933 -0.190282 0)
(0.629497 -0.183883 0)
(0.688993 -0.171704 0)
(0.747449 -0.151618 0)
(0.803239 -0.120772 0)
(0.853644 -0.075542 0)
(0.894943 -0.0126291 0)
(0.922893 0.0707935 0)
(0.932186 0.177839 0)
(0.918456 0.31052 0)
(0.863697 0.479314 0)
(0.753965 0.706673 0)
(0.422044 1.09353 0)
(0.0296604 -0.0143784 0)
(0.0733871 -0.00401135 0)
(0.0781151 0.000407224 0)
(0.0783298 0.000491854 0)
(0.082842 -0.000229371 0)
(0.0883018 -0.0010364 0)
(0.0959781 -0.00140325 0)
(0.103973 -0.00130725 0)
(0.110854 -0.00106 0)
(0.115224 -0.000477962 0)
(0.116047 0.0002594 0)
(0.112941 0.00101314 0)
(0.106059 0.00174433 0)
(0.0957103 0.00239499 0)
(0.0823706 0.00292185 0)
(0.0665844 0.00338772 0)
(0.0488845 0.00369986 0)
(0.0297907 0.0039168 0)
(0.00996067 0.00407364 0)
(0.0140484 -0.0338955 0)
(0.0588486 -0.0126949 0)
(0.0687878 -0.00296962 0)
(0.0758099 -0.00196959 0)
(0.0838584 -0.00278274 0)
(0.0913499 -0.00471352 0)
(0.101403 -0.00567573 0)
(0.111639 -0.00529828 0)
(0.120267 -0.00403734 0)
(0.125857 -0.00194215 0)
(0.127356 0.000569833 0)
(0.124668 0.00313471 0)
(0.117636 0.00557556 0)
(0.106513 0.00777536 0)
(0.0918903 0.00959246 0)
(0.0744204 0.0111098 0)
(0.0546915 0.0121862 0)
(0.0333486 0.0129302 0)
(0.0110942 0.0131726 0)
(0.0200129 -0.052025 0)
(0.0690266 -0.0227665 0)
(0.0741005 -0.00669861 0)
(0.0767485 -0.00450644 0)
(0.0832403 -0.00542469 0)
(0.0903628 -0.00856701 0)
(0.100689 -0.0101608 0)
(0.111244 -0.00958951 0)
(0.12016 -0.0071979 0)
(0.125977 -0.00350557 0)
(0.127564 0.000822895 0)
(0.124781 0.00527369 0)
(0.117644 0.00948868 0)
(0.106435 0.0133034 0)
(0.0917608 0.0165065 0)
(0.0742736 0.0190944 0)
(0.0545679 0.0210064 0)
(0.0332751 0.0222714 0)
(0.0110597 0.0227096 0)
(0.0298821 -0.0753443 0)
(0.0788451 -0.0304352 0)
(0.0776568 -0.00731017 0)
(0.07627 -0.0052532 0)
(0.0818145 -0.00743398 0)
(0.0888631 -0.0125197 0)
(0.100114 -0.0149058 0)
(0.111653 -0.0140098 0)
(0.121334 -0.0104974 0)
(0.127603 -0.00515581 0)
(0.129347 0.00102753 0)
(0.126487 0.00741575 0)
(0.119164 0.0134488 0)
(0.107714 0.0188369 0)
(0.0927727 0.0234226 0)
(0.0750349 0.0270887 0)
(0.0550914 0.0298077 0)
(0.0335837 0.0315748 0)
(0.0111669 0.0321937 0)
(0.0407826 -0.109616 0)
(0.0896838 -0.0374936 0)
(0.0806604 -0.00726752 0)
(0.0742893 -0.00541113 0)
(0.079347 -0.00930849 0)
(0.0866207 -0.0168169 0)
(0.0993889 -0.0201933 0)
(0.11243 -0.0189866 0)
(0.123235 -0.0141823 0)
(0.130171 -0.00698897 0)
(0.132205 0.00118287 0)
(0.129345 0.00960566 0)
(0.121794 0.017518 0)
(0.110012 0.0245254 0)
(0.094679 0.0304759 0)
(0.0765053 0.0352277 0)
(0.0561309 0.0387314 0)
(0.0342073 0.0410297 0)
(0.0113761 0.0418152 0)
(0.0623472 -0.143254 0)
(0.112645 -0.0359275 0)
(0.083505 -0.00319287 0)
(0.0681301 -0.00333066 0)
(0.0741289 -0.0113585 0)
(0.0829954 -0.0217036 0)
(0.0982429 -0.0262499 0)
(0.113408 -0.02464 0)
(0.125767 -0.0182954 0)
(0.133576 -0.00902157 0)
(0.135946 0.00133648 0)
(0.133063 0.0118874 0)
(0.125212 0.0217167 0)
(0.112988 0.0304218 0)
(0.0971382 0.0377426 0)
(0.0784106 0.0435639 0)
(0.0574818 0.0478745 0)
(0.0350165 0.0506978 0)
(0.0116438 0.0516485 0)
(0.0711383 -0.128404 0)
(0.147543 -0.0208654 0)
(0.0805783 0.0146865 0)
(0.0552132 -1.97586e-05 0)
(0.064562 -0.0155109 0)
(0.0772825 -0.0281539 0)
(0.0963673 -0.0336362 0)
(0.114506 -0.0312439 0)
(0.128896 -0.0230114 0)
(0.137808 -0.0113981 0)
(0.14057 0.00142813 0)
(0.137615 0.0142597 0)
(0.129383 0.0261042 0)
(0.116609 0.0365618 0)
(0.100107 0.0452547 0)
(0.0807057 0.0521775 0)
(0.0591096 0.0572768 0)
(0.0359865 0.0606188 0)
(0.0119649 0.0617378 0)
(0.00545164 -0.255607 0)
(0.136163 -0.0477397 0)
(0.0651305 0.0171963 0)
(0.0361917 -0.0016902 0)
(0.0539877 -0.0201637 0)
(0.0715023 -0.0355264 0)
(0.0947721 -0.0422667 0)
(0.116334 -0.0390121 0)
(0.132958 -0.0285101 0)
(0.143076 -0.0142326 0)
(0.146232 0.00141222 0)
(0.143107 0.0167034 0)
(0.134372 0.030683 0)
(0.120892 0.042941 0)
(0.103603 0.0530349 0)
(0.0834007 0.061069 0)
(0.0610043 0.0669525 0)
(0.0371177 0.0708127 0)
(0.0123389 0.0720915 0)
(0.00885651 -0.0835217 0)
(0.0579634 -0.254024 0)
(0.121008 -0.289877 0)
(0.17831 -0.26822 0)
(0.230372 -0.24305 0)
(0.282147 -0.230442 0)
(0.336212 -0.228432 0)
(0.392716 -0.231344 0)
(0.451158 -0.234936 0)
(0.511224 -0.236789 0)
(0.572928 -0.235476 0)
(0.636351 -0.229646 0)
(0.701396 -0.217578 0)
(0.76757 -0.196694 0)
(0.833914 -0.163521 0)
(0.897779 -0.11319 0)
(0.954999 -0.0421508 0)
(1.00113 0.0521064 0)
(1.03001 0.174958 0)
(1.04548 0.328423 0)
(1.03031 0.526795 0)
(1.06724 0.759839 0)
(1.00177 1.28303 0)
(0.0136657 -0.116697 0)
(0.0651264 -0.314674 0)
(0.124121 -0.348245 0)
(0.176203 -0.320518 0)
(0.225112 -0.294267 0)
(0.276229 -0.283875 0)
(0.331041 -0.284701 0)
(0.388871 -0.290016 0)
(0.449058 -0.295628 0)
(0.511634 -0.299516 0)
(0.577295 -0.300572 0)
(0.646554 -0.297309 0)
(0.719746 -0.288008 0)
(0.797297 -0.269477 0)
(0.880376 -0.236969 0)
(0.966317 -0.182224 0)
(1.0495 -0.10173 0)
(1.12581 0.00453959 0)
(1.18994 0.133242 0)
(1.24274 0.293119 0)
(1.27174 0.495743 0)
(1.34287 0.711183 0)
(1.41949 1.03682 0)
(0.01864 -0.156409 0)
(0.0714307 -0.373827 0)
(0.125546 -0.40071 0)
(0.172403 -0.368103 0)
(0.218797 -0.343628 0)
(0.269608 -0.337393 0)
(0.324912 -0.3419 0)
(0.383485 -0.350055 0)
(0.444752 -0.358418 0)
(0.509324 -0.365792 0)
(0.578248 -0.37134 0)
(0.651494 -0.373213 0)
(0.730008 -0.370259 0)
(0.817015 -0.35857 0)
(0.918998 -0.33291 0)
(1.03272 -0.277652 0)
(1.1457 -0.19305 0)
(1.24918 -0.0685991 0)
(1.34036 0.112143 0)
(1.41957 0.312066 0)
(1.48536 0.505222 0)
(1.55178 0.683648 0)
(1.62985 0.850613 0)
(0.0233088 -0.201646 0)
(0.0762747 -0.430482 0)
(0.125062 -0.447604 0)
(0.167285 -0.412222 0)
(0.211943 -0.392001 0)
(0.262485 -0.39096 0)
(0.317666 -0.399377 0)
(0.375915 -0.410638 0)
(0.436778 -0.422567 0)
(0.50114 -0.434377 0)
(0.568981 -0.444842 0)
(0.639603 -0.450939 0)
(0.717799 -0.455031 0)
(0.812926 -0.457111 0)
(0.936244 -0.457831 0)
(1.08007 -0.421834 0)
(1.22265 -0.361467 0)
(1.36518 -0.26328 0)
(1.49412 -0.132103 0)
(1.56456 0.025567 0)
(1.60031 0.22859 0)
(1.64454 0.472162 0)
(1.71116 0.697191 0)
(0.0275198 -0.251733 0)
(0.0795817 -0.483853 0)
(0.122574 -0.489345 0)
(0.160878 -0.453843 0)
(0.204182 -0.439833 0)
(0.253688 -0.444308 0)
(0.307057 -0.456276 0)
(0.362119 -0.470277 0)
(0.418643 -0.485074 0)
(0.476983 -0.49922 0)
(0.536781 -0.511004 0)
(0.600683 -0.519062 0)
(0.683711 -0.543262 0)
(0.798726 -0.586085 0)
(0.946667 -0.640967 0)
(1.1029 -0.624975 0)
(1.24219 -0.551608 0)
(1.37412 -0.399525 0)
(1.46266 -0.0923464 0)
(1.53218 0.180849 0)
(1.59075 0.355597 0)
(1.63677 0.506668 0)
(1.69333 0.659001 0)
(0.0313359 -0.306108 0)
(0.0811055 -0.533214 0)
(0.11714 -0.526607 0)
(0.151774 -0.493634 0)
(0.192908 -0.486515 0)
(0.238969 -0.49533 0)
(0.286864 -0.508773 0)
(0.334003 -0.522935 0)
(0.381815 -0.537324 0)
(0.431123 -0.551093 0)
(0.489046 -0.566998 0)
(0.565007 -0.596646 0)
(0.686638 -0.6793 0)
(0.860845 -0.764522 0)
(1.04512 -0.825428 0)
(1.19411 -0.735488 0)
(1.34379 -0.635139 0)
(1.57766 -0.483907 0)
(1.79757 -0.0559887 0)
(1.78619 0.131266 0)
(1.69587 0.336581 0)
(1.66326 0.499119 0)
(1.666 0.619502 0)
(0.034884 -0.363164 0)
(0.0804625 -0.574519 0)
(0.106619 -0.556732 0)
(0.137055 -0.528824 0)
(0.173981 -0.527542 0)
(0.213747 -0.538126 0)
(0.253901 -0.550322 0)
(0.294373 -0.563708 0)
(0.342537 -0.581074 0)
(0.405 -0.607914 0)
(0.503678 -0.656044 0)
(0.664255 -0.744225 0)
(0.891979 -0.88982 0)
(1.1515 -0.945385 0)
(1.31438 -0.928969 0)
(1.32017 -0.725305 0)
(1.46384 -0.795342 0)
(1.73096 -0.675875 0)
(1.92112 -0.282263 0)
(1.953 0.114886 0)
(1.90499 0.388806 0)
(1.85393 0.571899 0)
(1.80221 0.666149 0)
(0.0404138 -0.42327 0)
(0.0811688 -0.602763 0)
(0.0914025 -0.577467 0)
(0.118265 -0.559125 0)
(0.152743 -0.562905 0)
(0.191733 -0.574868 0)
(0.236423 -0.590116 0)
(0.296319 -0.615313 0)
(0.392053 -0.659066 0)
(0.540649 -0.732313 0)
(0.764886 -0.858953 0)
(1.07266 -0.988541 0)
(1.35858 -1.13236 0)
(1.44555 -1.05107 0)
(1.3501 -0.866823 0)
(1.25279 -0.89225 0)
(1.23305 -1.05459 0)
(1.34018 -0.923785 0)
(1.50304 -0.464454 0)
(1.55683 0.114824 0)
(1.52221 0.410686 0)
(1.62454 0.558273 0)
(1.78581 0.693392 0)
(0.0516504 -0.490468 0)
(0.0950732 -0.625977 0)
(0.0867647 -0.597145 0)
(0.119422 -0.596087 0)
(0.170177 -0.609136 0)
(0.240714 -0.632663 0)
(0.333927 -0.670014 0)
(0.476353 -0.734873 0)
(0.723381 -0.862064 0)
(0.994699 -0.986238 0)
(1.28092 -1.16631 0)
(1.4677 -1.22902 0)
(1.56517 -1.23391 0)
(1.52116 -0.973702 0)
(1.35706 -0.663495 0)
(1.1608 -0.897399 0)
(1.0591 -1.01948 0)
(1.02286 -0.876085 0)
(1.03197 -0.43287 0)
(1.01016 0.164582 0)
(1.02523 0.30968 0)
(1.20368 0.292297 0)
(1.49236 0.405751 0)
(0.0578879 -0.574404 0)
(0.13329 -0.662354 0)
(0.139819 -0.621041 0)
(0.204989 -0.653969 0)
(0.31561 -0.700306 0)
(0.502891 -0.779194 0)
(0.662428 -0.839786 0)
(0.848604 -0.971959 0)
(1.02824 -1.11114 0)
(1.21778 -1.21918 0)
(1.40365 -1.34126 0)
(1.5545 -1.33799 0)
(1.60811 -1.20956 0)
(1.58049 -0.85001 0)
(1.43783 -0.47081 0)
(1.12321 -0.728142 0)
(0.965804 -0.882625 0)
(0.855021 -0.766882 0)
(0.776568 -0.35968 0)
(0.706897 0.101392 0)
(0.781646 0.139314 0)
(0.949547 0.0690389 0)
(1.17119 0.132139 0)
(0.0229158 -0.701668 0)
(0.126819 -0.695242 0)
(0.245073 -0.667684 0)
(0.329709 -0.745344 0)
(0.415234 -0.848678 0)
(0.514412 -0.89878 0)
(0.635323 -0.97743 0)
(0.776093 -1.11198 0)
(0.922862 -1.26374 0)
(1.10011 -1.41475 0)
(1.27036 -1.508 0)
(1.40669 -1.45012 0)
(1.42851 -1.23315 0)
(1.42911 -0.787812 0)
(1.37297 -0.269115 0)
(1.06547 -0.48736 0)
(0.856804 -0.721762 0)
(0.742607 -0.62752 0)
(0.61292 -0.222827 0)
(0.558109 0.0446013 0)
(0.671094 0.0057693 0)
(0.825263 -0.0851804 0)
(0.995641 -0.0644873 0)
(0.00829671 -0.728302 0)
(0.0642797 -0.752449 0)
(0.170183 -0.785435 0)
(0.26318 -0.84524 0)
(0.338161 -0.92221 0)
(0.413752 -1.00564 0)
(0.496768 -1.11013 0)
(0.604557 -1.25375 0)
(0.72152 -1.43363 0)
(0.892095 -1.59449 0)
(0.987787 -1.65453 0)
(1.06027 -1.53211 0)
(1.04115 -1.24458 0)
(1.02651 -0.764846 0)
(1.03473 -0.142455 0)
(0.860869 -0.306352 0)
(0.684192 -0.555982 0)
(0.589907 -0.4607 0)
(0.426508 -0.134168 0)
(0.455801 -0.0513587 0)
(0.617923 -0.144911 0)
(0.793209 -0.241933 0)
(0.99229 -0.247037 0)
(0.021644 -0.763215 0)
(0.0694194 -0.895401 0)
(0.132325 -0.884056 0)
(0.195101 -0.919917 0)
(0.249147 -0.988108 0)
(0.301521 -1.07569 0)
(0.354009 -1.19122 0)
(0.429936 -1.35588 0)
(0.493055 -1.55775 0)
(0.60572 -1.68868 0)
(0.563161 -1.70559 0)
(0.588306 -1.53222 0)
(0.534955 -1.19413 0)
(0.515724 -0.685494 0)
(0.583453 -0.118548 0)
(0.52897 -0.304031 0)
(0.449358 -0.419318 0)
(0.347154 -0.260514 0)
(0.245393 -0.125943 0)
(0.379134 -0.201598 0)
(0.564614 -0.328461 0)
(0.764721 -0.450356 0)
(1.01297 -0.50632 0)
(0.0319287 -0.812051 0)
(0.0659827 -0.932879 0)
(0.0925877 -0.925014 0)
(0.131712 -0.963028 0)
(0.165518 -1.02797 0)
(0.192944 -1.11285 0)
(0.21404 -1.23234 0)
(0.241352 -1.40479 0)
(0.230159 -1.59482 0)
(0.243239 -1.67868 0)
(0.126409 -1.66676 0)
(0.105445 -1.48674 0)
(0.0469493 -1.13421 0)
(0.0571799 -0.607052 0)
(0.180116 -0.194107 0)
(0.194874 -0.310805 0)
(0.136468 -0.297881 0)
(0.0176229 -0.125347 0)
(0.139606 -0.250742 0)
(0.290759 -0.378578 0)
(0.465865 -0.524353 0)
(0.664329 -0.687993 0)
(0.913103 -0.808275 0)
(0.027247 -0.859635 0)
(0.0469491 -0.948696 0)
(0.0566181 -0.949849 0)
(0.0782238 -0.98838 0)
(0.0918589 -1.04566 0)
(0.0936988 -1.12071 0)
(0.083815 -1.22947 0)
(0.0560089 -1.38413 0)
(-0.0211897 -1.54017 0)
(-0.0965682 -1.60714 0)
(-0.21496 -1.58998 0)
(-0.292158 -1.43849 0)
(-0.349661 -1.1075 0)
(-0.29523 -0.662609 0)
(-0.171186 -0.357083 0)
(-0.235899 -0.282276 0)
(-0.243241 -0.194224 0)
(-0.143466 -0.244728 0)
(0.029248 -0.419228 0)
(0.166602 -0.538415 0)
(0.318077 -0.698842 0)
(0.473779 -0.886367 0)
(0.652369 -1.05539 0)
(0.017318 -0.893203 0)
(0.0262497 -0.951562 0)
(0.0268121 -0.961684 0)
(0.0333064 -0.995569 0)
(0.0298478 -1.04189 0)
(0.0124102 -1.10183 0)
(-0.0203993 -1.18631 0)
(-0.0881633 -1.30669 0)
(-0.202867 -1.42986 0)
(-0.33169 -1.49986 0)
(-0.460931 -1.49076 0)
(-0.603999 -1.36173 0)
(-0.688006 -1.0742 0)
(-0.657578 -0.667603 0)
(-0.588911 -0.322359 0)
(-0.535675 -0.209878 0)
(-0.408217 -0.319074 0)
(-0.218886 -0.450013 0)
(-0.0855807 -0.553821 0)
(0.0343772 -0.671602 0)
(0.14869 -0.826495 0)
(0.251621 -1.01339 0)
(0.34894 -1.21361 0)
(0.00753049 -0.910013 0)
(0.00819036 -0.947321 0)
(0.00255091 -0.961394 0)
(-0.00314076 -0.988647 0)
(-0.0181638 -1.02389 0)
(-0.04561 -1.06669 0)
(-0.0897615 -1.12238 0)
(-0.169841 -1.20329 0)
(-0.295037 -1.29422 0)
(-0.447888 -1.35183 0)
(-0.614573 -1.33611 0)
(-0.776653 -1.21786 0)
(-0.893435 -0.995934 0)
(-0.912939 -0.733915 0)
(-0.798893 -0.523755 0)
(-0.608532 -0.455384 0)
(-0.430032 -0.516142 0)
(-0.292525 -0.596445 0)
(-0.190304 -0.661127 0)
(-0.0934254 -0.773092 0)
(-0.0115841 -0.912002 0)
(0.0511782 -1.08857 0)
(0.0956464 -1.29871 0)
(0.000237752 -0.91219 0)
(-0.005898 -0.939569 0)
(-0.0165114 -0.952526 0)
(-0.0306254 -0.972976 0)
(-0.052095 -0.998556 0)
(-0.0835897 -1.02662 0)
(-0.128031 -1.05819 0)
(-0.198668 -1.10305 0)
(-0.308896 -1.15751 0)
(-0.45145 -1.19298 0)
(-0.60514 -1.17776 0)
(-0.737935 -1.09272 0)
(-0.810269 -0.944934 0)
(-0.794668 -0.781703 0)
(-0.695726 -0.667642 0)
(-0.556203 -0.636195 0)
(-0.436981 -0.656571 0)
(-0.353726 -0.686933 0)
(-0.27813 -0.746227 0)
(-0.210566 -0.844861 0)
(-0.158483 -0.967103 0)
(-0.125346 -1.12725 0)
(-0.116504 -1.33297 0)
(-0.00413763 -0.904851 0)
(-0.0161641 -0.927524 0)
(-0.0312092 -0.937473 0)
(-0.0502217 -0.95227 0)
(-0.0751116 -0.970228 0)
(-0.1074 -0.988413 0)
(-0.147415 -1.00486 0)
(-0.201749 -1.02391 0)
(-0.282195 -1.04877 0)
(-0.386971 -1.06844 0)
(-0.49733 -1.062 0)
(-0.589283 -1.01544 0)
(-0.638532 -0.933886 0)
(-0.630882 -0.840833 0)
(-0.577075 -0.766816 0)
(-0.508872 -0.730719 0)
(-0.451032 -0.726389 0)
(-0.400245 -0.74766 0)
(-0.351802 -0.803162 0)
(-0.314729 -0.886984 0)
(-0.291453 -0.992954 0)
(-0.287011 -1.1324 0)
(-0.312836 -1.32372 0)
(-0.00683358 -0.891956 0)
(-0.0233203 -0.91102 0)
(-0.0419172 -0.918236 0)
(-0.0638848 -0.928622 0)
(-0.0904149 -0.940852 0)
(-0.122379 -0.952867 0)
(-0.158995 -0.961974 0)
(-0.201348 -0.968477 0)
(-0.255445 -0.976179 0)
(-0.324308 -0.984335 0)
(-0.399764 -0.981774 0)
(-0.466619 -0.955261 0)
(-0.510244 -0.904082 0)
(-0.523067 -0.843739 0)
(-0.510706 -0.794367 0)
(-0.48774 -0.766709 0)
(-0.462402 -0.762127 0)
(-0.435705 -0.783006 0)
(-0.413998 -0.831094 0)
(-0.403898 -0.901218 0)
(-0.406498 -0.990876 0)
(-0.427965 -1.10585 0)
(-0.483596 -1.26726 0)
(-0.00863132 -0.874738 0)
(-0.0282159 -0.891603 0)
(-0.049336 -0.896374 0)
(-0.0730927 -0.90333 0)
(-0.10033 -0.911232 0)
(-0.131691 -0.918866 0)
(-0.16664 -0.92439 0)
(-0.204146 -0.926614 0)
(-0.24557 -0.926592 0)
(-0.294254 -0.925378 0)
(-0.349292 -0.91897 0)
(-0.402508 -0.900302 0)
(-0.443678 -0.867722 0)
(-0.467575 -0.828614 0)
(-0.476441 -0.79516 0)
(-0.47587 -0.776444 0)
(-0.470126 -0.775827 0)
(-0.464324 -0.794933 0)
(-0.465399 -0.834096 0)
(-0.477607 -0.891401 0)
(-0.502756 -0.964954 0)
(-0.546183 -1.05657 0)
(-0.620454 -1.18388 0)
(-0.00981149 -0.854828 0)
(-0.0314019 -0.869992 0)
(-0.0541603 -0.872875 0)
(-0.0789078 -0.877208 0)
(-0.106291 -0.881834 0)
(-0.136785 -0.885979 0)
(-0.170355 -0.888656 0)
(-0.206301 -0.888795 0)
(-0.244152 -0.885764 0)
(-0.284708 -0.879881 0)
(-0.328344 -0.870734 0)
(-0.371913 -0.855488 0)
(-0.409609 -0.832381 0)
(-0.43738 -0.805576 0)
(-0.455451 -0.783197 0)
(-0.466893 -0.771241 0)
(-0.475798 -0.77209 0)
(-0.487182 -0.787059 0)
(-0.505939 -0.816979 0)
(-0.53584 -0.861377 0)
(-0.580107 -0.918112 0)
(-0.644329 -0.986964 0)
(-0.739967 -1.0802 0)
(-0.0105398 -0.833201 0)
(-0.0333102 -0.847037 0)
(-0.0569729 -0.848481 0)
(-0.0821324 -0.850814 0)
(-0.109284 -0.853008 0)
(-0.138733 -0.854463 0)
(-0.170567 -0.854555 0)
(-0.204633 -0.852724 0)
(-0.240412 -0.848379 0)
(-0.277331 -0.84111 0)
(-0.315127 -0.830702 0)
(-0.352749 -0.81662 0)
(-0.387348 -0.798842 0)
(-0.416223 -0.779831 0)
(-0.439373 -0.764042 0)
(-0.459296 -0.755094 0)
(-0.479447 -0.754822 0)
(-0.503473 -0.764457 0)
(-0.534977 -0.784949 0)
(-0.577803 -0.815985 0)
(-0.635839 -0.854871 0)
(-0.714491 -0.899256 0)
(-0.823911 -0.955405 0)
(-0.010915 -0.81064 0)
(-0.0342645 -0.823375 0)
(-0.058269 -0.823746 0)
(-0.0834146 -0.82455 0)
(-0.110072 -0.824934 0)
(-0.138449 -0.824433 0)
(-0.168553 -0.822578 0)
(-0.200339 -0.81901 0)
(-0.23365 -0.813405 0)
(-0.268002 -0.805414 0)
(-0.302661 -0.794886 0)
(-0.336774 -0.781946 0)
(-0.369163 -0.767122 0)
(-0.398755 -0.751997 0)
(-0.425774 -0.739084 0)
(-0.452022 -0.73055 0)
(-0.480045 -0.727719 0)
(-0.512534 -0.731569 0)
(-0.552509 -0.742723 0)
(-0.603586 -0.760547 0)
(-0.669489 -0.782006 0)
(-0.754574 -0.803108 0)
(-0.865911 -0.824996 0)
(-0.0110283 -0.787704 0)
(-0.034508 -0.799517 0)
(-0.0584299 -0.79908 0)
(-0.083244 -0.798709 0)
(-0.109216 -0.797711 0)
(-0.136515 -0.795746 0)
(-0.165131 -0.792474 0)
(-0.194994 -0.787591 0)
(-0.226003 -0.780879 0)
(-0.257906 -0.772213 0)
(-0.290195 -0.761617 0)
(-0.322253 -0.749329 0)
(-0.35353 -0.735891 0)
(-0.383757 -0.722326 0)
(-0.413368 -0.710061 0)
(-0.443679 -0.70041 0)
(-0.476576 -0.694243 0)
(-0.514191 -0.692148 0)
(-0.559048 -0.694319 0)
(-0.614243 -0.699764 0)
(-0.68305 -0.705374 0)
(-0.768625 -0.706365 0)
(-0.875187 -0.700702 0)
(-0.0109529 -0.764805 0)
(-0.0342102 -0.775846 0)
(-0.057735 -0.774791 0)
(-0.0819693 -0.773508 0)
(-0.10711 -0.771432 0)
(-0.133291 -0.768313 0)
(-0.160532 -0.763914 0)
(-0.188785 -0.758028 0)
(-0.217942 -0.750498 0)
(-0.247816 -0.741242 0)
(-0.278151 -0.73035 0)
(-0.308678 -0.718108 0)
(-0.339183 -0.704972 0)
(-0.36969 -0.691583 0)
(-0.400678 -0.678716 0)
(-0.433165 -0.667096 0)
(-0.46861 -0.657225 0)
(-0.508756 -0.649324 0)
(-0.5556 -0.643184 0)
(-0.611558 -0.637632 0)
(-0.67923 -0.629647 0)
(-0.760456 -0.614238 0)
(-0.856876 -0.587625 0)
(-0.0107437 -0.742252 0)
(-0.0334894 -0.752655 0)
(-0.0563844 -0.751116 0)
(-0.0798423 -0.74912 0)
(-0.104031 -0.746187 0)
(-0.129046 -0.742145 0)
(-0.154923 -0.736821 0)
(-0.181644 -0.730078 0)
(-0.209162 -0.72182 0)
(-0.23736 -0.711997 0)
(-0.266091 -0.700674 0)
(-0.295269 -0.688074 0)
(-0.324919 -0.674543 0)
(-0.355218 -0.660496 0)
(-0.386604 -0.646335 0)
(-0.41988 -0.632366 0)
(-0.456185 -0.618762 0)
(-0.49686 -0.605463 0)
(-0.543417 -0.592001 0)
(-0.597645 -0.577145 0)
(-0.661402 -0.558134 0)
(-0.735486 -0.530303 0)
(-0.819682 -0.489514 0)
(-0.0104344 -0.720286 0)
(-0.0324266 -0.730167 0)
(-0.0545137 -0.728244 0)
(-0.0770414 -0.725679 0)
(-0.100173 -0.722052 0)
(-0.123978 -0.717256 0)
(-0.148504 -0.71116 0)
(-0.173755 -0.703666 0)
(-0.199721 -0.694698 0)
(-0.226364 -0.684228 0)
(-0.253633 -0.672317 0)
(-0.28152 -0.659116 0)
(-0.310131 -0.644838 0)
(-0.339717 -0.6297 0)
(-0.370699 -0.613885 0)
(-0.403702 -0.597472 0)
(-0.439564 -0.580382 0)
(-0.47929 -0.562338 0)
(-0.523985 -0.542755 0)
(-0.574853 -0.520424 0)
(-0.633052 -0.492976 0)
(-0.698724 -0.456419 0)
(-0.770562 -0.406741 0)
(-0.0100419 -0.699116 0)
(-0.0310805 -0.708558 0)
(-0.0522129 -0.706326 0)
(-0.0736881 -0.703299 0)
(-0.0956695 -0.699099 0)
(-0.118215 -0.693666 0)
(-0.141377 -0.6869 0)
(-0.165183 -0.678734 0)
(-0.189643 -0.669111 0)
(-0.214758 -0.658 0)
(-0.240542 -0.645418 0)
(-0.267058 -0.631443 0)
(-0.294443 -0.616194 0)
(-0.322929 -0.59978 0)
(-0.352883 -0.582232 0)
(-0.384801 -0.563463 0)
(-0.419288 -0.543252 0)
(-0.457046 -0.521227 0)
(-0.498808 -0.496747 0)
(-0.545336 -0.468687 0)
(-0.597296 -0.435094 0)
(-0.654224 -0.392779 0)
(-0.714378 -0.338226 0)
(-0.00957425 -0.678921 0)
(-0.0295001 -0.687975 0)
(-0.0495485 -0.685492 0)
(-0.0698701 -0.682078 0)
(-0.0906141 -0.677399 0)
(-0.111843 -0.671421 0)
(-0.133604 -0.664068 0)
(-0.155941 -0.655284 0)
(-0.178883 -0.645018 0)
(-0.202463 -0.633236 0)
(-0.226723 -0.619935 0)
(-0.251746 -0.605139 0)
(-0.277678 -0.588877 0)
(-0.304728 -0.571161 0)
(-0.333185 -0.551943 0)
(-0.363419 -0.531049 0)
(-0.395867 -0.508171 0)
(-0.430993 -0.482893 0)
(-0.469231 -0.454599 0)
(-0.510974 -0.422327 0)
(-0.556504 -0.3845 0)
(-0.605126 -0.338639 0)
(-0.654959 -0.282063 0)
(-0.00903812 -0.659848 0)
(-0.02773 -0.668538 0)
(-0.046577 -0.665849 0)
(-0.0656548 -0.662105 0)
(-0.0850804 -0.657021 0)
(-0.104931 -0.650571 0)
(-0.125244 -0.642698 0)
(-0.146076 -0.633351 0)
(-0.167463 -0.622483 0)
(-0.189451 -0.610052 0)
(-0.212102 -0.596028 0)
(-0.235504 -0.580393 0)
(-0.259789 -0.563127 0)
(-0.285135 -0.544179 0)
(-0.311758 -0.523437 0)
(-0.339916 -0.500693 0)
(-0.369901 -0.475623 0)
(-0.402 -0.447795 0)
(-0.436424 -0.416651 0)
(-0.473309 -0.381403 0)
(-0.512677 -0.340837 0)
(-0.553739 -0.293114 0)
(-0.59475 -0.236281 0)
(-0.00844224 -0.642006 0)
(-0.0258108 -0.650344 0)
(-0.0433509 -0.647487 0)
(-0.0610999 -0.643457 0)
(-0.079131 -0.638028 0)
(-0.0975369 -0.63117 0)
(-0.116345 -0.622837 0)
(-0.135617 -0.61298 0)
(-0.155395 -0.601549 0)
(-0.175731 -0.588499 0)
(-0.196687 -0.573782 0)
(-0.218348 -0.557352 0)
(-0.240827 -0.539152 0)
(-0.264263 -0.5191 0)
(-0.28881 -0.497053 0)
(-0.314635 -0.472785 0)
(-0.341915 -0.445971 0)
(-0.370801 -0.416214 0)
(-0.401364 -0.383046 0)
(-0.433568 -0.345846 0)
(-0.467237 -0.3037 0)
(-0.501664 -0.255297 0)
(-0.535364 -0.199237 0)
(-0.00779638 -0.625482 0)
(-0.0237742 -0.633488 0)
(-0.0399169 -0.63049 0)
(-0.0562556 -0.626212 0)
(-0.0728217 -0.620488 0)
(-0.0897155 -0.613277 0)
(-0.106959 -0.604539 0)
(-0.124613 -0.594224 0)
(-0.14272 -0.582284 0)
(-0.161333 -0.568664 0)
(-0.180511 -0.553306 0)
(-0.200326 -0.536146 0)
(-0.220869 -0.517106 0)
(-0.242247 -0.496086 0)
(-0.264569 -0.472938 0)
(-0.287928 -0.447446 0)
(-0.312405 -0.419304 0)
(-0.338055 -0.388153 0)
(-0.364856 -0.35362 0)
(-0.392674 -0.315247 0)
(-0.421249 -0.272368 0)
(-0.44992 -0.224094 0)
(-0.477414 -0.169384 0)
(-0.00710557 -0.610362 0)
(-0.0216352 -0.618068 0)
(-0.0363062 -0.614951 0)
(-0.0511594 -0.610457 0)
(-0.0661982 -0.60448 0)
(-0.0815169 -0.596962 0)
(-0.0971371 -0.58787 0)
(-0.113113 -0.577151 0)
(-0.129488 -0.564754 0)
(-0.146312 -0.550621 0)
(-0.163637 -0.534689 0)
(-0.181522 -0.516882 0)
(-0.200036 -0.497113 0)
(-0.219255 -0.475272 0)
(-0.239252 -0.45122 0)
(-0.260077 -0.424762 0)
(-0.281741 -0.395631 0)
(-0.304226 -0.363505 0)
(-0.327452 -0.328084 0)
(-0.351248 -0.289068 0)
(-0.375325 -0.24601 0)
(-0.399084 -0.198284 0)
(-0.421489 -0.14517 0)
(-0.00636114 -0.596714 0)
(-0.0193843 -0.604154 0)
(-0.0325298 -0.600941 0)
(-0.0458303 -0.596263 0)
(-0.0592903 -0.590071 0)
(-0.0729797 -0.582295 0)
(-0.0869248 -0.572899 0)
(-0.101171 -0.56183 0)
(-0.11576 -0.549034 0)
(-0.130736 -0.534451 0)
(-0.146144 -0.518014 0)
(-0.162034 -0.499646 0)
(-0.178453 -0.479257 0)
(-0.195453 -0.456737 0)
(-0.213077 -0.431959 0)
(-0.231346 -0.404759 0)
(-0.250238 -0.374918 0)
(-0.269684 -0.342158 0)
(-0.289568 -0.306219 0)
(-0.30971 -0.266923 0)
(-0.329834 -0.224031 0)
(-0.349414 -0.177109 0)
(-0.367594 -0.125645 0)
(-0.00553581 -0.58461 0)
(-0.0169828 -0.591786 0)
(-0.0285754 -0.588496 0)
(-0.040263 -0.583668 0)
(-0.0521028 -0.577301 0)
(-0.0641205 -0.569316 0)
(-0.0763516 -0.559672 0)
(-0.0888292 -0.548314 0)
(-0.101591 -0.535184 0)
(-0.114675 -0.520221 0)
(-0.128119 -0.503356 0)
(-0.141963 -0.484515 0)
(-0.156244 -0.46361 0)
(-0.170992 -0.440538 0)
(-0.186229 -0.415183 0)
(-0.201959 -0.387413 0)
(-0.218146 -0.35706 0)
(-0.234697 -0.323902 0)
(-0.251474 -0.287712 0)
(-0.268311 -0.248377 0)
(-0.284979 -0.205826 0)
(-0.301022 -0.159804 0)
(-0.315741 -0.109941 0)
(-0.00459575 -0.574142 0)
(-0.0143735 -0.580964 0)
(-0.0244046 -0.577608 0)
(-0.0344201 -0.572664 0)
(-0.0445972 -0.566152 0)
(-0.0549066 -0.557999 0)
(-0.0653952 -0.548157 0)
(-0.0760842 -0.53657 0)
(-0.087002 -0.523178 0)
(-0.0981761 -0.507916 0)
(-0.109635 -0.490715 0)
(-0.121409 -0.471499 0)
(-0.133526 -0.450186 0)
(-0.146008 -0.426684 0)
(-0.158865 -0.40089 0)
(-0.17209 -0.372694 0)
(-0.185647 -0.341974 0)
(-0.199447 -0.308571 0)
(-0.213349 -0.272298 0)
(-0.227194 -0.233061 0)
(-0.240797 -0.190907 0)
(-0.253824 -0.145761 0)
(-0.265673 -0.0973346 0)
(-0.00354239 -0.565292 0)
(-0.0115417 -0.571529 0)
(-0.0199964 -0.568117 0)
(-0.0282799 -0.563092 0)
(-0.0367349 -0.55646 0)
(-0.045288 -0.548168 0)
(-0.0539963 -0.538165 0)
(-0.0628753 -0.526397 0)
(-0.0719438 -0.512806 0)
(-0.0812162 -0.497325 0)
(-0.0907062 -0.479885 0)
(-0.100428 -0.460409 0)
(-0.110397 -0.438816 0)
(-0.120626 -0.415019 0)
(-0.131122 -0.388927 0)
(-0.14188 -0.36045 0)
(-0.152875 -0.329496 0)
(-0.164039 -0.295962 0)
(-0.175254 -0.259709 0)
(-0.186374 -0.220635 0)
(-0.197258 -0.178854 0)
(-0.207665 -0.134486 0)
(-0.217084 -0.0873097 0)
(-0.00245312 -0.558595 0)
(-0.00860116 -0.563877 0)
(-0.0154422 -0.560429 0)
(-0.0219538 -0.555353 0)
(-0.0286226 -0.548619 0)
(-0.0353599 -0.540194 0)
(-0.0422278 -0.530033 0)
(-0.0492453 -0.518088 0)
(-0.0564288 -0.504308 0)
(-0.0637867 -0.488631 0)
(-0.0713207 -0.470991 0)
(-0.0790279 -0.451312 0)
(-0.0869037 -0.429513 0)
(-0.0949432 -0.405511 0)
(-0.103141 -0.379221 0)
(-0.111492 -0.350562 0)
(-0.119982 -0.319464 0)
(-0.128583 -0.285864 0)
(-0.137232 -0.249674 0)
(-0.14583 -0.210792 0)
(-0.154264 -0.169322 0)
(-0.162372 -0.125558 0)
(-0.169753 -0.0793953 0)
(-0.0014495 -0.556062 0)
(-0.00575536 -0.559947 0)
(-0.0109141 -0.556515 0)
(-0.0156479 -0.551432 0)
(-0.0204908 -0.544621 0)
(-0.0253685 -0.53607 0)
(-0.0303381 -0.52574 0)
(-0.0354248 -0.513593 0)
(-0.0406481 -0.499584 0)
(-0.0460194 -0.48366 0)
(-0.0515415 -0.465761 0)
(-0.0572081 -0.445817 0)
(-0.0630049 -0.423751 0)
(-0.0689114 -0.399481 0)
(-0.0749034 -0.372924 0)
(-0.0809572 -0.344 0)
(-0.0870542 -0.312644 0)
(-0.0931854 -0.278813 0)
(-0.0993495 -0.242477 0)
(-0.105545 -0.20357 0)
(-0.11172 -0.162183 0)
(-0.117746 -0.11876 0)
(-0.123305 -0.0732987 0)
(-0.000620716 -0.556356 0)
(-0.00314533 -0.558598 0)
(-0.00648539 -0.555294 0)
(-0.0094133 -0.550287 0)
(-0.0123816 -0.543488 0)
(-0.015356 -0.534898 0)
(-0.0183778 -0.524494 0)
(-0.0214699 -0.512242 0)
(-0.0246497 -0.498104 0)
(-0.0279299 -0.48203 0)
(-0.0313181 -0.463964 0)
(-0.0348158 -0.443839 0)
(-0.0384174 -0.421585 0)
(-0.0421093 -0.397122 0)
(-0.0458695 -0.370366 0)
(-0.0496694 -0.341232 0)
(-0.0534813 -0.309636 0)
(-0.0572892 -0.275503 0)
(-0.0611091 -0.238776 0)
(-0.0650481 -0.199421 0)
(-0.0691357 -0.157593 0)
(-0.0733355 -0.113969 0)
(-0.077426 -0.068664 0)
(-6.28261e-05 -0.549828 0)
(-0.00087929 -0.550843 0)
(-0.00213582 -0.547702 0)
(-0.00314572 -0.542772 0)
(-0.00414936 -0.536006 0)
(-0.00514895 -0.527425 0)
(-0.00616135 -0.517021 0)
(-0.00719529 -0.504772 0)
(-0.0082571 -0.490645 0)
(-0.00935195 -0.474599 0)
(-0.010484 -0.456584 0)
(-0.0116565 -0.436546 0)
(-0.0128711 -0.414421 0)
(-0.0141282 -0.390143 0)
(-0.0154253 -0.363638 0)
(-0.0167568 -0.334831 0)
(-0.0181146 -0.30364 0)
(-0.0194915 -0.269967 0)
(-0.0208921 -0.233692 0)
(-0.0224391 -0.194711 0)
(-0.0241127 -0.153104 0)
(-0.025928 -0.10969 0)
(-0.0280388 -0.0646239 0)
(0.95959 1.08457 0)
(0.471409 0.585227 0)
(-0.0278809 0.122156 0)
(-0.225948 -0.544464 0)
(1.58292 1.27043 0)
(1.49377 1.20576 0)
(1.32962 1.06564 0)
(1.0505 0.787514 0)
(1.74894 1.01684 0)
(1.83243 1.11668 0)
(1.87075 1.18062 0)
(1.83181 1.19601 0)
(1.78037 0.84811 0)
(1.84971 0.939962 0)
(1.91988 1.02913 0)
(1.99534 1.13653 0)
(1.73853 0.765716 0)
(1.77763 0.829966 0)
(1.82846 0.899319 0)
(1.89483 0.988431 0)
(1.69373 0.712468 0)
(1.7129 0.758682 0)
(1.75296 0.811932 0)
(1.77683 0.847041 0)
(1.77583 0.705977 0)
(1.75148 0.720594 0)
(1.7517 0.738229 0)
(1.73147 0.752898 0)
(1.87479 0.786276 0)
(1.87725 0.815558 0)
(1.86968 0.818589 0)
(1.82535 0.821786 0)
(1.714 0.579508 0)
(1.82196 0.709175 0)
(1.90513 0.824934 0)
(1.94665 0.9685 0)
(1.371 0.280642 0)
(1.50481 0.421998 0)
(1.64386 0.597718 0)
(1.77743 0.888802 0)
(1.14988 0.0301259 0)
(1.25941 0.136709 0)
(1.39048 0.303859 0)
(1.52972 0.643974 0)
(1.16029 -0.182063 0)
(1.27646 -0.0958573 0)
(1.39567 0.0447184 0)
(1.50487 0.364141 0)
(1.22305 -0.471445 0)
(1.36661 -0.386974 0)
(1.51133 -0.223439 0)
(1.61638 0.111397 0)
(1.12459 -0.819428 0)
(1.29064 -0.745926 0)
(1.45328 -0.563248 0)
(1.57158 -0.146443 0)
(0.801405 -1.11614 0)
(0.966922 -1.05635 0)
(1.05548 -0.775856 0)
(1.20661 -0.225677 0)
(0.434517 -1.31366 0)
(0.530236 -1.24023 0)
(0.572865 -1.02462 0)
(0.772844 -0.518376 0)
(0.130934 -1.42451 0)
(0.174645 -1.38077 0)
(0.210424 -1.19527 0)
(0.384171 -0.768845 0)
(-0.112981 -1.48538 0)
(-0.0892593 -1.48863 0)
(-0.0282891 -1.34597 0)
(0.0941091 -1.05126 0)
(-0.343654 -1.4948 0)
(-0.353082 -1.5553 0)
(-0.33569 -1.50336 0)
(-0.219585 -1.29705 0)
(-0.546658 -1.43355 0)
(-0.588663 -1.5365 0)
(-0.613414 -1.56765 0)
(-0.576752 -1.47089 0)
(-0.698928 -1.3252 0)
(-0.758031 -1.44161 0)
(-0.812633 -1.54012 0)
(-0.840582 -1.56625 0)
(-0.837554 -1.1845 0)
(-0.916973 -1.27828 0)
(-1.00656 -1.38045 0)
(-1.10429 -1.44504 0)
(-0.931631 -1.0174 0)
(-1.01923 -1.0748 0)
(-1.12265 -1.14639 0)
(-1.24926 -1.20778 0)
(-0.970316 -0.849188 0)
(-1.05206 -0.872699 0)
(-1.14792 -0.900734 0)
(-1.26418 -0.917206 0)
(-0.971055 -0.696488 0)
(-1.04335 -0.697531 0)
(-1.12644 -0.698932 0)
(-1.22349 -0.687867 0)
(-0.939925 -0.562468 0)
(-1.00026 -0.547273 0)
(-1.06834 -0.530563 0)
(-1.14574 -0.503796 0)
(-0.889212 -0.451379 0)
(-0.938028 -0.426464 0)
(-0.991761 -0.39944 0)
(-1.05123 -0.365072 0)
(-0.827486 -0.361312 0)
(-0.866088 -0.331173 0)
(-0.907497 -0.298841 0)
(-0.952187 -0.261444 0)
(-0.76049 -0.289382 0)
(-0.790795 -0.256921 0)
(-0.822443 -0.222431 0)
(-0.855788 -0.184526 0)
(-0.691922 -0.232484 0)
(-0.715495 -0.199612 0)
(-0.739523 -0.164924 0)
(-0.764377 -0.127888 0)
(-0.6244 -0.187541 0)
(-0.642812 -0.155388 0)
(-0.660982 -0.121701 0)
(-0.679351 -0.0865108 0)
(-0.559062 -0.152065 0)
(-0.573409 -0.121154 0)
(-0.587408 -0.0889463 0)
(-0.601241 -0.0557624 0)
(-0.496395 -0.124079 0)
(-0.507749 -0.0946422 0)
(-0.518493 -0.0640843 0)
(-0.5289 -0.032812 0)
(-0.436684 -0.101836 0)
(-0.445594 -0.073887 0)
(-0.453883 -0.0449733 0)
(-0.461824 -0.0155763 0)
(-0.379743 -0.0841539 0)
(-0.386833 -0.0575889 0)
(-0.393301 -0.0302298 0)
(-0.39936 -0.00250359 0)
(-0.32544 -0.0701384 0)
(-0.331035 -0.0447859 0)
(-0.336065 -0.0187576 0)
(-0.340738 0.00752322 0)
(-0.27335 -0.0589817 0)
(-0.277751 -0.0346643 0)
(-0.281738 -0.00978712 0)
(-0.285405 0.0152844 0)
(-0.223205 -0.0502295 0)
(-0.226702 -0.026742 0)
(-0.229801 -0.00278971 0)
(-0.23266 0.0213364 0)
(-0.174538 -0.0433737 0)
(-0.177263 -0.0204919 0)
(-0.179704 0.00276129 0)
(-0.181973 0.0261575 0)
(-0.126942 -0.0380554 0)
(-0.12907 -0.0156127 0)
(-0.131016 0.00713783 0)
(-0.132828 0.0300235 0)
(-0.0802067 -0.0338381 0)
(-0.0819076 -0.011581 0)
(-0.083538 0.0108907 0)
(-0.085115 0.0334562 0)
(-0.0295348 -0.0302679 0)
(-0.0304826 -0.00799914 0)
(-0.0313974 0.0143746 0)
(-0.0323658 0.036708 0)
(0.052617 -0.729805 0)
(0.00268061 0.0477025 0)
(0.00714968 0.109338 0)
(0.000491785 0.0250634 0)
(0.0350092 -0.023374 0)
(0.062707 -0.0503041 0)
(0.0942273 -0.0600292 0)
(0.122289 -0.0540619 0)
(0.142775 -0.038652 0)
(0.154558 -0.0191091 0)
(0.157927 0.00148479 0)
(0.154084 0.0211292 0)
(0.144166 0.0387399 0)
(0.1292 0.053846 0)
(0.110294 0.0662227 0)
(0.0885118 0.0759 0)
(0.0645697 0.082994 0)
(0.0392223 0.0876826 0)
(0.0130325 0.0891781 0)
(0.500767 0.229326 0)
(-0.694534 -0.42808 0)
(-0.212477 -0.00515832 0)
(-0.160144 -0.0327478 0)
(-0.0498357 -0.0728569 0)
(0.0339098 -0.0903793 0)
(0.0903986 -0.0962586 0)
(0.132738 -0.0815912 0)
(0.160695 -0.0560725 0)
(0.175297 -0.026878 0)
(0.178743 0.0018589 0)
(0.1733 0.0282555 0)
(0.160885 0.051201 0)
(0.143162 0.0703574 0)
(0.121454 0.0858347 0)
(0.0969415 0.0977332 0)
(0.0704937 0.106383 0)
(0.0427241 0.112039 0)
(0.0141618 0.113786 0)
(1.52399 0.979727 0)
(0.856352 0.523837 0)
(-0.144289 -0.0813064 0)
(-0.0960093 -0.133643 0)
(-0.147844 -0.21742 0)
(-2.04979e-05 -0.181095 0)
(0.0939392 -0.153626 0)
(0.154727 -0.119175 0)
(0.189332 -0.0775507 0)
(0.205066 -0.0351148 0)
(0.20672 0.00385978 0)
(0.198058 0.0380274 0)
(0.181829 0.0667062 0)
(0.160279 0.0899835 0)
(0.134902 0.108361 0)
(0.106989 0.122336 0)
(0.0774269 0.132369 0)
(0.0467748 0.13883 0)
(0.0154962 0.140769 0)
(1.99708 1.20866 0)
(1.71638 1.06346 0)
(1.1922 0.717903 0)
(0.372205 0.198584 0)
(-0.0456611 -0.242136 0)
(-0.0146147 -0.319918 0)
(0.106882 -0.243352 0)
(0.193022 -0.166645 0)
(0.233466 -0.100384 0)
(0.246551 -0.0415373 0)
(0.243425 0.00936231 0)
(0.229216 0.0519035 0)
(0.207249 0.0863399 0)
(0.180418 0.11353 0)
(0.150432 0.134467 0)
(0.118451 0.150113 0)
(0.0852524 0.161201 0)
(0.0513244 0.168284 0)
(0.0169868 0.170322 0)
(2.03119 1.1635 0)
(2.04025 1.26944 0)
(1.77327 1.12986 0)
(1.33508 0.810813 0)
(0.659075 0.297874 0)
(0.138987 -0.310507 0)
(0.147249 -0.353533 0)
(0.247413 -0.23092 0)
(0.295901 -0.122301 0)
(0.302132 -0.0421338 0)
(0.289555 0.021477 0)
(0.266549 0.0722514 0)
(0.236809 0.111827 0)
(0.203284 0.142111 0)
(0.167635 0.164914 0)
(0.130913 0.181625 0)
(0.0936594 0.193305 0)
(0.0561896 0.200699 0)
(0.0185953 0.202637 0)
(1.93829 1.04056 0)
(2.09063 1.30109 0)
(1.99709 1.35459 0)
(1.73193 1.17831 0)
(1.29594 0.797834 0)
(0.69741 0.170726 0)
(0.312542 -0.34497 0)
(0.326508 -0.299424 0)
(0.376656 -0.144748 0)
(0.372959 -0.0331532 0)
(0.345417 0.0441462 0)
(0.309539 0.101725 0)
(0.269498 0.144871 0)
(0.227813 0.176863 0)
(0.185745 0.200363 0)
(0.143824 0.217279 0)
(0.102261 0.22895 0)
(0.0610998 0.236283 0)
(0.0201887 0.237914 0)
(1.81494 0.803898 0)
(2.05685 1.23914 0)
(2.06397 1.46396 0)
(1.88978 1.41659 0)
(1.61682 1.18196 0)
(1.13736 0.667179 0)
(0.675575 -0.0733338 0)
(0.48148 -0.29748 0)
(0.477411 -0.153313 0)
(0.457864 -0.0089377 0)
(0.409595 0.0821918 0)
(0.356155 0.143264 0)
(0.303626 0.187024 0)
(0.252739 0.218585 0)
(0.203703 0.241193 0)
(0.156412 0.257175 0)
(0.110552 0.2681 0)
(0.065803 0.274985 0)
(0.0217143 0.276139 0)
(1.71307 0.647123 0)
(2.00156 1.11913 0)
(2.05763 1.51928 0)
(1.93045 1.58885 0)
(1.7405 1.43627 0)
(1.36669 0.999434 0)
(1.00276 0.309482 0)
(0.728931 -0.172844 0)
(0.612431 -0.111076 0)
(0.550407 0.0422 0)
(0.476369 0.139844 0)
(0.402661 0.199119 0)
(0.336382 0.23939 0)
(0.275984 0.267642 0)
(0.220093 0.287453 0)
(0.167749 0.301288 0)
(0.118018 0.310666 0)
(0.0700551 0.316584 0)
(0.0230828 0.317008 0)
(1.71208 0.738165 0)
(1.9676 0.867874 0)
(2.00942 1.55852 0)
(1.90455 1.73095 0)
(1.75251 1.63107 0)
(1.49399 1.30295 0)
(1.15874 0.598006 0)
(0.968549 0.0225583 0)
(0.773186 0.000611549 0)
(0.641931 0.133348 0)
(0.537129 0.220861 0)
(0.443645 0.269993 0)
(0.364292 0.301787 0)
(0.295299 0.323596 0)
(0.233521 0.338726 0)
(0.176963 0.3492 0)
(0.124002 0.356232 0)
(0.0734193 0.360645 0)
(0.0241624 0.360093 0)
(1.72619 0.876496 0)
(1.94515 0.652234 0)
(1.92575 1.63811 0)
(1.83249 1.8649 0)
(1.69548 1.78689 0)
(1.50005 1.51291 0)
(1.23984 0.785233 0)
(1.14469 0.218119 0)
(0.905127 0.163907 0)
(0.712861 0.264881 0)
(0.581267 0.324749 0)
(0.472527 0.354134 0)
(0.38349 0.372643 0)
(0.308444 0.385223 0)
(0.242617 0.393919 0)
(0.183124 0.399912 0)
(0.127957 0.403944 0)
(0.0756289 0.406517 0)
(0.0248722 0.404826 0)
(1.67905 0.773625 0)
(1.91656 0.532599 0)
(1.82514 1.71182 0)
(1.72665 2.00223 0)
(1.59872 1.9205 0)
(1.43182 1.64105 0)
(1.27265 0.883905 0)
(1.24299 0.399076 0)
(0.966329 0.360657 0)
(0.745641 0.423598 0)
(0.599545 0.443488 0)
(0.483923 0.446617 0)
(0.391101 0.448573 0)
(0.31361 0.450127 0)
(0.246174 0.451288 0)
(0.185551 0.45218 0)
(0.129539 0.452867 0)
(0.0765198 0.453416 0)
(0.0251575 0.450491 0)
(1.78293 0.545743 0)
(1.88185 0.532272 0)
(1.71529 1.81563 0)
(1.60011 2.14846 0)
(1.47689 2.05596 0)
(1.32565 1.70674 0)
(1.30953 0.915415 0)
(1.24064 0.587487 0)
(0.933392 0.578772 0)
(0.729323 0.589044 0)
(0.587042 0.564097 0)
(0.475314 0.539944 0)
(0.385592 0.524737 0)
(0.310002 0.515084 0)
(0.24383 0.508741 0)
(0.184058 0.50459 0)
(0.12862 0.501946 0)
(0.0760144 0.500462 0)
(0.0249935 0.49629 0)
(1.97175 0.231891 0)
(1.78996 0.649748 0)
(1.59052 1.95477 0)
(1.47067 2.29535 0)
(1.35277 2.18663 0)
(1.22463 1.66627 0)
(1.37749 0.974676 0)
(1.08832 0.826113 0)
(0.814589 0.789909 0)
(0.665975 0.734496 0)
(0.54448 0.672151 0)
(0.447666 0.625705 0)
(0.367781 0.596042 0)
(0.298295 0.576956 0)
(0.23605 0.564234 0)
(0.17891 0.555693 0)
(0.125337 0.550082 0)
(0.0741773 0.546755 0)
(0.0244001 0.541415 0)
(1.93398 0.0743802 0)
(1.6335 0.80476 0)
(1.46709 2.10036 0)
(1.35158 2.41757 0)
(1.23788 2.27791 0)
(1.14142 1.44518 0)
(1.23018 1.17945 0)
(0.754636 1.07845 0)
(0.63929 0.939793 0)
(0.563616 0.835991 0)
(0.479332 0.755622 0)
(0.406214 0.696788 0)
(0.340953 0.658336 0)
(0.280478 0.633208 0)
(0.223992 0.616083 0)
(0.170768 0.604277 0)
(0.12006 0.59633 0)
(0.0711943 0.591494 0)
(0.0234335 0.585125 0)
(1.68307 -0.205405 0)
(1.38127 1.21573 0)
(1.34447 2.29246 0)
(1.23748 2.54616 0)
(1.10279 2.30891 0)
(1.05396 1.44721 0)
(0.704898 1.5355 0)
(0.385335 1.22864 0)
(0.434452 0.986978 0)
(0.440114 0.880007 0)
(0.405848 0.807011 0)
(0.359476 0.749215 0)
(0.310092 0.709456 0)
(0.259433 0.682492 0)
(0.2093 0.66333 0)
(0.160555 0.649575 0)
(0.113291 0.640013 0)
(0.0673122 0.634044 0)
(0.0221673 0.626804 0)
(0.902508 -0.556775 0)
(1.07666 1.25846 0)
(1.22641 2.3862 0)
(1.15673 2.66344 0)
(0.906413 2.24711 0)
(0.838427 1.73301 0)
(0.162256 1.891 0)
(0.1284 1.23235 0)
(0.242006 0.929033 0)
(0.327878 0.864615 0)
(0.341614 0.826226 0)
(0.317353 0.783826 0)
(0.280724 0.750095 0)
(0.238204 0.725113 0)
(0.193645 0.705945 0)
(0.149184 0.691338 0)
(0.105518 0.680752 0)
(0.0627689 0.673953 0)
(0.0206726 0.665974 0)
(-0.0834627 -0.481534 0)
(0.739145 0.911864 0)
(1.12252 2.36529 0)
(1.13559 2.84672 0)
(0.91582 2.53954 0)
(0.456422 2.10725 0)
(-0.068972 2.1213 0)
(0.0466406 1.14709 0)
(0.130027 0.800428 0)
(0.259143 0.806145 0)
(0.302972 0.823569 0)
(0.288549 0.807034 0)
(0.257228 0.783978 0)
(0.218983 0.76298 0)
(0.178157 0.744739 0)
(0.137254 0.729759 0)
(0.0970605 0.71841 0)
(0.0577214 0.710922 0)
(0.0189977 0.702271 0)
(0.27702 -0.501851 0)
(0.410809 -0.11016 0)
(0.947783 2.12501 0)
(1.13108 2.91281 0)
(1.01915 2.87666 0)
(0.502832 2.52896 0)
(0.0683061 2.28831 0)
(0.202879 1.1099 0)
(0.191176 0.667411 0)
(0.266557 0.743314 0)
(0.300496 0.820998 0)
(0.276837 0.830332 0)
(0.24087 0.816979 0)
(0.20213 0.798928 0)
(0.162952 0.78093 0)
(0.124824 0.765222 0)
(0.0879613 0.752956 0)
(0.0521999 0.744719 0)
(0.0171537 0.735384 0)
(0.159904 -0.68929 0)
(-0.172654 0.0337194 0)
(0.683322 1.74042 0)
(1.08236 2.81835 0)
(1.12193 3.0657 0)
(0.896289 2.9723 0)
(0.52518 2.56195 0)
(0.618261 1.2259 0)
(0.477174 0.647899 0)
(0.367335 0.750078 0)
(0.32956 0.850969 0)
(0.276807 0.867175 0)
(0.228151 0.854904 0)
(0.185606 0.835409 0)
(0.146952 0.815436 0)
(0.11137 0.797933 0)
(0.0779871 0.784264 0)
(0.0461122 0.775072 0)
(0.0151172 0.764987 0)
(-0.349596 -0.993005 0)
(-0.0303586 -0.0446693 0)
(0.280263 0.753719 0)
(0.927523 2.54312 0)
(1.12911 3.05888 0)
(1.11737 3.04003 0)
(1.0207 2.6591 0)
(1.12228 1.38996 0)
(0.791114 0.821758 0)
(0.484564 0.885419 0)
(0.356276 0.934348 0)
(0.270992 0.924619 0)
(0.210646 0.899864 0)
(0.165398 0.872845 0)
(0.128261 0.848115 0)
(0.0960241 0.827566 0)
(0.0667596 0.811957 0)
(0.0393078 0.801591 0)
(0.0128486 0.790689 0)
(-0.741098 -1.34208 0)
(-0.264512 -0.667704 0)
(-0.111347 0.729133 0)
(0.665918 2.1724 0)
(1.01745 2.9127 0)
(1.08723 2.94443 0)
(1.15829 2.46133 0)
(1.24463 1.43176 0)
(0.805256 1.11867 0)
(0.480701 1.10023 0)
(0.330094 1.04861 0)
(0.238588 0.993433 0)
(0.179332 0.947106 0)
(0.137574 0.90858 0)
(0.105164 0.87741 0)
(0.0780612 0.853139 0)
(0.0539933 0.835357 0)
(0.0316832 0.823758 0)
(0.0103215 0.812023 0)
(-1.22661 -1.3363 0)
(-1.21224 -0.789916 0)
(-0.836022 0.410635 0)
(-0.253664 1.50791 0)
(0.695377 2.65413 0)
(0.836752 2.83495 0)
(0.895349 2.40809 0)
(0.829988 1.67862 0)
(0.515697 1.44061 0)
(0.338442 1.27776 0)
(0.239027 1.1453 0)
(0.174683 1.05294 0)
(0.131787 0.987029 0)
(0.101102 0.937885 0)
(0.0773015 0.900844 0)
(0.0574151 0.873271 0)
(0.0397293 0.853627 0)
(0.0232766 0.841008 0)
(0.00754164 0.828512 0)
(-1.48511 -1.21961 0)
(-1.759 -1.02503 0)
(-1.67014 -0.246387 0)
(-1.08625 1.12789 0)
(-0.225976 2.16547 0)
(0.0478078 2.57733 0)
(0.28085 2.34292 0)
(0.221637 1.89331 0)
(0.169171 1.58674 0)
(0.142166 1.35408 0)
(0.115002 1.19464 0)
(0.0916755 1.08698 0)
(0.0732698 1.01136 0)
(0.058461 0.956465 0)
(0.0459805 0.916121 0)
(0.0348396 0.886686 0)
(0.024421 0.866011 0)
(0.0142993 0.852951 0)
(0.00454605 0.839687 0)
(-1.4966 -0.894986 0)
(-1.88551 -0.782339 0)
(-2.16659 -0.34706 0)
(-2.00842 0.544261 0)
(-1.40934 1.58483 0)
(-0.901379 2.17632 0)
(-0.555685 2.13841 0)
(-0.277265 1.82673 0)
(-0.119811 1.54885 0)
(-0.0436358 1.34085 0)
(-0.00924423 1.19482 0)
(0.00580744 1.09157 0)
(0.0120618 1.01702 0)
(0.0139706 0.962318 0)
(0.013554 0.921997 0)
(0.0116538 0.892639 0)
(0.00890392 0.872064 0)
(0.00504264 0.859181 0)
(0.0012661 0.845517 0)
(-1.40365 -0.6266 0)
(-1.71095 -0.478677 0)
(-2.00979 -0.161907 0)
(-2.0966 0.394404 0)
(-1.8272 1.11446 0)
(-1.34344 1.65655 0)
(-0.883732 1.73518 0)
(-0.527461 1.58718 0)
(-0.311737 1.41548 0)
(-0.186904 1.27086 0)
(-0.114401 1.15756 0)
(-0.0713275 1.07105 0)
(-0.0449118 1.00543 0)
(-0.0282744 0.955807 0)
(-0.017559 0.91852 0)
(-0.0106725 0.8911 0)
(-0.00601223 0.871789 0)
(-0.00397435 0.860752 0)
(-0.00203075 0.845056 0)
(-1.27836 -0.42365 0)
(-1.48438 -0.254074 0)
(-1.66779 0.0267506 0)
(-1.73938 0.433345 0)
(-1.60329 0.89353 0)
(-1.27566 1.24635 0)
(-0.909626 1.36582 0)
(-0.617283 1.33674 0)
(-0.415818 1.25975 0)
(-0.281562 1.17497 0)
(-0.192716 1.09773 0)
(-0.133447 1.03279 0)
(-0.093203 0.980286 0)
(-0.0652992 0.938831 0)
(-0.0454149 0.90677 0)
(-0.0309203 0.882723 0)
(-0.0197078 0.865652 0)
(-0.0121403 0.857552 0)
(-0.00488761 0.83912 0)
(-1.14711 -0.2805 0)
(-1.28332 -0.11367 0)
(-1.38491 0.122658 0)
(-1.40767 0.42665 0)
(-1.31107 0.744022 0)
(-1.10177 0.989723 0)
(-0.852788 1.11006 0)
(-0.633734 1.13726 0)
(-0.463245 1.11616 0)
(-0.336875 1.07469 0)
(-0.245175 1.02824 0)
(-0.178945 0.98431 0)
(-0.130812 0.945918 0)
(-0.0953712 0.91396 0)
(-0.0687115 0.888321 0)
(-0.0481972 0.868564 0)
(-0.0316055 0.854426 0)
(-0.0190735 0.849627 0)
(-0.0071391 0.828727 0)
(-1.02046 -0.179312 0)
(-1.11104 -0.0264946 0)
(-1.16858 0.169376 0)
(-1.16771 0.399421 0)
(-1.09249 0.630372 0)
(-0.951243 0.816695 0)
(-0.779863 0.930314 0)
(-0.615747 0.98157 0)
(-0.475846 0.992172 0)
(-0.363547 0.980096 0)
(-0.276157 0.957448 0)
(-0.209057 0.931543 0)
(-0.157626 0.906347 0)
(-0.11794 0.883877 0)
(-0.0868421 0.864977 0)
(-0.0619889 0.849902 0)
(-0.0412976 0.839059 0)
(-0.0246311 0.837514 0)
(-0.00882453 0.814736 0)
(-0.904541 -0.107642 0)
(-0.964303 0.0277835 0)
(-0.996517 0.190783 0)
(-0.987246 0.371019 0)
(-0.928959 0.547566 0)
(-0.828334 0.695293 0)
(-0.705067 0.79841 0)
(-0.580242 0.859085 0)
(-0.466806 0.887626 0)
(-0.370012 0.894982 0)
(-0.29037 0.889889 0)
(-0.226088 0.878489 0)
(-0.174594 0.8647 0)
(-0.13327 0.850918 0)
(-0.0997634 0.838469 0)
(-0.0721448 0.828048 0)
(-0.0486066 0.820551 0)
(-0.0287823 0.821981 0)
(-0.0100085 0.798032 0)
(-0.799519 -0.0569283 0)
(-0.839408 0.0628056 0)
(-0.856889 0.199256 0)
(-0.844658 0.344777 0)
(-0.799124 0.485735 0)
(-0.72478 0.607229 0)
(-0.633043 0.699731 0)
(-0.536634 0.762635 0)
(-0.444848 0.800732 0)
(-0.362723 0.820478 0)
(-0.292038 0.827858 0)
(-0.232574 0.827629 0)
(-0.183122 0.823207 0)
(-0.142081 0.816937 0)
(-0.107805 0.810301 0)
(-0.0787904 0.804216 0)
(-0.053555 0.799891 0)
(-0.0315645 0.803894 0)
(-0.0107377 0.779465 0)
(-0.704787 -0.0217304 0)
(-0.731785 0.0845722 0)
(-0.740783 0.200891 0)
(-0.728069 0.321769 0)
(-0.691958 0.43827 0)
(-0.635445 0.541169 0)
(-0.565435 0.624266 0)
(-0.489925 0.686146 0)
(-0.415487 0.728911 0)
(-0.346352 0.756295 0)
(-0.284627 0.772277 0)
(-0.230877 0.780372 0)
(-0.184727 0.78336 0)
(-0.145298 0.78332 0)
(-0.111503 0.781696 0)
(-0.0822268 0.779464 0)
(-0.0563007 0.777995 0)
(-0.0330721 0.784111 0)
(-0.0110571 0.75982 0)
(-0.619518 0.00331753 0)
(-0.637724 0.0981803 0)
(-0.641967 0.199073 0)
(-0.62995 0.302072 0)
(-0.600965 0.401164 0)
(-0.557049 0.490372 0)
(-0.50256 0.565474 0)
(-0.442697 0.624959 0)
(-0.382101 0.6696 0)
(-0.324137 0.701506 0)
(-0.270811 0.723268 0)
(-0.223011 0.737406 0)
(-0.180835 0.746089 0)
(-0.143885 0.751055 0)
(-0.111487 0.753605 0)
(-0.0828489 0.754671 0)
(-0.0570762 0.755668 0)
(-0.0334391 0.763426 0)
(-0.0110207 0.739804 0)
(-0.542272 0.021507 0)
(-0.554665 0.106741 0)
(-0.556172 0.195677 0)
(-0.545329 0.285399 0)
(-0.521869 0.37172 0)
(-0.487197 0.450592 0)
(-0.444165 0.519027 0)
(-0.396252 0.575654 0)
(-0.346756 0.620601 0)
(-0.298281 0.655013 0)
(-0.252576 0.680547 0)
(-0.210599 0.698971 0)
(-0.17269 0.711926 0)
(-0.138748 0.720813 0)
(-0.108392 0.72674 0)
(-0.0810825 0.730546 0)
(-0.0561499 0.7336 0)
(-0.0328213 0.742546 0)
(-0.0106856 0.720025 0)
(-0.471742 0.0346449 0)
(-0.480295 0.11208 0)
(-0.480299 0.191717 0)
(-0.470803 0.271397 0)
(-0.45174 0.34812 0)
(-0.424091 0.419035 0)
(-0.389781 0.481957 0)
(-0.351192 0.53571 0)
(-0.31069 0.580115 0)
(-0.270266 0.615753 0)
(-0.231371 0.643657 0)
(-0.194913 0.665047 0)
(-0.161328 0.681137 0)
(-0.130689 0.693023 0)
(-0.10281 0.701618 0)
(-0.0773441 0.707643 0)
(-0.0537982 0.71236 0)
(-0.0313789 0.722088 0)
(-0.0101047 0.700995 0)
(-0.406798 0.044273 0)
(-0.412807 0.115401 0)
(-0.412076 0.187763 0)
(-0.403966 0.259738 0)
(-0.388495 0.329117 0)
(-0.366358 0.393818 0)
(-0.338883 0.452199 0)
(-0.307736 0.503268 0)
(-0.274627 0.546712 0)
(-0.241067 0.582778 0)
(-0.20823 0.612092 0)
(-0.176918 0.635477 0)
(-0.147582 0.653816 0)
(-0.120385 0.667947 0)
(-0.0952664 0.678603 0)
(-0.0720169 0.686382 0)
(-0.050283 0.692407 0)
(-0.0292624 0.702563 0)
(-0.00932494 0.683131 0)
(-0.346426 0.0514574 0)
(-0.350781 0.117497 0)
(-0.349802 0.184145 0)
(-0.34306 0.250149 0)
(-0.330604 0.313837 0)
(-0.312928 0.373642 0)
(-0.290966 0.428294 0)
(-0.265897 0.476958 0)
(-0.238967 0.519273 0)
(-0.211317 0.555289 0)
(-0.183882 0.585364 0)
(-0.157338 0.610043 0)
(-0.132109 0.629953 0)
(-0.108395 0.645728 0)
(-0.086209 0.65794 0)
(-0.0654393 0.667075 0)
(-0.0458409 0.674098 0)
(-0.0266071 0.684388 0)
(-0.00838715 0.666774 0)
(-0.289804 0.0569324 0)
(-0.29309 0.118896 0)
(-0.292177 0.181057 0)
(-0.286767 0.242412 0)
(-0.276908 0.301664 0)
(-0.262953 0.357595 0)
(-0.245562 0.409198 0)
(-0.225578 0.455767 0)
(-0.203909 0.49693 0)
(-0.181417 0.532626 0)
(-0.15883 0.563036 0)
(-0.136704 0.58851 0)
(-0.115415 0.609486 0)
(-0.0951647 0.626432 0)
(-0.0760092 0.639792 0)
(-0.0578999 0.64995 0)
(-0.0406781 0.657712 0)
(-0.0235315 0.667892 0)
(-0.00732634 0.65219 0)
(-0.236155 0.0612165 0)
(-0.238807 0.11996 0)
(-0.238179 0.178618 0)
(-0.234068 0.23636 0)
(-0.226507 0.292154 0)
(-0.215746 0.345026 0)
(-0.202252 0.394156 0)
(-0.186625 0.43894 0)
(-0.16953 0.479015 0)
(-0.151605 0.514256 0)
(-0.133414 0.544731 0)
(-0.115401 0.570652 0)
(-0.097882 0.592319 0)
(-0.0810465 0.610074 0)
(-0.0649681 0.624257 0)
(-0.0496388 0.635167 0)
(-0.0349692 0.643455 0)
(-0.0201371 0.653325 0)
(-0.00617295 0.639583 0)
(-0.184846 0.0647125 0)
(-0.187177 0.12096 0)
(-0.186995 0.176921 0)
(-0.18416 0.231884 0)
(-0.178688 0.285005 0)
(-0.17075 0.335484 0)
(-0.160669 0.382635 0)
(-0.148871 0.425933 0)
(-0.135833 0.465033 0)
(-0.122024 0.499773 0)
(-0.107867 0.53015 0)
(-0.0937077 0.55628 0)
(-0.0798035 0.578365 0)
(-0.0663186 0.596654 0)
(-0.053331 0.611402 0)
(-0.0408557 0.622845 0)
(-0.0288625 0.631491 0)
(-0.0165117 0.640892 0)
(-0.00495335 0.629109 0)
(-0.13528 0.067673 0)
(-0.137513 0.122047 0)
(-0.13789 0.17598 0)
(-0.136313 0.228847 0)
(-0.132778 0.279939 0)
(-0.127397 0.32858 0)
(-0.120386 0.374181 0)
(-0.112038 0.416276 0)
(-0.102683 0.454538 0)
(-0.0926529 0.488789 0)
(-0.0822556 0.518979 0)
(-0.0717492 0.545162 0)
(-0.0613325 0.567472 0)
(-0.0511406 0.586087 0)
(-0.0412465 0.601203 0)
(-0.0316762 0.613006 0)
(-0.0224524 0.621878 0)
(-0.0127221 0.630674 0)
(-0.00369562 0.620835 0)
(-0.0874564 0.0705698 0)
(-0.0899245 0.123615 0)
(-0.0910628 0.1761 0)
(-0.0908131 0.227465 0)
(-0.089164 0.277096 0)
(-0.0861815 0.324398 0)
(-0.0820029 0.368847 0)
(-0.0768152 0.410018 0)
(-0.0708347 0.447603 0)
(-0.0642849 0.481415 0)
(-0.0573764 0.511378 0)
(-0.0502925 0.537508 0)
(-0.0431796 0.559893 0)
(-0.0361436 0.578668 0)
(-0.0292488 0.593987 0)
(-0.0225254 0.606002 0)
(-0.0160554 0.615002 0)
(-0.00895214 0.623174 0)
(-0.00244842 0.615007 0)
(-0.0339472 0.0735762 0)
(-0.0358503 0.125605 0)
(-0.0371536 0.176956 0)
(-0.0378123 0.227133 0)
(-0.0377973 0.275591 0)
(-0.0371206 0.3218 0)
(-0.0358291 0.365284 0)
(-0.0339964 0.405653 0)
(-0.0317137 0.442614 0)
(-0.0290807 0.475981 0)
(-0.026196 0.505664 0)
(-0.0231495 0.531656 0)
(-0.0200172 0.554013 0)
(-0.0168583 0.572838 0)
(-0.0137145 0.588256 0)
(-0.0106021 0.600397 0)
(-0.0076245 0.609433 0)
(-0.00417193 0.616763 0)
(-0.0010411 0.610565 0)
)
;

boundaryField
{
    leftWall
    {
        type            noSlip;
    }
    rightWall
    {
        type            noSlip;
    }
    lowerWall
    {
        type            noSlip;
    }
    atmosphere
    {
        type            pressureInletOutletVelocity;
        value           nonuniform List<vector> 
46
(
(0 -0.549828 0)
(0 -0.550843 0)
(0 -0.547702 0)
(0 -0.542772 0)
(0 -0.536006 0)
(0 -0.527425 0)
(0 -0.517021 0)
(0 -0.504772 0)
(0 -0.490645 0)
(0 -0.474599 0)
(0 -0.456584 0)
(0 -0.436546 0)
(0 -0.414421 0)
(0 -0.390143 0)
(0 -0.363638 0)
(0 -0.334831 0)
(0 -0.30364 0)
(0 -0.269967 0)
(0 -0.233692 0)
(0 -0.194711 0)
(0 -0.153104 0)
(0 -0.10969 0)
(0 -0.0646239 0)
(0 -0.0302679 0)
(0 -0.00799914 0)
(-0.0313974 0.0143746 0)
(-0.0323658 0.036708 0)
(-0.0339472 0.0735762 0)
(-0.0358503 0.125605 0)
(-0.0371536 0.176956 0)
(-0.0378123 0.227133 0)
(-0.0377973 0.275591 0)
(-0.0371206 0.3218 0)
(-0.0358291 0.365284 0)
(-0.0339964 0.405653 0)
(-0.0317137 0.442614 0)
(-0.0290807 0.475981 0)
(-0.026196 0.505664 0)
(-0.0231495 0.531656 0)
(-0.0200172 0.554013 0)
(-0.0168583 0.572838 0)
(-0.0137145 0.588256 0)
(-0.0106021 0.600397 0)
(-0.0076245 0.609433 0)
(-0.00417193 0.616763 0)
(-0.0010411 0.610565 0)
)
;
    }
    defaultFaces
    {
        type            empty;
    }
}


// ************************************************************************* //
