/*--------------------------------*- C++ -*----------------------------------*\
| =========                 |                                                 |
| \\      /  F ield         | OpenFOAM: The Open Source CFD Toolbox           |
|  \\    /   O peration     | Version:  2206                                  |
|   \\  /    A nd           | Website:  www.openfoam.com                      |
|    \\/     M anipulation  |                                                 |
\*---------------------------------------------------------------------------*/
FoamFile
{
    version     2.0;
    format      ascii;
    arch        "LSB;label=32;scalar=64";
    class       volVectorField;
    location    "0.7";
    object      U;
}
// * * * * * * * * * * * * * * * * * * * * * * * * * * * * * * * * * * * * * //

dimensions      [0 1 -1 0 0 0 0];

internalField   nonuniform List<vector> 
2268
(
(-0.0202561 0.00924658 0)
(-0.0652783 0.010853 0)
(-0.102325 0.00726368 0)
(-0.123514 0.00447801 0)
(-0.138344 0.0017794 0)
(-0.136888 -0.00229678 0)
(-0.115946 -0.00652058 0)
(-0.0815356 -0.00804431 0)
(-0.0485409 -0.00619727 0)
(-0.0278617 -0.00301074 0)
(-0.02034 0.00034728 0)
(-0.0255155 0.0031239 0)
(-0.0387618 0.0050019 0)
(-0.0570394 0.00652329 0)
(-0.0797662 0.00851302 0)
(-0.109758 0.00927279 0)
(-0.143338 0.00381242 0)
(-0.160283 -0.000474264 0)
(-0.184045 0.0110085 0)
(-0.265824 0.0208368 0)
(-0.314782 0.00415618 0)
(-0.230147 -0.033829 0)
(-0.0810631 -0.0488595 0)
(-0.0328255 0.0313792 0)
(-0.076523 0.0289575 0)
(-0.103343 0.0182642 0)
(-0.122321 0.0126002 0)
(-0.13908 0.00609322 0)
(-0.141461 -0.00612039 0)
(-0.122106 -0.0201815 0)
(-0.0860884 -0.0257519 0)
(-0.0501851 -0.0199685 0)
(-0.0273946 -0.0100251 0)
(-0.0193578 -0.00133116 0)
(-0.0189417 0.00502878 0)
(-0.0235581 0.00944991 0)
(-0.0315479 0.0128453 0)
(-0.0427707 0.0171251 0)
(-0.0602613 0.0225369 0)
(-0.0922423 0.0240261 0)
(-0.136025 0.0228384 0)
(-0.196789 0.0329835 0)
(-0.260865 0.0342265 0)
(-0.247355 -0.00864326 0)
(-0.163645 -0.0864039 0)
(-0.0506752 -0.122036 0)
(-0.0299873 0.0542113 0)
(-0.0594318 0.0445153 0)
(-0.0848897 0.0283918 0)
(-0.109688 0.0225902 0)
(-0.134127 0.0130689 0)
(-0.140308 -0.00879407 0)
(-0.122915 -0.0346789 0)
(-0.090583 -0.0450037 0)
(-0.0566528 -0.0349478 0)
(-0.0334548 -0.0174177 0)
(-0.0250341 -0.00336471 0)
(-0.0264001 0.00565316 0)
(-0.0313773 0.0113298 0)
(-0.0361586 0.0151659 0)
(-0.0384354 0.0198212 0)
(-0.037148 0.0275687 0)
(-0.0387594 0.0367893 0)
(-0.0528422 0.0449403 0)
(-0.0831137 0.0530121 0)
(-0.115985 0.039744 0)
(-0.111235 -0.0266174 0)
(-0.0683976 -0.112621 0)
(-0.00661654 -0.159417 0)
(-0.0208371 0.0712613 0)
(-0.0350223 0.0574954 0)
(-0.058504 0.0391587 0)
(-0.0826474 0.0340823 0)
(-0.104404 0.0211288 0)
(-0.105373 -0.0105538 0)
(-0.0903661 -0.0466736 0)
(-0.0733226 -0.0601194 0)
(-0.0559806 -0.0473169 0)
(-0.041076 -0.0240871 0)
(-0.0344105 -0.00472357 0)
(-0.0361952 0.00747149 0)
(-0.0420515 0.0139698 0)
(-0.0474121 0.0169356 0)
(-0.0488885 0.0192969 0)
(-0.0438062 0.0247678 0)
(-0.0319743 0.0340374 0)
(-0.0130229 0.0466535 0)
(0.000863487 0.0574947 0)
(0.0225377 0.0454144 0)
(0.0332048 -0.019298 0)
(0.0267379 -0.109303 0)
(0.0325073 -0.155763 0)
(-0.00834187 0.080875 0)
(-0.00322818 0.0648799 0)
(-0.0165313 0.0496844 0)
(-0.03012 0.0438396 0)
(-0.0367339 0.0260245 0)
(-0.024585 -0.0128332 0)
(-0.0153729 -0.0501292 0)
(-0.0243291 -0.0623107 0)
(-0.0378666 -0.0492206 0)
(-0.0444094 -0.0257008 0)
(-0.0457772 -0.00519174 0)
(-0.0483397 0.00934447 0)
(-0.0534158 0.0167585 0)
(-0.0577749 0.0187075 0)
(-0.0577502 0.0185352 0)
(-0.052113 0.0204888 0)
(-0.0407927 0.0248765 0)
(-0.0160957 0.0331055 0)
(0.0187954 0.039888 0)
(0.0671263 0.0286084 0)
(0.0961189 -0.0209463 0)
(0.072567 -0.0990363 0)
(0.0567423 -0.131777 0)
(0.00593603 0.0764142 0)
(0.0332832 0.061571 0)
(0.0420198 0.0474451 0)
(0.0460465 0.0398658 0)
(0.0627737 0.0180791 0)
(0.086986 -0.0163506 0)
(0.08147 -0.0435317 0)
(0.0406888 -0.0498908 0)
(-0.00651756 -0.0372547 0)
(-0.039842 -0.0184985 0)
(-0.0557003 -0.00193119 0)
(-0.0615814 0.0113474 0)
(-0.0661036 0.0181146 0)
(-0.068651 0.0184437 0)
(-0.0656663 0.016037 0)
(-0.0573387 0.0159747 0)
(-0.0459366 0.0171083 0)
(-0.026965 0.0191436 0)
(0.00326344 0.0164737 0)
(0.0452179 0.00275239 0)
(0.0873469 -0.0275609 0)
(0.0663243 -0.087385 0)
(0.0656304 -0.108785 0)
(0.0166655 0.0649752 0)
(0.0626022 0.0596664 0)
(0.104602 0.0502407 0)
(0.145321 0.0395106 0)
(0.185531 0.0160097 0)
(0.198811 -0.0104137 0)
(0.159481 -0.0249407 0)
(0.0859097 -0.0253695 0)
(0.0178112 -0.01479 0)
(-0.0312065 -0.00442157 0)
(-0.0606337 0.0045854 0)
(-0.0736313 0.0151564 0)
(-0.0796876 0.0212452 0)
(-0.0806301 0.019873 0)
(-0.0739116 0.0139396 0)
(-0.0615797 0.0111288 0)
(-0.0479783 0.00983995 0)
(-0.0310924 0.00827718 0)
(-0.00796263 0.000936526 0)
(0.0161702 -0.0159298 0)
(0.0532527 -0.037325 0)
(0.0418025 -0.082678 0)
(0.0623518 -0.0840561 0)
(0.0272482 0.0274735 0)
(0.119326 0.0114896 0)
(0.191852 -0.000697062 0)
(0.238003 -0.00647964 0)
(0.252055 -0.00961852 0)
(0.222774 -0.00455592 0)
(0.151639 0.00749278 0)
(0.0706017 0.0148716 0)
(0.0107303 0.0205503 0)
(-0.0292534 0.0210676 0)
(-0.057126 0.0185861 0)
(-0.0757275 0.0200686 0)
(-0.0883534 0.0194996 0)
(-0.0922751 0.0136208 0)
(-0.0841014 0.00534381 0)
(-0.0680855 0.00349353 0)
(-0.0517262 0.00381148 0)
(-0.0340104 0.00157263 0)
(-0.0127681 -0.00635944 0)
(0.00532644 -0.0245655 0)
(0.0258874 -0.042278 0)
(0.0248104 -0.0801573 0)
(0.0496593 -0.049583 0)
(-0.237444 0.0685821 0)
(-0.511559 0.0504492 0)
(-0.570199 -0.0199517 0)
(-0.418596 -0.0500249 0)
(-0.274562 -0.0400914 0)
(-0.179153 -0.0367321 0)
(0.0207201 -0.0947621 0)
(0.330012 -0.0492137 0)
(0.26481 0.0270699 0)
(-0.442752 0.185711 0)
(-1.09945 0.175156 0)
(-1.43891 0.0827181 0)
(-1.50892 0.0188274 0)
(-1.4443 -0.00629424 0)
(-1.32973 -0.0146016 0)
(-1.11169 -0.0397891 0)
(-0.769022 -0.0999276 0)
(-0.31904 -0.148645 0)
(0.317402 0.00908035 0)
(-0.380371 0.215172 0)
(-0.495552 0.127015 0)
(-0.375665 -0.0395964 0)
(-0.262022 -0.0955941 0)
(-0.124401 -0.0849781 0)
(-0.0450954 -0.0843548 0)
(0.142529 -0.193932 0)
(0.262038 -0.040794 0)
(-0.345611 0.32181 0)
(-1.31374 0.414854 0)
(-1.77609 0.232709 0)
(-1.82386 0.048773 0)
(-1.76996 -0.0357743 0)
(-1.7078 -0.077814 0)
(-1.57647 -0.107899 0)
(-1.36881 -0.165631 0)
(-1.03136 -0.277277 0)
(-0.554793 -0.330628 0)
(0.0185534 -0.00842324 0)
(-0.356195 0.341923 0)
(-0.261315 0.138641 0)
(-0.177544 -0.111131 0)
(-0.0549438 -0.163367 0)
(0.0594689 -0.128974 0)
(0.0577364 -0.114035 0)
(0.115598 -0.199977 0)
(-0.221371 0.247577 0)
(-1.05654 0.633156 0)
(-1.82476 0.599694 0)
(-2.08627 0.310411 0)
(-2.2237 0.0709012 0)
(-2.24137 -0.0624262 0)
(-2.12183 -0.146233 0)
(-1.95443 -0.226925 0)
(-1.69749 -0.347904 0)
(-1.2747 -0.5284 0)
(-0.729999 -0.588693 0)
(-0.205053 -0.178386 0)
(-0.273061 0.43688 0)
(0.019293 0.111355 0)
(0.051813 -0.133499 0)
(0.157008 -0.210073 0)
(0.231534 -0.141021 0)
(0.140569 -0.0810701 0)
(0.0190793 -0.0957169 0)
(-0.551589 0.49802 0)
(-1.42345 0.929281 0)
(-1.96456 0.818898 0)
(-2.02218 0.485791 0)
(-2.20734 0.14501 0)
(-2.10661 -0.0600748 0)
(-1.9426 -0.180614 0)
(-1.88342 -0.271461 0)
(-1.85038 -0.437731 0)
(-1.46094 -0.729832 0)
(-0.783175 -0.902412 0)
(-0.246376 -0.406965 0)
(-0.150913 0.470107 0)
(0.192009 0.0582399 0)
(0.275882 -0.17864 0)
(0.365369 -0.242995 0)
(0.397 -0.127887 0)
(0.207277 0.00996684 0)
(-0.0682709 0.0951633 0)
(-0.77865 0.793934 0)
(-1.57101 1.21616 0)
(-1.87102 0.949822 0)
(-1.8167 0.629351 0)
(-1.95701 0.2121 0)
(-1.67029 -0.140623 0)
(-1.25621 -0.215691 0)
(-0.846517 -0.223703 0)
(-1.30121 -0.345331 0)
(-1.38136 -0.791834 0)
(-0.731073 -1.20815 0)
(-0.180253 -0.641477 0)
(0.0398258 0.395362 0)
(0.336781 0.0313549 0)
(0.462674 -0.220316 0)
(0.552058 -0.267977 0)
(0.550045 -0.0842459 0)
(0.280333 0.14774 0)
(-0.0694875 0.314222 0)
(-0.855369 1.07068 0)
(-1.49432 1.44212 0)
(-1.61064 0.990525 0)
(-1.48212 0.663121 0)
(-1.48115 0.0665656 0)
(-1.04143 -0.332391 0)
(-0.429336 -0.484738 0)
(0.529629 -0.39819 0)
(0.439837 -0.0227374 0)
(-0.65377 -0.696531 0)
(-0.616486 -1.43503 0)
(-0.0840034 -0.864407 0)
(0.179702 0.248433 0)
(0.42105 -0.0357778 0)
(0.601482 -0.277476 0)
(0.679977 -0.315868 0)
(0.650737 -0.0144526 0)
(0.352518 0.313548 0)
(-0.00369487 0.519474 0)
(-0.774436 1.28262 0)
(-1.04797 1.58242 0)
(-1.14441 1.03515 0)
(-1.09413 0.62249 0)
(-1.05967 -0.107315 0)
(-0.564771 -0.539283 0)
(0.0860021 -0.808924 0)
(0.602026 -0.922138 0)
(1.80965 0.0262969 0)
(0.8757 0.203831 0)
(-0.457615 -1.45175 0)
(-0.00510002 -1.06491 0)
(0.144134 0.0670941 0)
(0.48086 -0.138445 0)
(0.673899 -0.351099 0)
(0.635267 -0.350847 0)
(0.592235 -0.0441835 0)
(0.331415 0.39155 0)
(0.079147 0.680753 0)
(-0.63946 1.41087 0)
(-0.460007 1.70521 0)
(-0.633996 1.09748 0)
(-0.845455 0.564286 0)
(-0.754424 -0.270855 0)
(-0.171699 -0.792495 0)
(0.411617 -1.07683 0)
(0.735595 -1.17374 0)
(1.14433 -0.640053 0)
(2.17051 0.64029 0)
(-0.203149 -1.04987 0)
(0.0408572 -1.2001 0)
(0.037019 -0.027679 0)
(0.0319613 -0.0391114 0)
(0.00408076 -0.00663471 0)
(-0.0389672 0.0255198 0)
(-0.0537784 0.0456778 0)
(-0.0511329 0.0550552 0)
(-0.0558099 0.0479191 0)
(-0.061506 0.0355162 0)
(-0.0643366 0.0294088 0)
(-0.0647919 0.0257909 0)
(-0.0657651 0.0269023 0)
(-0.0730149 0.036742 0)
(-0.0860545 0.0386556 0)
(-0.0934385 0.0251786 0)
(-0.0813651 -0.000197676 0)
(-0.0632035 -0.00938833 0)
(-0.0504258 -0.0141062 0)
(-0.0374838 -0.0182884 0)
(-0.0206105 -0.0255937 0)
(-0.00204354 -0.0402 0)
(0.0137515 -0.0563502 0)
(0.0283517 -0.0922584 0)
(0.0492707 -0.0787042 0)
(-0.653555 0.106691 0)
(-0.664911 0.087315 0)
(-0.573243 0.060372 0)
(-0.459609 0.0212294 0)
(-0.385922 -0.0142654 0)
(-0.368996 -0.00987156 0)
(-0.373782 0.016309 0)
(-0.359374 0.0294382 0)
(-0.321718 0.027655 0)
(-0.264705 0.0237487 0)
(-0.19465 0.0253438 0)
(-0.13685 0.0321387 0)
(-0.106013 0.032101 0)
(-0.0759756 0.00909166 0)
(-0.0422197 -0.0214569 0)
(-0.0313882 -0.0209225 0)
(-0.0291329 -0.0164747 0)
(-0.0207025 -0.0242941 0)
(0.00419988 -0.0361969 0)
(0.0135097 -0.0478902 0)
(0.0197703 -0.072202 0)
(0.0286081 -0.106218 0)
(0.0556773 -0.124435 0)
(-0.369434 0.710579 0)
(-0.398132 0.131436 0)
(-0.606503 -0.191303 0)
(-0.87405 -0.0974126 0)
(-1.075 -0.0107963 0)
(-1.22966 0.0353847 0)
(-1.29591 0.0377085 0)
(-1.2774 -0.0191994 0)
(-1.18813 -0.0959198 0)
(-0.960656 -0.130178 0)
(-0.701377 -0.101344 0)
(-0.490998 -0.0450836 0)
(-0.398203 -0.0296439 0)
(-0.369885 -0.036134 0)
(-0.334153 -0.0361532 0)
(-0.245395 -0.0215591 0)
(-0.160156 -0.0147891 0)
(-0.114207 -0.0266688 0)
(-0.0744037 -0.0343309 0)
(-0.0365224 -0.0332824 0)
(-0.0339121 -0.0531802 0)
(-0.0377351 -0.106018 0)
(-0.0285353 -0.143781 0)
(-0.0663148 1.03953 0)
(-0.144507 0.477195 0)
(-0.361579 0.307487 0)
(-0.589579 0.281506 0)
(-0.718348 0.227281 0)
(-0.811572 0.165412 0)
(-0.845193 0.0688592 0)
(-0.910774 -0.0553045 0)
(-1.08441 -0.183468 0)
(-1.31982 -0.313278 0)
(-1.58018 -0.344866 0)
(-1.82782 -0.16696 0)
(-2.02403 -0.0460879 0)
(-2.12469 -0.0924836 0)
(-2.07163 -0.212374 0)
(-1.84359 -0.263205 0)
(-1.49157 -0.232256 0)
(-1.27019 -0.242277 0)
(-1.04229 -0.207494 0)
(-0.776302 -0.149709 0)
(-0.629246 -0.129184 0)
(-0.597294 -0.13928 0)
(-0.683527 -0.0884914 0)
(0.115128 0.950923 0)
(0.0958783 0.707844 0)
(-0.0697376 0.413791 0)
(-0.160893 0.306549 0)
(-0.185166 0.286297 0)
(-0.247419 0.241885 0)
(-0.236605 0.145013 0)
(-0.224842 0.134067 0)
(-0.288459 0.228954 0)
(-0.494966 0.265826 0)
(-0.785429 0.212095 0)
(-1.02975 0.204843 0)
(-1.23022 0.160451 0)
(-1.43396 0.0102611 0)
(-1.66307 -0.192481 0)
(-1.79587 -0.396416 0)
(-1.81994 -0.509846 0)
(-1.73934 -0.449436 0)
(-1.57226 -0.332163 0)
(-1.46858 -0.214831 0)
(-1.55179 -0.0953314 0)
(-1.82611 0.0586676 0)
(-1.91563 0.0233699 0)
(0.100354 0.706271 0)
(0.198274 0.723861 0)
(0.136409 0.489127 0)
(0.0977908 0.324763 0)
(0.0767506 0.288878 0)
(0.0279453 0.272526 0)
(-0.0228915 0.152739 0)
(-0.125751 0.0829956 0)
(-0.191883 0.137253 0)
(-0.225568 0.251969 0)
(-0.325239 0.3194 0)
(-0.459695 0.366568 0)
(-0.603884 0.41396 0)
(-0.821299 0.375208 0)
(-1.21934 0.18212 0)
(-1.63303 -0.245661 0)
(-1.71761 -0.425474 0)
(-1.76066 -0.459157 0)
(-1.88028 -0.392875 0)
(-1.83834 -0.213343 0)
(-1.66952 -0.129966 0)
(-1.43209 -0.183031 0)
(-1.23193 -0.245013 0)
(0.0100209 0.577363 0)
(0.160306 0.634982 0)
(0.188276 0.507066 0)
(0.174231 0.377347 0)
(0.112435 0.332745 0)
(0.0770064 0.318456 0)
(0.0242839 0.245853 0)
(-0.0846094 0.219053 0)
(-0.179122 0.243168 0)
(-0.216029 0.3063 0)
(-0.229175 0.381883 0)
(-0.265812 0.445978 0)
(-0.308642 0.508319 0)
(-0.342764 0.550406 0)
(-0.461982 0.474556 0)
(-0.652832 0.175539 0)
(-0.642207 -0.337252 0)
(-0.93761 -0.397391 0)
(-1.27325 -0.340961 0)
(-1.28105 -0.218411 0)
(-1.15329 -0.110098 0)
(-1.03288 -0.104174 0)
(-0.890511 -0.156114 0)
(-0.02872 0.546942 0)
(0.0817895 0.53227 0)
(0.138447 0.487118 0)
(0.135728 0.409773 0)
(0.0737867 0.37605 0)
(0.0495497 0.363296 0)
(0.00502092 0.327402 0)
(-0.0744145 0.314979 0)
(-0.154194 0.317184 0)
(-0.209756 0.345689 0)
(-0.226996 0.402824 0)
(-0.231018 0.469644 0)
(-0.229279 0.519338 0)
(-0.205046 0.546821 0)
(-0.193107 0.487447 0)
(-0.286891 0.203984 0)
(-0.521368 -0.0662157 0)
(-0.855074 -0.0589043 0)
(-1.2391 -0.163368 0)
(-1.48871 -0.398371 0)
(-1.39089 -0.627646 0)
(-1.14491 -0.515318 0)
(-0.916581 -0.396371 0)
(-0.0204074 0.537407 0)
(0.0336831 0.464852 0)
(0.0724973 0.467478 0)
(0.0726965 0.430211 0)
(0.0356607 0.409149 0)
(0.0191698 0.396112 0)
(-0.0176604 0.38148 0)
(-0.068775 0.374859 0)
(-0.123005 0.368761 0)
(-0.171491 0.377259 0)
(-0.19931 0.410858 0)
(-0.204198 0.462371 0)
(-0.194683 0.503227 0)
(-0.177297 0.515911 0)
(-0.163048 0.478674 0)
(-0.204751 0.343505 0)
(-0.349889 0.225197 0)
(-0.53739 0.257352 0)
(-0.770788 0.243863 0)
(-1.04795 0.0220688 0)
(-1.34467 -0.393558 0)
(-1.56462 -0.761342 0)
(-1.45146 -0.72331 0)
(-0.00859784 0.532344 0)
(0.0136616 0.433173 0)
(0.0313009 0.456849 0)
(0.0328054 0.443577 0)
(0.0142483 0.43176 0)
(0.00189921 0.42048 0)
(-0.0235685 0.41708 0)
(-0.053418 0.41701 0)
(-0.0879291 0.414607 0)
(-0.12382 0.416243 0)
(-0.152556 0.430526 0)
(-0.164163 0.458779 0)
(-0.159092 0.487435 0)
(-0.151807 0.500646 0)
(-0.154899 0.488195 0)
(-0.188761 0.431688 0)
(-0.278896 0.37035 0)
(-0.387909 0.3866 0)
(-0.50297 0.418199 0)
(-0.693707 0.306911 0)
(-1.03254 -0.00878361 0)
(-1.33584 -0.455896 0)
(-1.41351 -0.767336 0)
(-0.00573566 0.531377 0)
(0.00466295 0.420767 0)
(0.0124946 0.450933 0)
(0.015082 0.449628 0)
(0.00502209 0.443618 0)
(-0.00389105 0.437186 0)
(-0.0192205 0.438964 0)
(-0.0357503 0.442989 0)
(-0.056664 0.444979 0)
(-0.0808016 0.446253 0)
(-0.103941 0.451892 0)
(-0.119416 0.465842 0)
(-0.124333 0.485109 0)
(-0.127227 0.501653 0)
(-0.139689 0.506834 0)
(-0.172058 0.488775 0)
(-0.237235 0.459581 0)
(-0.320483 0.469018 0)
(-0.398257 0.528331 0)
(-0.538728 0.524848 0)
(-0.875982 0.245695 0)
(-1.19849 -0.246931 0)
(-1.35799 -0.615317 0)
(-0.00608367 0.533233 0)
(0.00052317 0.4151 0)
(0.00446644 0.446517 0)
(0.0073835 0.452086 0)
(0.00153941 0.449735 0)
(-0.00421602 0.447257 0)
(-0.0132724 0.450777 0)
(-0.022425 0.456542 0)
(-0.0340667 0.461328 0)
(-0.0485173 0.464562 0)
(-0.0646388 0.469066 0)
(-0.080104 0.478489 0)
(-0.0927688 0.494245 0)
(-0.104954 0.513575 0)
(-0.122584 0.52955 0)
(-0.15184 0.532707 0)
(-0.20142 0.526306 0)
(-0.27009 0.541565 0)
(-0.339056 0.62753 0)
(-0.436413 0.742281 0)
(-0.728586 0.585672 0)
(-1.17017 0.0238654 0)
(-1.46403 -0.527124 0)
(-0.00557018 0.536228 0)
(-0.000777462 0.41149 0)
(0.00141975 0.443049 0)
(0.00396756 0.453519 0)
(0.00062302 0.453677 0)
(-0.00286243 0.453329 0)
(-0.00825867 0.457306 0)
(-0.0133706 0.463742 0)
(-0.0194202 0.470413 0)
(-0.0275349 0.476241 0)
(-0.0383887 0.482823 0)
(-0.0517061 0.493012 0)
(-0.0663409 0.509062 0)
(-0.0820914 0.530425 0)
(-0.100723 0.552408 0)
(-0.125844 0.568314 0)
(-0.163686 0.579217 0)
(-0.217367 0.60536 0)
(-0.276203 0.706752 0)
(-0.333809 0.907254 0)
(-0.524567 0.940947 0)
(-0.899392 0.489919 0)
(-1.27028 -0.221372 0)
(-0.0039103 0.538898 0)
(-0.000572154 0.409198 0)
(0.00095892 0.44046 0)
(0.00310099 0.454115 0)
(0.00146367 0.455973 0)
(-0.000429884 0.457046 0)
(-0.00353102 0.461312 0)
(-0.00644098 0.467925 0)
(-0.00966951 0.475685 0)
(-0.0143315 0.483811 0)
(-0.0215679 0.49325 0)
(-0.0316662 0.506053 0)
(-0.0439299 0.523958 0)
(-0.0575882 0.547059 0)
(-0.0728525 0.572584 0)
(-0.0923332 0.59643 0)
(-0.120564 0.620419 0)
(-0.160367 0.658937 0)
(-0.208757 0.764961 0)
(-0.24655 0.998447 0)
(-0.337813 1.19066 0)
(-0.656036 0.777022 0)
(-0.981291 0.150454 0)
(-0.00193949 0.540359 0)
(0.000450586 0.407538 0)
(0.00186236 0.438361 0)
(0.00388476 0.453871 0)
(0.00367582 0.456813 0)
(0.00307936 0.458974 0)
(0.00164127 0.463593 0)
(0.000132153 0.470282 0)
(-0.00157587 0.478643 0)
(-0.0041411 0.488399 0)
(-0.00843933 0.500242 0)
(-0.0147521 0.515375 0)
(-0.0225831 0.534919 0)
(-0.0312272 0.559287 0)
(-0.0405869 0.587382 0)
(-0.0528421 0.616821 0)
(-0.0717026 0.650113 0)
(-0.0973841 0.700821 0)
(-0.129107 0.808918 0)
(-0.155301 1.03953 0)
(-0.176142 1.34057 0)
(-0.403265 1.12481 0)
(-0.792141 0.351932 0)
(-0.000218433 0.540319 0)
(0.00186732 0.405874 0)
(0.00352979 0.4363 0)
(0.00573317 0.452893 0)
(0.00675276 0.456485 0)
(0.00739815 0.459407 0)
(0.00747065 0.464411 0)
(0.00733378 0.471269 0)
(0.00698421 0.479989 0)
(0.00629762 0.490707 0)
(0.00484777 0.50391 0)
(0.00243798 0.520289 0)
(-0.000477938 0.54056 0)
(-0.00334526 0.565352 0)
(-0.00600609 0.594952 0)
(-0.00979823 0.628353 0)
(-0.0176851 0.667156 0)
(-0.0278148 0.724779 0)
(-0.0327783 0.832536 0)
(-0.0308205 1.03993 0)
(0.0189478 1.3845 0)
(-0.0152176 1.45271 0)
(-0.412385 0.683008 0)
(0.00108997 0.538705 0)
(0.003428 0.404043 0)
(0.00556193 0.433952 0)
(0.00820013 0.451104 0)
(0.0103336 0.45506 0)
(0.0122141 0.458442 0)
(0.0137909 0.463746 0)
(0.0152105 0.470769 0)
(0.0165641 0.479635 0)
(0.0179523 0.490694 0)
(0.0193427 0.504247 0)
(0.0207694 0.520803 0)
(0.0225813 0.540901 0)
(0.0252516 0.565227 0)
(0.0290613 0.594721 0)
(0.033951 0.629685 0)
(0.0384179 0.670349 0)
(0.0438867 0.725818 0)
(0.0628335 0.822238 0)
(0.106106 0.992605 0)
(0.214777 1.29594 0)
(0.361109 1.54495 0)
(0.255187 1.1712 0)
(0.00204673 0.535695 0)
(0.00495751 0.401807 0)
(0.00764514 0.431046 0)
(0.0109518 0.448412 0)
(0.0141358 0.452501 0)
(0.0172314 0.456078 0)
(0.0202812 0.461479 0)
(0.0233733 0.468519 0)
(0.0266597 0.477275 0)
(0.0303037 0.488114 0)
(0.034485 0.501315 0)
(0.0394309 0.517252 0)
(0.0455035 0.536373 0)
(0.0531947 0.559325 0)
(0.0630176 0.587099 0)
(0.0757295 0.620591 0)
(0.0914841 0.659635 0)
(0.11115 0.70772 0)
(0.144612 0.781492 0)
(0.213403 0.904627 0)
(0.342208 1.11923 0)
(0.588127 1.37844 0)
(0.721519 1.32932 0)
(0.00273441 0.531512 0)
(0.00636725 0.398987 0)
(0.00963525 0.427447 0)
(0.0137635 0.444793 0)
(0.0179554 0.448836 0)
(0.022216 0.452389 0)
(0.0266539 0.457635 0)
(0.0313536 0.464441 0)
(0.0365409 0.472794 0)
(0.0424182 0.482986 0)
(0.0492011 0.495287 0)
(0.0572299 0.509987 0)
(0.0669363 0.527457 0)
(0.0789715 0.548199 0)
(0.094031 0.572945 0)
(0.113114 0.602409 0)
(0.137489 0.636675 0)
(0.168357 0.676244 0)
(0.21029 0.726957 0)
(0.283792 0.802482 0)
(0.402953 0.924395 0)
(0.645614 1.10204 0)
(0.884652 1.14836 0)
(0.00324401 0.526341 0)
(0.00763849 0.395546 0)
(0.0114661 0.423086 0)
(0.0164762 0.440249 0)
(0.0216197 0.444107 0)
(0.0269556 0.447449 0)
(0.0326415 0.452342 0)
(0.0388137 0.458646 0)
(0.0456896 0.466324 0)
(0.0535302 0.475552 0)
(0.0625713 0.486557 0)
(0.0731954 0.499556 0)
(0.085893 0.514816 0)
(0.101388 0.532678 0)
(0.120502 0.553486 0)
(0.144263 0.577577 0)
(0.174245 0.60505 0)
(0.212203 0.635569 0)
(0.259852 0.669185 0)
(0.328783 0.709493 0)
(0.428679 0.761663 0)
(0.610085 0.847891 0)
(0.844999 0.87742 0)
(0.00365454 0.520301 0)
(0.00876957 0.391525 0)
(0.0130987 0.417949 0)
(0.0189782 0.434807 0)
(0.0249857 0.438394 0)
(0.031305 0.44137 0)
(0.0380816 0.445778 0)
(0.0455145 0.451386 0)
(0.0538146 0.458156 0)
(0.0632744 0.466183 0)
(0.0741409 0.475636 0)
(0.0868053 0.48664 0)
(0.101795 0.499319 0)
(0.119808 0.513846 0)
(0.141668 0.530285 0)
(0.168389 0.548634 0)
(0.201304 0.56873 0)
(0.242248 0.589903 0)
(0.292582 0.610782 0)
(0.356548 0.63008 0)
(0.439658 0.64385 0)
(0.561019 0.664017 0)
(0.733997 0.656394 0)
(0.00401089 0.513503 0)
(0.00975528 0.386994 0)
(0.0145146 0.412098 0)
(0.0212058 0.428551 0)
(0.0279592 0.43181 0)
(0.0351387 0.434313 0)
(0.0428483 0.438113 0)
(0.0513165 0.442893 0)
(0.0607549 0.448608 0)
(0.0714742 0.455267 0)
(0.0837371 0.463002 0)
(0.0978934 0.471836 0)
(0.11447 0.481776 0)
(0.134106 0.492828 0)
(0.157519 0.50488 0)
(0.185629 0.517677 0)
(0.219442 0.530769 0)
(0.260397 0.543292 0)
(0.309886 0.553747 0)
(0.369209 0.55998 0)
(0.440699 0.556945 0)
(0.526648 0.544693 0)
(0.64062 0.512296 0)
(0.00433305 0.50605 0)
(0.0105892 0.382025 0)
(0.0157147 0.405621 0)
(0.0231157 0.421601 0)
(0.030486 0.424473 0)
(0.0383705 0.426456 0)
(0.0468399 0.429552 0)
(0.0561321 0.433429 0)
(0.0664403 0.437991 0)
(0.0780762 0.44322 0)
(0.0913138 0.449165 0)
(0.106446 0.455775 0)
(0.123972 0.462983 0)
(0.144444 0.470657 0)
(0.168433 0.478565 0)
(0.196684 0.486311 0)
(0.229959 0.493272 0)
(0.269223 0.498508 0)
(0.315525 0.500571 0)
(0.369327 0.497485 0)
(0.431613 0.485919 0)
(0.500104 0.462211 0)
(0.578943 0.420874 0)
(0.00463517 0.498041 0)
(0.011274 0.376681 0)
(0.0167122 0.398613 0)
(0.0246902 0.414071 0)
(0.0325459 0.416513 0)
(0.0409777 0.417948 0)
(0.0500211 0.420297 0)
(0.059914 0.423235 0)
(0.0708418 0.4266 0)
(0.0830912 0.430394 0)
(0.0969093 0.434555 0)
(0.112559 0.439003 0)
(0.130479 0.443614 0)
(0.151125 0.448161 0)
(0.174934 0.452335 0)
(0.202463 0.455678 0)
(0.234248 0.457526 0)
(0.270885 0.456931 0)
(0.312977 0.45258 0)
(0.360578 0.442728 0)
(0.413996 0.42523 0)
(0.471122 0.397004 0)
(0.531083 0.354077 0)
(0.0049199 0.489579 0)
(0.0118166 0.37103 0)
(0.0175181 0.391195 0)
(0.0259353 0.406084 0)
(0.0341335 0.40808 0)
(0.0429631 0.408939 0)
(0.0523967 0.410533 0)
(0.0626751 0.412516 0)
(0.073986 0.414713 0)
(0.0865636 0.417093 0)
(0.100621 0.419543 0)
(0.116407 0.421967 0)
(0.134273 0.424195 0)
(0.154578 0.425954 0)
(0.177647 0.426891 0)
(0.203869 0.42653 0)
(0.23358 0.424218 0)
(0.267104 0.419097 0)
(0.304692 0.410026 0)
(0.346136 0.395566 0)
(0.39126 0.374157 0)
(0.438538 0.343748 0)
(0.486067 0.301514 0)
(0.00517618 0.480754 0)
(0.0122378 0.36515 0)
(0.0181405 0.383488 0)
(0.0268634 0.39779 0)
(0.0352653 0.399338 0)
(0.0443518 0.399623 0)
(0.0540044 0.400468 0)
(0.0644777 0.401527 0)
(0.0759473 0.40261 0)
(0.088595 0.403641 0)
(0.102608 0.404511 0)
(0.118212 0.405088 0)
(0.135671 0.405185 0)
(0.155259 0.404512 0)
(0.177201 0.402704 0)
(0.201741 0.399307 0)
(0.22907 0.393703 0)
(0.259314 0.385177 0)
(0.292497 0.372769 0)
(0.328279 0.355369 0)
(0.366216 0.331832 0)
(0.40506 0.30082 0)
(0.443015 0.260363 0)
(0.00540198 0.471614 0)
(0.0125733 0.359128 0)
(0.0185751 0.375578 0)
(0.0274982 0.389318 0)
(0.0359771 0.390429 0)
(0.045188 0.390159 0)
(0.0549106 0.390286 0)
(0.0654119 0.390476 0)
(0.0768361 0.390517 0)
(0.0893361 0.390309 0)
(0.10307 0.389744 0)
(0.118227 0.388677 0)
(0.135007 0.386907 0)
(0.153605 0.384158 0)
(0.174172 0.380072 0)
(0.19683 0.37424 0)
(0.22167 0.366115 0)
(0.248685 0.355101 0)
(0.277752 0.34043 0)
(0.308473 0.321252 0)
(0.340323 0.296741 0)
(0.372259 0.26605 0)
(0.40273 0.227822 0)
(0.00561836 0.462182 0)
(0.0128618 0.353059 0)
(0.0187947 0.367532 0)
(0.0278624 0.380762 0)
(0.036294 0.381445 0)
(0.0455213 0.380653 0)
(0.0551867 0.380118 0)
(0.0655715 0.379506 0)
(0.0767869 0.378595 0)
(0.0889591 0.377279 0)
(0.102225 0.37544 0)
(0.116737 0.372941 0)
(0.132642 0.369575 0)
(0.150065 0.365094 0)
(0.169107 0.359164 0)
(0.189807 0.351419 0)
(0.212168 0.341407 0)
(0.236103 0.328626 0)
(0.261416 0.312489 0)
(0.287684 0.292339 0)
(0.314377 0.267576 0)
(0.340645 0.237684 0)
(0.365215 0.201765 0)
(0.00587161 0.452472 0)
(0.0131452 0.347096 0)
(0.0187554 0.359453 0)
(0.0279613 0.372216 0)
(0.0362263 0.372484 0)
(0.0453928 0.371225 0)
(0.0548931 0.370093 0)
(0.0650435 0.368761 0)
(0.075927 0.367004 0)
(0.0876401 0.364713 0)
(0.100306 0.361775 0)
(0.11404 0.358053 0)
(0.128943 0.353353 0)
(0.145094 0.347447 0)
(0.162542 0.340052 0)
(0.181281 0.330837 0)
(0.201253 0.319441 0)
(0.222325 0.305457 0)
(0.244268 0.288443 0)
(0.266659 0.267894 0)
(0.288999 0.24337 0)
(0.310587 0.214559 0)
(0.330393 0.180905 0)
(0.00622515 0.442443 0)
(0.0134659 0.341471 0)
(0.018447 0.351486 0)
(0.0277904 0.363761 0)
(0.035781 0.36365 0)
(0.0448256 0.361997 0)
(0.0540655 0.360335 0)
(0.0638887 0.35837 0)
(0.0743481 0.355874 0)
(0.0855215 0.352739 0)
(0.0975104 0.348867 0)
(0.110396 0.344117 0)
(0.124242 0.338321 0)
(0.139097 0.331266 0)
(0.154971 0.322725 0)
(0.171828 0.312412 0)
(0.189572 0.300037 0)
(0.20805 0.285282 0)
(0.227019 0.267817 0)
(0.246092 0.247269 0)
(0.264808 0.223312 0)
(0.282571 0.195748 0)
(0.298539 0.164272 0)
(0.00671386 0.431984 0)
(0.0138271 0.336373 0)
(0.0179432 0.343785 0)
(0.0273451 0.355467 0)
(0.0349619 0.355022 0)
(0.043818 0.353046 0)
(0.0526996 0.350917 0)
(0.0621202 0.348399 0)
(0.072087 0.345266 0)
(0.0826694 0.341412 0)
(0.0939431 0.336753 0)
(0.105963 0.331154 0)
(0.118761 0.324469 0)
(0.132364 0.316514 0)
(0.146755 0.307097 0)
(0.161877 0.295983 0)
(0.177621 0.282946 0)
(0.193824 0.267741 0)
(0.210252 0.250124 0)
(0.226565 0.229835 0)
(0.24236 0.206636 0)
(0.257114 0.180394 0)
(0.270144 0.150978 0)
(0.00729817 0.421025 0)
(0.0141746 0.33185 0)
(0.0173393 0.336521 0)
(0.0266117 0.347422 0)
(0.0337546 0.346675 0)
(0.0423344 0.344433 0)
(0.0507488 0.341894 0)
(0.0596925 0.338893 0)
(0.0691034 0.335208 0)
(0.0790473 0.330746 0)
(0.0895811 0.325427 0)
(0.100734 0.319135 0)
(0.112519 0.311739 0)
(0.124944 0.303087 0)
(0.137973 0.293013 0)
(0.151544 0.281334 0)
(0.165544 0.267874 0)
(0.179811 0.25244 0)
(0.194134 0.234858 0)
(0.208233 0.214962 0)
(0.221775 0.192587 0)
(0.234306 0.167645 0)
(0.245288 0.140107 0)
(0.0078962 0.409611 0)
(0.0144448 0.327901 0)
(0.0166402 0.329881 0)
(0.0255596 0.339765 0)
(0.0321172 0.338726 0)
(0.0403062 0.336259 0)
(0.048128 0.333361 0)
(0.0565027 0.329931 0)
(0.0652748 0.325765 0)
(0.0745123 0.320782 0)
(0.0842578 0.314912 0)
(0.0945194 0.308052 0)
(0.105299 0.300089 0)
(0.116591 0.290894 0)
(0.128351 0.280327 0)
(0.140517 0.268252 0)
(0.152979 0.254521 0)
(0.165588 0.238991 0)
(0.178166 0.22154 0)
(0.190493 0.202066 0)
(0.202314 0.180469 0)
(0.213246 0.156694 0)
(0.222891 0.130764 0)
(0.00845405 0.39785 0)
(0.0146105 0.324546 0)
(0.0157913 0.324047 0)
(0.0241618 0.33266 0)
(0.0300008 0.331322 0)
(0.0376581 0.328666 0)
(0.0447432 0.325447 0)
(0.0524343 0.321639 0)
(0.0604548 0.31705 0)
(0.0688809 0.311618 0)
(0.0777429 0.30528 0)
(0.0870353 0.297948 0)
(0.096752 0.289522 0)
(0.10688 0.279894 0)
(0.117378 0.268947 0)
(0.128181 0.25658 0)
(0.139187 0.242669 0)
(0.150274 0.227115 0)
(0.161294 0.209823 0)
(0.172076 0.190732 0)
(0.182441 0.169788 0)
(0.192072 0.146968 0)
(0.200704 0.122316 0)
(0.00895613 0.385829 0)
(0.0146401 0.321813 0)
(0.0147843 0.319175 0)
(0.0224227 0.326267 0)
(0.0273915 0.324626 0)
(0.034362 0.321811 0)
(0.0405611 0.318303 0)
(0.0474451 0.314165 0)
(0.0545751 0.309206 0)
(0.0620549 0.303386 0)
(0.0699011 0.296651 0)
(0.0780978 0.288923 0)
(0.0866367 0.280114 0)
(0.0955013 0.270138 0)
(0.104654 0.258899 0)
(0.114028 0.246314 0)
(0.123535 0.232288 0)
(0.133075 0.216746 0)
(0.142528 0.199607 0)
(0.151759 0.180835 0)
(0.160648 0.160404 0)
(0.168934 0.138315 0)
(0.176467 0.114634 0)
(0.00936507 0.373672 0)
(0.0144395 0.319671 0)
(0.0136489 0.315365 0)
(0.0203843 0.320735 0)
(0.0243428 0.318795 0)
(0.0304871 0.315835 0)
(0.0356723 0.31207 0)
(0.0416393 0.307649 0)
(0.047748 0.302369 0)
(0.0541548 0.296222 0)
(0.0608568 0.289156 0)
(0.0678319 0.281105 0)
(0.0750751 0.271996 0)
(0.0825662 0.261757 0)
(0.0902658 0.250307 0)
(0.09811 0.237576 0)
(0.106024 0.22349 0)
(0.113922 0.207986 0)
(0.121709 0.190998 0)
(0.129279 0.172498 0)
(0.136549 0.152479 0)
(0.143299 0.13095 0)
(0.149476 0.108012 0)
(0.00960086 0.361657 0)
(0.0138874 0.318013 0)
(0.01237 0.31262 0)
(0.0181095 0.31618 0)
(0.0209706 0.313952 0)
(0.0261959 0.310834 0)
(0.0302957 0.30684 0)
(0.0352822 0.302177 0)
(0.0402832 0.296629 0)
(0.0455461 0.29022 0)
(0.0510343 0.282894 0)
(0.0567256 0.2746 0)
(0.0626188 0.265277 0)
(0.0686879 0.25486 0)
(0.0748903 0.243276 0)
(0.081168 0.230466 0)
(0.0874573 0.216371 0)
(0.0936881 0.200933 0)
(0.0997871 0.184107 0)
(0.105663 0.165865 0)
(0.111268 0.14621 0)
(0.116417 0.125134 0)
(0.121113 0.102799 0)
(0.00957342 0.350119 0)
(0.0129175 0.316741 0)
(0.0109159 0.310841 0)
(0.0156626 0.312612 0)
(0.0174175 0.31013 0)
(0.0217045 0.306816 0)
(0.0247246 0.302632 0)
(0.0287234 0.297755 0)
(0.0326098 0.291992 0)
(0.0367412 0.285384 0)
(0.0410306 0.277866 0)
(0.0454694 0.269402 0)
(0.0500548 0.259936 0)
(0.0547539 0.249408 0)
(0.059524 0.237753 0)
(0.0643165 0.224916 0)
(0.0690784 0.210852 0)
(0.0737622 0.19551 0)
(0.0783058 0.178858 0)
(0.0826365 0.16087 0)
(0.0867273 0.14155 0)
(0.0904182 0.120847 0)
(0.093765 0.099013 0)
(0.00919862 0.339434 0)
(0.0115181 0.315866 0)
(0.00930513 0.30994 0)
(0.0130971 0.310018 0)
(0.0138332 0.307346 0)
(0.0172231 0.303799 0)
(0.0192426 0.299452 0)
(0.0223027 0.294387 0)
(0.0251456 0.288459 0)
(0.028228 0.281698 0)
(0.0314116 0.274041 0)
(0.0347065 0.26546 0)
(0.0381042 0.255901 0)
(0.0415713 0.245305 0)
(0.0450689 0.233617 0)
(0.0485577 0.220791 0)
(0.0519972 0.206789 0)
(0.0553548 0.191571 0)
(0.0585792 0.175092 0)
(0.061621 0.157347 0)
(0.0644461 0.138305 0)
(0.0669263 0.117921 0)
(0.0691461 0.0964886 0)
(0.0083051 0.329934 0)
(0.00963934 0.315296 0)
(0.00757666 0.309783 0)
(0.0104378 0.308327 0)
(0.0103701 0.30554 0)
(0.0129285 0.301719 0)
(0.0140927 0.297242 0)
(0.0163101 0.292 0)
(0.0182297 0.285943 0)
(0.0203933 0.27906 0)
(0.0226155 0.271301 0)
(0.0249188 0.262632 0)
(0.0272899 0.253008 0)
(0.0297031 0.242373 0)
(0.0321267 0.230682 0)
(0.0345288 0.217888 0)
(0.0368778 0.203957 0)
(0.0391383 0.188858 0)
(0.0412726 0.172538 0)
(0.0432431 0.155002 0)
(0.0450114 0.13619 0)
(0.0464679 0.116087 0)
(0.0476898 0.0949619 0)
(0.00717559 0.322561 0)
(0.00772196 0.315117 0)
(0.00589936 0.310019 0)
(0.0078808 0.30737 0)
(0.0072311 0.304526 0)
(0.00906937 0.300448 0)
(0.00954507 0.295886 0)
(0.0110404 0.290501 0)
(0.0121941 0.284355 0)
(0.0135838 0.277399 0)
(0.0150003 0.269581 0)
(0.0164776 0.260864 0)
(0.017997 0.251208 0)
(0.019537 0.240563 0)
(0.0210643 0.228886 0)
(0.0225474 0.21614 0)
(0.0239727 0.202288 0)
(0.0252911 0.187298 0)
(0.0264753 0.171146 0)
(0.0274786 0.15381 0)
(0.0282701 0.13526 0)
(0.0287567 0.115453 0)
(0.0289881 0.0946113 0)
(0.00444446 0.315003 0)
(0.00430502 0.314963 0)
(0.00322822 0.310664 0)
(0.00414086 0.306942 0)
(0.00329709 0.30413 0)
(0.00420977 0.299613 0)
(0.00412509 0.295038 0)
(0.00477271 0.289439 0)
(0.00514118 0.283243 0)
(0.0056768 0.276211 0)
(0.0061982 0.268344 0)
(0.00675225 0.25959 0)
(0.00732216 0.249914 0)
(0.0078905 0.239279 0)
(0.00843419 0.227643 0)
(0.00893423 0.214973 0)
(0.00938062 0.201238 0)
(0.00974863 0.186396 0)
(0.0100307 0.170441 0)
(0.0101882 0.153326 0)
(0.0102286 0.135045 0)
(0.010094 0.115502 0)
(0.00985963 0.0948056 0)
(0.0928368 -0.0347991 0)
(0.136736 -0.0161652 0)
(0.185124 -0.0201333 0)
(0.232776 -0.0303616 0)
(0.0893494 -0.139658 0)
(0.116044 -0.161299 0)
(0.142466 -0.187123 0)
(0.17297 -0.207419 0)
(-0.0396271 -0.144138 0)
(-0.0925299 -0.125861 0)
(-0.160283 -0.134042 0)
(-0.245528 -0.181817 0)
(-0.814097 0.311599 0)
(-0.834361 0.342566 0)
(-0.536081 0.0600441 0)
(-0.253223 -0.532879 0)
(-1.669 -0.153953 0)
(-1.34908 -0.839132 0)
(-1.11793 -1.34219 0)
(-1.00638 -1.82688 0)
(-1.17342 -0.391164 0)
(-1.21624 -0.663779 0)
(-1.3347 -1.12894 0)
(-1.50308 -1.73899 0)
(-0.853587 -0.19854 0)
(-0.913359 -0.335965 0)
(-1.04935 -0.644004 0)
(-1.29791 -1.17016 0)
(-0.731655 -0.317749 0)
(-0.689582 -0.272912 0)
(-0.695467 -0.25158 0)
(-0.753692 -0.344604 0)
(-1.27146 -0.554047 0)
(-1.16266 -0.443823 0)
(-1.06061 -0.32786 0)
(-0.94602 -0.221874 0)
(-1.4317 -0.88358 0)
(-1.37322 -0.844373 0)
(-1.28161 -0.661752 0)
(-1.1371 -0.423944 0)
(-1.43009 -0.787049 0)
(-1.37916 -0.803261 0)
(-1.31374 -0.749709 0)
(-1.22808 -0.665338 0)
(-1.60844 -0.839578 0)
(-1.61464 -0.953582 0)
(-1.53169 -0.869641 0)
(-1.43397 -0.754689 0)
(-1.48158 -0.603567 0)
(-1.69895 -1.00062 0)
(-1.82065 -1.13758 0)
(-1.81187 -1.00075 0)
(-1.16464 -0.0288818 0)
(-1.35154 -0.30628 0)
(-1.59912 -0.838434 0)
(-1.81135 -1.068 0)
(-0.961939 0.165487 0)
(-1.07639 0.0559596 0)
(-1.2852 -0.154134 0)
(-1.55169 -0.331815 0)
(-0.667804 0.413633 0)
(-0.771641 0.35419 0)
(-0.937751 0.148399 0)
(-1.12104 -0.0270547 0)
(-0.0715696 0.736032 0)
(-0.219521 0.644561 0)
(-0.298788 0.582494 0)
(-0.479136 0.244276 0)
(0.691123 1.11197 0)
(0.496051 0.883247 0)
(0.432462 0.815711 0)
(0.386656 0.687403 0)
(1.03402 1.12862 0)
(1.06845 1.01566 0)
(1.04808 0.8564 0)
(1.03115 0.719719 0)
(1.02286 0.874101 0)
(1.13346 0.839986 0)
(1.22085 0.750754 0)
(1.289 0.628144 0)
(0.873304 0.630196 0)
(0.967591 0.595121 0)
(1.0557 0.536538 0)
(1.13712 0.460997 0)
(0.732159 0.475406 0)
(0.792965 0.43853 0)
(0.850216 0.388146 0)
(0.903501 0.330986 0)
(0.639645 0.382324 0)
(0.677891 0.34921 0)
(0.713355 0.308069 0)
(0.744902 0.26141 0)
(0.575431 0.316815 0)
(0.602348 0.287275 0)
(0.627281 0.252941 0)
(0.649663 0.214652 0)
(0.520363 0.266362 0)
(0.540742 0.239692 0)
(0.559641 0.209725 0)
(0.577062 0.177072 0)
(0.469908 0.227592 0)
(0.485564 0.203359 0)
(0.500051 0.176595 0)
(0.513515 0.147813 0)
(0.423988 0.197427 0)
(0.436114 0.175313 0)
(0.447299 0.151169 0)
(0.457633 0.125401 0)
(0.38211 0.173628 0)
(0.391553 0.153413 0)
(0.400193 0.131548 0)
(0.408051 0.108381 0)
(0.343804 0.154893 0)
(0.351127 0.136419 0)
(0.357723 0.116607 0)
(0.363563 0.0958208 0)
(0.309172 0.140247 0)
(0.314826 0.123377 0)
(0.319813 0.10544 0)
(0.324078 0.0868555 0)
(0.278695 0.128781 0)
(0.283135 0.113363 0)
(0.286989 0.0971213 0)
(0.290194 0.0805108 0)
(0.252457 0.11953 0)
(0.256154 0.105376 0)
(0.259375 0.0906096 0)
(0.262058 0.0756638 0)
(0.229242 0.111538 0)
(0.232579 0.0984307 0)
(0.235562 0.0848637 0)
(0.238124 0.0712259 0)
(0.206481 0.104142 0)
(0.209613 0.0918486 0)
(0.212495 0.0791991 0)
(0.215053 0.0665221 0)
(0.181569 0.0972404 0)
(0.184402 0.0855622 0)
(0.187055 0.0736041 0)
(0.189461 0.0615805 0)
(0.15366 0.0912104 0)
(0.156002 0.0800225 0)
(0.158212 0.0685819 0)
(0.160258 0.0569211 0)
(0.12426 0.0864897 0)
(0.126023 0.0757013 0)
(0.127706 0.0645806 0)
(0.129333 0.0530187 0)
(0.0959687 0.0831091 0)
(0.0972189 0.0725673 0)
(0.0984648 0.0615379 0)
(0.0997618 0.0499317 0)
(0.0705748 0.0808399 0)
(0.0714413 0.0703432 0)
(0.0723605 0.0592546 0)
(0.0733954 0.0476008 0)
(0.0484507 0.0793677 0)
(0.0489844 0.068752 0)
(0.0495479 0.0575707 0)
(0.050274 0.045908 0)
(0.0290751 0.0789703 0)
(0.0292462 0.0682513 0)
(0.0293997 0.0570755 0)
(0.0297614 0.0454582 0)
(0.00973891 0.0788547 0)
(0.00979397 0.0680067 0)
(0.00978958 0.0567446 0)
(0.0100055 0.0450252 0)
(0.353621 -0.0766456 0)
(0.483941 -0.244015 0)
(0.479564 -0.333565 0)
(0.00309948 -0.177432 0)
(-0.148732 0.490779 0)
(-0.110497 0.715975 0)
(0.0500371 0.916128 0)
(-0.458803 1.45464 0)
(-0.00656493 1.89036 0)
(-0.355218 1.33639 0)
(-0.612188 0.493661 0)
(-0.328362 -0.617079 0)
(0.199105 -1.14614 0)
(0.558593 -1.37354 0)
(0.692945 -1.34696 0)
(0.80557 -0.971832 0)
(1.91758 0.418312 0)
(0.431242 0.552676 0)
(0.0737686 -1.22772 0)
(0.215118 -0.208252 0)
(0.258999 -0.262005 0)
(-0.149431 0.0605304 0)
(-1.21175 0.12472 0)
(-1.00099 -0.151013 0)
(-0.6493 0.472024 0)
(-0.0744569 0.85239 0)
(-0.243798 1.41594 0)
(0.0489331 1.80096 0)
(0.0349547 1.49877 0)
(-0.192357 0.517509 0)
(0.229749 -0.973949 0)
(0.403839 -1.43385 0)
(0.489311 -1.48841 0)
(0.457354 -1.35195 0)
(0.489882 -1.16971 0)
(0.981068 -0.27974 0)
(0.645237 1.38371 0)
(0.101516 -1.08876 0)
(-0.205262 -0.183903 0)
(0.912053 0.0516484 0)
(0.948558 0.763154 0)
(0.183688 0.854047 0)
(-0.308385 -0.357734 0)
(-0.329258 0.0311362 0)
(-0.132933 0.510042 0)
(-0.0796725 1.28791 0)
(0.145349 1.63422 0)
(0.179369 1.53776 0)
(0.0788956 0.298332 0)
(0.378533 -1.16602 0)
(0.335318 -1.4972 0)
(0.347617 -1.45014 0)
(0.335302 -1.32324 0)
(0.335398 -1.2066 0)
(0.404707 -0.663075 0)
(0.336747 1.72325 0)
(0.144122 -0.975779 0)
(0.433079 -1.36707 0)
(1.42358 -0.397751 0)
(1.97481 0.907807 0)
(1.52698 1.54995 0)
(0.842202 0.587592 0)
(-0.447805 0.113096 0)
(-0.278611 0.340495 0)
(-0.0289056 1.1238 0)
(0.227182 1.51805 0)
(0.204494 1.61211 0)
(0.0592281 0.321596 0)
(0.276112 -1.08403 0)
(0.137144 -1.39925 0)
(0.216984 -1.45182 0)
(0.186943 -1.30553 0)
(0.19048 -1.14295 0)
(0.0247547 -0.648011 0)
(-0.18669 2.27371 0)
(0.187449 -0.901834 0)
(-0.736005 -2.17566 0)
(0.148836 -1.50293 0)
(1.23898 0.0925586 0)
(1.61452 1.29046 0)
(1.55203 1.30239 0)
(0.153084 0.78891 0)
(-0.307875 0.411704 0)
(-0.0109016 0.855158 0)
(0.175802 1.40676 0)
(0.293062 1.55457 0)
(0.324471 0.827209 0)
(0.0718067 -1.01308 0)
(-0.0321389 -1.38891 0)
(0.0499229 -1.47559 0)
(-0.0374185 -1.2656 0)
(-0.0310221 -0.969988 0)
(-0.537814 0.0845505 0)
(-0.312267 2.19422 0)
(0.223876 -0.831019 0)
(-1.78683 -2.58014 0)
(-1.62222 -2.28926 0)
(-0.832295 -0.482051 0)
(0.248233 1.15888 0)
(0.642152 1.72113 0)
(0.349759 1.54227 0)
(-0.0918365 0.623589 0)
(-0.0333064 0.596599 0)
(0.0706465 1.25445 0)
(0.217205 1.47949 0)
(0.212313 0.92402 0)
(-0.0660526 -0.940886 0)
(-0.250373 -1.39942 0)
(-0.192658 -1.45589 0)
(-0.289613 -1.18175 0)
(-0.31673 -0.683197 0)
(-1.17325 0.126411 0)
(-0.220842 0.661902 0)
(0.23281 -0.694104 0)
(-1.93882 -2.08768 0)
(-2.76144 -2.44955 0)
(-2.54216 -0.846552 0)
(-1.80897 0.919542 0)
(-1.0382 1.49957 0)
(-0.0947224 1.36296 0)
(0.384137 0.411109 0)
(-0.117936 0.752219 0)
(-0.121919 1.24528 0)
(-0.0807174 1.47053 0)
(-0.134539 0.566348 0)
(-0.236723 -0.828317 0)
(-0.549338 -1.38579 0)
(-0.480865 -1.42781 0)
(-0.542254 -1.05158 0)
(-0.60367 -0.393026 0)
(-0.842802 0.145346 0)
(-0.0233602 -0.12176 0)
(0.214708 -0.541518 0)
(-1.27724 -0.852197 0)
(-2.82805 -1.58805 0)
(-3.38109 -0.911674 0)
(-2.55842 0.0430327 0)
(-1.67912 0.269852 0)
(-0.761821 0.292521 0)
(-0.759642 0.751918 0)
(-0.804788 1.19971 0)
(-0.695982 1.41825 0)
(-0.537988 1.39185 0)
(-0.121678 0.289413 0)
(-0.39485 -0.478743 0)
(-0.824727 -1.39877 0)
(-0.725394 -1.40502 0)
(-0.744161 -0.963377 0)
(-0.723784 -0.360879 0)
(-0.422934 -0.145114 0)
(0.051632 -0.346768 0)
(0.159242 -0.442471 0)
(-1.10852 -0.20618 0)
(-2.27074 -0.373688 0)
(-3.60405 -0.516515 0)
(-3.65181 -0.431135 0)
(-3.34006 -0.386247 0)
(-2.74811 -0.266471 0)
(-2.08395 0.287781 0)
(-1.59208 1.07949 0)
(-1.21693 1.26616 0)
(-0.555392 0.96304 0)
(0.248198 0.172081 0)
(-0.114989 0.591512 0)
(-0.906484 -1.34322 0)
(-0.877137 -1.40558 0)
(-0.792776 -1.00625 0)
(-0.682003 -0.679491 0)
(-0.345751 -0.582646 0)
(-0.103237 -0.579748 0)
(0.0727889 -0.392055 0)
(-0.91004 -0.110027 0)
(-0.722345 0.117827 0)
(-0.754407 -0.0509051 0)
(-0.951109 -0.421298 0)
(-1.03108 -0.466276 0)
(-1.06889 -0.384395 0)
(-1.24152 -0.0734945 0)
(-1.2337 0.436066 0)
(-0.658758 0.483168 0)
(0.218247 0.0266788 0)
(0.158374 0.0481224 0)
(-0.556695 0.493265 0)
(-0.982961 -1.14999 0)
(-1.00007 -1.43443 0)
(-0.778179 -1.11628 0)
(-0.6121 -0.83626 0)
(-0.41421 -0.80593 0)
(-0.20385 -0.76729 0)
(-0.0128809 -0.436248 0)
(-1.06661 -0.513903 0)
(-0.80231 -0.29625 0)
(-0.554597 -0.122896 0)
(-0.442575 -0.130826 0)
(-0.440348 -0.240454 0)
(-0.424911 -0.243008 0)
(-0.353977 -0.0810455 0)
(-0.247426 0.0354087 0)
(-0.151784 0.00888501 0)
(-0.239364 0.135356 0)
(-0.307221 0.683089 0)
(-1.26979 1.50537 0)
(-1.09981 -0.991914 0)
(-1.1666 -1.5326 0)
(-0.900123 -1.32137 0)
(-0.581377 -1.02314 0)
(-0.378249 -0.967012 0)
(-0.174494 -0.909888 0)
(-0.0362332 -0.547361 0)
(-1.28622 -0.614181 0)
(-1.07391 -0.479927 0)
(-0.911407 -0.422521 0)
(-0.825484 -0.399443 0)
(-0.821331 -0.37395 0)
(-0.833096 -0.311726 0)
(-0.743427 -0.0963935 0)
(-0.312557 0.259546 0)
(-0.272651 0.231779 0)
(-0.925322 0.437053 0)
(-1.34797 1.57107 0)
(-1.61508 1.32724 0)
(-1.18161 -0.853536 0)
(-1.40519 -1.59452 0)
(-1.24684 -1.60607 0)
(-0.856759 -1.35585 0)
(-0.482821 -1.17901 0)
(-0.197183 -1.08012 0)
(0.00281021 -0.642729 0)
(-1.67292 -0.746282 0)
(-1.43585 -0.487145 0)
(-1.24458 -0.291439 0)
(-1.1605 -0.231177 0)
(-1.20179 -0.277435 0)
(-1.31199 -0.385953 0)
(-1.53674 -0.438587 0)
(-1.65259 0.0228128 0)
(-1.93705 0.641588 0)
(-1.93831 1.09513 0)
(-1.97719 1.57912 0)
(-1.45376 0.576417 0)
(-1.20742 -0.735004 0)
(-1.43154 -1.43315 0)
(-1.59766 -1.78017 0)
(-1.38008 -1.80395 0)
(-0.831797 -1.71566 0)
(-0.345949 -1.4093 0)
(0.00730425 -0.734116 0)
(-2.04548 -1.06532 0)
(-2.13842 -0.926433 0)
(-1.99471 -0.737329 0)
(-1.79514 -0.515023 0)
(-1.58188 -0.267493 0)
(-1.55381 -0.132556 0)
(-1.75179 -0.0129056 0)
(-2.01483 0.264699 0)
(-2.26164 0.60809 0)
(-2.20161 1.01563 0)
(-1.79013 0.944274 0)
(-1.13469 -0.00281933 0)
(-0.911776 -0.79103 0)
(-0.96054 -1.28552 0)
(-1.15914 -1.60589 0)
(-1.35353 -1.88144 0)
(-1.18427 -2.08312 0)
(-0.573717 -1.81335 0)
(-0.0456216 -0.878464 0)
(-1.83261 -0.536566 0)
(-2.04262 -0.708428 0)
(-2.07798 -0.717991 0)
(-2.03076 -0.606659 0)
(-1.94242 -0.367493 0)
(-1.88591 -0.12652 0)
(-1.96945 0.0997008 0)
(-2.04944 0.407975 0)
(-1.9603 0.612987 0)
(-1.65481 0.666376 0)
(-1.08065 0.333773 0)
(-0.527361 -0.324419 0)
(-0.327834 -0.856863 0)
(-0.270341 -1.2179 0)
(-0.353118 -1.41482 0)
(-0.687156 -1.72893 0)
(-1.09592 -2.26227 0)
(-0.781441 -2.34751 0)
(-0.073256 -1.49025 0)
(-1.33911 -0.294049 0)
(-1.54351 -0.596671 0)
(-1.62838 -0.696218 0)
(-1.66472 -0.617823 0)
(-1.67406 -0.406955 0)
(-1.63551 -0.133553 0)
(-1.54654 0.105507 0)
(-1.39735 0.267036 0)
(-1.1371 0.340524 0)
(-0.738466 0.251025 0)
(-0.233425 -0.081161 0)
(0.121709 -0.556988 0)
(0.280395 -0.971986 0)
(0.306747 -1.2318 0)
(0.300393 -1.31753 0)
(0.207996 -1.38411 0)
(-0.340826 -1.88573 0)
(-0.522091 -2.59145 0)
(0.0380753 -1.91399 0)
(-0.677228 -0.153278 0)
(-0.804855 -0.535122 0)
(-0.825157 -0.704312 0)
(-0.789447 -0.642921 0)
(-0.725624 -0.451748 0)
(-0.652357 -0.263157 0)
(-0.552709 -0.120656 0)
(-0.413281 -0.0160157 0)
(-0.179071 -0.00865961 0)
(0.151527 -0.131717 0)
(0.469232 -0.397113 0)
(0.683355 -0.739073 0)
(0.755721 -1.02888 0)
(0.711049 -1.21605 0)
(0.645178 -1.30131 0)
(0.558184 -1.33596 0)
(0.549841 -1.46576 0)
(-0.0494568 -2.34564 0)
(0.0615565 -1.99006 0)
(0.268845 0.245823 0)
(0.0352765 -0.418629 0)
(-0.0576449 -0.697401 0)
(-0.0980136 -0.723899 0)
(-0.0459584 -0.592465 0)
(0.0862206 -0.386599 0)
(0.257319 -0.184294 0)
(0.436269 -0.0761122 0)
(0.622618 -0.104887 0)
(0.807105 -0.266588 0)
(0.956212 -0.513909 0)
(1.02429 -0.781825 0)
(0.997453 -0.998678 0)
(0.89309 -1.13069 0)
(0.7743 -1.19781 0)
(0.576365 -1.28261 0)
(0.597804 -1.38349 0)
(0.0717193 -1.88629 0)
(0.0670868 -2.02329 0)
(1.03634 0.398309 0)
(0.952315 -0.117499 0)
(0.739287 -0.504564 0)
(0.560631 -0.629143 0)
(0.465203 -0.581493 0)
(0.450969 -0.473706 0)
(0.512037 -0.372928 0)
(0.639891 -0.312814 0)
(0.79755 -0.323673 0)
(0.936573 -0.421337 0)
(1.01741 -0.58687 0)
(1.02026 -0.774664 0)
(0.956772 -0.930437 0)
(0.844406 -1.02476 0)
(0.727203 -1.06736 0)
(0.535817 -1.12393 0)
(0.424121 -1.27139 0)
(0.158738 -1.65659 0)
(0.0741895 -1.95351 0)
(1.33698 0.320111 0)
(1.28905 -0.0991673 0)
(1.12663 -0.366484 0)
(0.918873 -0.485011 0)
(0.754407 -0.489875 0)
(0.666964 -0.435266 0)
(0.647288 -0.378705 0)
(0.678708 -0.361811 0)
(0.741017 -0.402814 0)
(0.804933 -0.499046 0)
(0.842349 -0.629712 0)
(0.83573 -0.764016 0)
(0.788196 -0.872876 0)
(0.701198 -0.936908 0)
(0.607876 -0.956535 0)
(0.440484 -0.965174 0)
(0.298413 -1.16725 0)
(0.148002 -1.51883 0)
(0.0778443 -1.85898 0)
(1.21882 0.266967 0)
(1.21875 0.000868792 0)
(1.1083 -0.214728 0)
(0.949477 -0.337666 0)
(0.807075 -0.376015 0)
(0.713955 -0.37144 0)
(0.674243 -0.365223 0)
(0.676777 -0.383901 0)
(0.704133 -0.437518 0)
(0.736329 -0.521817 0)
(0.754297 -0.623873 0)
(0.741495 -0.726901 0)
(0.695973 -0.811085 0)
(0.610255 -0.855125 0)
(0.519079 -0.850893 0)
(0.345848 -0.814479 0)
(0.221373 -1.09054 0)
(0.0991308 -1.40332 0)
(0.0818848 -1.77327 0)
(0.969511 0.210289 0)
(0.994582 0.0281516 0)
(0.944968 -0.130635 0)
(0.853635 -0.23628 0)
(0.761665 -0.292179 0)
(0.697666 -0.322093 0)
(0.669568 -0.350567 0)
(0.671556 -0.393643 0)
(0.691903 -0.45688 0)
(0.716365 -0.536341 0)
(0.730205 -0.621054 0)
(0.716653 -0.696964 0)
(0.668747 -0.749687 0)
(0.572569 -0.764502 0)
(0.46773 -0.731564 0)
(0.273236 -0.657927 0)
(0.149863 -0.997016 0)
(0.00791016 -1.33785 0)
(0.0858514 -1.70233 0)
(0.786442 0.170336 0)
(0.814534 0.0368521 0)
(0.799545 -0.0842538 0)
(0.755028 -0.17788 0)
(0.705085 -0.243398 0)
(0.669391 -0.293849 0)
(0.655405 -0.344442 0)
(0.66165 -0.404763 0)
(0.682267 -0.476591 0)
(0.707418 -0.552826 0)
(0.722744 -0.619775 0)
(0.708795 -0.665034 0)
(0.655414 -0.681309 0)
(0.547967 -0.662542 0)
(0.431086 -0.599182 0)
(0.219411 -0.493589 0)
(0.104571 -0.873297 0)
(-0.131914 -1.31381 0)
(0.0892122 -1.66956 0)
(0.678369 0.140229 0)
(0.701775 0.0337326 0)
(0.69968 -0.0651013 0)
(0.678385 -0.148713 0)
(0.652119 -0.21767 0)
(0.633527 -0.280256 0)
(0.629562 -0.34586 0)
(0.64223 -0.419679 0)
(0.668843 -0.499343 0)
(0.699212 -0.572059 0)
(0.7155 -0.619469 0)
(0.696544 -0.630549 0)
(0.633534 -0.606436 0)
(0.516381 -0.552834 0)
(0.396242 -0.464522 0)
(0.192878 -0.345764 0)
(0.141823 -0.738379 0)
(-0.133831 -1.36337 0)
(0.0962978 -1.74636 0)
(0.599395 0.114599 0)
(0.618448 0.0263624 0)
(0.620407 -0.0573747 0)
(0.609882 -0.133712 0)
(0.595958 -0.204572 0)
(0.587486 -0.276056 0)
(0.591937 -0.354702 0)
(0.6136 -0.442153 0)
(0.649795 -0.529516 0)
(0.686141 -0.594597 0)
(0.699401 -0.615025 0)
(0.668395 -0.586023 0)
(0.589439 -0.520807 0)
(0.461934 -0.437691 0)
(0.342984 -0.33722 0)
(0.160357 -0.245519 0)
(0.241126 -0.617013 0)
(-0.0463695 -1.26116 0)
(0.104922 -1.7998 0)
(0.530917 0.0941263 0)
(0.546127 0.0188615 0)
(0.549193 -0.0545559 0)
(0.543822 -0.125914 0)
(0.536113 -0.198401 0)
(0.533816 -0.278596 0)
(0.545947 -0.371537 0)
(0.576493 -0.473813 0)
(0.619186 -0.566894 0)
(0.654623 -0.616832 0)
(0.65658 -0.600865 0)
(0.607275 -0.526563 0)
(0.509338 -0.422017 0)
(0.372835 -0.317111 0)
(0.252796 -0.215237 0)
(0.084627 -0.198714 0)
(0.277427 -0.596783 0)
(0.00907967 -1.10985 0)
(0.115265 -1.70912 0)
(0.470765 0.0784105 0)
(0.482141 0.0126451 0)
(0.484449 -0.0532212 0)
(0.480537 -0.120876 0)
(0.474787 -0.195575 0)
(0.475483 -0.286324 0)
(0.492773 -0.395072 0)
(0.525853 -0.510564 0)
(0.563099 -0.603861 0)
(0.584913 -0.62944 0)
(0.566564 -0.569789 0)
(0.496448 -0.449893 0)
(0.383391 -0.312677 0)
(0.248758 -0.195828 0)
(0.131184 -0.0992536 0)
(0.00440501 -0.212504 0)
(0.252646 -0.663271 0)
(0.117594 -1.01292 0)
(0.125366 -1.57589 0)
(0.417581 0.0668785 0)
(0.425214 0.00859051 0)
(0.425656 -0.0513172 0)
(0.420797 -0.115717 0)
(0.413789 -0.193295 0)
(0.414141 -0.296538 0)
(0.429742 -0.418791 0)
(0.451504 -0.540487 0)
(0.464918 -0.62737 0)
(0.461132 -0.621694 0)
(0.41813 -0.516706 0)
(0.33121 -0.358474 0)
(0.214182 -0.201558 0)
(0.102225 -0.0877601 0)
(0.00558013 -0.0120785 0)
(-0.00985313 -0.297652 0)
(0.214816 -0.750657 0)
(0.0980059 -0.959095 0)
(0.12984 -1.48644 0)
(0.37014 0.0590077 0)
(0.374572 0.00687644 0)
(0.373047 -0.0477584 0)
(0.36588 -0.108285 0)
(0.356135 -0.188949 0)
(0.351131 -0.303302 0)
(0.353064 -0.429671 0)
(0.348058 -0.547289 0)
(0.321034 -0.624918 0)
(0.287025 -0.586448 0)
(0.220397 -0.441888 0)
(0.125978 -0.260997 0)
(0.0194807 -0.105257 0)
(-0.0515457 -0.00787831 0)
(-0.0895375 0.00442302 0)
(0.0357987 -0.416638 0)
(0.210117 -0.806492 0)
(0.0360832 -0.895193 0)
(0.13721 -1.42764 0)
(0.328462 0.054009 0)
(0.330736 0.007022 0)
(0.3278 -0.0421862 0)
(0.318868 -0.0978865 0)
(0.306603 -0.179692 0)
(0.288737 -0.296805 0)
(0.266263 -0.414018 0)
(0.227319 -0.518669 0)
(0.151953 -0.587002 0)
(0.089249 -0.521065 0)
(0.00210965 -0.351876 0)
(-0.0902707 -0.168811 0)
(-0.168973 -0.0343882 0)
(-0.193586 0.0248764 0)
(-0.0961777 -0.0907743 0)
(0.0848673 -0.53912 0)
(0.217382 -0.81675 0)
(-0.0187759 -0.824353 0)
(0.147085 -1.38484 0)
(0.293296 0.0508697 0)
(0.294647 0.00813664 0)
(0.291475 -0.0356522 0)
(0.283219 -0.0857415 0)
(0.268873 -0.162223 0)
(0.234567 -0.269926 0)
(0.186865 -0.368325 0)
(0.119687 -0.452056 0)
(-0.000748296 -0.508352 0)
(-0.0925524 -0.427317 0)
(-0.18984 -0.255022 0)
(-0.269095 -0.0900987 0)
(-0.307756 0.0024818 0)
(-0.239953 -0.0518744 0)
(-0.0138606 -0.296037 0)
(0.103035 -0.634682 0)
(0.172949 -0.787925 0)
(-0.05328 -0.768138 0)
(0.157449 -1.34687 0)
(0.264779 0.0485342 0)
(0.266234 0.00912964 0)
(0.264215 -0.0303467 0)
(0.25866 -0.0736339 0)
(0.244374 -0.136825 0)
(0.201138 -0.225931 0)
(0.137761 -0.30282 0)
(0.0594231 -0.358707 0)
(-0.0853565 -0.399214 0)
(-0.201986 -0.322535 0)
(-0.2888 -0.1678 0)
(-0.332129 -0.0494031 0)
(-0.291257 -0.0647152 0)
(-0.146532 -0.238774 0)
(0.0350895 -0.465008 0)
(0.083268 -0.673396 0)
(0.0397662 -0.718549 0)
(-0.0870805 -0.756095 0)
(0.16666 -1.30486 0)
(0.241089 0.0460526 0)
(0.243404 0.00920203 0)
(0.243085 -0.027482 0)
(0.240543 -0.0640841 0)
(0.230572 -0.110641 0)
(0.193177 -0.176766 0)
(0.12925 -0.235558 0)
(0.0611486 -0.264212 0)
(-0.0636973 -0.287928 0)
(-0.180844 -0.236637 0)
(-0.23455 -0.135714 0)
(-0.216222 -0.0968633 0)
(-0.124208 -0.180514 0)
(-0.018671 -0.358956 0)
(0.0535133 -0.52579 0)
(0.0306526 -0.62852 0)
(-0.128854 -0.605456 0)
(-0.113687 -0.915358 0)
(0.173684 -1.25677 0)
(0.218422 0.0428126 0)
(0.221755 0.00798062 0)
(0.223095 -0.0267053 0)
(0.222464 -0.0593266 0)
(0.218723 -0.09302 0)
(0.198345 -0.136467 0)
(0.150375 -0.181691 0)
(0.104929 -0.197961 0)
(0.0420318 -0.20235 0)
(-0.037645 -0.186924 0)
(-0.0639039 -0.1545 0)
(-0.0240633 -0.165569 0)
(0.0430666 -0.241335 0)
(0.0598664 -0.380532 0)
(0.0765325 -0.52171 0)
(-0.0128225 -0.509694 0)
(-0.198788 -0.50255 0)
(-0.17441 -1.16474 0)
(0.172382 -1.20813 0)
(0.192956 0.0388455 0)
(0.196789 0.00552915 0)
(0.199193 -0.0273594 0)
(0.199517 -0.0583292 0)
(0.199855 -0.0871717 0)
(0.19541 -0.115022 0)
(0.17337 -0.147109 0)
(0.147428 -0.169036 0)
(0.137143 -0.164956 0)
(0.121095 -0.15473 0)
(0.115584 -0.154702 0)
(0.13653 -0.182079 0)
(0.142926 -0.240322 0)
(0.127313 -0.370098 0)
(0.121454 -0.485297 0)
(0.0274119 -0.386016 0)
(-0.0612323 -0.452345 0)
(-0.200561 -1.32389 0)
(0.146289 -1.20273 0)
(0.163438 0.0347485 0)
(0.167043 0.00242064 0)
(0.169671 -0.0287019 0)
(0.170342 -0.0593109 0)
(0.172267 -0.088185 0)
(0.173768 -0.111251 0)
(0.171943 -0.134498 0)
(0.168018 -0.159092 0)
(0.17224 -0.169083 0)
(0.186936 -0.161712 0)
(0.205626 -0.160707 0)
(0.212373 -0.17398 0)
(0.201167 -0.224486 0)
(0.18719 -0.351241 0)
(0.18698 -0.454392 0)
(0.136451 -0.34959 0)
(0.260024 -0.380467 0)
(0.00875259 -1.25356 0)
(0.081132 -1.32651 0)
(0.131885 0.0312103 0)
(0.134991 -0.000411127 0)
(0.137005 -0.0300028 0)
(0.138446 -0.0610976 0)
(0.139535 -0.0904415 0)
(0.141968 -0.113771 0)
(0.146424 -0.140162 0)
(0.157466 -0.166498 0)
(0.178351 -0.180677 0)
(0.202304 -0.180774 0)
(0.217047 -0.177936 0)
(0.224801 -0.178996 0)
(0.2379 -0.225615 0)
(0.234345 -0.342883 0)
(0.241479 -0.449248 0)
(0.232257 -0.408384 0)
(0.427703 -0.391619 0)
(0.338962 -1.03953 0)
(0.0995626 -1.20142 0)
(0.101636 0.0284559 0)
(0.104414 -0.00257809 0)
(0.105072 -0.0312596 0)
(0.108518 -0.0627191 0)
(0.10714 -0.0920518 0)
(0.113434 -0.117116 0)
(0.118114 -0.149646 0)
(0.129948 -0.187095 0)
(0.1613 -0.209743 0)
(0.198788 -0.196531 0)
(0.20912 -0.184438 0)
(0.237584 -0.191357 0)
(0.274198 -0.231389 0)
(0.255829 -0.334735 0)
(0.257039 -0.452273 0)
(0.250519 -0.491949 0)
(0.400363 -0.494427 0)
(0.37641 -0.857078 0)
(0.146592 -0.954175 0)
(0.0744977 0.026425 0)
(0.077175 -0.00394403 0)
(0.0764641 -0.033011 0)
(0.0823708 -0.0636883 0)
(0.080081 -0.0959626 0)
(0.0919295 -0.122147 0)
(0.099399 -0.156796 0)
(0.11178 -0.207823 0)
(0.129624 -0.246933 0)
(0.171578 -0.216797 0)
(0.186877 -0.212637 0)
(0.250075 -0.224691 0)
(0.28804 -0.22315 0)
(0.226987 -0.313232 0)
(0.229437 -0.446053 0)
(0.207023 -0.534776 0)
(0.287432 -0.565607 0)
(0.23986 -0.757284 0)
(0.110955 -0.761915 0)
(0.0506514 0.0249388 0)
(0.0530637 -0.00487217 0)
(0.0518558 -0.035744 0)
(0.0591843 -0.0655243 0)
(0.0596645 -0.102928 0)
(0.0708886 -0.131702 0)
(0.0820435 -0.166393 0)
(0.0992139 -0.218429 0)
(0.0825932 -0.268895 0)
(0.131829 -0.236007 0)
(0.142475 -0.273452 0)
(0.23194 -0.284025 0)
(0.248388 -0.19457 0)
(0.139499 -0.289522 0)
(0.170519 -0.438366 0)
(0.137485 -0.534418 0)
(0.16196 -0.573813 0)
(0.1018 -0.685239 0)
(0.0434193 -0.656244 0)
(0.0294219 0.024597 0)
(0.031342 -0.00504924 0)
(0.0308984 -0.0386817 0)
(0.0379304 -0.0692341 0)
(0.0401527 -0.108774 0)
(0.0471038 -0.141344 0)
(0.0530801 -0.176879 0)
(0.0695097 -0.217595 0)
(0.0357997 -0.272375 0)
(0.0864263 -0.257882 0)
(0.0747123 -0.330382 0)
(0.154226 -0.328658 0)
(0.141252 -0.140733 0)
(0.0458625 -0.298056 0)
(0.103038 -0.438771 0)
(0.0728283 -0.514946 0)
(0.0708882 -0.555865 0)
(0.0327951 -0.633905 0)
(0.00442652 -0.619278 0)
(0.00986504 0.0239481 0)
(0.0114936 -0.00649982 0)
(0.0116795 -0.0419051 0)
(0.0151553 -0.0731757 0)
(0.0155231 -0.110961 0)
(0.0174776 -0.144109 0)
(0.0172974 -0.180415 0)
(0.0225819 -0.215245 0)
(0.00871854 -0.269462 0)
(0.024218 -0.272113 0)
(0.0111438 -0.34123 0)
(0.0326202 -0.319827 0)
(-0.00511425 -0.0725347 0)
(0.0134282 -0.331991 0)
(0.0348615 -0.43824 0)
(0.0235489 -0.502151 0)
(0.021029 -0.547157 0)
(0.0106981 -0.612953 0)
(-0.00118341 -0.612413 0)
)
;

boundaryField
{
    leftWall
    {
        type            noSlip;
    }
    rightWall
    {
        type            noSlip;
    }
    lowerWall
    {
        type            noSlip;
    }
    atmosphere
    {
        type            pressureInletOutletVelocity;
        value           nonuniform List<vector> 
46
(
(0.00444446 0.315003 0)
(0.00430502 0.314963 0)
(0.00322822 0.310664 0)
(0.00414086 0.306942 0)
(0.00329709 0.30413 0)
(0.00420977 0.299613 0)
(0.00412509 0.295038 0)
(0.00477271 0.289439 0)
(0.00514118 0.283243 0)
(0.0056768 0.276211 0)
(0.0061982 0.268344 0)
(0.00675225 0.25959 0)
(0.00732216 0.249914 0)
(0.0078905 0.239279 0)
(0.00843419 0.227643 0)
(0.00893423 0.214973 0)
(0.00938062 0.201238 0)
(0.00974863 0.186396 0)
(0.0100307 0.170441 0)
(0.0101882 0.153326 0)
(0.0102286 0.135045 0)
(0.010094 0.115502 0)
(0.00985963 0.0948056 0)
(0.00973891 0.0788547 0)
(0.00979397 0.0680067 0)
(0.00978958 0.0567446 0)
(0.0100055 0.0450252 0)
(0.00986504 0.0239481 0)
(0 -0.00649982 0)
(0 -0.0419051 0)
(0 -0.0731757 0)
(0 -0.110961 0)
(0 -0.144109 0)
(0 -0.180415 0)
(0 -0.215245 0)
(0 -0.269462 0)
(0 -0.272113 0)
(0 -0.34123 0)
(0 -0.319827 0)
(0 -0.0725347 0)
(0 -0.331991 0)
(0 -0.43824 0)
(0 -0.502151 0)
(0 -0.547157 0)
(0 -0.612953 0)
(0 -0.612413 0)
)
;
    }
    defaultFaces
    {
        type            empty;
    }
}


// ************************************************************************* //
