/*--------------------------------*- C++ -*----------------------------------*\
| =========                 |                                                 |
| \\      /  F ield         | OpenFOAM: The Open Source CFD Toolbox           |
|  \\    /   O peration     | Version:  2206                                  |
|   \\  /    A nd           | Website:  www.openfoam.com                      |
|    \\/     M anipulation  |                                                 |
\*---------------------------------------------------------------------------*/
FoamFile
{
    version     2.0;
    format      ascii;
    arch        "LSB;label=32;scalar=64";
    class       volVectorField;
    location    "0.025";
    object      U;
}
// * * * * * * * * * * * * * * * * * * * * * * * * * * * * * * * * * * * * * //

dimensions      [0 1 -1 0 0 0 0];

internalField   nonuniform List<vector> 
2268
(
(0.00801191 -0.0153721 0)
(0.0241833 -0.0157149 0)
(0.0406732 -0.0159693 0)
(0.0575665 -0.0164987 0)
(0.0751168 -0.0172542 0)
(0.093578 -0.0182805 0)
(0.11326 -0.0196499 0)
(0.134559 -0.0214718 0)
(0.158002 -0.0239147 0)
(0.184318 -0.0272427 0)
(0.214504 -0.0318805 0)
(0.250478 -0.0385116 0)
(0.290112 -0.048398 0)
(0.365424 -0.0624779 0)
(0.329748 -0.0872347 0)
(0.415866 -0.12044 0)
(0.628085 -0.108094 0)
(0.704361 -0.0056041 0)
(0.453278 0.111187 0)
(0.302453 0.120153 0)
(0.210065 0.0965971 0)
(0.119793 0.0819424 0)
(0.0389782 0.075523 0)
(0.00770193 -0.045467 0)
(0.0232284 -0.0464323 0)
(0.0390133 -0.0471375 0)
(0.0551148 -0.0486048 0)
(0.0717249 -0.0506829 0)
(0.0890191 -0.0534751 0)
(0.107191 -0.0571452 0)
(0.126458 -0.0619287 0)
(0.147058 -0.0681673 0)
(0.169246 -0.0763619 0)
(0.193246 -0.0872573 0)
(0.219445 -0.101962 0)
(0.245403 -0.122343 0)
(0.291671 -0.149765 0)
(0.227729 -0.19186 0)
(0.290736 -0.273048 0)
(0.531896 -0.0245015 0)
(0.30121 0.260305 0)
(0.197766 0.324546 0)
(0.195547 0.285675 0)
(0.145021 0.24328 0)
(0.0867901 0.218026 0)
(0.0290169 0.205855 0)
(0.00714213 -0.0739265 0)
(0.0215063 -0.0753617 0)
(0.0360404 -0.076383 0)
(0.0507664 -0.0785122 0)
(0.0657948 -0.0814938 0)
(0.0812087 -0.085439 0)
(0.0970813 -0.0905182 0)
(0.113469 -0.0969605 0)
(0.130393 -0.10507 0)
(0.147815 -0.115246 0)
(0.165585 -0.128006 0)
(0.1835 -0.144 0)
(0.199454 -0.164103 0)
(0.227738 -0.188612 0)
(0.161914 -0.221 0)
(0.214763 -0.285253 0)
(0.311161 0.00348978 0)
(0.0925845 0.35696 0)
(0.109275 0.381008 0)
(0.106844 0.349167 0)
(0.0823434 0.322578 0)
(0.0519518 0.305597 0)
(0.0177159 0.296106 0)
(0.00642307 -0.0999286 0)
(0.0193045 -0.101646 0)
(0.0322675 -0.102828 0)
(0.0453052 -0.105304 0)
(0.058456 -0.10873 0)
(0.0717313 -0.113194 0)
(0.0851218 -0.11883 0)
(0.0985878 -0.125801 0)
(0.112043 -0.13431 0)
(0.125336 -0.144597 0)
(0.138214 -0.15693 0)
(0.150377 -0.171585 0)
(0.160291 -0.188852 0)
(0.17907 -0.20851 0)
(0.120236 -0.23217 0)
(0.166736 -0.284002 0)
(0.220833 0.142086 0)
(0.0765672 0.392549 0)
(0.0857429 0.391745 0)
(0.0758436 0.377478 0)
(0.0573295 0.366645 0)
(0.0359318 0.358929 0)
(0.0122073 0.353493 0)
(0.0056332 -0.123032 0)
(0.0168984 -0.124858 0)
(0.0281746 -0.126072 0)
(0.0394384 -0.128629 0)
(0.0506765 -0.13213 0)
(0.0618572 -0.136631 0)
(0.0729287 -0.142214 0)
(0.083811 -0.148977 0)
(0.094387 -0.157029 0)
(0.104493 -0.166479 0)
(0.113903 -0.177428 0)
(0.122377 -0.189946 0)
(0.128873 -0.204059 0)
(0.142371 -0.219438 0)
(0.0917605 -0.237146 0)
(0.132463 -0.28291 0)
(0.171484 0.279427 0)
(0.0623684 0.417891 0)
(0.0702814 0.410342 0)
(0.0616502 0.404004 0)
(0.0467049 0.400368 0)
(0.0293328 0.39824 0)
(0.00998408 0.395693 0)
(0.00484221 -0.143104 0)
(0.0145001 -0.144907 0)
(0.0241219 -0.146065 0)
(0.0336777 -0.148521 0)
(0.0431234 -0.151852 0)
(0.052407 -0.156086 0)
(0.0614614 -0.161266 0)
(0.0701994 -0.167436 0)
(0.0785091 -0.174638 0)
(0.0862518 -0.182907 0)
(0.0932576 -0.192253 0)
(0.0993615 -0.202657 0)
(0.103859 -0.214061 0)
(0.114057 -0.226174 0)
(0.0711984 -0.239894 0)
(0.106487 -0.281172 0)
(0.138505 0.36121 0)
(0.0618433 0.432494 0)
(0.0662435 0.426527 0)
(0.0587286 0.426457 0)
(0.0461055 0.429157 0)
(0.0299891 0.43314 0)
(0.0104543 0.434995 0)
(0.0040963 -0.160227 0)
(0.0122476 -0.16192 0)
(0.0203362 -0.162975 0)
(0.0283328 -0.165224 0)
(0.0361792 -0.168254 0)
(0.0438174 -0.172069 0)
(0.0511796 -0.176685 0)
(0.0581859 -0.182112 0)
(0.0647425 -0.188356 0)
(0.0707418 -0.195409 0)
(0.0760621 -0.203244 0)
(0.0805954 -0.21181 0)
(0.0838561 -0.221032 0)
(0.0918026 -0.230687 0)
(0.0558439 -0.241552 0)
(0.0861101 -0.279195 0)
(0.11439 0.398459 0)
(0.0666421 0.439676 0)
(0.0713499 0.436375 0)
(0.0679808 0.442567 0)
(0.0592209 0.453726 0)
(0.0437852 0.46838 0)
(0.0173068 0.482777 0)
(0.00342188 -0.174586 0)
(0.0102183 -0.176122 0)
(0.0169416 -0.177056 0)
(0.0235663 -0.179056 0)
(0.0300306 -0.181734 0)
(0.0362792 -0.185082 0)
(0.0422503 -0.189099 0)
(0.0478759 -0.193776 0)
(0.0530807 -0.199098 0)
(0.0577833 -0.205038 0)
(0.061897 -0.211559 0)
(0.065352 -0.218604 0)
(0.0677943 -0.226102 0)
(0.0741445 -0.233936 0)
(0.0441917 -0.242578 0)
(0.0699577 -0.278529 0)
(0.0997044 0.405091 0)
(0.0735728 0.432991 0)
(0.0855704 0.431814 0)
(0.09303 0.443832 0)
(0.0953941 0.467713 0)
(0.0898196 0.511937 0)
(0.0267768 0.599635 0)
(0.00185645 -0.00199913 0)
(0.00543157 -0.00185063 0)
(0.00860998 -0.00157599 0)
(0.0112144 -0.00123383 0)
(0.0131627 -0.000870181 0)
(0.0144495 -0.000520825 0)
(0.0151204 -0.000207629 0)
(0.0152504 5.87268e-05 0)
(0.0149301 0.00027837 0)
(0.0142475 0.000453939 0)
(0.0132775 0.000590855 0)
(0.0120842 0.000695033 0)
(0.0107214 0.000773027 0)
(0.00923355 0.0008309 0)
(0.00765528 0.000872976 0)
(0.0060115 0.00090228 0)
(0.00432155 0.000921604 0)
(0.0026024 0.00093355 0)
(0.000868348 0.000939003 0)
(0.00202295 -0.006179 0)
(0.00589872 -0.00569715 0)
(0.0092853 -0.00481392 0)
(0.0119908 -0.00373134 0)
(0.0139495 -0.00259784 0)
(0.0151835 -0.00152298 0)
(0.0157657 -0.000570748 0)
(0.0157955 0.000230769 0)
(0.015379 0.000886692 0)
(0.0146078 0.00140744 0)
(0.0135603 0.00181131 0)
(0.0123022 0.00211813 0)
(0.0108875 0.00234728 0)
(0.0093586 0.00251578 0)
(0.00774678 0.00263713 0)
(0.00607545 0.0027218 0)
(0.00436359 0.00277832 0)
(0.00262718 0.00281317 0)
(0.000876403 0.00282609 0)
(0.0023968 -0.0109339 0)
(0.00692555 -0.00998026 0)
(0.0107367 -0.00829097 0)
(0.01362 -0.00628999 0)
(0.0155628 -0.00425917 0)
(0.0166558 -0.00238548 0)
(0.0170326 -0.000762684 0)
(0.0168433 0.00057468 0)
(0.0162206 0.00165215 0)
(0.0152659 0.00249673 0)
(0.0140642 0.00314467 0)
(0.012681 0.0036325 0)
(0.0111671 0.00399355 0)
(0.0095608 0.00425642 0)
(0.00788969 0.00444421 0)
(0.0061734 0.00457487 0)
(0.00442702 0.0046619 0)
(0.00266255 0.00471483 0)
(0.000887615 0.00473254 0)
(0.00308912 -0.0168113 0)
(0.00877703 -0.0150608 0)
(0.0132559 -0.0121482 0)
(0.0163418 -0.00888893 0)
(0.0181637 -0.00574226 0)
(0.0189577 -0.00296283 0)
(0.0189611 -0.000645695 0)
(0.018402 0.00122243 0)
(0.0174523 0.0026895 0)
(0.0162166 0.00381611 0)
(0.0147835 0.00466515 0)
(0.0132156 0.00529433 0)
(0.0115581 0.00575379 0)
(0.00984235 0.00608458 0)
(0.00808816 0.00631832 0)
(0.00630851 0.00647881 0)
(0.00451323 0.00658412 0)
(0.00270999 0.00664733 0)
(0.000902639 0.00666711 0)
(0.00435351 -0.0247331 0)
(0.012002 -0.0214013 0)
(0.0173739 -0.0164479 0)
(0.020533 -0.0113722 0)
(0.0219591 -0.00681417 0)
(0.0221573 -0.00301903 0)
(0.0215505 -1.44946e-05 0)
(0.0204434 0.00233833 0)
(0.0190204 0.00412468 0)
(0.0173986 0.00545861 0)
(0.0156599 0.00644044 0)
(0.0138562 0.0071537 0)
(0.0120202 0.0076654 0)
(0.0101702 0.00802699 0)
(0.00831521 0.00827712 0)
(0.00646029 0.00844529 0)
(0.0046089 0.0085539 0)
(0.0027626 0.00861866 0)
(0.000919414 0.0086364 0)
(0.00678156 -0.0361186 0)
(0.0177914 -0.0294972 0)
(0.0240313 -0.0209954 0)
(0.0267379 -0.0132996 0)
(0.0271798 -0.00703227 0)
(0.0262976 -0.0022114 0)
(0.0247442 0.0014199 0)
(0.0228696 0.00411795 0)
(0.0208204 0.0060881 0)
(0.0187164 0.00751157 0)
(0.0166133 0.00852969 0)
(0.0145379 0.00925006 0)
(0.0125008 0.00975307 0)
(0.0105027 0.010098 0)
(0.00853967 0.0103292 0)
(0.00660724 0.01048 0)
(0.00470035 0.0105752 0)
(0.0028126 0.0106309 0)
(0.000935326 0.0106411 0)
(0.010895 -0.0541094 0)
(0.0284175 -0.0399994 0)
(0.0347484 -0.0249782 0)
(0.0356004 -0.0137029 0)
(0.0339278 -0.00567455 0)
(0.0312811 -3.50456e-05 0)
(0.0283817 0.00396375 0)
(0.0254817 0.00674873 0)
(0.0226833 0.00869031 0)
(0.0200341 0.0100387 0)
(0.0175365 0.0109679 0)
(0.0151768 0.0116005 0)
(0.0129355 0.0120235 0)
(0.010792 0.0122993 0)
(0.00872752 0.0124738 0)
(0.00672579 0.0125808 0)
(0.00477171 0.012644 0)
(0.00285038 0.0126785 0)
(0.000947052 0.0126747 0)
(0.0300708 -0.103342 0)
(0.0492571 -0.0537803 0)
(0.0520465 -0.0254258 0)
(0.0475666 -0.0103829 0)
(0.0419377 -0.00145473 0)
(0.0367008 0.00423519 0)
(0.0320639 0.00793519 0)
(0.0279702 0.0103723 0)
(0.0243711 0.011989 0)
(0.0211746 0.013057 0)
(0.0182989 0.0137526 0)
(0.0156773 0.0141945 0)
(0.0132551 0.0144639 0)
(0.0109887 0.0146179 0)
(0.0088434 0.0146983 0)
(0.00679083 0.0147346 0)
(0.00480575 0.014747 0)
(0.00286567 0.0147482 0)
(0.000951155 0.0147244 0)
(0.0029477 -0.18438 0)
(0.008794 -0.18578 0)
(0.0145667 -0.186617 0)
(0.0202459 -0.188415 0)
(0.0257707 -0.190812 0)
(0.0310904 -0.193795 0)
(0.0361508 -0.197354 0)
(0.040893 -0.20147 0)
(0.0452538 -0.20612 0)
(0.0491667 -0.211272 0)
(0.052563 -0.216883 0)
(0.0553899 -0.222899 0)
(0.0572966 -0.229258 0)
(0.0628113 -0.235862 0)
(0.037057 -0.243172 0)
(0.0596213 -0.275777 0)
(0.0764376 0.396013 0)
(0.0775647 0.414724 0)
(0.101057 0.412896 0)
(0.126422 0.42393 0)
(0.163054 0.446223 0)
(0.231328 0.48469 0)
(0.348044 0.573977 0)
(0.00263103 -0.19048 0)
(0.00784392 -0.191779 0)
(0.0129849 -0.192553 0)
(0.0180386 -0.194212 0)
(0.0229466 -0.196417 0)
(0.0276624 -0.199155 0)
(0.0321373 -0.202409 0)
(0.0363189 -0.206158 0)
(0.0401521 -0.210375 0)
(0.0435798 -0.215026 0)
(0.0465438 -0.220066 0)
(0.049 -0.225443 0)
(0.0506478 -0.231101 0)
(0.0555637 -0.236904 0)
(0.0325083 -0.243516 0)
(0.0530262 -0.272528 0)
(0.0739 0.372165 0)
(0.0808296 0.390902 0)
(0.107654 0.385494 0)
(0.139747 0.387792 0)
(0.183165 0.391846 0)
(0.244304 0.391284 0)
(0.344553 0.370898 0)
(0.00233801 -0.195918 0)
(0.00696596 -0.197119 0)
(0.0115258 -0.197836 0)
(0.0160064 -0.199365 0)
(0.0203531 -0.201394 0)
(0.024524 -0.203905 0)
(0.0284758 -0.20688 0)
(0.0321626 -0.210295 0)
(0.0355364 -0.214121 0)
(0.0385482 -0.218321 0)
(0.0411481 -0.222852 0)
(0.0432991 -0.227665 0)
(0.0447439 -0.232705 0)
(0.0491239 -0.237857 0)
(0.0285262 -0.243769 0)
(0.046975 -0.271054 0)
(0.0674125 0.349862 0)
(0.0781902 0.364077 0)
(0.105354 0.354466 0)
(0.135186 0.348326 0)
(0.170434 0.338188 0)
(0.211141 0.317195 0)
(0.263366 0.27617 0)
(0.00206709 -0.200738 0)
(0.00615512 -0.201843 0)
(0.0101801 -0.20251 0)
(0.0141355 -0.203922 0)
(0.0179706 -0.20579 0)
(0.0216491 -0.208097 0)
(0.025133 -0.210822 0)
(0.0283822 -0.213939 0)
(0.0313554 -0.217418 0)
(0.0340104 -0.22122 0)
(0.0363038 -0.225302 0)
(0.0382028 -0.229618 0)
(0.039483 -0.234119 0)
(0.0433909 -0.238706 0)
(0.0250304 -0.243983 0)
(0.0415719 -0.269844 0)
(0.0596751 0.325721 0)
(0.0724843 0.337556 0)
(0.0976507 0.325795 0)
(0.123246 0.31581 0)
(0.150564 0.301487 0)
(0.178959 0.279204 0)
(0.206847 0.246385 0)
(0.00181613 -0.204986 0)
(0.00540455 -0.206001 0)
(0.00893617 -0.206628 0)
(0.0124088 -0.207935 0)
(0.0157764 -0.209662 0)
(0.0190083 -0.21179 0)
(0.022072 -0.214296 0)
(0.0249333 -0.217154 0)
(0.027557 -0.220329 0)
(0.0299065 -0.223784 0)
(0.0319436 -0.227476 0)
(0.0336379 -0.231357 0)
(0.0347882 -0.235382 0)
(0.038292 -0.239468 0)
(0.0219672 -0.244159 0)
(0.0367558 -0.268559 0)
(0.052574 0.302017 0)
(0.0656831 0.312659 0)
(0.0880322 0.300719 0)
(0.109473 0.289817 0)
(0.130659 0.275122 0)
(0.15086 0.254675 0)
(0.16791 0.227429 0)
(0.00158265 -0.208704 0)
(0.00470672 -0.209634 0)
(0.00778102 -0.21023 0)
(0.0108076 -0.211447 0)
(0.0137454 -0.213054 0)
(0.0165697 -0.215029 0)
(0.0192538 -0.21735 0)
(0.0217697 -0.219988 0)
(0.0240882 -0.222907 0)
(0.026178 -0.226067 0)
(0.0280051 -0.229423 0)
(0.02954 -0.232926 0)
(0.0305978 -0.23653 0)
(0.0337714 -0.240163 0)
(0.0192938 -0.244303 0)
(0.0324859 -0.267248 0)
(0.046312 0.279922 0)
(0.0588757 0.290246 0)
(0.0782632 0.279283 0)
(0.0958878 0.268927 0)
(0.112223 0.255251 0)
(0.126778 0.237235 0)
(0.138277 0.214724 0)
(0.00136388 -0.211926 0)
(0.00405361 -0.212778 0)
(0.00670094 -0.213351 0)
(0.0093121 -0.214495 0)
(0.0118514 -0.216001 0)
(0.0142999 -0.217851 0)
(0.0166377 -0.220021 0)
(0.0188434 -0.22248 0)
(0.0208944 -0.225191 0)
(0.0227654 -0.228111 0)
(0.0244272 -0.231189 0)
(0.0258505 -0.23437 0)
(0.0268604 -0.237602 0)
(0.0297893 -0.24082 0)
(0.0169806 -0.24442 0)
(0.0287222 -0.266035 0)
(0.0410945 0.259415 0)
(0.0529508 0.270452 0)
(0.069506 0.261328 0)
(0.0836688 0.252427 0)
(0.0960402 0.240464 0)
(0.106514 0.22498 0)
(0.114502 0.206269 0)
(0.00115725 -0.214694 0)
(0.00343717 -0.215471 0)
(0.00568199 -0.216032 0)
(0.00790235 -0.217118 0)
(0.0100677 -0.218546 0)
(0.0121651 -0.220299 0)
(0.0141818 -0.222353 0)
(0.0161041 -0.224677 0)
(0.0179175 -0.227234 0)
(0.0196054 -0.229973 0)
(0.0211458 -0.232838 0)
(0.0225117 -0.235762 0)
(0.0235312 -0.238674 0)
(0.0263254 -0.241506 0)
(0.0150154 -0.244519 0)
(0.025405 -0.26527 0)
(0.0371204 0.239752 0)
(0.048932 0.253182 0)
(0.0626669 0.246785 0)
(0.0734205 0.239907 0)
(0.082205 0.229824 0)
(0.0893253 0.216493 0)
(0.0946545 0.200486 0)
(0.000960151 -0.217038 0)
(0.00284953 -0.217743 0)
(0.00471026 -0.218299 0)
(0.00655721 -0.219342 0)
(0.00836583 -0.220716 0)
(0.010128 -0.222402 0)
(0.0118394 -0.224379 0)
(0.0134949 -0.226617 0)
(0.0150908 -0.229076 0)
(0.0166229 -0.231703 0)
(0.0180825 -0.234433 0)
(0.0194534 -0.237182 0)
(0.0205641 -0.239849 0)
(0.0234148 -0.242344 0)
(0.0134401 -0.244606 0)
(0.0226316 -0.265326 0)
(0.0362235 0.219408 0)
(0.0485584 0.238794 0)
(0.0586256 0.236062 0)
(0.0653801 0.231474 0)
(0.070404 0.223006 0)
(0.0743569 0.211163 0)
(0.077371 0.196832 0)
(0.000773775 -0.218636 0)
(0.00228794 -0.219288 0)
(0.00377189 -0.21985 0)
(0.00525196 -0.220862 0)
(0.00671262 -0.222196 0)
(0.00814827 -0.223838 0)
(0.00956043 -0.225767 0)
(0.0109539 -0.227957 0)
(0.0123386 -0.230372 0)
(0.0137281 -0.232957 0)
(0.0151354 -0.235635 0)
(0.0165705 -0.238297 0)
(0.017863 -0.240813 0)
(0.0211619 -0.243095 0)
(0.012404 -0.244511 0)
(0.0207025 -0.266457 0)
(0.0507186 0.195902 0)
(0.0544666 0.229262 0)
(0.0580478 0.230573 0)
(0.059347 0.227899 0)
(0.0599394 0.220212 0)
(0.0606147 0.20883 0)
(0.0614628 0.195067 0)
(0.000573649 -0.219925 0)
(0.00172216 -0.220501 0)
(0.0028601 -0.221084 0)
(0.00398747 -0.22208 0)
(0.00510807 -0.223398 0)
(0.00621934 -0.225027 0)
(0.00732984 -0.226953 0)
(0.00845448 -0.22916 0)
(0.00961923 -0.231617 0)
(0.0108629 -0.234283 0)
(0.0122398 -0.237081 0)
(0.0137908 -0.239836 0)
(0.0153155 -0.242396 0)
(0.0195076 -0.244544 0)
(0.0119058 -0.243888 0)
(0.0173878 -0.291154 0)
(0.062418 0.17729 0)
(0.0674647 0.228749 0)
(0.0605644 0.232823 0)
(0.0542377 0.230444 0)
(0.0494802 0.221857 0)
(0.0467673 0.209392 0)
(0.0456991 0.194906 0)
(0.00042239 -0.227783 0)
(0.00125702 -0.2283 0)
(0.00205312 -0.228938 0)
(0.0028692 -0.229973 0)
(0.00368337 -0.231348 0)
(0.00450147 -0.233058 0)
(0.00533386 -0.235097 0)
(0.00620092 -0.237461 0)
(0.00713858 -0.240146 0)
(0.00821271 -0.243147 0)
(0.00956551 -0.246441 0)
(0.0112189 -0.249878 0)
(0.0134425 -0.253341 0)
(0.0187691 -0.256607 0)
(0.0121133 -0.244475 0)
(0.0275271 -0.391095 0)
(0.0811203 0.099412 0)
(0.0888435 0.243801 0)
(0.0636403 0.247867 0)
(0.0475714 0.240907 0)
(0.0368215 0.228287 0)
(0.0310326 0.212467 0)
(0.0287533 0.195757 0)
(0.000262214 -0.221503 0)
(0.000969791 -0.221975 0)
(0.00155508 -0.222565 0)
(0.00219121 -0.223502 0)
(0.00282922 -0.224747 0)
(0.00347972 -0.226297 0)
(0.00414954 -0.228149 0)
(0.0048495 -0.230304 0)
(0.00559561 -0.232771 0)
(0.00643645 -0.235564 0)
(0.00749896 -0.238732 0)
(0.00851312 -0.242454 0)
(0.0117103 -0.246536 0)
(0.0193674 -0.254277 0)
(0.0185983 -0.231603 0)
(0.154272 -0.268123 0)
(-0.0453276 0.129742 0)
(0.111458 0.279751 0)
(0.0607969 0.273072 0)
(0.0335643 0.259743 0)
(0.0182387 0.238808 0)
(0.0110357 0.216844 0)
(0.00924248 0.196457 0)
(-6.29959e-05 -0.140795 0)
(-0.000594705 -0.141085 0)
(-0.000940056 -0.141555 0)
(-0.00133593 -0.142263 0)
(-0.00174828 -0.143207 0)
(-0.00218274 -0.14439 0)
(-0.0026417 -0.145817 0)
(-0.00312356 -0.147503 0)
(-0.00361729 -0.149478 0)
(-0.00412201 -0.151799 0)
(-0.00452126 -0.154581 0)
(-0.0046548 -0.15809 0)
(-0.00879711 -0.163741 0)
(0.014107 -0.170889 0)
(0.0145839 -0.25783 0)
(0.296288 -0.196543 0)
(0.618278 0.0179136 0)
(0.297352 0.341542 0)
(0.0481636 0.356897 0)
(0.0108383 0.294366 0)
(-0.010353 0.251317 0)
(-0.015439 0.219568 0)
(-0.0137591 0.194804 0)
(-0.000808595 -0.306826 0)
(-0.014958 -0.306974 0)
(-0.0229981 -0.307969 0)
(-0.0324962 -0.309191 0)
(-0.0422121 -0.310816 0)
(-0.0522183 -0.31287 0)
(-0.0625146 -0.31541 0)
(-0.0729839 -0.318536 0)
(-0.0833502 -0.322446 0)
(-0.0933366 -0.327625 0)
(-0.0988835 -0.334509 0)
(-0.0971546 -0.343108 0)
(-0.121638 -0.372476 0)
(0.0132987 -0.400094 0)
(0.0240985 -0.742479 0)
(-0.245285 -0.849733 0)
(0.0669603 0.255314 0)
(-0.21142 0.511492 0)
(-0.124687 0.409701 0)
(-0.0786795 0.309713 0)
(-0.0634357 0.251354 0)
(-0.0509147 0.214025 0)
(-0.0399969 0.187569 0)
(-0.00501834 -0.194621 0)
(-0.0145678 -0.194588 0)
(-0.0239552 -0.19491 0)
(-0.0337435 -0.195348 0)
(-0.0438774 -0.195954 0)
(-0.0544104 -0.196791 0)
(-0.0654183 -0.197962 0)
(-0.076973 -0.199659 0)
(-0.0892137 -0.202275 0)
(-0.102263 -0.206522 0)
(-0.115235 -0.213501 0)
(-0.134511 -0.228576 0)
(-0.16005 -0.257697 0)
(-0.141151 -0.285375 0)
(-0.335119 -0.398147 0)
(-0.610698 -0.337602 0)
(-0.514218 0.250117 0)
(-0.451656 0.389503 0)
(-0.257488 0.328194 0)
(-0.165251 0.266739 0)
(-0.11579 0.224636 0)
(-0.0855311 0.194827 0)
(-0.0649822 0.172629 0)
(-0.00490705 -0.197252 0)
(-0.0146277 -0.198023 0)
(-0.0243701 -0.198165 0)
(-0.0343827 -0.198453 0)
(-0.0447391 -0.198864 0)
(-0.0555621 -0.199428 0)
(-0.0669934 -0.200209 0)
(-0.0792276 -0.201322 0)
(-0.0925692 -0.20299 0)
(-0.107442 -0.20551 0)
(-0.12468 -0.209397 0)
(-0.147894 -0.21647 0)
(-0.177097 -0.222785 0)
(-0.214067 -0.234826 0)
(-0.32091 -0.282695 0)
(-0.451444 -0.200085 0)
(-0.469715 0.0236248 0)
(-0.370225 0.173578 0)
(-0.265259 0.201241 0)
(-0.19269 0.195483 0)
(-0.142605 0.18106 0)
(-0.108079 0.165674 0)
(-0.0834418 0.151611 0)
(-0.00483931 -0.185494 0)
(-0.0145822 -0.186229 0)
(-0.0244361 -0.186156 0)
(-0.0345219 -0.186076 0)
(-0.0449592 -0.185989 0)
(-0.0558971 -0.185896 0)
(-0.0675043 -0.185813 0)
(-0.0800294 -0.185769 0)
(-0.0938097 -0.185799 0)
(-0.109268 -0.185911 0)
(-0.127481 -0.186119 0)
(-0.150107 -0.186264 0)
(-0.177049 -0.183714 0)
(-0.214436 -0.178567 0)
(-0.275859 -0.167192 0)
(-0.331286 -0.0982234 0)
(-0.334126 0.00644393 0)
(-0.289531 0.0826267 0)
(-0.235875 0.121326 0)
(-0.18781 0.136459 0)
(-0.148628 0.138671 0)
(-0.117917 0.134824 0)
(-0.0940296 0.128498 0)
(-0.00477826 -0.174986 0)
(-0.0144373 -0.175642 0)
(-0.024226 -0.175378 0)
(-0.0342326 -0.174981 0)
(-0.0445834 -0.174445 0)
(-0.0554221 -0.173737 0)
(-0.0669118 -0.17282 0)
(-0.0792726 -0.17165 0)
(-0.0927912 -0.170113 0)
(-0.107853 -0.168025 0)
(-0.125119 -0.165102 0)
(-0.145291 -0.16047 0)
(-0.168703 -0.152539 0)
(-0.197471 -0.14049 0)
(-0.231375 -0.117099 0)
(-0.256709 -0.0673367 0)
(-0.257971 -0.00529206 0)
(-0.237095 0.0442656 0)
(-0.206182 0.0768561 0)
(-0.173976 0.0955331 0)
(-0.144593 0.104468 0)
(-0.119358 0.107254 0)
(-0.0982686 0.106439 0)
(-0.0046843 -0.164591 0)
(-0.0141475 -0.165125 0)
(-0.0237307 -0.164667 0)
(-0.0335234 -0.163968 0)
(-0.0436274 -0.163001 0)
(-0.0541599 -0.161715 0)
(-0.0652655 -0.160036 0)
(-0.0771109 -0.157858 0)
(-0.0898897 -0.155011 0)
(-0.103839 -0.15122 0)
(-0.119272 -0.146044 0)
(-0.136401 -0.138687 0)
(-0.155213 -0.128025 0)
(-0.175698 -0.112684 0)
(-0.195769 -0.0890349 0)
(-0.208992 -0.0541631 0)
(-0.209502 -0.0143447 0)
(-0.198099 0.0211883 0)
(-0.179341 0.0481931 0)
(-0.157589 0.0666039 0)
(-0.135903 0.0779932 0)
(-0.115871 0.0842129 0)
(-0.0980995 0.0868728 0)
(-0.00454493 -0.154488 0)
(-0.0137097 -0.154889 0)
(-0.022978 -0.154262 0)
(-0.0324334 -0.153303 0)
(-0.0421482 -0.151966 0)
(-0.0522128 -0.150188 0)
(-0.0627325 -0.147884 0)
(-0.0738157 -0.144913 0)
(-0.0855676 -0.141091 0)
(-0.0980871 -0.136135 0)
(-0.111456 -0.129637 0)
(-0.125621 -0.120986 0)
(-0.140285 -0.10942 0)
(-0.154797 -0.0939845 0)
(-0.16741 -0.0733076 0)
(-0.175074 -0.0472309 0)
(-0.175373 -0.0189076 0)
(-0.168513 0.00740851 0)
(-0.156412 0.0292983 0)
(-0.14138 0.045967 0)
(-0.12538 0.0577605 0)
(-0.109717 0.0655212 0)
(-0.0951108 0.0701848 0)
(-0.00435858 -0.144733 0)
(-0.0131399 -0.145015 0)
(-0.0220088 -0.144252 0)
(-0.0310292 -0.143078 0)
(-0.0402447 -0.141449 0)
(-0.049723 -0.139295 0)
(-0.0595287 -0.136525 0)
(-0.0697165 -0.133003 0)
(-0.0803215 -0.128552 0)
(-0.0913461 -0.122931 0)
(-0.102739 -0.115815 0)
(-0.11432 -0.106788 0)
(-0.125703 -0.0953811 0)
(-0.136209 -0.0811102 0)
(-0.144662 -0.0636058 0)
(-0.149532 -0.0432879 0)
(-0.149728 -0.0218488 0)
(-0.145292 -0.00143562 0)
(-0.13711 0.0164767 0)
(-0.126446 0.0310948 0)
(-0.114532 0.0423522 0)
(-0.102325 0.0505729 0)
(-0.0904631 0.0562587 0)
(-0.00413557 -0.135412 0)
(-0.0124678 -0.135592 0)
(-0.0208684 -0.134724 0)
(-0.0293791 -0.13339 0)
(-0.0380259 -0.131546 0)
(-0.0468465 -0.129131 0)
(-0.0558712 -0.126053 0)
(-0.0651192 -0.122197 0)
(-0.0745743 -0.117411 0)
(-0.0841799 -0.111509 0)
(-0.0938247 -0.104261 0)
(-0.103291 -0.095407 0)
(-0.112217 -0.084695 0)
(-0.120056 -0.071937 0)
(-0.12606 -0.0571378 0)
(-0.129422 -0.0407501 0)
(-0.129605 -0.023764 0)
(-0.12655 -0.00736893 0)
(-0.12079 0.00749119 0)
(-0.113057 0.0201937 0)
(-0.104074 0.0305639 0)
(-0.0945317 0.0386733 0)
(-0.0849412 0.0447683 0)
(-0.00388726 -0.126602 0)
(-0.0117242 -0.126703 0)
(-0.0196101 -0.125758 0)
(-0.0275614 -0.124313 0)
(-0.0355958 -0.12233 0)
(-0.0437264 -0.119754 0)
(-0.0519565 -0.116505 0)
(-0.0602771 -0.112494 0)
(-0.0686445 -0.107599 0)
(-0.0769757 -0.101687 0)
(-0.0851403 -0.0946121 0)
(-0.0929289 -0.0862238 0)
(-0.100039 -0.0764089 0)
(-0.106073 -0.0651348 0)
(-0.110556 -0.0525268 0)
(-0.113034 -0.038959 0)
(-0.113216 -0.0250493 0)
(-0.111078 -0.011517 0)
(-0.106934 0.000965128 0)
(-0.101188 0.0120492 0)
(-0.0943107 0.0214649 0)
(-0.0868025 0.0291904 0)
(-0.0790459 0.0353338 0)
(-0.00362607 -0.11835 0)
(-0.0109356 -0.118389 0)
(-0.0182738 -0.1174 0)
(-0.0256437 -0.115893 0)
(-0.0330486 -0.113837 0)
(-0.0404846 -0.111185 0)
(-0.0479399 -0.107879 0)
(-0.0553835 -0.103846 0)
(-0.0627597 -0.0990028 0)
(-0.0699798 -0.0932585 0)
(-0.0769142 -0.0865263 0)
(-0.083382 -0.0787321 0)
(-0.0891478 -0.0698439 0)
(-0.0939297 -0.0599015 0)
(-0.0974234 -0.0490535 0)
(-0.0993593 -0.0375902 0)
(-0.0995794 -0.0259257 0)
(-0.0980809 -0.0145292 0)
(-0.0949857 -0.00384051 0)
(-0.090616 0.00587837 0)
(-0.0853157 0.0143755 0)
(-0.0793706 0.021605 0)
(-0.0730815 0.0275964 0)
(-0.0033591 -0.110682 0)
(-0.0101274 -0.110675 0)
(-0.0169045 -0.109667 0)
(-0.0236846 -0.108141 0)
(-0.0304611 -0.106067 0)
(-0.0372193 -0.103412 0)
(-0.0439379 -0.100134 0)
(-0.0505733 -0.0961772 0)
(-0.0570653 -0.0914893 0)
(-0.0633288 -0.0860148 0)
(-0.0692481 -0.0797083 0)
(-0.0746758 -0.0725438 0)
(-0.0794332 -0.0645333 0)
(-0.0833205 -0.0557437 0)
(-0.086138 -0.0463146 0)
(-0.0877201 -0.0364688 0)
(-0.087974 -0.0264972 0)
(-0.0869 -0.0167165 0)
(-0.0845848 -0.007426 0)
(-0.0812516 0.00110709 0)
(-0.0771017 0.00879342 0)
(-0.072347 0.0155061 0)
(-0.067226 0.0212441 0)
(-0.00309014 -0.103601 0)
(-0.00931229 -0.103565 0)
(-0.0155299 -0.102562 0)
(-0.0217282 -0.101047 0)
(-0.027894 -0.0989999 0)
(-0.0340064 -0.096396 0)
(-0.0400339 -0.0932044 0)
(-0.0459324 -0.0893898 0)
(-0.0516442 -0.0849215 0)
(-0.0570906 -0.0797703 0)
(-0.0621725 -0.0739187 0)
(-0.0667732 -0.067369 0)
(-0.0707582 -0.0601541 0)
(-0.0739853 -0.052348 0)
(-0.0763212 -0.0440734 0)
(-0.0776615 -0.0355032 0)
(-0.0779513 -0.0268498 0)
(-0.0771974 -0.0183399 0)
(-0.0754677 -0.0101911 0)
(-0.072859 -0.0025939 0)
(-0.0695603 0.00437203 0)
(-0.0657556 0.0105791 0)
(-0.0615744 0.0160178 0)
(-0.00282488 -0.097104 0)
(-0.00850869 -0.0970511 0)
(-0.014177 -0.0960711 0)
(-0.0198095 -0.0945918 0)
(-0.0253896 -0.0926031 0)
(-0.0308923 -0.0900859 0)
(-0.0362814 -0.0870207 0)
(-0.0415157 -0.0833896 0)
(-0.0465417 -0.0791759 0)
(-0.0512886 -0.0743676 0)
(-0.055674 -0.0689663 0)
(-0.059607 -0.0629902 0)
(-0.0629872 -0.0564813 0)
(-0.0657123 -0.0495121 0)
(-0.0676918 -0.0421874 0)
(-0.068858 -0.0346431 0)
(-0.0691767 -0.027038 0)
(-0.0686546 -0.0195394 0)
(-0.0673374 -0.0123058 0)
(-0.0653012 -0.00547525 0)
(-0.062688 0.000826206 0)
(-0.0596115 0.00657494 0)
(-0.056177 0.0117053 0)
(-0.00256564 -0.0911831 0)
(-0.00772557 -0.0911223 0)
(-0.0128617 -0.0901751 0)
(-0.0179522 -0.0887491 0)
(-0.0229776 -0.0868389 0)
(-0.0279097 -0.0844317 0)
(-0.0327141 -0.0815179 0)
(-0.0373515 -0.0780906 0)
(-0.0417724 -0.0741428 0)
(-0.0459163 -0.069675 0)
(-0.0497167 -0.0647009 0)
(-0.0531028 -0.0592477 0)
(-0.0559989 -0.0533598 0)
(-0.0583311 -0.0471034 0)
(-0.0600361 -0.0405673 0)
(-0.0610687 -0.0338596 0)
(-0.0614077 -0.0271027 0)
(-0.0610597 -0.0204238 0)
(-0.0600614 -0.0139453 0)
(-0.0584753 -0.00777746 0)
(-0.0563685 -0.0020153 0)
(-0.0538573 0.0033129 0)
(-0.051043 0.00813918 0)
(-0.00231623 -0.085821 0)
(-0.00697069 -0.0857589 0)
(-0.0115966 -0.0848513 0)
(-0.0161728 -0.0834899 0)
(-0.0206756 -0.081669 0)
(-0.0250774 -0.079384 0)
(-0.0293472 -0.0766326 0)
(-0.0334466 -0.0734138 0)
(-0.0373314 -0.0697288 0)
(-0.0409526 -0.0655872 0)
(-0.0442568 -0.0610094 0)
(-0.0471874 -0.056026 0)
(-0.049687 -0.0506801 0)
(-0.0517013 -0.045031 0)
(-0.0531855 -0.0391534 0)
(-0.0541092 -0.0331355 0)
(-0.0544589 -0.0270737 0)
(-0.0542413 -0.021068 0)
(-0.0534839 -0.0152145 0)
(-0.0522322 -0.00959943 0)
(-0.0505418 -0.00429451 0)
(-0.0485038 0.000633343 0)
(-0.0461818 0.00518216 0)
(-0.00207782 -0.0809979 0)
(-0.00624904 -0.0809364 0)
(-0.0103896 -0.0800735 0)
(-0.014479 -0.0787797 0)
(-0.0184914 -0.0770529 0)
(-0.0224026 -0.0748951 0)
(-0.0261829 -0.0723071 0)
(-0.0297962 -0.0692924 0)
(-0.0332049 -0.0658592 0)
(-0.0363696 -0.0620226 0)
(-0.0392467 -0.0578053 0)
(-0.0417904 -0.0532383 0)
(-0.0439566 -0.0483624 0)
(-0.0457057 -0.0432303 0)
(-0.047006 -0.0379059 0)
(-0.0478364 -0.032462 0)
(-0.0481886 -0.0269768 0)
(-0.0480686 -0.0215302 0)
(-0.0474982 -0.0161995 0)
(-0.0465132 -0.0110551 0)
(-0.0451609 -0.0061577 0)
(-0.0434853 -0.00155906 0)
(-0.0415581 0.00273293 0)
(-0.00184965 -0.0766872 0)
(-0.00556186 -0.0766284 0)
(-0.00924325 -0.0758109 0)
(-0.0128732 -0.0745849 0)
(-0.0164282 -0.0729543 0)
(-0.0198853 -0.0709224 0)
(-0.0232162 -0.0684924 0)
(-0.0263888 -0.0656718 0)
(-0.029372 -0.0624737 0)
(-0.0321334 -0.0589155 0)
(-0.0346369 -0.0550204 0)
(-0.0368453 -0.0508185 0)
(-0.0387252 -0.0463484 0)
(-0.0402477 -0.0416572 0)
(-0.0413902 -0.0368 0)
(-0.0421374 -0.0318374 0)
(-0.0424841 -0.0268337 0)
(-0.0424357 -0.0218542 0)
(-0.0420093 -0.016962 0)
(-0.0412324 -0.0122154 0)
(-0.0401399 -0.00766449 0)
(-0.0387695 -0.00335045 0)
(-0.0371834 0.000688098 0)
(-0.00163276 -0.0728622 0)
(-0.00490995 -0.0728092 0)
(-0.00815739 -0.0720354 0)
(-0.011356 -0.0708772 0)
(-0.0144846 -0.0693401 0)
(-0.0175195 -0.0674277 0)
(-0.0204357 -0.0651455 0)
(-0.0232069 -0.0625048 0)
(-0.0258067 -0.0595211 0)
(-0.0282075 -0.0562124 0)
(-0.0303791 -0.0526016 0)
(-0.0322924 -0.0487179 0)
(-0.0339221 -0.0445976 0)
(-0.0352468 -0.0402826 0)
(-0.0362497 -0.0358205 0)
(-0.0369197 -0.0312622 0)
(-0.0372533 -0.0266617 0)
(-0.0372555 -0.0220732 0)
(-0.0369401 -0.0175497 0)
(-0.0363289 -0.0131404 0)
(-0.0354507 -0.00888858 0)
(-0.0343397 -0.00483163 0)
(-0.0330195 -0.00100067 0)
(-0.0014279 -0.0695002 0)
(-0.00429307 -0.0694538 0)
(-0.00713084 -0.0687218 0)
(-0.00992459 -0.0676285 0)
(-0.012653 -0.0661777 0)
(-0.0152938 -0.0643746 0)
(-0.0178267 -0.0622282 0)
(-0.0202302 -0.0597512 0)
(-0.0224812 -0.0569596 0)
(-0.0245555 -0.0538715 0)
(-0.0264289 -0.0505093 0)
(-0.0280788 -0.0469014 0)
(-0.0294859 -0.0430811 0)
(-0.0306338 -0.0390859 0)
(-0.0315097 -0.0349568 0)
(-0.0321054 -0.0307376 0)
(-0.0324189 -0.0264743 0)
(-0.032455 -0.0222133 0)
(-0.0322248 -0.0179999 0)
(-0.0317455 -0.0138761 0)
(-0.0310392 -0.00987939 0)
(-0.0301318 -0.00604132 0)
(-0.0290476 -0.00238488 0)
(-0.00123386 -0.0665775 0)
(-0.00370906 -0.0665369 0)
(-0.00616023 -0.0658443 0)
(-0.00857172 -0.0648095 0)
(-0.010923 -0.0634361 0)
(-0.0131955 -0.0617323 0)
(-0.0153732 -0.0597087 0)
(-0.0174374 -0.0573782 0)
(-0.0193675 -0.0547558 0)
(-0.0211431 -0.0518598 0)
(-0.0227452 -0.0487127 0)
(-0.0241565 -0.0453413 0)
(-0.0253617 -0.0417761 0)
(-0.026348 -0.0380505 0)
(-0.0271055 -0.0342005 0)
(-0.0276285 -0.0302647 0)
(-0.0279163 -0.026283 0)
(-0.0279732 -0.0222961 0)
(-0.0278082 -0.018343 0)
(-0.0274344 -0.0144603 0)
(-0.0268692 -0.0106808 0)
(-0.0261328 -0.00703321 0)
(-0.0252462 -0.00354046 0)
(-0.00104939 -0.0640701 0)
(-0.0031551 -0.0640358 0)
(-0.00523995 -0.0633783 0)
(-0.00728858 -0.0623945 0)
(-0.0092842 -0.0610903 0)
(-0.0112122 -0.0594755 0)
(-0.0130584 -0.0575606 0)
(-0.014806 -0.0553575 0)
(-0.0164377 -0.0528812 0)
(-0.017937 -0.05015 0)
(-0.0192894 -0.0471861 0)
(-0.0204812 -0.0440148 0)
(-0.0215002 -0.0406639 0)
(-0.0223361 -0.0371635 0)
(-0.0229816 -0.0335458 0)
(-0.0234331 -0.0298455 0)
(-0.0236908 -0.0260981 0)
(-0.0237581 -0.0223392 0)
(-0.0236422 -0.0186031 0)
(-0.0233532 -0.0149219 0)
(-0.0229045 -0.0113249 0)
(-0.0223126 -0.0078382 0)
(-0.0215955 -0.0044834 0)
(-0.000874 -0.0619582 0)
(-0.00262788 -0.0619302 0)
(-0.00436322 -0.061302 0)
(-0.00606697 -0.0603626 0)
(-0.00772673 -0.0591195 0)
(-0.00932996 -0.0575821 0)
(-0.0108633 -0.0557598 0)
(-0.0123126 -0.0536644 0)
(-0.0136641 -0.0513111 0)
(-0.0149056 -0.0487186 0)
(-0.0160254 -0.0459083 0)
(-0.0170127 -0.0429037 0)
(-0.0178573 -0.0397303 0)
(-0.0185514 -0.0364156 0)
(-0.01909 -0.0329894 0)
(-0.0194709 -0.0294829 0)
(-0.0196945 -0.025928 0)
(-0.0197639 -0.0223563 0)
(-0.019684 -0.0187984 0)
(-0.0194628 -0.015283 0)
(-0.0191107 -0.0118368 0)
(-0.0186407 -0.00848367 0)
(-0.018067 -0.00524376 0)
(-0.000706363 -0.060225 0)
(-0.00212289 -0.0602014 0)
(-0.00352343 -0.0595974 0)
(-0.00489886 -0.0586963 0)
(-0.00623909 -0.057505 0)
(-0.00753264 -0.0560315 0)
(-0.00876783 -0.0542852 0)
(-0.00993382 -0.0522783 0)
(-0.0110208 -0.0500266 0)
(-0.0120193 -0.0475484 0)
(-0.0129202 -0.0448639 0)
(-0.0137143 -0.041995 0)
(-0.0143937 -0.0389654 0)
(-0.0149527 -0.035801 0)
(-0.015388 -0.0325293 0)
(-0.0156986 -0.0291789 0)
(-0.0158849 -0.0257789 0)
(-0.0159491 -0.0223576 0)
(-0.0158949 -0.0189428 0)
(-0.0157282 -0.015561 0)
(-0.0154574 -0.0122367 0)
(-0.0150924 -0.00899251 0)
(-0.0146443 -0.00584757 0)
(-0.000544373 -0.0588508 0)
(-0.00163556 -0.0588299 0)
(-0.00271475 -0.0582463 0)
(-0.00377538 -0.0573767 0)
(-0.00480822 -0.0562267 0)
(-0.00580362 -0.0548037 0)
(-0.0067528 -0.0531179 0)
(-0.00764834 -0.0511821 0)
(-0.00848337 -0.0490121 0)
(-0.00925068 -0.0466251 0)
(-0.00994264 -0.0440401 0)
(-0.010552 -0.0412779 0)
(-0.0110729 -0.0383611 0)
(-0.0115018 -0.0353142 0)
(-0.0118366 -0.0321631 0)
(-0.0120769 -0.0289345 0)
(-0.012223 -0.0256548 0)
(-0.0122763 -0.0223505 0)
(-0.0122397 -0.0190472 0)
(-0.0121177 -0.0157695 0)
(-0.0119164 -0.0125408 0)
(-0.0116437 -0.00938244 0)
(-0.0113074 -0.00631283 0)
(-0.00038665 -0.0578398 0)
(-0.00116256 -0.0578209 0)
(-0.00193144 -0.0572532 0)
(-0.00268684 -0.0564066 0)
(-0.00342124 -0.0552864 0)
(-0.00412791 -0.0539006 0)
(-0.00480125 -0.0522598 0)
(-0.00543661 -0.0503773 0)
(-0.00602916 -0.0482679 0)
(-0.00657334 -0.045948 0)
(-0.00706331 -0.0434357 0)
(-0.00749392 -0.0407512 0)
(-0.00786146 -0.0379165 0)
(-0.00816381 -0.0349555 0)
(-0.00840002 -0.0318926 0)
(-0.00856979 -0.0287529 0)
(-0.00867336 -0.0255612 0)
(-0.00871166 -0.0223425 0)
(-0.00868674 -0.0191209 0)
(-0.00860192 -0.01592 0)
(-0.00846174 -0.0127618 0)
(-0.00827164 -0.00966674 0)
(-0.00803754 -0.00665261 0)
(-0.00023159 -0.057397 0)
(-0.000699682 -0.057378 0)
(-0.00116551 -0.0568171 0)
(-0.00162179 -0.0559797 0)
(-0.00206427 -0.0548717 0)
(-0.00248942 -0.0535018 0)
(-0.0028944 -0.0518811 0)
(-0.00327648 -0.0500223 0)
(-0.00363246 -0.04794 0)
(-0.00395861 -0.0456501 0)
(-0.00425125 -0.0431708 0)
(-0.00450747 -0.0405225 0)
(-0.00472541 -0.0377272 0)
(-0.0049041 -0.0348084 0)
(-0.00504314 -0.0317897 0)
(-0.00514238 -0.0286954 0)
(-0.00520194 -0.0255496 0)
(-0.00522248 -0.0223763 0)
(-0.00520538 -0.019199 0)
(-0.00515277 -0.0160404 0)
(-0.00506751 -0.0129219 0)
(-0.00495289 -0.00986288 0)
(-0.00481241 -0.00688065 0)
(-7.57369e-05 -0.0566256 0)
(-0.000233438 -0.0565977 0)
(-0.000393138 -0.056052 0)
(-0.000547706 -0.0552348 0)
(-0.000696815 -0.0541533 0)
(-0.000839888 -0.0528165 0)
(-0.000976243 -0.0512347 0)
(-0.00110491 -0.0494194 0)
(-0.00122457 -0.0473841 0)
(-0.00133375 -0.0451443 0)
(-0.00143119 -0.042718 0)
(-0.00151604 -0.0401253 0)
(-0.00158787 -0.0373875 0)
(-0.00164647 -0.034527 0)
(-0.00169173 -0.0315663 0)
(-0.00172356 -0.0285285 0)
(-0.001742 -0.0254369 0)
(-0.00174731 -0.0223148 0)
(-0.00174006 -0.0191851 0)
(-0.00172107 -0.0160697 0)
(-0.00169133 -0.0129892 0)
(-0.00165199 -0.00996267 0)
(-0.00160423 -0.00700688 0)
(0.459429 0.173267 0)
(0.324433 0.0246982 0)
(0.266346 0.0127506 0)
(0.254031 0.00647217 0)
(0.387453 0.152337 0)
(0.316539 0.0728414 0)
(0.261342 0.0498138 0)
(0.228564 0.0256938 0)
(0.283977 0.181725 0)
(0.259484 0.119297 0)
(0.227101 0.0824304 0)
(0.199991 0.0534541 0)
(0.220063 0.191819 0)
(0.211958 0.141076 0)
(0.194046 0.104441 0)
(0.17401 0.0758844 0)
(0.176939 0.189725 0)
(0.174661 0.15112 0)
(0.164415 0.119176 0)
(0.150314 0.0930105 0)
(0.144804 0.186476 0)
(0.144596 0.156166 0)
(0.138537 0.128905 0)
(0.128829 0.105484 0)
(0.11922 0.183594 0)
(0.119679 0.158706 0)
(0.116012 0.135265 0)
(0.109391 0.114339 0)
(0.0978808 0.1813 0)
(0.0984212 0.160002 0)
(0.0961638 0.139412 0)
(0.0917088 0.120518 0)
(0.0792731 0.179727 0)
(0.0796568 0.160686 0)
(0.0783019 0.142064 0)
(0.0754354 0.124703 0)
(0.0622075 0.178851 0)
(0.0624362 0.160999 0)
(0.0617997 0.143598 0)
(0.0602275 0.127316 0)
(0.0456377 0.178455 0)
(0.0459731 0.160907 0)
(0.0461358 0.144129 0)
(0.0457917 0.128569 0)
(0.0286257 0.178039 0)
(0.0296414 0.160122 0)
(0.0309211 0.143564 0)
(0.0319186 0.128505 0)
(0.0104099 0.176725 0)
(0.0130408 0.158108 0)
(0.0159503 0.141644 0)
(0.0185203 0.127049 0)
(-0.00930403 0.173184 0)
(-0.00385794 0.15417 0)
(0.00127389 0.138037 0)
(0.00566719 0.124073 0)
(-0.0298369 0.16588 0)
(-0.0205183 0.147585 0)
(-0.0127728 0.132439 0)
(-0.00642431 0.119511 0)
(-0.0489649 0.154008 0)
(-0.0357977 0.138078 0)
(-0.0255369 0.124796 0)
(-0.017375 0.113394 0)
(-0.0641342 0.138357 0)
(-0.0484319 0.126099 0)
(-0.0363473 0.115402 0)
(-0.0267996 0.105942 0)
(-0.0742827 0.120875 0)
(-0.0577398 0.112672 0)
(-0.0447875 0.104856 0)
(-0.0344517 0.0975421 0)
(-0.0798288 0.103431 0)
(-0.0637547 0.0988989 0)
(-0.0507999 0.0938415 0)
(-0.0402538 0.0886468 0)
(-0.0817525 0.0871995 0)
(-0.0669258 0.0856214 0)
(-0.0545865 0.0829506 0)
(-0.0442956 0.0796828 0)
(-0.0810622 0.0727315 0)
(-0.0678421 0.0733536 0)
(-0.0564852 0.0726052 0)
(-0.046772 0.070981 0)
(-0.0786079 0.0601759 0)
(-0.0670765 0.0623411 0)
(-0.0568712 0.0630604 0)
(-0.0479258 0.0627707 0)
(-0.0750365 0.0494576 0)
(-0.0651172 0.0526467 0)
(-0.0560978 0.054438 0)
(-0.0480071 0.0551896 0)
(-0.0708098 0.0403964 0)
(-0.0623496 0.0442235 0)
(-0.0544688 0.0467655 0)
(-0.0472475 0.0483022 0)
(-0.0662435 0.032777 0)
(-0.0590639 0.0369669 0)
(-0.0522309 0.0400109 0)
(-0.0458474 0.0421209 0)
(-0.0615469 0.0263859 0)
(-0.0554704 0.0307487 0)
(-0.0495763 0.0341094 0)
(-0.0439729 0.0366243 0)
(-0.0568532 0.0210288 0)
(-0.0517168 0.0254381 0)
(-0.0466498 0.0289813 0)
(-0.0417563 0.0317715 0)
(-0.0522443 0.0165373 0)
(-0.0479039 0.020912 0)
(-0.0435577 0.0245433 0)
(-0.0393012 0.027511 0)
(-0.047765 0.0127699 0)
(-0.0440981 0.0170606 0)
(-0.0403769 0.0207149 0)
(-0.0366868 0.0237874 0)
(-0.0434407 0.00960848 0)
(-0.0403424 0.0137871 0)
(-0.0371617 0.0174207 0)
(-0.0339728 0.0205456 0)
(-0.039276 0.00695618 0)
(-0.0366622 0.0110083 0)
(-0.0339495 0.014593 0)
(-0.0312029 0.0177333 0)
(-0.035279 0.0047293 0)
(-0.0330728 0.00865261 0)
(-0.0307651 0.0121724 0)
(-0.0284082 0.0153031 0)
(-0.0314223 0.00286672 0)
(-0.0295764 0.00666174 0)
(-0.0276228 0.0101081 0)
(-0.0256103 0.0132132 0)
(-0.0277246 0.00131459 0)
(-0.0261785 0.00498627 0)
(-0.0245315 0.00835691 0)
(-0.0228236 0.0114271 0)
(-0.0241557 1.93633e-05 0)
(-0.0228712 0.0035836 0)
(-0.0214936 0.00688187 0)
(-0.0200568 0.00991296 0)
(-0.0207019 -0.00104332 0)
(-0.0196442 0.0024223 0)
(-0.0185077 0.0056525 0)
(-0.0173145 0.00864344 0)
(-0.017349 -0.00190387 0)
(-0.0164952 0.00147417 0)
(-0.0155721 0.00464265 0)
(-0.0145988 0.00759521 0)
(-0.0140812 -0.00259366 0)
(-0.0134101 0.000714605 0)
(-0.0126809 0.00383016 0)
(-0.0119083 0.00674879 0)
(-0.0108824 -0.00312796 0)
(-0.0103777 0.000119108 0)
(-0.0098275 0.00319716 0)
(-0.00923998 0.00608879 0)
(-0.00774333 -0.00351784 0)
(-0.00738622 -0.000313348 0)
(-0.0069972 0.00273404 0)
(-0.00658848 0.0056045 0)
(-0.00463626 -0.00377425 0)
(-0.00442349 -0.000591136 0)
(-0.00419266 0.00243284 0)
(-0.0039511 0.0052882 0)
(-0.00154526 -0.0039211 0)
(-0.00147357 -0.000753102 0)
(-0.00140189 0.00226096 0)
(-0.00132269 0.00510733 0)
(0.192654 -0.0840604 0)
(0.104562 -0.0450347 0)
(0.0740795 -0.0170882 0)
(0.0584707 -0.0033974 0)
(0.0480348 0.00438256 0)
(0.0403922 0.00908068 0)
(0.0343671 0.0119847 0)
(0.0294481 0.0138234 0)
(0.025319 0.0149844 0)
(0.0217724 0.0157022 0)
(0.0186634 0.0161274 0)
(0.0158864 0.0163594 0)
(0.0133625 0.0164659 0)
(0.0110325 0.0164948 0)
(0.00885095 0.0164801 0)
(0.00678083 0.0164458 0)
(0.00479031 0.0164074 0)
(0.00285256 0.0163754 0)
(0.000945958 0.0163331 0)
(0.175798 -0.0187372 0)
(0.115199 -0.0133795 0)
(0.082435 -0.00244995 0)
(0.0636986 0.0052637 0)
(0.0512817 0.0103491 0)
(0.0423857 0.0135209 0)
(0.0356105 0.0154926 0)
(0.0302192 0.0166958 0)
(0.0257857 0.0174022 0)
(0.0220406 0.0177861 0)
(0.0188022 0.0179614 0)
(0.015942 0.0180041 0)
(0.013367 0.0179667 0)
(0.0110087 0.0178866 0)
(0.00881466 0.0177901 0)
(0.00674278 0.0176949 0)
(0.00475774 0.017613 0)
(0.00283078 0.0175532 0)
(0.000938336 0.0174964 0)
(0.160578 0.0198421 0)
(0.115402 0.0108318 0)
(0.0854923 0.0121453 0)
(0.0663205 0.0147561 0)
(0.0531086 0.0169315 0)
(0.0435553 0.0184021 0)
(0.0363208 0.019287 0)
(0.0306234 0.0197542 0)
(0.02599 0.0199418 0)
(0.0221162 0.0199489 0)
(0.018797 0.0198446 0)
(0.015889 0.0196774 0)
(0.0132895 0.0194821 0)
(0.0109232 0.0192831 0)
(0.00873235 0.0190974 0)
(0.00667127 0.0189363 0)
(0.00470262 0.0188081 0)
(0.00279625 0.0187194 0)
(0.000926668 0.0186473 0)
(0.144723 0.0462834 0)
(0.110681 0.0309849 0)
(0.0848296 0.025965 0)
(0.0666113 0.0243063 0)
(0.0535121 0.0237673 0)
(0.0438297 0.0235023 0)
(0.0364402 0.0232397 0)
(0.0306209 0.0229207 0)
(0.0259045 0.0225518 0)
(0.02198 0.0221549 0)
(0.0186344 0.0217519 0)
(0.0157181 0.0213617 0)
(0.0131235 0.0209991 0)
(0.0107712 0.0206744 0)
(0.00860063 0.0203947 0)
(0.00656424 0.0201649 0)
(0.00462382 0.0199889 0)
(0.00274832 0.0198702 0)
(0.00091071 0.0197823 0)
(0.128796 0.0662342 0)
(0.102888 0.0477663 0)
(0.0813298 0.0383917 0)
(0.0649325 0.0333875 0)
(0.0525961 0.0304869 0)
(0.0432215 0.0285977 0)
(0.0359578 0.0272138 0)
(0.030197 0.0261071 0)
(0.0255165 0.0251731 0)
(0.0216221 0.0243631 0)
(0.0183073 0.0236542 0)
(0.0154243 0.0230358 0)
(0.0128653 0.0225018 0)
(0.0105502 0.0220484 0)
(0.00841787 0.0216727 0)
(0.00642078 0.0213729 0)
(0.00452076 0.0211485 0)
(0.00268656 0.0209995 0)
(0.000890251 0.0208951 0)
(0.113152 0.0808517 0)
(0.0934654 0.0611301 0)
(0.0759172 0.049094 0)
(0.0617083 0.041636 0)
(0.0505428 0.036809 0)
(0.041803 0.0334965 0)
(0.0349001 0.0310816 0)
(0.0293602 0.0292274 0)
(0.0248277 0.0277465 0)
(0.0210424 0.0265323 0)
(0.0178152 0.0255223 0)
(0.0150069 0.0246781 0)
(0.0125143 0.0239741 0)
(0.0102596 0.0233927 0)
(0.00818381 0.0229217 0)
(0.00624077 0.0225526 0)
(0.00439335 0.0222801 0)
(0.00261075 0.0221007 0)
(0.000865161 0.0219798 0)
(0.0980743 0.0915683 0)
(0.0832499 0.0715953 0)
(0.069268 0.058028 0)
(0.0573319 0.0488604 0)
(0.0475626 0.0425432 0)
(0.0396818 0.0380489 0)
(0.033321 0.0347339 0)
(0.0281381 0.0322039 0)
(0.0238531 0.0302171 0)
(0.0202495 0.0286234 0)
(0.0171631 0.0273279 0)
(0.014469 0.0262676 0)
(0.0120722 0.0254 0)
(0.0099008 0.024695 0)
(0.00789949 0.0241317 0)
(0.00602493 0.0236956 0)
(0.00424193 0.0233764 0)
(0.002521 0.0231673 0)
(0.000835455 0.0230302 0)
(0.0836831 0.0993599 0)
(0.0727273 0.0796367 0)
(0.0618616 0.0652758 0)
(0.0521376 0.054986 0)
(0.0438631 0.0475749 0)
(0.0369802 0.0421477 0)
(0.0312917 0.0380845 0)
(0.0265725 0.0349717 0)
(0.0226182 0.0325371 0)
(0.0192596 0.0306013 0)
(0.0163615 0.0290445 0)
(0.0138173 0.0277845 0)
(0.0115439 0.0267642 0)
(0.00947705 0.0259434 0)
(0.00756715 0.0252933 0)
(0.00577473 0.0247938 0)
(0.0040674 0.0244304 0)
(0.00241782 0.0241931 0)
(0.000801316 0.0240406 0)
(0.0699778 0.104878 0)
(0.0621801 0.0856407 0)
(0.0540359 0.0709682 0)
(0.0463975 0.0600071 0)
(0.0396346 0.0518451 0)
(0.033823 0.0457232 0)
(0.028892 0.0410706 0)
(0.0247147 0.0374798 0)
(0.0211563 0.0346667 0)
(0.0180946 0.0324352 0)
(0.0154251 0.0306485 0)
(0.013062 0.0292105 0)
(0.0109362 0.0280527 0)
(0.00899325 0.0271268 0)
(0.00719023 0.0263976 0)
(0.00549249 0.02584 0)
(0.00387128 0.0254358 0)
(0.00230214 0.0251726 0)
(0.000763079 0.0250061 0)
(0.0568955 0.108554 0)
(0.051771 0.0899081 0)
(0.0460283 0.0752447 0)
(0.040329 0.0639574 0)
(0.035045 0.0553343 0)
(0.0303302 0.0487363 0)
(0.0262046 0.0436505 0)
(0.022621 0.0396907 0)
(0.0195057 0.0365749 0)
(0.0167805 0.0341 0)
(0.0143719 0.0321201 0)
(0.0122157 0.0305298 0)
(0.0102582 0.0292532 0)
(0.00845583 0.0282355 0)
(0.00677322 0.0274367 0)
(0.0051813 0.0268276 0)
(0.00365561 0.0263871 0)
(0.00217521 0.0261009 0)
(0.000721184 0.025922 0)
(0.044361 0.110655 0)
(0.0416003 0.0926591 0)
(0.0380114 0.078234 0)
(0.0341061 0.0668903 0)
(0.03024 0.05805 0)
(0.0266128 0.0511714 0)
(0.0233105 0.0458003 0)
(0.020349 0.0415796 0)
(0.0177071 0.0382389 0)
(0.0153461 0.0355764 0)
(0.0132224 0.0334433 0)
(0.0112932 0.0317297 0)
(0.00952059 0.0303553 0)
(0.00787245 0.0292612 0)
(0.00632155 0.0284038 0)
(0.00484494 0.027751 0)
(0.00342294 0.0272797 0)
(0.00203851 0.0269739 0)
(0.000676127 0.0267843 0)
(0.0323252 0.111323 0)
(0.0317456 0.0940496 0)
(0.0301198 0.0800481 0)
(0.0278714 0.0688679 0)
(0.0253449 0.0600171 0)
(0.0227717 0.0530313 0)
(0.0202865 0.0475112 0)
(0.0179558 0.0431331 0)
(0.015802 0.0396443 0)
(0.0138218 0.036851 0)
(0.0119986 0.0346064 0)
(0.0103105 0.0328004 0)
(0.00873518 0.0313511 0)
(0.00725173 0.0301973 0)
(0.00584144 0.0292934 0)
(0.00448776 0.0286057 0)
(0.00317614 0.0281096 0)
(0.00189367 0.0277879 0)
(0.000628433 0.0275894 0)
(0.0207954 0.110622 0)
(0.0222879 0.0941913 0)
(0.0224685 0.0807858 0)
(0.021745 0.0699566 0)
(0.0204685 0.0612724 0)
(0.0188969 0.054332 0)
(0.0172038 0.0487865 0)
(0.0154957 0.0443477 0)
(0.0138314 0.0407847 0)
(0.012238 0.0379162 0)
(0.0107233 0.0356021 0)
(0.00928474 0.0337353 0)
(0.00791453 0.0322346 0)
(0.00660292 0.0310387 0)
(0.00533958 0.0301013 0)
(0.00411451 0.029388 0)
(0.00291835 0.0288734 0)
(0.00174245 0.0285398 0)
(0.000578648 0.0283344 0)
(0.00985545 0.108577 0)
(0.0133264 0.0931734 0)
(0.015164 0.0805388 0)
(0.0158313 0.070226 0)
(0.0157052 0.061862 0)
(0.0150687 0.0551006 0)
(0.0141269 0.0496401 0)
(0.0130193 0.0452286 0)
(0.0118343 0.0416603 0)
(0.0106245 0.03877 0)
(0.0094192 0.0364273 0)
(0.0082329 0.0345308 0)
(0.00707146 0.0330023 0)
(0.00593555 0.0317821 0)
(0.00482297 0.0308244 0)
(0.00373015 0.030095 0)
(0.00265283 0.0295686 0)
(0.00158667 0.0292272 0)
(0.000527341 0.0290168 0)
(-0.000336091 0.105258 0)
(0.00498318 0.0910537 0)
(0.00830929 0.0793987 0)
(0.0102224 0.0697498 0)
(0.0111374 0.0618393 0)
(0.0113572 0.0553727 0)
(0.0111137 0.0500938 0)
(0.0105729 0.0457883 0)
(0.00984697 0.0422777 0)
(0.00900961 0.0394151 0)
(0.00810799 0.0370825 0)
(0.00717169 0.0351861 0)
(0.00621866 0.0336528 0)
(0.00525917 0.0324256 0)
(0.00429869 0.0314607 0)
(0.00333971 0.0307248 0)
(0.00238294 0.0301933 0)
(0.00142819 0.0298482 0)
(0.000475116 0.029635 0)
(-0.0096123 0.100764 0)
(-0.00263404 0.0880176 0)
(0.00202043 0.0774192 0)
(0.00499911 0.0686021 0)
(0.00683641 0.0612636 0)
(0.00782321 0.0551914 0)
(0.00821444 0.0501766 0)
(0.00819748 0.0460454 0)
(0.00790254 0.0426482 0)
(0.00741945 0.0398584 0)
(0.00681017 0.0375714 0)
(0.00611699 0.0357031 0)
(0.00536834 0.0341867 0)
(0.0045831 0.0329693 0)
(0.00377367 0.0320099 0)
(0.00294817 0.0312769 0)
(0.00211198 0.0307467 0)
(0.00126894 0.0304021 0)
(0.0004226 0.0301882 0)
(-0.0177065 0.0952395 0)
(-0.00943387 0.0842024 0)
(-0.00367212 0.0747833 0)
(0.000256045 0.0668726 0)
(0.00286517 0.0601927 0)
(0.00451817 0.0546045 0)
(0.00547181 0.0499221 0)
(0.00592868 0.0460229 0)
(0.00603014 0.0427876 0)
(0.00587756 0.0401101 0)
(0.00554446 0.0379007 0)
(0.00508352 0.036086 0)
(0.00453201 0.0346065 0)
(0.00391618 0.0334146 0)
(0.00325456 0.0324727 0)
(0.00256035 0.0317516 0)
(0.00184323 0.031229 0)
(0.00111083 0.030889 0)
(0.00037043 0.0306765 0)
(-0.0244859 0.0889387 0)
(-0.015272 0.0797156 0)
(-0.0086807 0.0716501 0)
(-0.00400453 0.0646849 0)
(-0.00073149 0.0587221 0)
(0.00148802 0.0536456 0)
(0.00292076 0.0493665 0)
(0.00379631 0.045747 0)
(0.00425491 0.0427145 0)
(0.00440458 0.0401835 0)
(0.00432755 0.0380796 0)
(0.00408467 0.0363411 0)
(0.00372026 0.0349168 0)
(0.00326665 0.0337649 0)
(0.00274762 0.0328516 0)
(0.00218082 0.0321505 0)
(0.00157979 0.0316415 0)
(0.000955695 0.0313099 0)
(0.000319231 0.0311008 0)
(-0.0298849 0.0821613 0)
(-0.0201143 0.0747789 0)
(-0.0129541 0.0680844 0)
(-0.00772517 0.0621347 0)
(-0.00394686 0.056929 0)
(-0.00125319 0.052403 0)
(0.000599467 0.0485395 0)
(0.00182517 0.0452445 0)
(0.00259801 0.0424495 0)
(0.00301819 0.0400939 0)
(0.00317397 0.0381192 0)
(0.00313228 0.0364766 0)
(0.0029426 0.0351236 0)
(0.00264201 0.0340244 0)
(0.00225858 0.0331498 0)
(0.00181379 0.0324765 0)
(0.00132457 0.0319865 0)
(0.000805269 0.0316668 0)
(0.000269583 0.0314631 0)
(-0.0339363 0.0751807 0)
(-0.0239676 0.06958 0)
(-0.0164885 0.0642296 0)
(-0.0108912 0.059298 0)
(-0.00673799 0.0548651 0)
(-0.00368882 0.0509395 0)
(-0.00149548 0.0475038 0)
(3.94203e-05 0.0445482 0)
(0.00107748 0.0420116 0)
(0.00173319 0.0398581 0)
(0.00209594 0.0380321 0)
(0.00223656 0.0365019 0)
(0.0022074 0.035234 0)
(0.00204891 0.0341989 0)
(0.00179261 0.0333718 0)
(0.00146308 0.032733 0)
(0.00108021 0.0322669 0)
(0.000661113 0.0319623 0)
(0.000222007 0.0317655 0)
(-0.0367434 0.0682386 0)
(-0.0268789 0.0642876 0)
(-0.0193028 0.0602135 0)
(-0.0135059 0.0562723 0)
(-0.00910566 0.0526053 0)
(-0.00579592 0.0492766 0)
(-0.00334427 0.046306 0)
(-0.00156316 0.0436989 0)
(-0.000295357 0.0414346 0)
(0.000563153 0.0394867 0)
(0.00110344 0.0378311 0)
(0.00140607 0.0364272 0)
(0.00152181 0.0352562 0)
(0.00149312 0.0342947 0)
(0.00135417 0.0335226 0)
(0.00113207 0.0329242 0)
(0.00084904 0.0324862 0)
(0.000524593 0.0321995 0)
(0.000176949 0.0320112 0)
(-0.0384516 0.0615235 0)
(-0.028925 0.0590446 0)
(-0.0214376 0.056147 0)
(-0.0155876 0.0531421 0)
(-0.0110555 0.0502162 0)
(-0.0075761 0.0474743 0)
(-0.00493722 0.0449668 0)
(-0.00296634 0.0427239 0)
(-0.00152127 0.040744 0)
(-0.00048988 0.0390118 0)
(0.000208502 0.0375269 0)
(0.000647998 0.0362627 0)
(0.000891806 0.0351986 0)
(0.000979434 0.0343187 0)
(0.000947078 0.0336078 0)
(0.00082365 0.0330549 0)
(0.000633054 0.0326486 0)
(0.000396873 0.032382 0)
(0.000134786 0.0322033 0)
(-0.0392239 0.0551681 0)
(-0.0302008 0.0539628 0)
(-0.0229475 0.0521221 0)
(-0.0171669 0.0499819 0)
(-0.0126036 0.0477571 0)
(-0.00903527 0.0455799 0)
(-0.0062755 0.0435276 0)
(-0.00416872 0.041646 0)
(-0.00258573 0.0399541 0)
(-0.00142166 0.0384552 0)
(-0.000592574 0.0371432 0)
(-3.03619e-05 0.0360214 0)
(0.000322565 0.0350683 0)
(0.000511753 0.0342782 0)
(0.00057442 0.0336331 0)
(0.000540236 0.03313 0)
(0.000433895 0.0327582 0)
(0.000278916 0.0325137 0)
(9.58271e-05 0.0323456 0)
(-0.0392225 0.0492558 0)
(-0.0308081 0.0491246 0)
(-0.023896 0.0482118 0)
(-0.0182821 0.0468545 0)
(-0.0137723 0.04528 0)
(-0.010186 0.0436377 0)
(-0.00736462 0.042023 0)
(-0.00517131 0.0404958 0)
(-0.00349001 0.0390898 0)
(-0.00222413 0.0378216 0)
(-0.00129309 0.0366969 0)
(-0.000632079 0.0357181 0)
(-0.000183625 0.03488 0)
(9.39822e-05 0.034178 0)
(0.000238703 0.0336035 0)
(0.00028386 0.0331549 0)
(0.000252837 0.0328195 0)
(0.000171517 0.0325987 0)
(6.03287e-05 0.032442 0)
(-0.0385973 0.0438304 0)
(-0.0308479 0.0445852 0)
(-0.0243499 0.0444715 0)
(-0.0189768 0.0438104 0)
(-0.0145889 0.0428293 0)
(-0.0110452 0.0416854 0)
(-0.00821421 0.0404852 0)
(-0.00597857 0.0392996 0)
(-0.00423574 0.0381732 0)
(-0.0028981 0.0371328 0)
(-0.00189043 0.0361934 0)
(-0.00115127 0.0353621 0)
(-0.000627587 0.0346432 0)
(-0.000275756 0.0340303 0)
(-5.677e-05 0.0335294 0)
(5.64795e-05 0.0331322 0)
(9.07722e-05 0.0328367 0)
(7.53429e-05 0.0326413 0)
(2.8511e-05 0.0324968 0)
(-0.0374798 0.0389059 0)
(-0.0304151 0.0403776 0)
(-0.0243756 0.0409404 0)
(-0.0192963 0.0408889 0)
(-0.015084 0.0404412 0)
(-0.0116326 0.0397551 0)
(-0.00883684 0.0389425 0)
(-0.00659794 0.0380813 0)
(-0.00482698 0.037224 0)
(-0.00344563 0.0364054 0)
(-0.00238561 0.0356477 0)
(-0.00158854 0.0349633 0)
(-0.00100525 0.0343618 0)
(-0.000593185 0.0338448 0)
(-0.000315431 0.0334162 0)
(-0.000143485 0.0330709 0)
(-5.00132e-05 0.032816 0)
(-8.85421e-06 0.0326462 0)
(6.07746e-07 0.032514 0)
(-0.0359815 0.0344754 0)
(-0.0295949 0.036517 0)
(-0.0240358 0.0376442 0)
(-0.0192857 0.0381191 0)
(-0.015289 0.0381447 0)
(-0.0119702 0.0378739 0)
(-0.0092472 0.0374191 0)
(-0.00703903 0.036862 0)
(-0.00526983 0.0362604 0)
(-0.0038707 0.0356548 0)
(-0.0027802 0.0350729 0)
(-0.00194463 0.0345331 0)
(-0.00131767 0.0340475 0)
(-0.000859183 0.0336243 0)
(-0.000534272 0.0332676 0)
(-0.000313816 0.0329793 0)
(-0.000171228 0.0327632 0)
(-8.16606e-05 0.0326191 0)
(-2.36488e-05 0.0324986 0)
(-0.0341945 0.0305182 0)
(-0.028462 0.0330053 0)
(-0.0233884 0.0345968 0)
(-0.0189882 0.035521 0)
(-0.0152358 0.035962 0)
(-0.0120807 0.0360635 0)
(-0.00946141 0.0359355 0)
(-0.00731304 0.0356602 0)
(-0.00557194 0.0352985 0)
(-0.00417836 0.034895 0)
(-0.0030777 0.0344817 0)
(-0.0022212 0.0340812 0)
(-0.00156595 0.0337094 0)
(-0.0010744 0.0333774 0)
(-0.00071337 0.0330926 0)
(-0.000454681 0.0328597 0)
(-0.000272442 0.0326829 0)
(-0.000142556 0.0325648 0)
(-4.39644e-05 0.0324566 0)
(-0.0321933 0.0270051 0)
(-0.0270802 0.0298348 0)
(-0.0224848 0.031804 0)
(-0.0184442 0.0331076 0)
(-0.0149548 0.0339093 0)
(-0.0119869 0.0343413 0)
(-0.00949634 0.0345084 0)
(-0.0074322 0.0344915 0)
(-0.00574205 0.0343527 0)
(-0.00437477 0.0341389 0)
(-0.00328239 0.0338853 0)
(-0.00242116 0.0336178 0)
(-0.00175189 0.0333555 0)
(-0.00123974 0.0331121 0)
(-0.000853699 0.0328975 0)
(-0.000566586 0.0327184 0)
(-0.000353504 0.0325808 0)
(-0.000191643 0.0324881 0)
(-6.03843e-05 0.0323922 0)
(-0.0300369 0.023903 0)
(-0.0255029 0.0269916 0)
(-0.0213702 0.0292647 0)
(-0.0176901 0.0308857 0)
(-0.0144751 0.0319977 0)
(-0.0117114 0.0327205 0)
(-0.00936905 0.0331516 0)
(-0.00740932 0.0333693 0)
(-0.00578964 0.0334353 0)
(-0.00446683 0.0333978 0)
(-0.00339926 0.033294 0)
(-0.00254812 0.0331523 0)
(-0.00187801 0.0329942 0)
(-0.00135698 0.0328356 0)
(-0.000956278 0.0326886 0)
(-0.000650138 0.0325617 0)
(-0.000414985 0.0324619 0)
(-0.000229201 0.032394 0)
(-7.29748e-05 0.0323101 0)
(-0.0277712 0.0211776 0)
(-0.0237737 0.0244587 0)
(-0.0200833 0.0269736 0)
(-0.0167586 0.0288579 0)
(-0.0138234 0.0302346 0)
(-0.0112754 0.0312106 0)
(-0.00909633 0.0318758 0)
(-0.00725738 0.0323045 0)
(-0.00572461 0.032557 0)
(-0.00446202 0.0326817 0)
(-0.0034339 0.0327171 0)
(-0.00260621 0.0326931 0)
(-0.00194734 0.032633 0)
(-0.00142831 0.0325548 0)
(-0.0010227 0.032472 0)
(-0.000706463 0.032395 0)
(-0.000457536 0.0323313 0)
(-0.000255572 0.0322872 0)
(-8.18638e-05 0.032215 0)
(-0.0254311 0.0187958 0)
(-0.0219282 0.0222171 0)
(-0.0186569 0.0249227 0)
(-0.0156788 0.0270233 0)
(-0.0130241 0.0286238 0)
(-0.0106992 0.0298185 0)
(-0.00869443 0.0306895 0)
(-0.00698925 0.0313062 0)
(-0.00555703 0.031727 0)
(-0.00436815 0.0319996 0)
(-0.00339232 0.0321628 0)
(-0.00260004 0.0322478 0)
(-0.00196338 0.0322791 0)
(-0.00145635 0.032276 0)
(-0.0010549 0.0322536 0)
(-0.000736955 0.0322234 0)
(-0.000482073 0.032194 0)
(-0.000271302 0.0321723 0)
(-8.72393e-05 0.0321111 0)
(-0.0230428 0.0167269 0)
(-0.0199948 0.0202478 0)
(-0.0171188 0.0231019 0)
(-0.0144758 0.0253788 0)
(-0.0120992 0.027167 0)
(-0.0100014 0.0285491 0)
(-0.00817876 0.0295991 0)
(-0.00661746 0.030382 0)
(-0.00529696 0.0309531 0)
(-0.00419321 0.0313591 0)
(-0.00328085 0.0316386 0)
(-0.00253456 0.0318233 0)
(-0.00192998 0.0319386 0)
(-0.00144404 0.032005 0)
(-0.00105515 0.0320386 0)
(-0.000743262 0.032052 0)
(-0.000489718 0.0320544 0)
(-0.000277066 0.0320536 0)
(-8.93289e-05 0.0320028 0)
(-0.0206258 0.0149428 0)
(-0.0179961 0.0185322 0)
(-0.015492 0.0215007 0)
(-0.0131713 0.0239199 0)
(-0.0110685 0.0258641 0)
(-0.00919899 0.0274051 0)
(-0.00756383 0.0286098 0)
(-0.0061541 0.0295379 0)
(-0.00495433 0.0302418 0)
(-0.0039453 0.0307668 0)
(-0.003106 0.0311508 0)
(-0.00241502 0.0314255 0)
(-0.0018513 0.0316172 0)
(-0.00139464 0.031747 0)
(-0.00102594 0.0318318 0)
(-0.000727244 0.031885 0)
(-0.000481758 0.0319167 0)
(-0.000273628 0.0319349 0)
(-8.83899e-05 0.0318937 0)
(-0.018194 0.0134183 0)
(-0.0159498 0.017053 0)
(-0.0137955 0.0201084 0)
(-0.0117843 0.0226413 0)
(-0.00994937 0.0247139 0)
(-0.00830766 0.0263885 0)
(-0.00686318 0.0277251 0)
(-0.00561072 0.0287786 0)
(-0.00453888 0.0295986 0)
(-0.00363251 0.0302282 0)
(-0.00287447 0.0307048 0)
(-0.00224684 0.0310598 0)
(-0.00173172 0.0313198 0)
(-0.00131166 0.0315064 0)
(-0.000969989 0.0316374 0)
(-0.000690937 0.0317265 0)
(-0.000459609 0.0317845 0)
(-0.000261826 0.0318199 0)
(-8.47011e-05 0.0317873 0)
(-0.015757 0.0121312 0)
(-0.0138695 0.015794 0)
(-0.0120448 0.0189146 0)
(-0.0103304 0.0215375 0)
(-0.00875703 0.0237146 0)
(-0.00734147 0.0255001 0)
(-0.00608942 0.0269477 0)
(-0.00499835 0.0281082 0)
(-0.0040601 0.0290278 0)
(-0.0032629 0.0297481 0)
(-0.00259299 0.0303053 0)
(-0.00203562 0.0307306 0)
(-0.0015758 0.0310506 0)
(-0.00119875 0.0312874 0)
(-0.000890186 0.031459 0)
(-0.000636512 0.0315799 0)
(-0.00042478 0.0316611 0)
(-0.000242552 0.0317117 0)
(-7.85553e-05 0.031687 0)
(-0.0133213 0.0110621 0)
(-0.0117654 0.0147414 0)
(-0.0102526 0.0179101 0)
(-0.00882333 0.0206031 0)
(-0.00750498 0.0228639 0)
(-0.00631319 0.02474 0)
(-0.00525428 0.0262795 0)
(-0.0043275 0.0275293 0)
(-0.0035272 0.028533 0)
(-0.00284443 0.0293302 0)
(-0.00226834 0.0299561 0)
(-0.00178705 0.0304416 0)
(-0.00138825 0.0308132 0)
(-0.00105973 0.0310932 0)
(-0.000789539 0.0312999 0)
(-0.000566239 0.0314482 0)
(-0.000378853 0.0315496 0)
(-0.00021673 0.0316133 0)
(-7.02553e-05 0.0315954 0)
(-0.0108901 0.010195 0)
(-0.00964521 0.0138828 0)
(-0.00842886 0.0170864 0)
(-0.00727448 0.0198331 0)
(-0.00620508 0.0221597 0)
(-0.00523443 0.0241079 0)
(-0.00436867 0.0257217 0)
(-0.00360817 0.0270442 0)
(-0.00294912 0.0281168 0)
(-0.00238494 0.0289775 0)
(-0.00190729 0.0296604 0)
(-0.00150685 0.0301961 0)
(-0.00117386 0.0306107 0)
(-0.000898505 0.0309268 0)
(-0.000671147 0.0311629 0)
(-0.000482462 0.0313342 0)
(-0.000323458 0.0314525 0)
(-0.000185313 0.0315272 0)
(-6.0111e-05 0.0315151 0)
(-0.00846484 0.00951695 0)
(-0.00751432 0.0132084 0)
(-0.00658193 0.0164365 0)
(-0.00569369 0.019223 0)
(-0.00486788 0.0215995 0)
(-0.00411579 0.0236033 0)
(-0.00344283 0.0252748 0)
(-0.00284989 0.0266545 0)
(-0.00233455 0.0277814 0)
(-0.00189215 0.0286924 0)
(-0.00151655 0.0294207 0)
(-0.00120079 0.0299964 0)
(-0.000937464 0.0304455 0)
(-0.000719062 0.0307905 0)
(-0.000538172 0.0310502 0)
(-0.000387575 0.0312401 0)
(-0.00026026 0.031372 0)
(-0.000149274 0.0314554 0)
(-4.84399e-05 0.0314481 0)
(-0.00604522 0.00901794 0)
(-0.00537668 0.0127102 0)
(-0.00471852 0.0159546 0)
(-0.00408946 0.018769 0)
(-0.00350284 0.0211812 0)
(-0.00296707 0.0232255 0)
(-0.00248638 0.0249393 0)
(-0.00206178 0.0263611 0)
(-0.00169188 0.0275284 0)
(-0.00137361 0.0284768 0)
(-0.00110281 0.029239 0)
(-0.000874642 0.0298446 0)
(-0.000683938 0.0303196 0)
(-0.000525413 0.0306864 0)
(-0.000393816 0.0309638 0)
(-0.000284002 0.0311676 0)
(-0.000190949 0.0313097 0)
(-0.000109604 0.0313998 0)
(-3.55685e-05 0.0313963 0)
(-0.00363073 0.00869085 0)
(-0.00323521 0.0123823 0)
(-0.00284427 0.0156362 0)
(-0.00246933 0.0184681 0)
(-0.00211861 0.0209033 0)
(-0.00179738 0.0229738 0)
(-0.00150844 0.0247153 0)
(-0.00125264 0.0261647 0)
(-0.00102931 0.0273586 0)
(-0.000836786 0.0283319 0)
(-0.00067267 0.0291166 0)
(-0.000534147 0.0297422 0)
(-0.000418169 0.0302344 0)
(-0.0003216 0.0306157 0)
(-0.000241303 0.030905 0)
(-0.00017419 0.0311181 0)
(-0.000117231 0.0312671 0)
(-6.73186e-05 0.0313616 0)
(-2.18352e-05 0.0313606 0)
(-0.00121824 0.00850276 0)
(-0.00108819 0.0121928 0)
(-0.00095883 0.0154515 0)
(-0.000834162 0.0182929 0)
(-0.00071706 0.020741 0)
(-0.000609417 0.0228265 0)
(-0.000512287 0.0245839 0)
(-0.000426052 0.0260494 0)
(-0.000350579 0.0272589 0)
(-0.000285369 0.0282467 0)
(-0.000229669 0.0290447 0)
(-0.000182568 0.0296819 0)
(-0.000143066 0.0301842 0)
(-0.000110125 0.030574 0)
(-8.26987e-05 0.0308703 0)
(-5.97488e-05 0.0310888 0)
(-4.02488e-05 0.031242 0)
(-2.31183e-05 0.031339 0)
(-7.49187e-06 0.0313397 0)
)
;

boundaryField
{
    leftWall
    {
        type            noSlip;
    }
    rightWall
    {
        type            noSlip;
    }
    lowerWall
    {
        type            noSlip;
    }
    atmosphere
    {
        type            pressureInletOutletVelocity;
        value           nonuniform List<vector> 
46
(
(0 -0.0566256 0)
(0 -0.0565977 0)
(0 -0.056052 0)
(0 -0.0552348 0)
(0 -0.0541533 0)
(0 -0.0528165 0)
(0 -0.0512347 0)
(0 -0.0494194 0)
(0 -0.0473841 0)
(0 -0.0451443 0)
(0 -0.042718 0)
(0 -0.0401253 0)
(0 -0.0373875 0)
(0 -0.034527 0)
(0 -0.0315663 0)
(0 -0.0285285 0)
(0 -0.0254369 0)
(0 -0.0223148 0)
(0 -0.0191851 0)
(0 -0.0160697 0)
(0 -0.0129892 0)
(0 -0.00996267 0)
(0 -0.00700688 0)
(0 -0.0039211 0)
(0 -0.000753102 0)
(-0.00140189 0.00226096 0)
(-0.00132269 0.00510733 0)
(-0.00121824 0.00850276 0)
(-0.00108819 0.0121928 0)
(-0.00095883 0.0154515 0)
(-0.000834162 0.0182929 0)
(-0.00071706 0.020741 0)
(-0.000609417 0.0228265 0)
(-0.000512287 0.0245839 0)
(-0.000426052 0.0260494 0)
(-0.000350579 0.0272589 0)
(-0.000285369 0.0282467 0)
(-0.000229669 0.0290447 0)
(-0.000182568 0.0296819 0)
(-0.000143066 0.0301842 0)
(-0.000110125 0.030574 0)
(-8.26987e-05 0.0308703 0)
(-5.97488e-05 0.0310888 0)
(-4.02488e-05 0.031242 0)
(-2.31183e-05 0.031339 0)
(-7.49187e-06 0.0313397 0)
)
;
    }
    defaultFaces
    {
        type            empty;
    }
}


// ************************************************************************* //
