/*--------------------------------*- C++ -*----------------------------------*\
| =========                 |                                                 |
| \\      /  F ield         | OpenFOAM: The Open Source CFD Toolbox           |
|  \\    /   O peration     | Version:  2206                                  |
|   \\  /    A nd           | Website:  www.openfoam.com                      |
|    \\/     M anipulation  |                                                 |
\*---------------------------------------------------------------------------*/
FoamFile
{
    version     2.0;
    format      ascii;
    arch        "LSB;label=32;scalar=64";
    class       volVectorField;
    location    "0.375";
    object      U;
}
// * * * * * * * * * * * * * * * * * * * * * * * * * * * * * * * * * * * * * //

dimensions      [0 1 -1 0 0 0 0];

internalField   nonuniform List<vector> 
2268
(
(-0.0125818 0.0112478 0)
(-0.00983441 -0.00973465 0)
(0.0065716 -0.0150423 0)
(0.0207141 -0.0121215 0)
(0.031045 -0.00738995 0)
(0.0369601 -0.00380411 0)
(0.0399191 -0.00185762 0)
(0.0415665 -0.00094786 0)
(0.0426722 -0.00036316 0)
(0.0432731 0.00034734 0)
(0.0432222 0.00138816 0)
(0.042219 0.00277693 0)
(0.0400058 0.00445715 0)
(0.0365039 0.00630031 0)
(0.0316969 0.00820172 0)
(0.0255828 0.0100513 0)
(0.0183803 0.0116243 0)
(0.0104044 0.012149 0)
(0.00230408 0.0102836 0)
(-0.00341682 0.00359914 0)
(-0.00623928 -0.0103178 0)
(0.0063936 -0.0321251 0)
(0.014359 -0.00424836 0)
(-0.0129571 0.0332384 0)
(-0.00922209 -0.028666 0)
(0.0056119 -0.0446094 0)
(0.0202748 -0.0362962 0)
(0.0309745 -0.0225652 0)
(0.0374959 -0.0122004 0)
(0.0413064 -0.00665028 0)
(0.0439034 -0.00416798 0)
(0.0459897 -0.00275572 0)
(0.0476625 -0.00124144 0)
(0.0487652 0.000786495 0)
(0.0493317 0.00335109 0)
(0.0494006 0.00629409 0)
(0.0489377 0.00944114 0)
(0.0478963 0.0126368 0)
(0.046205 0.0156982 0)
(0.043762 0.0182328 0)
(0.0403555 0.0194632 0)
(0.036667 0.0180338 0)
(0.0298465 0.0116659 0)
(0.0282975 -0.00300008 0)
(0.0104864 -0.0157419 0)
(0.0115408 0.0451796 0)
(-0.0113158 0.0537645 0)
(-0.00809437 -0.0451842 0)
(0.00463114 -0.073185 0)
(0.0197365 -0.0610036 0)
(0.0311688 -0.0392152 0)
(0.0388026 -0.0225301 0)
(0.043896 -0.0134745 0)
(0.047688 -0.00929701 0)
(0.0507346 -0.00684916 0)
(0.0531131 -0.00433322 0)
(0.0547651 -0.00119352 0)
(0.0555493 0.00250609 0)
(0.0554484 0.00648535 0)
(0.0545293 0.0105645 0)
(0.0528474 0.014612 0)
(0.0504922 0.018494 0)
(0.0476058 0.0218926 0)
(0.0438653 0.024231 0)
(0.0403133 0.0250073 0)
(0.0312334 0.0236122 0)
(0.0289565 0.0182368 0)
(-0.00143559 0.00682132 0)
(0.00573391 0.0442765 0)
(-0.00861928 0.0700762 0)
(-0.00492374 -0.0580239 0)
(0.00547006 -0.0999808 0)
(0.0207569 -0.0865311 0)
(0.0330837 -0.0581886 0)
(0.0422142 -0.0356974 0)
(0.0490214 -0.0230398 0)
(0.0544529 -0.0167842 0)
(0.0589326 -0.0128083 0)
(0.0625162 -0.00871937 0)
(0.0651175 -0.00373784 0)
(0.0665628 0.00206298 0)
(0.0668114 0.00832113 0)
(0.0658552 0.0146079 0)
(0.063634 0.0206654 0)
(0.0601276 0.0263468 0)
(0.0554614 0.0314351 0)
(0.0492337 0.0354872 0)
(0.0430353 0.0385203 0)
(0.0313532 0.0416227 0)
(0.0287557 0.0435172 0)
(-0.00053039 0.0355288 0)
(0.00968367 0.0491201 0)
(-0.00403239 0.0781247 0)
(0.00123705 -0.0684805 0)
(0.0100494 -0.125447 0)
(0.0250879 -0.113363 0)
(0.0382492 -0.08009 0)
(0.0488226 -0.0524972 0)
(0.0573119 -0.0362434 0)
(0.0643863 -0.0275327 0)
(0.0703369 -0.0215454 0)
(0.0751989 -0.0154577 0)
(0.0789131 -0.00837719 0)
(0.0813532 -0.000446054 0)
(0.0823123 0.00801512 0)
(0.0817077 0.0168116 0)
(0.0796403 0.0256176 0)
(0.0760829 0.0341634 0)
(0.071058 0.0421319 0)
(0.0640199 0.0489613 0)
(0.0562323 0.0543743 0)
(0.043326 0.0597273 0)
(0.036845 0.0652191 0)
(0.0107041 0.0569104 0)
(0.0153628 0.0601991 0)
(0.00166932 0.0713165 0)
(0.0119379 -0.0793175 0)
(0.0227385 -0.150486 0)
(0.0356889 -0.14077 0)
(0.0485851 -0.103048 0)
(0.0601085 -0.071154 0)
(0.0701211 -0.0521292 0)
(0.078881 -0.0413874 0)
(0.0863738 -0.0334262 0)
(0.0924459 -0.0250281 0)
(0.096946 -0.0150109 0)
(0.0999055 -0.00337885 0)
(0.101574 0.0091203 0)
(0.101779 0.0212079 0)
(0.100206 0.0326695 0)
(0.0967862 0.0437155 0)
(0.0915246 0.0545008 0)
(0.0840253 0.0649804 0)
(0.0750505 0.0750681 0)
(0.0617873 0.085401 0)
(0.0510433 0.0960239 0)
(0.0267871 0.0925817 0)
(0.0163922 0.0948554 0)
(0.0119617 0.0442885 0)
(0.0473809 -0.0955919 0)
(0.0619056 -0.17242 0)
(0.0608463 -0.164788 0)
(0.0663835 -0.12439 0)
(0.0767067 -0.0893886 0)
(0.0879151 -0.0679002 0)
(0.0987976 -0.0547367 0)
(0.108518 -0.0443034 0)
(0.116816 -0.0339997 0)
(0.123414 -0.0233849 0)
(0.127551 -0.0121731 0)
(0.128466 0.000338822 0)
(0.126692 0.0158576 0)
(0.123767 0.0332316 0)
(0.120156 0.05091 0)
(0.11589 0.0676786 0)
(0.110971 0.083254 0)
(0.105484 0.0978621 0)
(0.0959841 0.111612 0)
(0.0859895 0.127049 0)
(0.0596955 0.131741 0)
(0.0366567 0.145865 0)
(0.0393044 -0.0554635 0)
(0.123743 -0.158936 0)
(0.128778 -0.189173 0)
(0.0935778 -0.179428 0)
(0.0847709 -0.154906 0)
(0.0944705 -0.130909 0)
(0.108696 -0.111629 0)
(0.123242 -0.0943848 0)
(0.135684 -0.0759069 0)
(0.1449 -0.0546389 0)
(0.152114 -0.0302844 0)
(0.156646 -0.00444818 0)
(0.161164 0.0204632 0)
(0.164828 0.0397136 0)
(0.164259 0.0518131 0)
(0.159428 0.0609609 0)
(0.152413 0.0678893 0)
(0.145719 0.0786155 0)
(0.140504 0.0965516 0)
(0.135564 0.120544 0)
(0.124339 0.156606 0)
(0.12155 0.201779 0)
(0.0240408 0.304035 0)
(0.0166603 -0.0184389 0)
(0.0525475 -0.0201456 0)
(0.088544 -0.0182412 0)
(0.12044 -0.0157543 0)
(0.147175 -0.0126112 0)
(0.167662 -0.00904993 0)
(0.181412 -0.00546781 0)
(0.188619 -0.00203869 0)
(0.189586 0.00115786 0)
(0.184845 0.0039314 0)
(0.175537 0.00618896 0)
(0.162425 0.00799999 0)
(0.146182 0.00946491 0)
(0.127425 0.0106404 0)
(0.10669 0.0115713 0)
(0.0844431 0.0122747 0)
(0.061054 0.0127789 0)
(0.0369034 0.0130921 0)
(0.012318 0.0132474 0)
(0.0163422 -0.0542801 0)
(0.0535597 -0.061057 0)
(0.092106 -0.0559017 0)
(0.126185 -0.0484451 0)
(0.154525 -0.0387137 0)
(0.175834 -0.0276923 0)
(0.189769 -0.0166664 0)
(0.196746 -0.00630964 0)
(0.197632 0.00305842 0)
(0.193395 0.0112449 0)
(0.184438 0.0181729 0)
(0.171383 0.0239276 0)
(0.154857 0.0286493 0)
(0.135458 0.0324566 0)
(0.113744 0.0354615 0)
(0.0902227 0.0377462 0)
(0.065335 0.0393975 0)
(0.0395307 0.0404362 0)
(0.0131668 0.040831 0)
(0.0152319 -0.0899623 0)
(0.0550607 -0.106761 0)
(0.0997472 -0.098315 0)
(0.138699 -0.0844952 0)
(0.169951 -0.0663697 0)
(0.192092 -0.0465826 0)
(0.20535 -0.0273406 0)
(0.210889 -0.00965264 0)
(0.209863 0.00600544 0)
(0.203326 0.019588 0)
(0.192181 0.0311684 0)
(0.177221 0.0408575 0)
(0.159109 0.0488245 0)
(0.138443 0.0552607 0)
(0.11576 0.060352 0)
(0.0915254 0.064237 0)
(0.0661296 0.0670518 0)
(0.0399561 0.0688279 0)
(0.0132953 0.0694862 0)
(0.00750502 -0.119076 0)
(0.0502091 -0.158752 0)
(0.110919 -0.147911 0)
(0.159853 -0.12558 0)
(0.19557 -0.0957895 0)
(0.218112 -0.0647869 0)
(0.229727 -0.036102 0)
(0.232773 -0.0104767 0)
(0.228976 0.0117959 0)
(0.219643 0.0308103 0)
(0.205836 0.0467911 0)
(0.188438 0.0600329 0)
(0.168162 0.0708666 0)
(0.145608 0.0795925 0)
(0.121274 0.0864832 0)
(0.0955856 0.0917551 0)
(0.0689141 0.0955748 0)
(0.0415845 0.0979736 0)
(0.0138286 0.0988305 0)
(-0.0299557 -0.145909 0)
(0.0121148 -0.23395 0)
(0.120665 -0.220354 0)
(0.193121 -0.176742 0)
(0.235521 -0.127748 0)
(0.25635 -0.0819237 0)
(0.263827 -0.0420961 0)
(0.262472 -0.00805781 0)
(0.254451 0.0209575 0)
(0.241168 0.0453088 0)
(0.22377 0.0654535 0)
(0.203197 0.0819739 0)
(0.180136 0.0953724 0)
(0.155131 0.106103 0)
(0.128655 0.114537 0)
(0.101079 0.120971 0)
(0.0727029 0.125618 0)
(0.0437987 0.128529 0)
(0.0145499 0.12952 0)
(-0.0944321 -0.150525 0)
(-0.0274216 -0.342969 0)
(0.149909 -0.348806 0)
(0.253724 -0.246155 0)
(0.297833 -0.156465 0)
(0.310765 -0.0921728 0)
(0.309451 -0.0413625 0)
(0.300748 0.000723627 0)
(0.286608 0.0357563 0)
(0.267774 0.0646918 0)
(0.245558 0.088346 0)
(0.220901 0.107573 0)
(0.194364 0.12304 0)
(0.166401 0.135344 0)
(0.13736 0.144985 0)
(0.107529 0.152307 0)
(0.0771465 0.157584 0)
(0.0464 0.16089 0)
(0.0153965 0.161948 0)
(0.0209941 0.126086 0)
(0.169631 -0.470976 0)
(0.298289 -0.512525 0)
(0.378016 -0.324997 0)
(0.389994 -0.177388 0)
(0.378653 -0.0906228 0)
(0.363836 -0.0308892 0)
(0.345518 0.0175731 0)
(0.323467 0.0575249 0)
(0.298028 0.0900154 0)
(0.270202 0.116294 0)
(0.240807 0.137457 0)
(0.21026 0.15436 0)
(0.178925 0.167703 0)
(0.147003 0.178109 0)
(0.114648 0.185992 0)
(0.0820409 0.191672 0)
(0.0492621 0.195232 0)
(0.0163261 0.196271 0)
(0.407364 -0.550808 0)
(0.531147 -0.846348 0)
(0.538481 -0.62095 0)
(0.565372 -0.309004 0)
(0.511774 -0.150419 0)
(0.458142 -0.0675889 0)
(0.426103 -0.00508941 0)
(0.396926 0.0461446 0)
(0.365 0.0884802 0)
(0.331371 0.122949 0)
(0.296964 0.150629 0)
(0.262189 0.172694 0)
(0.227184 0.190202 0)
(0.192153 0.203935 0)
(0.157143 0.214559 0)
(0.122122 0.222618 0)
(0.0871725 0.228447 0)
(0.0522622 0.232101 0)
(0.0173037 0.233018 0)
(0.0619272 -0.229625 0)
(0.149096 -0.253986 0)
(0.109957 -0.130391 0)
(0.0630317 -0.121802 0)
(0.0628259 -0.139625 0)
(0.0735288 -0.14176 0)
(0.0874549 -0.132658 0)
(0.103556 -0.118329 0)
(0.121837 -0.100838 0)
(0.139582 -0.0817878 0)
(0.154753 -0.0633723 0)
(0.17412 -0.0432552 0)
(0.19462 -0.0199989 0)
(0.201075 0.0064531 0)
(0.193616 0.0403252 0)
(0.174978 0.0755076 0)
(0.160551 0.0912261 0)
(0.159136 0.0992103 0)
(0.164243 0.110812 0)
(0.177696 0.127771 0)
(0.187899 0.16216 0)
(0.252841 0.205882 0)
(0.273005 0.345903 0)
(-0.0565493 -0.352911 0)
(-0.0505247 -0.163835 0)
(-0.0298559 -0.0475418 0)
(0.0186478 -0.0935848 0)
(0.0379116 -0.117511 0)
(0.0414152 -0.113794 0)
(0.0353683 -0.100873 0)
(0.0175954 -0.0828218 0)
(-0.0103339 -0.0570908 0)
(-0.0551078 -0.0246033 0)
(-0.204633 -0.0187669 0)
(-0.22877 -0.031826 0)
(-0.0202868 -0.0217659 0)
(0.0851145 0.0317691 0)
(0.127009 0.0658072 0)
(0.153301 0.0857618 0)
(0.18053 0.0862018 0)
(0.197899 0.0920187 0)
(0.203067 0.102332 0)
(0.21756 0.104773 0)
(0.239658 0.119522 0)
(0.301708 0.132111 0)
(0.373936 0.199937 0)
(-0.0914263 -0.181791 0)
(-0.0851627 -0.195067 0)
(-0.0318897 -0.183227 0)
(0.0242662 -0.178742 0)
(0.0375294 -0.158487 0)
(0.0458668 -0.138339 0)
(0.053427 -0.118434 0)
(0.0634006 -0.0936496 0)
(0.0811642 -0.0570097 0)
(0.108385 -0.00349348 0)
(0.131083 0.0143364 0)
(0.134684 -0.0411177 0)
(0.0764124 -0.287457 0)
(-0.200893 -0.0801711 0)
(-0.404962 0.0386224 0)
(-0.119984 0.0405577 0)
(0.028366 0.047413 0)
(0.112195 0.0769828 0)
(0.16702 0.0965115 0)
(0.226536 0.0968494 0)
(0.274124 0.0937744 0)
(0.32085 0.072398 0)
(0.385609 0.0487479 0)
(-0.0658796 -0.131026 0)
(-0.0384969 -0.261927 0)
(-0.00857483 -0.23084 0)
(0.0229302 -0.197378 0)
(0.0386118 -0.16906 0)
(0.0504178 -0.148842 0)
(0.0622778 -0.130982 0)
(0.0758392 -0.110342 0)
(0.0931586 -0.0842398 0)
(0.117229 -0.0562568 0)
(0.151961 -0.0249503 0)
(0.185639 0.0219265 0)
(0.14522 0.0937097 0)
(0.133866 0.18791 0)
(-0.0214318 0.258922 0)
(0.113596 -0.408171 0)
(-0.347974 -0.125822 0)
(-0.416913 -0.0661653 0)
(-0.113247 -0.021862 0)
(0.0243963 -0.0111226 0)
(0.12966 0.0260915 0)
(0.203521 0.0317578 0)
(0.290722 0.014626 0)
(-0.0373673 -0.0836431 0)
(-0.0199694 -0.263402 0)
(-0.00264686 -0.258847 0)
(0.0283289 -0.221683 0)
(0.0493288 -0.187967 0)
(0.0674693 -0.164967 0)
(0.0851058 -0.147015 0)
(0.103886 -0.12818 0)
(0.124879 -0.106089 0)
(0.148289 -0.0810084 0)
(0.172003 -0.0557261 0)
(0.193641 -0.0342971 0)
(0.218468 -0.00899784 0)
(0.262286 0.099293 0)
(0.343357 0.180473 0)
(0.373909 0.174491 0)
(0.286735 0.237721 0)
(0.089734 0.151669 0)
(0.0267922 -0.433535 0)
(-0.354474 -0.139421 0)
(-0.298171 -0.156452 0)
(-0.119773 -0.146242 0)
(0.00361779 -0.1828 0)
(-0.0207331 -0.0589655 0)
(-0.0116438 -0.278535 0)
(0.00782019 -0.288626 0)
(0.0373021 -0.249191 0)
(0.0611524 -0.211575 0)
(0.0823984 -0.186765 0)
(0.103439 -0.169123 0)
(0.125658 -0.152141 0)
(0.149893 -0.132765 0)
(0.176477 -0.110429 0)
(0.20566 -0.0846735 0)
(0.23776 -0.0534754 0)
(0.271442 -0.0145733 0)
(0.309796 0.0266762 0)
(0.380231 0.0665624 0)
(0.42508 0.0333183 0)
(0.510445 0.110192 0)
(0.531489 0.21079 0)
(0.654352 0.234746 0)
(0.398899 0.258161 0)
(0.418338 -0.131332 0)
(0.312057 -0.306514 0)
(0.130584 -0.228224 0)
(-0.0113634 -0.0472331 0)
(-0.00272657 -0.292467 0)
(0.0185453 -0.318198 0)
(0.0473655 -0.277889 0)
(0.0732536 -0.237032 0)
(0.096651 -0.21079 0)
(0.119722 -0.193731 0)
(0.143999 -0.178589 0)
(0.170276 -0.161674 0)
(0.198915 -0.141986 0)
(0.230289 -0.119276 0)
(0.265006 -0.0931987 0)
(0.303994 -0.0635437 0)
(0.349701 -0.0291436 0)
(0.405975 0.0031875 0)
(0.465064 0.0179136 0)
(0.519153 0.0240433 0)
(0.591772 0.0452243 0)
(0.698043 0.0494277 0)
(0.789486 0.0767503 0)
(0.864745 0.0391852 0)
(0.894533 0.00898705 0)
(0.854349 7.00437e-05 0)
(-0.00605961 -0.0432183 0)
(0.00454218 -0.307542 0)
(0.0277811 -0.3483 0)
(0.0571376 -0.308378 0)
(0.0848036 -0.264751 0)
(0.110215 -0.23703 0)
(0.135186 -0.220485 0)
(0.161306 -0.207209 0)
(0.189421 -0.192808 0)
(0.219918 -0.175986 0)
(0.253123 -0.156675 0)
(0.289618 -0.134965 0)
(0.330336 -0.110956 0)
(0.376676 -0.085415 0)
(0.429282 -0.0611749 0)
(0.486003 -0.045535 0)
(0.540844 -0.0382368 0)
(0.595733 -0.0367181 0)
(0.656979 -0.0447613 0)
(0.734862 -0.0615254 0)
(0.806462 -0.116184 0)
(0.860714 -0.176206 0)
(0.912402 -0.197445 0)
(-0.00315382 -0.0457268 0)
(0.00999825 -0.325818 0)
(0.0357676 -0.379731 0)
(0.0660537 -0.340642 0)
(0.095065 -0.294429 0)
(0.122123 -0.265274 0)
(0.148772 -0.249213 0)
(0.176517 -0.237738 0)
(0.206187 -0.225801 0)
(0.238162 -0.211775 0)
(0.272703 -0.195649 0)
(0.310191 -0.17784 0)
(0.351258 -0.15886 0)
(0.396687 -0.139528 0)
(0.447037 -0.121465 0)
(0.5018 -0.106776 0)
(0.559068 -0.0967848 0)
(0.616823 -0.0913888 0)
(0.674179 -0.0938837 0)
(0.730725 -0.108073 0)
(0.783219 -0.134536 0)
(0.824306 -0.167214 0)
(0.856119 -0.195886 0)
(-0.00170406 -0.0510848 0)
(0.014536 -0.34777 0)
(0.0426063 -0.412742 0)
(0.0739628 -0.374288 0)
(0.104015 -0.325676 0)
(0.13242 -0.29522 0)
(0.160576 -0.279657 0)
(0.189793 -0.269899 0)
(0.220789 -0.260285 0)
(0.253893 -0.248887 0)
(0.289318 -0.235658 0)
(0.327313 -0.22114 0)
(0.368203 -0.206016 0)
(0.412361 -0.191129 0)
(0.460013 -0.177598 0)
(0.510969 -0.166735 0)
(0.56444 -0.159632 0)
(0.619372 -0.156854 0)
(0.674776 -0.159604 0)
(0.728832 -0.169388 0)
(0.778003 -0.187605 0)
(0.818371 -0.21272 0)
(0.849932 -0.240092 0)
(-0.000671877 -0.0591419 0)
(0.0188435 -0.373 0)
(0.0487473 -0.447227 0)
(0.0808909 -0.408902 0)
(0.111648 -0.358126 0)
(0.141136 -0.326663 0)
(0.170658 -0.311684 0)
(0.201245 -0.303528 0)
(0.233421 -0.296009 0)
(0.267431 -0.28695 0)
(0.303442 -0.276249 0)
(0.341635 -0.26447 0)
(0.382192 -0.252315 0)
(0.425245 -0.240557 0)
(0.470782 -0.230081 0)
(0.518537 -0.221828 0)
(0.567967 -0.216648 0)
(0.618396 -0.215092 0)
(0.669112 -0.217612 0)
(0.718968 -0.224769 0)
(0.766009 -0.236629 0)
(0.807964 -0.252776 0)
(0.84363 -0.272403 0)
(0.000558095 -0.0698783 0)
(0.0232759 -0.401151 0)
(0.0545902 -0.482851 0)
(0.087048 -0.443988 0)
(0.118119 -0.391374 0)
(0.148425 -0.359375 0)
(0.179151 -0.345162 0)
(0.210985 -0.338498 0)
(0.244206 -0.332797 0)
(0.278959 -0.325728 0)
(0.315375 -0.317154 0)
(0.353599 -0.307631 0)
(0.393754 -0.297816 0)
(0.435878 -0.288371 0)
(0.479851 -0.279987 0)
(0.525351 -0.273362 0)
(0.571866 -0.269143 0)
(0.61875 -0.267854 0)
(0.665276 -0.269868 0)
(0.710573 -0.275361 0)
(0.753584 -0.283967 0)
(0.793176 -0.295422 0)
(0.828228 -0.309488 0)
(0.00217649 -0.0837308 0)
(0.0279593 -0.431902 0)
(0.0603311 -0.519136 0)
(0.092629 -0.479065 0)
(0.123653 -0.425052 0)
(0.154544 -0.393117 0)
(0.186303 -0.379927 0)
(0.219234 -0.374662 0)
(0.253358 -0.370502 0)
(0.28872 -0.365075 0)
(0.325434 -0.358255 0)
(0.363639 -0.350576 0)
(0.403435 -0.342632 0)
(0.444817 -0.334972 0)
(0.487623 -0.328125 0)
(0.531522 -0.322603 0)
(0.576042 -0.318872 0)
(0.620603 -0.317307 0)
(0.664523 -0.318151 0)
(0.706993 -0.321477 0)
(0.747148 -0.326947 0)
(0.784151 -0.334205 0)
(0.816858 -0.343045 0)
(0.00417294 -0.101055 0)
(0.032828 -0.465063 0)
(0.0659738 -0.555615 0)
(0.097726 -0.513717 0)
(0.128421 -0.458862 0)
(0.159711 -0.427665 0)
(0.192334 -0.415781 0)
(0.226189 -0.411834 0)
(0.261055 -0.408954 0)
(0.296901 -0.404862 0)
(0.333841 -0.399479 0)
(0.372026 -0.393318 0)
(0.411559 -0.386896 0)
(0.452422 -0.380653 0)
(0.494439 -0.374988 0)
(0.537286 -0.37027 0)
(0.580523 -0.366804 0)
(0.62362 -0.364808 0)
(0.665974 -0.364401 0)
(0.706895 -0.365564 0)
(0.745594 -0.367988 0)
(0.781274 -0.371173 0)
(0.812684 -0.374604 0)
(0.00645643 -0.12209 0)
(0.0377211 -0.500477 0)
(0.0713846 -0.591889 0)
(0.102318 -0.547638 0)
(0.132508 -0.492606 0)
(0.164071 -0.462839 0)
(0.197396 -0.452526 0)
(0.231987 -0.449817 0)
(0.267425 -0.447991 0)
(0.303634 -0.444984 0)
(0.340743 -0.4408 0)
(0.378924 -0.435924 0)
(0.418297 -0.430782 0)
(0.45885 -0.425709 0)
(0.500412 -0.420999 0)
(0.542682 -0.416906 0)
(0.585251 -0.413589 0)
(0.62763 -0.411126 0)
(0.669298 -0.409563 0)
(0.709662 -0.408773 0)
(0.747938 -0.40826 0)
(0.783134 -0.407311 0)
(0.814053 -0.405203 0)
(0.00891476 -0.146923 0)
(0.0424593 -0.537945 0)
(0.0763717 -0.627631 0)
(0.106309 -0.580642 0)
(0.135924 -0.526187 0)
(0.167683 -0.498505 0)
(0.201556 -0.489968 0)
(0.236686 -0.48841 0)
(0.27252 -0.487457 0)
(0.308975 -0.48536 0)
(0.346205 -0.482227 0)
(0.384404 -0.478497 0)
(0.423712 -0.474503 0)
(0.464132 -0.470469 0)
(0.505512 -0.466604 0)
(0.547582 -0.46306 0)
(0.589969 -0.459851 0)
(0.632243 -0.456967 0)
(0.674019 -0.454444 0)
(0.714794 -0.452006 0)
(0.753675 -0.448674 0)
(0.789242 -0.443292 0)
(0.820432 -0.435225 0)
(0.0114427 -0.175497 0)
(0.0468788 -0.577155 0)
(0.0807437 -0.662566 0)
(0.109587 -0.612652 0)
(0.138641 -0.559579 0)
(0.170548 -0.534547 0)
(0.204812 -0.527911 0)
(0.240277 -0.527402 0)
(0.276331 -0.527185 0)
(0.312913 -0.525895 0)
(0.350211 -0.523741 0)
(0.388438 -0.521109 0)
(0.427754 -0.518228 0)
(0.468188 -0.515218 0)
(0.509615 -0.512216 0)
(0.551796 -0.509274 0)
(0.594398 -0.506259 0)
(0.637087 -0.503124 0)
(0.679647 -0.499945 0)
(0.721664 -0.496173 0)
(0.762042 -0.490121 0)
(0.7991 -0.480243 0)
(0.83208 -0.466425 0)
(0.0139439 -0.207631 0)
(0.0508317 -0.617685 0)
(0.0843462 -0.696472 0)
(0.112074 -0.643676 0)
(0.140637 -0.592797 0)
(0.172648 -0.570856 0)
(0.207131 -0.566149 0)
(0.242724 -0.566575 0)
(0.27882 -0.567 0)
(0.31541 -0.566472 0)
(0.352706 -0.565283 0)
(0.39094 -0.563756 0)
(0.430294 -0.562023 0)
(0.470838 -0.560111 0)
(0.512495 -0.558102 0)
(0.555053 -0.555952 0)
(0.598237 -0.553399 0)
(0.641829 -0.550384 0)
(0.685758 -0.546983 0)
(0.729696 -0.542212 0)
(0.772373 -0.533698 0)
(0.812308 -0.519955 0)
(0.849227 -0.50216 0)
(0.0163225 -0.243026 0)
(0.0541864 -0.65904 0)
(0.0870835 -0.729188 0)
(0.113746 -0.673798 0)
(0.141915 -0.625869 0)
(0.173965 -0.6073 0)
(0.20848 -0.604464 0)
(0.243994 -0.60572 0)
(0.279965 -0.606742 0)
(0.316444 -0.606981 0)
(0.353653 -0.606786 0)
(0.391844 -0.606401 0)
(0.431211 -0.605886 0)
(0.471901 -0.605202 0)
(0.513895 -0.604379 0)
(0.557028 -0.603317 0)
(0.601119 -0.601664 0)
(0.646046 -0.599317 0)
(0.691841 -0.596262 0)
(0.7383 -0.590997 0)
(0.784206 -0.580711 0)
(0.828461 -0.564538 0)
(0.871281 -0.545806 0)
(0.0184747 -0.281278 0)
(0.0568422 -0.700712 0)
(0.0889281 -0.760646 0)
(0.114639 -0.70315 0)
(0.142506 -0.658805 0)
(0.1745 -0.643722 0)
(0.208853 -0.642637 0)
(0.244098 -0.64464 0)
(0.279799 -0.646265 0)
(0.316058 -0.64732 0)
(0.353099 -0.648182 0)
(0.391177 -0.649011 0)
(0.430504 -0.649816 0)
(0.471316 -0.650524 0)
(0.513667 -0.651116 0)
(0.557486 -0.651506 0)
(0.602706 -0.651277 0)
(0.64926 -0.650223 0)
(0.697317 -0.64823 0)
(0.746849 -0.643338 0)
(0.796942 -0.632429 0)
(0.846667 -0.615574 0)
(0.897055 -0.598757 0)
(0.020292 -0.321892 0)
(0.058754 -0.742245 0)
(0.0899124 -0.790873 0)
(0.114817 -0.731886 0)
(0.142449 -0.691588 0)
(0.174278 -0.679949 0)
(0.20829 -0.680461 0)
(0.243108 -0.683162 0)
(0.278423 -0.685439 0)
(0.314372 -0.687393 0)
(0.351177 -0.689401 0)
(0.389076 -0.691548 0)
(0.428313 -0.693814 0)
(0.469191 -0.696113 0)
(0.51186 -0.698394 0)
(0.556382 -0.700646 0)
(0.602788 -0.70238 0)
(0.651099 -0.703315 0)
(0.701719 -0.703295 0)
(0.754749 -0.699911 0)
(0.809554 -0.68983 0)
(0.865806 -0.67429 0)
(0.926165 -0.661859 0)
(0.0216861 -0.364316 0)
(0.059952 -0.783266 0)
(0.0901012 -0.819959 0)
(0.114332 -0.760145 0)
(0.141762 -0.724176 0)
(0.173322 -0.715826 0)
(0.206852 -0.717771 0)
(0.241128 -0.721154 0)
(0.27597 -0.724158 0)
(0.311537 -0.727109 0)
(0.348047 -0.730363 0)
(0.385707 -0.733954 0)
(0.424806 -0.737847 0)
(0.465669 -0.741965 0)
(0.508572 -0.746255 0)
(0.553709 -0.750799 0)
(0.601192 -0.755043 0)
(0.65123 -0.7588 0)
(0.704523 -0.761827 0)
(0.761173 -0.761064 0)
(0.820776 -0.753701 0)
(0.88497 -0.743093 0)
(0.959026 -0.739305 0)
(0.0226341 -0.407993 0)
(0.060541 -0.823481 0)
(0.0895512 -0.847985 0)
(0.113174 -0.788013 0)
(0.140402 -0.75652 0)
(0.171604 -0.751234 0)
(0.20455 -0.754456 0)
(0.238195 -0.758528 0)
(0.272483 -0.762342 0)
(0.307587 -0.766382 0)
(0.343719 -0.770974 0)
(0.381056 -0.776126 0)
(0.419919 -0.781811 0)
(0.46064 -0.787976 0)
(0.503607 -0.794605 0)
(0.549129 -0.801848 0)
(0.597401 -0.80917 0)
(0.648902 -0.816672 0)
(0.704532 -0.823835 0)
(0.764494 -0.826851 0)
(0.829043 -0.825007 0)
(0.902648 -0.825699 0)
(0.993718 -0.837805 0)
(0.0232216 -0.452437 0)
(0.0606709 -0.862622 0)
(0.0882755 -0.874932 0)
(0.111254 -0.815496 0)
(0.138239 -0.788561 0)
(0.169 -0.786083 0)
(0.201258 -0.790431 0)
(0.234167 -0.795203 0)
(0.267783 -0.799898 0)
(0.302289 -0.805096 0)
(0.337887 -0.81109 0)
(0.374722 -0.817884 0)
(0.413145 -0.825485 0)
(0.453468 -0.833879 0)
(0.49618 -0.843129 0)
(0.541655 -0.853417 0)
(0.590186 -0.864356 0)
(0.642493 -0.876405 0)
(0.699499 -0.888716 0)
(0.761939 -0.89719 0)
(0.831364 -0.904684 0)
(0.914256 -0.924249 0)
(1.02098 -0.959807 0)
(0.0236463 -0.497315 0)
(0.0604867 -0.900357 0)
(0.0862434 -0.90061 0)
(0.108456 -0.842504 0)
(0.1351 -0.820209 0)
(0.165288 -0.820261 0)
(0.196701 -0.825572 0)
(0.228702 -0.831041 0)
(0.261451 -0.836664 0)
(0.295126 -0.843052 0)
(0.329923 -0.850463 0)
(0.365943 -0.858919 0)
(0.403573 -0.868486 0)
(0.443075 -0.879207 0)
(0.485033 -0.891241 0)
(0.529786 -0.904801 0)
(0.57775 -0.919732 0)
(0.629722 -0.936788 0)
(0.686552 -0.955137 0)
(0.749883 -0.971252 0)
(0.822503 -0.991653 0)
(0.910402 -1.0352 0)
(1.02337 -1.09786 0)
(0.0241615 -0.542483 0)
(0.0600776 -0.936223 0)
(0.0834223 -0.924677 0)
(0.104725 -0.868875 0)
(0.130866 -0.851301 0)
(0.16026 -0.853562 0)
(0.190582 -0.859659 0)
(0.22142 -0.865806 0)
(0.25302 -0.872369 0)
(0.285542 -0.879932 0)
(0.319166 -0.888714 0)
(0.353952 -0.898789 0)
(0.39033 -0.910276 0)
(0.428463 -0.923322 0)
(0.469044 -0.938119 0)
(0.512214 -0.954982 0)
(0.558574 -0.973931 0)
(0.608689 -0.995977 0)
(0.663454 -1.02088 0)
(0.725153 -1.04616 0)
(0.796813 -1.08015 0)
(0.88066 -1.147 0)
(0.984996 -1.23575 0)
(0.0249666 -0.58795 0)
(0.0594492 -0.96963 0)
(0.0798376 -0.946755 0)
(0.10016 -0.894424 0)
(0.125569 -0.881575 0)
(0.153862 -0.88567 0)
(0.182786 -0.892371 0)
(0.212163 -0.899169 0)
(0.242294 -0.906653 0)
(0.273309 -0.915335 0)
(0.305367 -0.925397 0)
(0.3385 -0.936991 0)
(0.37316 -0.950275 0)
(0.409398 -0.965533 0)
(0.447956 -0.982873 0)
(0.48869 -1.00283 0)
(0.532391 -1.02538 0)
(0.57912 -1.0519 0)
(0.630027 -1.08309 0)
(0.687023 -1.11698 0)
(0.752446 -1.16057 0)
(0.822566 -1.24416 0)
(0.906634 -1.35781 0)
(0.0260957 -0.633784 0)
(0.0585316 -0.999952 0)
(0.0756031 -0.966591 0)
(0.0950171 -0.918991 0)
(0.119426 -0.910697 0)
(0.146285 -0.916205 0)
(0.173517 -0.92336 0)
(0.201168 -0.930786 0)
(0.229553 -0.939155 0)
(0.25877 -0.948875 0)
(0.288947 -0.960109 0)
(0.320122 -0.973092 0)
(0.352697 -0.988002 0)
(0.386658 -1.00524 0)
(0.422624 -1.02476 0)
(0.46032 -1.04735 0)
(0.500438 -1.0728 0)
(0.542744 -1.10292 0)
(0.588434 -1.13915 0)
(0.638101 -1.17914 0)
(0.694003 -1.22543 0)
(0.74601 -1.31819 0)
(0.809364 -1.46051 0)
(0.02738 -0.679968 0)
(0.0572161 -1.02668 0)
(0.0708934 -0.984189 0)
(0.0896033 -0.942482 0)
(0.112749 -0.938328 0)
(0.1379 -0.944833 0)
(0.163247 -0.952347 0)
(0.189005 -0.960396 0)
(0.215473 -0.969609 0)
(0.242724 -0.980286 0)
(0.270849 -0.992591 0)
(0.299913 -1.00681 0)
(0.330182 -1.02314 0)
(0.36165 -1.04201 0)
(0.394607 -1.06328 0)
(0.428972 -1.08785 0)
(0.464793 -1.11548 0)
(0.502314 -1.14808 0)
(0.541809 -1.18756 0)
(0.582731 -1.23119 0)
(0.629198 -1.2743 0)
(0.664957 -1.37325 0)
(0.714019 -1.54986 0)
(0.0285195 -0.726304 0)
(0.0553992 -1.04952 0)
(0.0658772 -0.999827 0)
(0.0841307 -0.964859 0)
(0.105798 -0.964212 0)
(0.129089 -0.971357 0)
(0.152485 -0.979205 0)
(0.176302 -0.987879 0)
(0.200802 -0.997896 0)
(0.226041 -1.00946 0)
(0.252078 -1.02275 0)
(0.27899 -1.03804 0)
(0.306867 -1.05554 0)
(0.335735 -1.07559 0)
(0.365501 -1.09816 0)
(0.396412 -1.12389 0)
(0.427591 -1.15306 0)
(0.460272 -1.18673 0)
(0.492805 -1.22762 0)
(0.524657 -1.2736 0)
(0.562364 -1.31064 0)
(0.585115 -1.41563 0)
(0.61818 -1.6218 0)
(0.0292134 -0.772381 0)
(0.0530133 -1.06844 0)
(0.060664 -1.01395 0)
(0.0786401 -0.986114 0)
(0.0986814 -0.98822 0)
(0.120077 -0.99575 0)
(0.141561 -1.00395 0)
(0.163471 -1.01325 0)
(0.186036 -1.02404 0)
(0.209292 -1.03644 0)
(0.233277 -1.05061 0)
(0.258047 -1.06678 0)
(0.283552 -1.08517 0)
(0.30981 -1.10597 0)
(0.336514 -1.12933 0)
(0.363955 -1.15545 0)
(0.390804 -1.18531 0)
(0.418574 -1.21844 0)
(0.444081 -1.25869 0)
(0.46736 -1.3053 0)
(0.494402 -1.33471 0)
(0.505731 -1.43895 0)
(0.50819 -1.6509 0)
(0.0292628 -0.817591 0)
(0.0500405 -1.08357 0)
(0.0553035 -1.02698 0)
(0.0730393 -1.0062 0)
(0.0913705 -1.01031 0)
(0.110908 -1.01808 0)
(0.130559 -1.02666 0)
(0.15063 -1.03658 0)
(0.171316 -1.04809 0)
(0.192638 -1.06126 0)
(0.214619 -1.07621 0)
(0.237279 -1.0931 0)
(0.26052 -1.11211 0)
(0.284299 -1.13335 0)
(0.308358 -1.15706 0)
(0.332596 -1.18306 0)
(0.356167 -1.21255 0)
(0.379414 -1.24395 0)
(0.39952 -1.28112 0)
(0.416481 -1.32501 0)
(0.430849 -1.34526 0)
(0.43592 -1.4297 0)
(0.396769 -1.61273 0)
(0.0285969 -0.861187 0)
(0.0465167 -1.09512 0)
(0.0498297 -1.03921 0)
(0.067212 -1.02499 0)
(0.0837946 -1.03044 0)
(0.101529 -1.0384 0)
(0.119417 -1.04739 0)
(0.137703 -1.0579 0)
(0.156553 -1.07008 0)
(0.175975 -1.08395 0)
(0.195988 -1.09958 0)
(0.216594 -1.11706 0)
(0.237733 -1.13655 0)
(0.259305 -1.15812 0)
(0.28125 -1.18195 0)
(0.302965 -1.20775 0)
(0.324599 -1.23612 0)
(0.344854 -1.26574 0)
(0.362658 -1.29819 0)
(0.378357 -1.33662 0)
(0.383528 -1.34913 0)
(0.396798 -1.39352 0)
(0.330392 -1.52136 0)
(0.0272374 -0.902421 0)
(0.0425294 -1.1034 0)
(0.0443058 -1.05077 0)
(0.0610992 -1.0423 0)
(0.0759294 -1.04859 0)
(0.0918979 -1.05673 0)
(0.10806 -1.06615 0)
(0.124585 -1.07721 0)
(0.141612 -1.09 0)
(0.159144 -1.10449 0)
(0.177212 -1.12072 0)
(0.195835 -1.13875 0)
(0.215026 -1.15871 0)
(0.234696 -1.1807 0)
(0.254921 -1.20472 0)
(0.274954 -1.23064 0)
(0.295565 -1.25807 0)
(0.315072 -1.28691 0)
(0.333248 -1.31563 0)
(0.35364 -1.34873 0)
(0.357921 -1.36152 0)
(0.394458 -1.36452 0)
(0.341095 -1.43192 0)
(0.0252585 -0.940739 0)
(0.0382008 -1.10889 0)
(0.0388245 -1.06176 0)
(0.0547051 -1.05805 0)
(0.0678063 -1.06483 0)
(0.0820155 -1.07317 0)
(0.0964495 -1.08301 0)
(0.111202 -1.09457 0)
(0.126386 -1.10789 0)
(0.142017 -1.12295 0)
(0.158145 -1.13975 0)
(0.174835 -1.15835 0)
(0.192156 -1.17888 0)
(0.210088 -1.20145 0)
(0.228703 -1.22597 0)
(0.247547 -1.25244 0)
(0.267311 -1.27999 0)
(0.287495 -1.30937 0)
(0.307136 -1.33793 0)
(0.334543 -1.36832 0)
(0.345452 -1.39231 0)
(0.404365 -1.37561 0)
(0.397908 -1.39825 0)
(0.022767 -0.975773 0)
(0.0336566 -1.11219 0)
(0.0334644 -1.07225 0)
(0.0480525 -1.07224 0)
(0.0594606 -1.07928 0)
(0.0718877 -1.08785 0)
(0.0845562 -1.09808 0)
(0.0974929 -1.11007 0)
(0.110792 -1.12386 0)
(0.124486 -1.13943 0)
(0.138648 -1.15678 0)
(0.153386 -1.17599 0)
(0.168792 -1.19719 0)
(0.184909 -1.22048 0)
(0.201739 -1.24581 0)
(0.219231 -1.27318 0)
(0.237725 -1.30201 0)
(0.258083 -1.33302 0)
(0.279066 -1.36511 0)
(0.309622 -1.39728 0)
(0.332366 -1.43813 0)
(0.395712 -1.43169 0)
(0.437657 -1.44224 0)
(0.0198838 -1.00709 0)
(0.0289885 -1.11379 0)
(0.0282521 -1.08207 0)
(0.0411513 -1.08472 0)
(0.0508954 -1.09192 0)
(0.0614966 -1.10071 0)
(0.0723374 -1.11125 0)
(0.0833963 -1.12361 0)
(0.0947493 -1.13781 0)
(0.106444 -1.15384 0)
(0.118573 -1.17173 0)
(0.131257 -1.19157 0)
(0.144594 -1.21347 0)
(0.158631 -1.23753 0)
(0.173334 -1.26377 0)
(0.188823 -1.29217 0)
(0.205255 -1.32271 0)
(0.223749 -1.35584 0)
(0.244317 -1.39261 0)
(0.270212 -1.43117 0)
(0.304366 -1.48549 0)
(0.350342 -1.51307 0)
(0.423213 -1.54966 0)
(0.016705 -1.0341 0)
(0.0242213 -1.11388 0)
(0.023163 -1.09076 0)
(0.0340068 -1.09515 0)
(0.0420907 -1.10248 0)
(0.0508125 -1.11147 0)
(0.0597496 -1.12228 0)
(0.0688565 -1.13494 0)
(0.0781881 -1.1495 0)
(0.0878009 -1.16596 0)
(0.0977923 -1.18438 0)
(0.108279 -1.20483 0)
(0.119344 -1.22741 0)
(0.131013 -1.25219 0)
(0.143239 -1.27922 0)
(0.156083 -1.30854 0)
(0.169646 -1.34047 0)
(0.184412 -1.37541 0)
(0.201369 -1.41503 0)
(0.217191 -1.46002 0)
(0.250465 -1.51741 0)
(0.263851 -1.58057 0)
(0.328535 -1.6538 0)
(0.0132777 -1.05626 0)
(0.0193084 -1.11245 0)
(0.0181425 -1.09768 0)
(0.0266263 -1.10309 0)
(0.0330061 -1.11056 0)
(0.0397943 -1.11975 0)
(0.0467526 -1.13078 0)
(0.0538321 -1.14371 0)
(0.0610671 -1.15857 0)
(0.0685143 -1.17541 0)
(0.0762669 -1.19428 0)
(0.0844278 -1.21525 0)
(0.0930612 -1.23837 0)
(0.102159 -1.26371 0)
(0.111656 -1.29133 0)
(0.121506 -1.32138 0)
(0.131763 -1.35418 0)
(0.142402 -1.39017 0)
(0.153993 -1.43026 0)
(0.161773 -1.47659 0)
(0.180565 -1.52743 0)
(0.167456 -1.59886 0)
(0.169225 -1.67075 0)
(0.009667 -1.07281 0)
(0.014201 -1.10918 0)
(0.0131151 -1.10194 0)
(0.0190437 -1.10785 0)
(0.0236334 -1.11546 0)
(0.0284472 -1.12481 0)
(0.0333783 -1.13601 0)
(0.0383913 -1.1491 0)
(0.0435046 -1.16414 0)
(0.0487663 -1.18119 0)
(0.0542521 -1.2003 0)
(0.0600359 -1.22152 0)
(0.0661487 -1.24492 0)
(0.0725543 -1.27057 0)
(0.079175 -1.29855 0)
(0.0859514 -1.32902 0)
(0.0929299 -1.36221 0)
(0.100116 -1.39846 0)
(0.107555 -1.438 0)
(0.113345 -1.48193 0)
(0.12103 -1.52619 0)
(0.110658 -1.5813 0)
(0.0587582 -1.61727 0)
(0.00602637 -1.08516 0)
(0.00891466 -1.10636 0)
(0.0079872 -1.10517 0)
(0.011374 -1.11126 0)
(0.0141154 -1.11898 0)
(0.0169744 -1.12842 0)
(0.0199096 -1.13968 0)
(0.0229037 -1.15282 0)
(0.0259617 -1.16792 0)
(0.029107 -1.18507 0)
(0.0323758 -1.20431 0)
(0.0357992 -1.22572 0)
(0.039384 -1.24934 0)
(0.0431098 -1.27521 0)
(0.0469495 -1.3034 0)
(0.0509087 -1.33407 0)
(0.0550597 -1.36745 0)
(0.0595245 -1.40386 0)
(0.0643901 -1.44353 0)
(0.0700164 -1.48681 0)
(0.0766967 -1.53237 0)
(0.0853544 -1.58072 0)
(0.0646229 -1.61003 0)
(0.00230141 -1.09518 0)
(0.00330095 -1.10778 0)
(0.00271277 -1.11021 0)
(0.00382148 -1.11636 0)
(0.00474141 -1.12413 0)
(0.00569919 -1.13362 0)
(0.006676 -1.14494 0)
(0.00766951 -1.15816 0)
(0.0086846 -1.17341 0)
(0.00973237 -1.19076 0)
(0.0108267 -1.21027 0)
(0.0119784 -1.23196 0)
(0.0131897 -1.25584 0)
(0.0144572 -1.28193 0)
(0.015784 -1.31035 0)
(0.0171935 -1.34134 0)
(0.0187308 -1.37527 0)
(0.0204709 -1.41253 0)
(0.0225334 -1.45355 0)
(0.0252785 -1.49893 0)
(0.0295105 -1.54957 0)
(0.0384719 -1.60677 0)
(0.0517044 -1.66385 0)
(0.354139 0.208161 0)
(0.159974 -0.0679352 0)
(0.318266 -0.202658 0)
(0.47402 -0.295268 0)
(0.503333 0.134239 0)
(0.57365 0.0457778 0)
(0.563766 -0.0742204 0)
(0.532187 -0.23048 0)
(0.480949 -0.0175577 0)
(0.575416 -0.104466 0)
(0.652889 -0.178101 0)
(0.706309 -0.24587 0)
(0.38678 -0.028011 0)
(0.47335 -0.103114 0)
(0.541226 -0.191076 0)
(0.616471 -0.273747 0)
(0.0717565 -0.207837 0)
(0.117211 -0.251918 0)
(0.167249 -0.309906 0)
(0.27187 -0.35663 0)
(0.162694 -0.204145 0)
(0.0181562 -0.28636 0)
(-0.0316492 -0.45746 0)
(-0.081557 -0.666666 0)
(0.854791 -0.0419633 0)
(0.879646 -0.0807753 0)
(0.944426 -0.165122 0)
(0.816899 -0.293775 0)
(0.981173 -0.205782 0)
(1.05198 -0.255832 0)
(1.1157 -0.33262 0)
(1.20947 -0.290589 0)
(0.893116 -0.224986 0)
(0.93436 -0.278841 0)
(0.939935 -0.383056 0)
(0.974294 -0.452728 0)
(0.880003 -0.266718 0)
(0.912453 -0.297132 0)
(0.924942 -0.357082 0)
(0.928971 -0.428647 0)
(0.874647 -0.292952 0)
(0.901784 -0.316316 0)
(0.912876 -0.373524 0)
(0.923042 -0.446748 0)
(0.85933 -0.323748 0)
(0.88766 -0.336363 0)
(0.90423 -0.374372 0)
(0.910457 -0.436156 0)
(0.846083 -0.352435 0)
(0.872359 -0.360568 0)
(0.892954 -0.386146 0)
(0.899272 -0.431913 0)
(0.840119 -0.378117 0)
(0.86308 -0.381718 0)
(0.881087 -0.398266 0)
(0.891047 -0.428232 0)
(0.840519 -0.401889 0)
(0.862684 -0.398553 0)
(0.875225 -0.409493 0)
(0.896102 -0.426191 0)
(0.847311 -0.425221 0)
(0.871242 -0.414831 0)
(0.887143 -0.421253 0)
(0.911576 -0.430417 0)
(0.86258 -0.451016 0)
(0.891735 -0.436706 0)
(0.921019 -0.437369 0)
(0.934692 -0.438582 0)
(0.88759 -0.484456 0)
(0.927789 -0.47025 0)
(0.970815 -0.464292 0)
(0.988641 -0.448982 0)
(0.920487 -0.529566 0)
(0.974372 -0.517024 0)
(1.02972 -0.502773 0)
(1.05712 -0.471519 0)
(0.957222 -0.586903 0)
(1.02645 -0.573503 0)
(1.09208 -0.545441 0)
(1.11828 -0.497896 0)
(0.998683 -0.657149 0)
(1.08795 -0.639996 0)
(1.1541 -0.588469 0)
(1.19338 -0.505959 0)
(1.05062 -0.744694 0)
(1.16036 -0.722366 0)
(1.22973 -0.640262 0)
(1.30336 -0.508049 0)
(1.10973 -0.853024 0)
(1.23109 -0.820554 0)
(1.3182 -0.698055 0)
(1.35066 -0.505663 0)
(1.15641 -0.980503 0)
(1.28411 -0.924082 0)
(1.36638 -0.749793 0)
(1.38276 -0.483726 0)
(1.16503 -1.11805 0)
(1.28886 -1.02328 0)
(1.35612 -0.793913 0)
(1.36714 -0.461152 0)
(1.11955 -1.24996 0)
(1.23116 -1.11005 0)
(1.28162 -0.834352 0)
(1.29776 -0.468018 0)
(1.02919 -1.36523 0)
(1.1284 -1.17623 0)
(1.15512 -0.855163 0)
(1.15551 -0.420635 0)
(0.919409 -1.46717 0)
(1.012 -1.22195 0)
(1.0153 -0.845084 0)
(0.983422 -0.347255 0)
(0.800779 -1.5646 0)
(0.889651 -1.26253 0)
(0.889146 -0.81656 0)
(0.829703 -0.228633 0)
(0.65567 -1.6487 0)
(0.732449 -1.30646 0)
(0.747634 -0.787163 0)
(0.684708 -0.0667687 0)
(0.47241 -1.69075 0)
(0.52958 -1.35599 0)
(0.585688 -0.805503 0)
(0.652416 0.0133376 0)
(0.289183 -1.67095 0)
(0.339087 -1.39383 0)
(0.464458 -0.915163 0)
(0.788588 -0.213061 0)
(0.193069 -1.60716 0)
(0.236659 -1.42799 0)
(0.359985 -0.952888 0)
(0.191036 -0.292472 0)
(0.248473 -1.54694 0)
(0.302913 -1.49227 0)
(0.384301 -0.906883 0)
(0.043214 -0.188075 0)
(0.40328 -1.54088 0)
(0.512541 -1.572 0)
(0.558941 -0.919168 0)
(0.425805 -0.0151581 0)
(0.540774 -1.6242 0)
(0.685874 -1.64945 0)
(0.755143 -0.978884 0)
(0.630461 0.100916 0)
(0.585185 -1.79118 0)
(0.655757 -1.80004 0)
(0.765269 -0.937144 0)
(0.673951 0.273227 0)
(0.473391 -1.94156 0)
(0.380943 -1.90838 0)
(0.487394 -0.954216 0)
(0.511245 0.445734 0)
(0.236439 -1.91138 0)
(-0.0724345 -1.77121 0)
(0.0494466 -0.928375 0)
(0.386516 0.423735 0)
(0.0839616 -1.70823 0)
(-0.474047 -1.4643 0)
(0.00895738 -0.848826 0)
(0.491824 -0.592184 0)
(0.200221 -1.61484 0)
(-0.22727 -1.63287 0)
(0.292603 -1.49179 0)
(0.769062 0.442581 0)
(0.176957 -1.71862 0)
(0.273113 -2.02054 0)
(0.938629 -2.53253 0)
(3.91554 -2.0329 0)
(0.634737 -0.472004 0)
(0.714648 -0.771145 0)
(0.458398 -0.669426 0)
(0.616516 -0.254918 0)
(0.572367 -0.0776901 0)
(0.504321 -0.0261547 0)
(0.469934 0.0249057 0)
(0.435841 0.0759458 0)
(0.397422 0.118814 0)
(0.357788 0.153624 0)
(0.318195 0.181407 0)
(0.279129 0.20341 0)
(0.240606 0.220756 0)
(0.202637 0.234301 0)
(0.165128 0.244731 0)
(0.127948 0.252625 0)
(0.0911391 0.258328 0)
(0.0545603 0.261902 0)
(0.0180411 0.262624 0)
(0.508356 -0.420424 0)
(0.407849 -0.613471 0)
(-0.0153709 -0.832 0)
(0.461224 -0.279565 0)
(0.574161 -0.0568358 0)
(0.540138 3.59147e-05 0)
(0.505764 0.046659 0)
(0.465393 0.100181 0)
(0.421303 0.144694 0)
(0.3771 0.179569 0)
(0.333605 0.206925 0)
(0.291332 0.228394 0)
(0.250203 0.245205 0)
(0.210091 0.258296 0)
(0.170789 0.268355 0)
(0.132075 0.275946 0)
(0.0939406 0.28143 0)
(0.0561754 0.284879 0)
(0.0185551 0.285421 0)
(0.681915 -0.34978 0)
(0.593956 -0.460432 0)
(0.375989 -0.644726 0)
(0.236969 -0.475727 0)
(0.604147 -0.139509 0)
(0.605534 0.0144401 0)
(0.548247 0.0779665 0)
(0.495867 0.129213 0)
(0.445018 0.173571 0)
(0.395998 0.207963 0)
(0.348552 0.234445 0)
(0.303058 0.25499 0)
(0.259368 0.270975 0)
(0.217183 0.283392 0)
(0.176158 0.292904 0)
(0.135992 0.300066 0)
(0.0966041 0.305251 0)
(0.0577246 0.308515 0)
(0.0190575 0.308841 0)
(0.687085 -0.362151 0)
(0.703249 -0.419967 0)
(0.626223 -0.499204 0)
(0.332289 -0.625674 0)
(0.516276 -0.193727 0)
(0.654996 0.0164511 0)
(0.596993 0.115631 0)
(0.52679 0.164964 0)
(0.468178 0.205966 0)
(0.414129 0.238998 0)
(0.362733 0.264088 0)
(0.314089 0.283261 0)
(0.267935 0.298083 0)
(0.223777 0.309558 0)
(0.18113 0.318324 0)
(0.139613 0.324929 0)
(0.0990671 0.32972 0)
(0.0591567 0.332731 0)
(0.0195234 0.332778 0)
(0.517382 -0.391937 0)
(0.706884 -0.427459 0)
(0.743587 -0.445377 0)
(0.653353 -0.520472 0)
(0.367254 -0.217721 0)
(0.635292 -0.00446245 0)
(0.644183 0.145065 0)
(0.558794 0.20707 0)
(0.49002 0.242934 0)
(0.431053 0.272822 0)
(0.375825 0.295882 0)
(0.324182 0.313216 0)
(0.275729 0.326522 0)
(0.22975 0.336796 0)
(0.185618 0.344632 0)
(0.142876 0.350545 0)
(0.10128 0.354842 0)
(0.060439 0.357541 0)
(0.0199397 0.357264 0)
(0.213305 -0.706531 0)
(0.688714 -0.530392 0)
(0.821408 -0.440804 0)
(0.79282 -0.432414 0)
(0.555193 -0.31464 0)
(0.619761 -0.011913 0)
(0.677936 0.167253 0)
(0.590948 0.2513 0)
(0.510433 0.284912 0)
(0.446341 0.309671 0)
(0.38748 0.329674 0)
(0.333076 0.344706 0)
(0.282576 0.356172 0)
(0.23498 0.365007 0)
(0.189536 0.371744 0)
(0.145719 0.376839 0)
(0.103205 0.380553 0)
(0.0615528 0.382891 0)
(0.0202994 0.382255 0)
(0.232628 -0.905814 0)
(0.736861 -0.810851 0)
(0.851924 -0.472541 0)
(0.838098 -0.36485 0)
(0.727255 -0.326899 0)
(0.610181 -0.0148 0)
(0.678821 0.194186 0)
(0.613843 0.292825 0)
(0.527819 0.329535 0)
(0.459324 0.349574 0)
(0.397336 0.365363 0)
(0.340531 0.377547 0)
(0.288301 0.38687 0)
(0.239346 0.394052 0)
(0.192803 0.399538 0)
(0.148088 0.403705 0)
(0.104809 0.406757 0)
(0.0624789 0.408688 0)
(0.0205955 0.407659 0)
(1.16812 -0.480605 0)
(0.990274 -0.997456 0)
(0.829078 -0.469522 0)
(0.798541 -0.316763 0)
(0.753949 -0.284642 0)
(0.628821 0.00462202 0)
(0.681852 0.229399 0)
(0.630583 0.334184 0)
(0.54099 0.374753 0)
(0.469289 0.39162 0)
(0.405023 0.402713 0)
(0.346337 0.411523 0)
(0.29275 0.418429 0)
(0.242744 0.423782 0)
(0.195348 0.42789 0)
(0.149935 0.431035 0)
(0.106059 0.433359 0)
(0.0631981 0.43484 0)
(0.0208216 0.433392 0)
(1.0196 -0.579366 0)
(0.99618 -0.744802 0)
(0.832869 -0.405019 0)
(0.766037 -0.293799 0)
(0.729353 -0.29135 0)
(0.662223 -0.00615316 0)
(0.703389 0.264889 0)
(0.647044 0.383623 0)
(0.550516 0.422288 0)
(0.475786 0.434887 0)
(0.410225 0.441241 0)
(0.350318 0.446355 0)
(0.295808 0.450629 0)
(0.245093 0.454028 0)
(0.197115 0.456666 0)
(0.15122 0.458717 0)
(0.106928 0.460258 0)
(0.0636948 0.461258 0)
(0.0209729 0.45937 0)
(0.906098 -0.568069 0)
(0.900577 -0.708038 0)
(0.839256 -0.348956 0)
(0.785846 -0.234463 0)
(0.745831 -0.240556 0)
(0.689101 -0.0267276 0)
(0.725647 0.294742 0)
(0.662035 0.439883 0)
(0.556107 0.473244 0)
(0.478364 0.478978 0)
(0.412645 0.480385 0)
(0.352343 0.48169 0)
(0.297405 0.483216 0)
(0.246344 0.484596 0)
(0.198069 0.485716 0)
(0.151916 0.486629 0)
(0.107398 0.487351 0)
(0.0639581 0.487844 0)
(0.0210466 0.485503 0)
(0.883067 -0.544728 0)
(0.847605 -0.670183 0)
(0.84688 -0.335478 0)
(0.805812 -0.204802 0)
(0.761745 -0.189795 0)
(0.698295 -0.105656 0)
(0.706537 0.308754 0)
(0.654644 0.496728 0)
(0.553945 0.525718 0)
(0.476491 0.523164 0)
(0.412112 0.519461 0)
(0.352367 0.517095 0)
(0.297528 0.515911 0)
(0.246486 0.515281 0)
(0.198194 0.514878 0)
(0.152009 0.514639 0)
(0.107455 0.514529 0)
(0.0639803 0.514499 0)
(0.0210419 0.511698 0)
(0.864679 -0.515088 0)
(0.810834 -0.65168 0)
(0.855168 -0.336381 0)
(0.817528 -0.1688 0)
(0.76625 -0.139857 0)
(0.701384 -0.0899868 0)
(0.647664 0.337989 0)
(0.620566 0.548032 0)
(0.542154 0.574517 0)
(0.470477 0.565672 0)
(0.408862 0.557709 0)
(0.350483 0.552139 0)
(0.296231 0.548441 0)
(0.245541 0.545885 0)
(0.197498 0.543992 0)
(0.151497 0.542615 0)
(0.107094 0.541677 0)
(0.0637571 0.541121 0)
(0.0209592 0.537859 0)
(0.86106 -0.490232 0)
(0.78823 -0.614257 0)
(0.861622 -0.353924 0)
(0.822481 -0.137355 0)
(0.76449 -0.0999586 0)
(0.699741 -0.0661206 0)
(0.608707 0.362943 0)
(0.583638 0.586791 0)
(0.525701 0.616184 0)
(0.461964 0.605019 0)
(0.403593 0.594552 0)
(0.346953 0.586494 0)
(0.293632 0.580586 0)
(0.243564 0.576234 0)
(0.196004 0.572912 0)
(0.15039 0.570428 0)
(0.106315 0.568681 0)
(0.063289 0.567606 0)
(0.0208007 0.56389 0)
(0.86429 -0.484324 0)
(0.850578 -0.592583 0)
(0.885002 -0.392599 0)
(0.823928 -0.100898 0)
(0.756508 -0.0566983 0)
(0.681734 -0.0265803 0)
(0.569835 0.411325 0)
(0.558146 0.61969 0)
(0.512033 0.65091 0)
(0.452903 0.641012 0)
(0.3971 0.629912 0)
(0.342109 0.620016 0)
(0.289878 0.612197 0)
(0.240628 0.606189 0)
(0.193747 0.601508 0)
(0.148707 0.597959 0)
(0.105128 0.595429 0)
(0.0625812 0.593853 0)
(0.0205687 0.589691 0)
(0.865311 -0.482421 0)
(0.937667 -0.617822 0)
(0.903078 -0.364768 0)
(0.821452 -0.0499873 0)
(0.748071 -0.0159775 0)
(0.649805 0.0134001 0)
(0.544502 0.431594 0)
(0.553988 0.644461 0)
(0.504498 0.682137 0)
(0.444343 0.675262 0)
(0.389884 0.664164 0)
(0.336197 0.652704 0)
(0.2851 0.643185 0)
(0.236799 0.635644 0)
(0.190764 0.629673 0)
(0.146468 0.625099 0)
(0.103547 0.621817 0)
(0.0616413 0.619761 0)
(0.020265 0.615166 0)
(0.898387 -0.457129 0)
(0.86765 -0.670939 0)
(0.857084 -0.267745 0)
(0.811139 0.0126566 0)
(0.741703 0.0352022 0)
(0.648509 0.0363054 0)
(0.553248 0.43871 0)
(0.562086 0.67519 0)
(0.500645 0.716398 0)
(0.4363 0.709942 0)
(0.382003 0.697778 0)
(0.329301 0.684624 0)
(0.279373 0.673493 0)
(0.232129 0.664508 0)
(0.187087 0.657309 0)
(0.143693 0.65175 0)
(0.101587 0.647749 0)
(0.0604787 0.645235 0)
(0.0198905 0.640218 0)
(0.967324 -0.407717 0)
(0.629258 -0.610486 0)
(0.806837 -0.267455 0)
(0.795968 0.0552135 0)
(0.723188 0.121884 0)
(0.634994 0.113331 0)
(0.523655 0.429713 0)
(0.544845 0.704809 0)
(0.490876 0.753262 0)
(0.427149 0.745696 0)
(0.37305 0.731049 0)
(0.321367 0.715835 0)
(0.272716 0.703065 0)
(0.226652 0.692693 0)
(0.182743 0.68432 0)
(0.140405 0.677821 0)
(0.099267 0.673131 0)
(0.0591038 0.670184 0)
(0.0194464 0.664752 0)
(1.02611 -0.36379 0)
(0.698101 -0.421259 0)
(0.673897 -0.461294 0)
(0.753842 0.0972091 0)
(0.716872 0.205169 0)
(0.675527 0.198189 0)
(0.561595 0.456095 0)
(0.53017 0.73017 0)
(0.47257 0.787113 0)
(0.415225 0.780975 0)
(0.362627 0.763655 0)
(0.312316 0.746265 0)
(0.265119 0.731828 0)
(0.220387 0.720105 0)
(0.177757 0.71061 0)
(0.136623 0.703219 0)
(0.0966049 0.697876 0)
(0.0575281 0.694521 0)
(0.0189346 0.688682 0)
(1.06172 -0.349472 0)
(1.0652 -0.286642 0)
(0.802651 -0.403101 0)
(0.716007 0.034944 0)
(0.679485 0.184218 0)
(0.681187 0.226761 0)
(0.655669 0.549337 0)
(0.532661 0.774748 0)
(0.456261 0.821587 0)
(0.401956 0.814582 0)
(0.350769 0.795041 0)
(0.302187 0.775759 0)
(0.256589 0.759686 0)
(0.213358 0.746649 0)
(0.172156 0.736083 0)
(0.132374 0.727855 0)
(0.0936214 0.721901 0)
(0.0557646 0.718166 0)
(0.0183581 0.711925 0)
(1.13836 -0.394454 0)
(1.37698 -0.331133 0)
(0.932062 -0.0523561 0)
(0.695634 0.0135122 0)
(0.604924 0.0323123 0)
(0.607055 0.17961 0)
(0.568719 0.563059 0)
(0.496702 0.819035 0)
(0.441415 0.860455 0)
(0.387452 0.846929 0)
(0.337742 0.825252 0)
(0.291054 0.804218 0)
(0.247145 0.786532 0)
(0.205594 0.772223 0)
(0.165973 0.760642 0)
(0.127685 0.751636 0)
(0.0903397 0.745123 0)
(0.0538267 0.741039 0)
(0.0177204 0.734405 0)
(1.19595 -0.439683 0)
(1.23343 -0.332541 0)
(0.970564 0.0903896 0)
(0.721802 0.311065 0)
(0.584562 0.232785 0)
(0.395578 0.161796 0)
(0.443718 0.607218 0)
(0.466449 0.856184 0)
(0.427087 0.894605 0)
(0.371621 0.87781 0)
(0.323812 0.854597 0)
(0.278871 0.831575 0)
(0.236801 0.812263 0)
(0.19713 0.796721 0)
(0.159244 0.784186 0)
(0.122594 0.774476 0)
(0.0867875 0.767462 0)
(0.0517295 0.763066 0)
(0.017026 0.756054 0)
(1.12032 -0.345783 0)
(0.945045 -0.180067 0)
(0.822874 0.251206 0)
(0.722689 0.359893 0)
(0.60576 0.349775 0)
(0.464897 0.250061 0)
(0.37986 0.579909 0)
(0.461671 0.875616 0)
(0.416863 0.92454 0)
(0.355608 0.908449 0)
(0.308805 0.883203 0)
(0.265527 0.857739 0)
(0.225584 0.83678 0)
(0.188 0.820042 0)
(0.152015 0.806626 0)
(0.117145 0.796291 0)
(0.0829977 0.788844 0)
(0.0494917 0.784178 0)
(0.0162812 0.776808 0)
(1.28411 -0.182478 0)
(0.816867 -0.157303 0)
(0.712353 0.29592 0)
(0.686964 0.409579 0)
(0.632273 0.40583 0)
(0.556768 0.369233 0)
(0.425224 0.521109 0)
(0.46326 0.878796 0)
(0.402261 0.955296 0)
(0.337529 0.940261 0)
(0.291968 0.9109 0)
(0.250891 0.882548 0)
(0.21351 0.859956 0)
(0.178245 0.842083 0)
(0.14434 0.827881 0)
(0.111388 0.817012 0)
(0.079008 0.809204 0)
(0.0471361 0.804316 0)
(0.0154942 0.796614 0)
(1.34875 -0.0801014 0)
(0.809632 0.23184 0)
(0.638737 0.258853 0)
(0.6351 0.433884 0)
(0.643006 0.447849 0)
(0.649074 0.413819 0)
(0.576465 0.539561 0)
(0.479968 0.923576 0)
(0.375522 0.993894 0)
(0.314406 0.972459 0)
(0.272462 0.936844 0)
(0.234846 0.905631 0)
(0.2006 0.881575 0)
(0.167927 0.862718 0)
(0.136288 0.847874 0)
(0.10538 0.83658 0)
(0.07486 0.828491 0)
(0.0446886 0.823431 0)
(0.0146744 0.815428 0)
(1.32532 0.0440413 0)
(1.02985 0.484409 0)
(0.569797 0.307081 0)
(0.590895 0.405616 0)
(0.632627 0.403806 0)
(0.662965 0.397374 0)
(0.633139 0.638101 0)
(0.42347 1.00907 0)
(0.332335 1.04396 0)
(0.286303 1.00322 0)
(0.250098 0.959835 0)
(0.217492 0.926447 0)
(0.18697 0.901341 0)
(0.157162 0.881798 0)
(0.127951 0.866525 0)
(0.0991876 0.854947 0)
(0.0705989 0.846666 0)
(0.0421768 0.841491 0)
(0.0138317 0.833217 0)
(1.24299 0.100342 0)
(0.99446 0.63504 0)
(0.620834 0.597054 0)
(0.519977 0.29277 0)
(0.530884 0.287314 0)
(0.45356 0.334445 0)
(0.457676 0.741454 0)
(0.302759 1.05449 0)
(0.272561 1.08321 0)
(0.252451 1.02673 0)
(0.225701 0.978723 0)
(0.199284 0.944489 0)
(0.17288 0.918984 0)
(0.146139 0.899187 0)
(0.119454 0.88376 0)
(0.0928899 0.872071 0)
(0.0662739 0.863705 0)
(0.0396295 0.858472 0)
(0.0129769 0.849962 0)
(1.04771 0.263987 0)
(0.726722 0.823599 0)
(0.440485 0.674234 0)
(0.417183 0.375094 0)
(0.393089 0.364304 0)
(0.287014 0.478845 0)
(0.222383 0.790507 0)
(0.171067 1.07308 0)
(0.210408 1.09139 0)
(0.216406 1.03774 0)
(0.201084 0.992484 0)
(0.181011 0.959401 0)
(0.158742 0.934372 0)
(0.135099 0.914817 0)
(0.110945 0.89954 0)
(0.0865781 0.88793 0)
(0.0619384 0.879594 0)
(0.0370769 0.874368 0)
(0.0121213 0.865658 0)
(0.80404 0.442416 0)
(0.485231 0.993954 0)
(0.39682 0.667564 0)
(0.389889 0.391283 0)
(0.268538 0.314736 0)
(0.20945 0.554862 0)
(0.118997 0.827008 0)
(0.118116 1.04209 0)
(0.172982 1.07121 0)
(0.18749 1.03819 0)
(0.179021 1.00136 0)
(0.163716 0.971299 0)
(0.145044 0.947589 0)
(0.124297 0.928723 0)
(0.102577 0.913874 0)
(0.0803471 0.902526 0)
(0.0576472 0.894338 0)
(0.034549 0.889183 0)
(0.0112761 0.88031 0)
(0.581655 0.626929 0)
(0.553081 1.01724 0)
(0.592609 0.705917 0)
(0.496266 0.607074 0)
(0.297899 0.434547 0)
(0.154895 0.589321 0)
(0.146793 0.855421 0)
(0.133468 1.01067 0)
(0.160892 1.0506 0)
(0.168068 1.03606 0)
(0.160772 1.00745 0)
(0.14807 0.980936 0)
(0.132133 0.958943 0)
(0.113934 0.941041 0)
(0.0944814 0.926823 0)
(0.0742851 0.91589 0)
(0.0534538 0.907956 0)
(0.0320752 0.902937 0)
(0.0104515 0.893936 0)
(0.477863 0.739067 0)
(0.648749 0.867048 0)
(0.606312 0.77067 0)
(0.523375 0.673212 0)
(0.41722 0.575015 0)
(0.258844 0.609427 0)
(0.245792 0.893407 0)
(0.172461 1.01236 0)
(0.158536 1.04683 0)
(0.154018 1.03739 0)
(0.145332 1.01298 0)
(0.133947 0.989195 0)
(0.120082 0.968808 0)
(0.104113 0.951953 0)
(0.0867515 0.938482 0)
(0.0684643 0.928077 0)
(0.0494071 0.920487 0)
(0.0296833 0.915663 0)
(0.00965644 0.906565 0)
(0.705166 0.613673 0)
(0.646749 0.894271 0)
(0.564128 0.813935 0)
(0.520903 0.683307 0)
(0.51509 0.61046 0)
(0.476226 0.632721 0)
(0.341745 0.951296 0)
(0.193055 1.04926 0)
(0.153931 1.06008 0)
(0.140677 1.04288 0)
(0.131026 1.01875 0)
(0.120817 0.996515 0)
(0.108787 0.977431 0)
(0.0948595 0.961611 0)
(0.0794418 0.948951 0)
(0.0629391 0.939153 0)
(0.0455489 0.931979 0)
(0.0273982 0.927405 0)
(0.00889874 0.918238 0)
(0.626186 0.778809 0)
(0.57682 0.975956 0)
(0.525398 0.844067 0)
(0.515336 0.695958 0)
(0.55176 0.597286 0)
(0.56438 0.706141 0)
(0.282471 1.06282 0)
(0.170007 1.10488 0)
(0.138554 1.07987 0)
(0.124609 1.04998 0)
(0.116638 1.0243 0)
(0.108235 1.00283 0)
(0.0981482 0.984871 0)
(0.0861829 0.970103 0)
(0.0725908 0.958315 0)
(0.0577521 0.94919 0)
(0.0419151 0.942493 0)
(0.0252424 0.938216 0)
(0.00818531 0.929003 0)
(0.426319 0.862439 0)
(0.514947 0.983388 0)
(0.511762 0.861144 0)
(0.525596 0.702001 0)
(0.549989 0.558842 0)
(0.441193 0.905953 0)
(0.146161 1.15394 0)
(0.123769 1.14652 0)
(0.111413 1.09322 0)
(0.105457 1.05524 0)
(0.101825 1.02849 0)
(0.0960845 1.00782 0)
(0.0881732 0.991078 0)
(0.0781222 0.977473 0)
(0.0662414 0.966647 0)
(0.0529414 0.958262 0)
(0.0385363 0.952096 0)
(0.0232351 0.948156 0)
(0.00752232 0.938916 0)
(0.260553 0.663344 0)
(0.439636 0.911913 0)
(0.505547 0.842927 0)
(0.536232 0.685612 0)
(0.403307 0.602686 0)
(0.18086 1.00231 0)
(0.0336724 1.19641 0)
(0.0714733 1.15468 0)
(0.0796486 1.09428 0)
(0.0855088 1.0561 0)
(0.0871747 1.03032 0)
(0.0846395 1.01118 0)
(0.0789992 0.996008 0)
(0.0707628 0.983767 0)
(0.0604489 0.974023 0)
(0.0485447 0.966451 0)
(0.0354393 0.960864 0)
(0.0213925 0.957296 0)
(0.00691522 0.948043 0)
(0.226363 0.417546 0)
(0.380734 0.777565 0)
(0.451072 0.749028 0)
(0.292605 0.691314 0)
(0.0757127 0.799324 0)
(-0.0526316 1.06806 0)
(-0.0418466 1.18605 0)
(0.0240007 1.13426 0)
(0.0513769 1.08455 0)
(0.0672018 1.05187 0)
(0.0737854 1.02948 0)
(0.0743832 1.01288 0)
(0.0708419 0.999715 0)
(0.0642186 0.989072 0)
(0.0552766 0.980534 0)
(0.0445986 0.973846 0)
(0.0326464 0.968877 0)
(0.0197275 0.965706 0)
(0.00636845 0.956451 0)
(0.300532 0.63875 0)
(0.185103 0.685709 0)
(0.11113 0.769967 0)
(-0.0743991 0.854804 0)
(-0.145979 0.905375 0)
(-0.168896 1.07602 0)
(-0.0838035 1.13657 0)
(-0.0088937 1.10091 0)
(0.0305066 1.06758 0)
(0.0523612 1.04352 0)
(0.0626952 1.02633 0)
(0.0657766 1.01311 0)
(0.0639195 1.00237 0)
(0.0586 0.993533 0)
(0.0507809 0.986304 0)
(0.0411327 0.980551 0)
(0.0301734 0.976228 0)
(0.0182481 0.973468 0)
(0.00588478 0.964218 0)
(0.271094 0.886911 0)
(-0.0475467 0.863764 0)
(-0.234034 0.948631 0)
(-0.311201 0.901875 0)
(-0.253876 0.901649 0)
(-0.198009 1.033 0)
(-0.0996644 1.07737 0)
(-0.0256805 1.0646 0)
(0.0175931 1.04696 0)
(0.0420916 1.03272 0)
(0.0545565 1.0216 0)
(0.0591524 1.01227 0)
(0.0584021 1.00425 0)
(0.0539913 0.997333 0)
(0.0470036 0.991471 0)
(0.0381665 0.986676 0)
(0.0280293 0.983004 0)
(0.0169579 0.980654 0)
(0.00546508 0.971413 0)
(0.161636 1.18575 0)
(-0.216496 1.05239 0)
(-0.438818 1.0347 0)
(-0.388129 0.830775 0)
(-0.281485 0.851349 0)
(-0.18894 0.974845 0)
(-0.0982723 1.02363 0)
(-0.0300599 1.02947 0)
(0.0120659 1.02574 0)
(0.0366554 1.02111 0)
(0.04958 1.01616 0)
(0.0546445 1.01091 0)
(0.0543478 1.00569 0)
(0.0504063 1.00073 0)
(0.0439387 0.996226 0)
(0.0356873 0.992371 0)
(0.0262014 0.989331 0)
(0.0158478 0.987374 0)
(0.00510584 0.978137 0)
(0.236361 1.35275 0)
(-0.317055 1.22585 0)
(-0.512368 1.07544 0)
(-0.355884 0.743293 0)
(-0.268782 0.791895 0)
(-0.166123 0.916216 0)
(-0.0857367 0.976961 0)
(-0.0249433 0.997273 0)
(0.0133205 1.00575 0)
(0.0359745 1.00984 0)
(0.0478494 1.01072 0)
(0.0523682 1.00943 0)
(0.0518479 1.00692 0)
(0.0479123 1.00383 0)
(0.0416358 1.00062 0)
(0.0337305 0.997649 0)
(0.0247135 0.995198 0)
(0.0149301 0.9936 0)
(0.00480978 0.984361 0)
(0.301516 1.91896 0)
(0.0343399 1.62867 0)
(-0.379819 1.01811 0)
(-0.311827 0.65587 0)
(-0.218354 0.736061 0)
(-0.138523 0.859306 0)
(-0.0643154 0.936427 0)
(-0.0124981 0.96911 0)
(0.0200924 0.988461 0)
(0.0391179 1.00027 0)
(0.048648 1.00643 0)
(0.0517236 1.00875 0)
(0.0503827 1.00871 0)
(0.0460649 1.0073 0)
(0.0397289 1.00524 0)
(0.0320102 1.00304 0)
(0.0233607 1.0011 0)
(0.0140828 0.9998 0)
(0.00453776 0.99053 0)
(0.452389 1.60386 0)
(0.275456 1.50215 0)
(-0.329024 1.44165 0)
(-0.207406 0.768804 0)
(-0.141169 0.746023 0)
(-0.105699 0.818762 0)
(-0.0336501 0.905705 0)
(0.006735 0.946606 0)
(0.0326401 0.974437 0)
(0.046837 0.992303 0)
(0.0530668 1.00266 0)
(0.0539542 1.00789 0)
(0.051208 1.00984 0)
(0.046037 1.00979 0)
(0.0392447 1.00866 0)
(0.031362 1.00709 0)
(0.0227558 1.00556 0)
(0.0136719 1.00451 0)
(0.00440443 0.995214 0)
(0.794339 3.56698 0)
(-0.359204 3.21912 0)
(-3.2208 0.430254 0)
(-0.903833 0.248269 0)
(-0.0952188 0.529376 0)
(-0.0709569 0.757623 0)
(0.0159261 0.860865 0)
(0.0390239 0.924198 0)
(0.0530622 0.963643 0)
(0.0583613 0.988413 0)
(0.0585387 1.00326 0)
(0.0554975 1.01146 0)
(0.0503628 1.01534 0)
(0.0439076 1.01654 0)
(0.0366229 1.0162 0)
(0.028817 1.01513 0)
(0.0206821 1.01391 0)
(0.0123527 1.01301 0)
(0.00397902 1.00356 0)
)
;

boundaryField
{
    leftWall
    {
        type            noSlip;
    }
    rightWall
    {
        type            noSlip;
    }
    lowerWall
    {
        type            noSlip;
    }
    atmosphere
    {
        type            pressureInletOutletVelocity;
        value           nonuniform List<vector> 
46
(
(0 -1.09518 0)
(0 -1.10778 0)
(0 -1.11021 0)
(0 -1.11636 0)
(0 -1.12413 0)
(0 -1.13362 0)
(0 -1.14494 0)
(0 -1.15816 0)
(0 -1.17341 0)
(0 -1.19076 0)
(0 -1.21027 0)
(0 -1.23196 0)
(0 -1.25584 0)
(0 -1.28193 0)
(0 -1.31035 0)
(0 -1.34134 0)
(0 -1.37527 0)
(0 -1.41253 0)
(0 -1.45355 0)
(0 -1.49893 0)
(0 -1.54957 0)
(0 -1.60677 0)
(0 -1.66385 0)
(0 -1.71862 0)
(0 -2.02054 0)
(0 -2.53253 0)
(0 -2.0329 0)
(0.794339 3.56698 0)
(-0.359204 3.21912 0)
(-3.2208 0.430254 0)
(-0.903833 0.248269 0)
(-0.0952188 0.529376 0)
(-0.0709569 0.757623 0)
(0.0159261 0.860865 0)
(0.0390239 0.924198 0)
(0.0530622 0.963643 0)
(0.0583613 0.988413 0)
(0.0585387 1.00326 0)
(0.0554975 1.01146 0)
(0.0503628 1.01534 0)
(0.0439076 1.01654 0)
(0.0366229 1.0162 0)
(0.028817 1.01513 0)
(0.0206821 1.01391 0)
(0.0123527 1.01301 0)
(0.00397902 1.00356 0)
)
;
    }
    defaultFaces
    {
        type            empty;
    }
}


// ************************************************************************* //
