/*--------------------------------*- C++ -*----------------------------------*\
| =========                 |                                                 |
| \\      /  F ield         | OpenFOAM: The Open Source CFD Toolbox           |
|  \\    /   O peration     | Version:  2206                                  |
|   \\  /    A nd           | Website:  www.openfoam.com                      |
|    \\/     M anipulation  |                                                 |
\*---------------------------------------------------------------------------*/
FoamFile
{
    version     2.0;
    format      ascii;
    arch        "LSB;label=32;scalar=64";
    class       surfaceScalarField;
    location    "0.725";
    object      phi;
}
// * * * * * * * * * * * * * * * * * * * * * * * * * * * * * * * * * * * * * //

dimensions      [0 3 -1 0 0 0 0];

oriented        oriented;

internalField   nonuniform List<scalar> 
4432
(
-3.83164e-06
3.83164e-06
-7.90268e-06
4.07104e-06
-1.09237e-05
3.02102e-06
-1.32785e-05
2.35481e-06
-1.47926e-05
1.5141e-06
-1.45431e-05
-2.49506e-07
-1.23328e-05
-2.21033e-06
-9.32459e-06
-3.00818e-06
-7.00157e-06
-2.32302e-06
-5.88282e-06
-1.11875e-06
-5.82322e-06
-5.95957e-08
-6.58981e-06
7.66587e-07
-7.89621e-06
1.30641e-06
-9.61672e-06
1.72051e-06
-1.17789e-05
2.16218e-06
-1.40378e-05
2.25888e-06
-1.55041e-05
1.46629e-06
-1.73569e-05
1.85284e-06
-2.19235e-05
4.56658e-06
-2.66744e-05
4.75095e-06
-2.45703e-05
-2.10411e-06
-1.38361e-05
-1.07342e-05
-1.38361e-05
-5.08047e-06
8.91211e-06
-8.93262e-06
7.92319e-06
-1.14592e-05
5.54758e-06
-1.36793e-05
4.57496e-06
-1.52795e-05
3.11422e-06
-1.51528e-05
-3.76209e-07
-1.29264e-05
-4.43672e-06
-9.67122e-06
-6.26332e-06
-7.10033e-06
-4.8939e-06
-5.82454e-06
-2.39454e-06
-5.49398e-06
-3.90144e-07
-5.67866e-06
9.51268e-07
-6.24545e-06
1.8732e-06
-7.12184e-06
2.59691e-06
-8.46335e-06
3.50368e-06
-1.07079e-05
4.50342e-06
-1.43714e-05
5.12979e-06
-1.88983e-05
6.37981e-06
-2.23901e-05
8.05836e-06
-2.23009e-05
4.66174e-06
-1.78909e-05
-6.51407e-06
-9.86171e-06
-1.87634e-05
-2.36978e-05
-4.28268e-06
1.31948e-05
-7.50629e-06
1.11468e-05
-1.01038e-05
8.14509e-06
-1.28318e-05
7.30295e-06
-1.49959e-05
5.27831e-06
-1.51799e-05
-1.92215e-07
-1.32174e-05
-6.39915e-06
-1.02063e-05
-9.27445e-06
-7.68227e-06
-7.41795e-06
-6.36293e-06
-3.71388e-06
-6.03791e-06
-7.15162e-07
-6.23363e-06
1.14699e-06
-6.51553e-06
2.15509e-06
-6.64131e-06
2.7227e-06
-6.51666e-06
3.37903e-06
-6.589e-06
4.57577e-06
-7.73454e-06
6.27534e-06
-9.7332e-06
8.37847e-06
-1.08304e-05
9.1556e-06
-1.01643e-05
3.99561e-06
-7.7167e-06
-8.96167e-06
-3.77116e-06
-2.2709e-05
-2.7469e-05
-2.88358e-06
1.60784e-05
-5.40705e-06
1.36703e-05
-7.84943e-06
1.05875e-05
-1.03042e-05
9.7577e-06
-1.20444e-05
7.01848e-06
-1.22042e-05
-3.23776e-08
-1.10439e-05
-7.55944e-06
-9.42255e-06
-1.08958e-05
-8.011e-06
-8.82949e-06
-7.12459e-06
-4.60029e-06
-6.9036e-06
-9.36149e-07
-7.15351e-06
1.39691e-06
-7.49697e-06
2.49855e-06
-7.56331e-06
2.78905e-06
-7.06966e-06
2.88537e-06
-5.98783e-06
3.49394e-06
-4.51877e-06
4.80628e-06
-2.82855e-06
6.68825e-06
-6.53466e-07
6.98052e-06
1.53386e-06
1.8083e-06
1.97717e-06
-9.40498e-06
1.62091e-06
-2.23527e-05
-2.58481e-05
-1.06063e-06
1.7139e-05
-2.29793e-06
1.49076e-05
-3.90295e-06
1.21925e-05
-5.19124e-06
1.1046e-05
-5.58014e-06
7.40739e-06
-5.40151e-06
-2.11014e-07
-5.63262e-06
-7.32833e-06
-6.53362e-06
-9.99478e-06
-7.43571e-06
-7.92741e-06
-7.80708e-06
-4.22891e-06
-7.93852e-06
-8.0471e-07
-8.18612e-06
1.64451e-06
-8.47034e-06
2.78277e-06
-8.45247e-06
2.77118e-06
-7.90693e-06
2.33982e-06
-6.735e-06
2.32201e-06
-4.69595e-06
2.76723e-06
-1.5596e-06
3.5519e-06
2.53554e-06
2.88539e-06
5.84109e-06
-1.49726e-06
5.97923e-06
-9.54311e-06
3.81908e-06
-2.01926e-05
-2.2029e-05
1.18964e-06
1.59494e-05
1.75221e-06
1.4345e-05
1.78296e-06
1.21617e-05
2.16483e-06
1.06641e-05
3.26872e-06
6.3035e-06
3.36335e-06
-3.05648e-07
1.28807e-06
-5.25305e-06
-2.52275e-06
-6.18396e-06
-6.06618e-06
-4.38397e-06
-8.15412e-06
-2.14097e-06
-8.96661e-06
7.7777e-09
-9.32654e-06
2.00444e-06
-9.50301e-06
2.95924e-06
-9.30539e-06
2.57356e-06
-8.52389e-06
1.55833e-06
-7.28617e-06
1.08429e-06
-5.53653e-06
1.01759e-06
-2.95429e-06
9.6967e-07
5.17023e-07
-5.85919e-07
3.87133e-06
-4.85156e-06
4.75941e-06
-1.04312e-05
3.53634e-06
-1.89695e-05
-1.84926e-05
2.97804e-06
1.29713e-05
5.71407e-06
1.1609e-05
8.37644e-06
9.49935e-06
1.1219e-05
7.82153e-06
1.29901e-05
4.5325e-06
1.16184e-05
1.06598e-06
6.51913e-06
-1.53747e-07
3.72326e-07
-3.71627e-08
-4.8669e-06
8.55263e-07
-8.18132e-06
1.17345e-06
-9.79623e-06
1.62269e-06
-1.04701e-05
2.67836e-06
-1.06164e-05
3.10553e-06
-1.01995e-05
2.15667e-06
-9.07289e-06
4.31666e-07
-7.5808e-06
-4.07791e-07
-5.87751e-06
-6.85691e-07
-3.84713e-06
-1.06071e-06
-1.55118e-06
-2.88187e-06
8.47401e-07
-7.25014e-06
2.15142e-06
-1.17352e-05
2.34192e-06
-1.916e-05
-1.61507e-05
5.16718e-06
7.80416e-06
1.10956e-05
5.68058e-06
1.5862e-05
4.73288e-06
1.87336e-05
4.95002e-06
1.78957e-05
5.37038e-06
1.28936e-05
6.06803e-06
5.7437e-06
6.99618e-06
-6.29634e-07
6.33617e-06
-5.14547e-06
5.3711e-06
-7.99576e-06
4.02373e-06
-9.86985e-06
3.49678e-06
-1.10713e-05
3.87985e-06
-1.1584e-05
3.61819e-06
-1.12631e-05
1.83574e-06
-9.84354e-06
-9.87863e-07
-8.02872e-06
-2.22262e-06
-6.1391e-06
-2.57531e-06
-4.26665e-06
-2.93316e-06
-2.45021e-06
-4.69832e-06
-7.89021e-07
-8.91132e-06
5.44673e-07
-1.30689e-05
1.53888e-06
-2.01542e-05
-1.46118e-05
-2.34112e-05
2.34112e-05
-4.73766e-05
2.39654e-05
-4.64809e-05
-8.95695e-07
-3.39653e-05
-1.25156e-05
-1.97564e-05
-1.42089e-05
-1.33084e-06
-1.84255e-05
2.39869e-05
-2.53177e-05
2.21196e-05
1.8673e-06
-3.44035e-06
2.55599e-05
-5.30724e-05
4.96321e-05
-9.75546e-05
4.44822e-05
-0.000116211
1.86567e-05
-0.00011529
-9.21421e-07
-0.000107075
-8.21461e-06
-9.40564e-05
-1.30189e-05
-7.51925e-05
-1.88639e-05
-4.35906e-05
-3.16019e-05
-2.94947e-06
-4.06411e-05
-2.94946e-06
-2.99807e-05
5.33918e-05
-4.09721e-05
3.49568e-05
-3.26685e-05
-9.19925e-06
-2.04617e-05
-2.47224e-05
-8.20688e-06
-2.64638e-05
6.96625e-06
-3.35986e-05
2.5249e-05
-4.36005e-05
2.33101e-06
2.47853e-05
-6.03485e-05
8.82394e-05
-0.000118405
0.000107688
-0.000144726
7.08035e-05
-0.000146337
2.02679e-05
-0.000139981
-7.27805e-06
-0.000130829
-1.73664e-05
-0.000116118
-2.77299e-05
-9.53182e-05
-3.96636e-05
-6.5063e-05
-6.18571e-05
-2.63782e-05
-7.93259e-05
-2.93277e-05
-2.18013e-05
7.51931e-05
-2.52005e-05
3.8356e-05
-1.59481e-05
-1.84516e-05
-4.73044e-06
-3.594e-05
2.51765e-06
-3.37119e-05
8.38153e-06
-3.94625e-05
-5.09882e-07
-3.47091e-05
-4.81183e-05
7.23938e-05
-0.000108376
0.000148497
-0.000149588
0.0001489
-0.00016837
8.95855e-05
-0.000173609
2.55068e-05
-0.000167354
-1.35332e-05
-0.00014566
-3.90599e-05
-0.000114603
-5.87871e-05
-9.3258e-05
-6.10088e-05
-7.38835e-05
-8.12316e-05
-3.9455e-05
-0.000113754
-6.87827e-05
-8.98356e-06
8.41767e-05
-3.41549e-06
3.27879e-05
2.95761e-06
-2.48247e-05
1.08871e-05
-4.38695e-05
1.07101e-05
-3.35349e-05
2.40251e-06
-3.11549e-05
-2.77096e-05
-4.59702e-06
-8.3662e-05
0.000128346
-0.000134362
0.000199197
-0.000160345
0.000174883
-0.000201842
0.000131082
-0.000245104
6.87688e-05
-0.000232626
-2.60103e-05
-0.00016446
-0.000107226
-6.98851e-05
-0.000153362
-9.56088e-06
-0.000121333
-4.82157e-05
-4.25768e-05
-3.62641e-05
-0.000125706
-0.000105047
1.30365e-06
8.2873e-05
1.43716e-05
1.97199e-05
2.2786e-05
-3.32391e-05
2.79415e-05
-4.90251e-05
1.79711e-05
-2.35645e-05
-8.55652e-06
-4.62723e-06
-5.28027e-05
3.96492e-05
-0.000108938
0.000184481
-0.00014443
0.00023469
-0.000173835
0.000204288
-0.000209862
0.00016711
-0.000201139
6.00453e-05
-0.000144407
-8.27422e-05
-8.18579e-05
-0.000169775
-1.34952e-05
-0.000221725
4.66257e-05
-0.000181454
1.91536e-05
-1.51047e-05
-2.53088e-05
-8.12437e-05
-0.000130356
1.38998e-05
6.89732e-05
2.84015e-05
5.21829e-06
4.21388e-05
-4.69765e-05
4.41458e-05
-5.10321e-05
2.52977e-05
-4.71633e-06
-1.26022e-05
3.32726e-05
-5.97237e-05
8.67707e-05
-0.000108279
0.000233037
-0.000140724
0.000267135
-0.000170417
0.000233981
-0.000181102
0.000177794
-0.000149839
2.87826e-05
-9.30736e-05
-0.000139508
-3.63047e-05
-0.000226544
1.19117e-05
-0.000269941
6.39297e-05
-0.000233472
8.70627e-05
-3.82378e-05
-9.38851e-06
1.52076e-05
-0.000139744
2.68214e-05
4.21518e-05
4.2617e-05
-1.05773e-05
5.51558e-05
-5.95153e-05
5.25559e-05
-4.84322e-05
3.07995e-05
1.704e-05
-1.14448e-05
7.55169e-05
-5.63343e-05
0.00013166
-9.54535e-05
0.000272156
-0.000123685
0.000295366
-0.00014795
0.000258246
-0.000136532
0.000166376
-9.84209e-05
-9.32788e-06
-4.48232e-05
-0.000193105
1.11035e-05
-0.000282471
3.42773e-05
-0.000293115
5.36728e-05
-0.000252868
9.4903e-05
-7.9468e-05
-8.71441e-06
0.000118825
-0.000148459
3.0203e-05
1.19489e-05
4.72142e-05
-2.75885e-05
5.28755e-05
-6.51766e-05
4.76951e-05
-4.32518e-05
2.4581e-05
4.01541e-05
-9.15279e-06
0.000109251
-4.65089e-05
0.000169016
-7.19621e-05
0.000297609
-9.78713e-05
0.000321275
-0.000114906
0.000275281
-9.05729e-05
0.000142043
-5.21122e-05
-4.77885e-05
9.35714e-06
-0.000254575
3.82382e-05
-0.000311352
3.93837e-05
-0.00029426
4.23782e-05
-0.000255862
7.36643e-05
-0.000110754
4.80169e-07
0.000192009
-0.000147978
2.6622e-06
5.14196e-06
-2.08067e-06
1.04235e-05
-8.56696e-06
1.12192e-05
-1.31643e-05
9.54736e-06
-1.5756e-05
7.9621e-06
-1.76008e-05
7.91285e-06
-1.92125e-05
8.60781e-06
-2.02575e-05
7.38126e-06
-2.03522e-05
5.46573e-06
-2.03922e-05
4.06376e-06
-2.14061e-05
4.51064e-06
-2.31336e-05
5.6074e-06
-2.45597e-05
5.04433e-06
-2.37399e-05
1.01593e-06
-1.99583e-05
-4.76952e-06
-1.5938e-05
-6.24288e-06
-1.25228e-05
-5.99053e-06
-9.45577e-06
-6.00019e-06
-6.31408e-06
-7.84001e-06
-2.88054e-06
-1.23449e-05
1.84063e-06
-1.77901e-05
5.50893e-06
-2.38225e-05
-2.29534e-05
1.38505e-05
-0.000106167
0.000111308
-0.000111864
1.61206e-05
-9.47633e-05
-5.88122e-06
-8.22436e-05
-2.97231e-06
-7.67066e-05
2.42506e-06
-7.51411e-05
6.34743e-06
-7.35052e-05
6.97184e-06
-6.90747e-05
2.95075e-06
-5.93246e-05
-4.28432e-06
-4.60747e-05
-9.18614e-06
-3.51182e-05
-6.44589e-06
-2.80712e-05
-1.43953e-06
-2.27247e-05
-3.02245e-07
-1.81298e-05
-3.57891e-06
-1.42497e-05
-8.64961e-06
-1.03677e-05
-1.0125e-05
-7.07375e-06
-9.28444e-06
-4.93532e-06
-8.13862e-06
-3.27306e-06
-9.50227e-06
-4.9197e-07
-1.51259e-05
4.66459e-06
-2.29466e-05
9.19417e-06
-2.83521e-05
-2.65808e-05
1.28216e-05
-7.08672e-05
0.000182176
-0.00012626
7.15135e-05
-0.000177835
4.56933e-05
-0.000225424
4.46172e-05
-0.000259216
3.62167e-05
-0.00027183
1.89618e-05
-0.000266437
1.57838e-06
-0.000247325
-1.61606e-05
-0.000214321
-3.72886e-05
-0.000169695
-5.38123e-05
-0.000127879
-4.82622e-05
-0.000104536
-2.47819e-05
-0.000103946
-8.92208e-07
-0.000108257
7.32321e-07
-9.78067e-05
-1.91003e-05
-7.67341e-05
-3.11976e-05
-5.8394e-05
-2.76245e-05
-4.57124e-05
-2.08202e-05
-3.6768e-05
-1.84467e-05
-3.03198e-05
-2.15741e-05
-2.5495e-05
-2.77715e-05
-2.20437e-05
-3.18034e-05
-2.93046e-05
-1.93199e-05
-4.82095e-05
0.000230385
-9.81991e-05
0.000121503
-0.000146341
9.3835e-05
-0.000181854
8.01302e-05
-0.000209832
6.41946e-05
-0.00024102
5.01506e-05
-0.000282342
4.28998e-05
-0.000342341
4.38389e-05
-0.00041793
3.82999e-05
-0.000482997
1.12555e-05
-0.000506832
-2.44275e-05
-0.000486551
-4.50626e-05
-0.000451408
-3.60356e-05
-0.000411705
-3.89711e-05
-0.000357339
-7.34659e-05
-0.000305268
-8.32683e-05
-0.000259148
-7.37446e-05
-0.000216992
-6.29762e-05
-0.000188077
-4.73619e-05
-0.000181126
-2.85253e-05
-0.000180985
-2.7912e-05
-0.000144546
-6.82429e-05
-0.000166111
-7.73893e-06
-1.03381e-05
0.000240723
-4.74321e-05
0.000158597
-6.85223e-05
0.000114925
-7.9256e-05
9.08639e-05
-8.70286e-05
7.19672e-05
-9.4519e-05
5.7641e-05
-0.0001025
5.08811e-05
-0.00012282
6.41589e-05
-0.00016331
7.879e-05
-0.000217329
6.5275e-05
-0.000269982
2.82249e-05
-0.000309725
-5.31918e-06
-0.000322636
-2.31248e-05
-0.000315161
-4.64461e-05
-0.00031142
-7.72069e-05
-0.000320077
-7.46112e-05
-0.000346057
-4.77644e-05
-0.000370986
-3.80472e-05
-0.000376495
-4.18526e-05
-0.000357734
-4.72867e-05
-0.000314555
-7.10911e-05
-0.000260104
-0.000122694
-0.000204369
-0.000221846
3.18032e-05
0.00020892
8.86843e-06
0.000181532
-2.88606e-06
0.00012668
-3.63109e-06
9.16089e-05
-8.05523e-06
7.63912e-05
-1.8652e-05
6.82378e-05
-2.59498e-05
5.81789e-05
-2.82426e-05
6.64518e-05
-3.73689e-05
8.79164e-05
-6.53272e-05
9.32334e-05
-0.000113914
7.68118e-05
-0.000174671
5.54383e-05
-0.000215941
1.81451e-05
-0.000232036
-3.03514e-05
-0.000254697
-5.45453e-05
-0.000294352
-3.49563e-05
-0.000312486
-2.96308e-05
-0.000295441
-5.50919e-05
-0.000256741
-8.05529e-05
-0.000218399
-8.5628e-05
-0.000198303
-9.11877e-05
-0.000213686
-0.000107311
-0.000152323
-0.000265732
4.10978e-05
0.000167822
4.49173e-05
0.000177712
3.8631e-05
0.000132966
3.27773e-05
9.74625e-05
2.56906e-05
8.34778e-05
1.3263e-05
8.06655e-05
-7.76842e-07
7.22187e-05
-7.95553e-06
7.36306e-05
-5.60296e-06
8.55639e-05
-8.34204e-06
9.59726e-05
-2.67687e-05
9.52385e-05
-5.85152e-05
8.71848e-05
-0.000105373
6.50033e-05
-0.000166594
3.08687e-05
-0.00022602
4.88166e-06
-0.00026935
8.37351e-06
-0.000292801
-6.17939e-06
-0.000296333
-5.15604e-05
-0.000281254
-9.56323e-05
-0.000224715
-0.000142167
-0.00018562
-0.000130283
-0.00017687
-0.000116061
-0.000110509
-0.000218684
2.60901e-05
0.000141732
4.6969e-05
0.000156833
4.89721e-05
0.000130963
4.12952e-05
0.000105139
3.12077e-05
9.35653e-05
2.07392e-05
9.1134e-05
7.27641e-06
8.56815e-05
-3.99786e-06
8.49049e-05
-5.97153e-06
8.75376e-05
-3.11e-06
9.31112e-05
-5.37557e-06
9.7504e-05
-1.64062e-05
9.82154e-05
-4.30678e-05
9.16649e-05
-8.63272e-05
7.41281e-05
-0.000136739
5.52934e-05
-0.000179477
5.11121e-05
-0.000223854
3.81969e-05
-0.000269686
-5.72839e-06
-0.000289443
-7.58755e-05
-0.000287564
-0.000144045
-0.000248785
-0.000169063
-0.000209733
-0.000155113
-0.000114355
-0.000205886
9.70076e-06
0.000132031
3.19578e-05
0.000134576
3.88142e-05
0.000124106
3.39397e-05
0.000110014
2.54627e-05
0.000102042
1.76055e-05
9.89912e-05
7.46738e-06
9.58197e-05
-2.48606e-06
9.48584e-05
-8.31532e-06
9.3367e-05
-9.33876e-06
9.41346e-05
-9.53465e-06
9.77e-05
-1.27484e-05
0.000101429
-2.26772e-05
0.000101594
-4.36501e-05
9.51012e-05
-7.25879e-05
8.42312e-05
-0.00010031
7.88342e-05
-0.00013409
7.19768e-05
-0.000182711
4.28925e-05
-0.000243116
-1.54706e-05
-0.00027859
-0.000108571
-0.000271239
-0.000176414
-0.000244956
-0.000181396
-0.00013942
-0.000219891
2.71439e-06
0.000129317
1.80611e-05
0.00011923
2.44515e-05
0.000117716
2.27424e-05
0.000111723
1.78907e-05
0.000106894
1.29581e-05
0.000103924
6.42001e-06
0.000102358
-4.20719e-07
0.000101699
-6.60913e-06
9.95554e-05
-1.07449e-05
9.82705e-05
-1.27844e-05
9.97395e-05
-1.44802e-05
0.000103125
-1.83233e-05
0.000105437
-2.80649e-05
0.000104843
-4.55052e-05
0.000101672
-6.6809e-05
0.000100138
-9.68449e-05
0.000102013
-0.000147421
9.3468e-05
-0.00020881
4.59185e-05
-0.000260849
-5.65314e-05
-0.000277853
-0.000159411
-0.000256042
-0.000203206
-0.000178204
-0.000217258
1.68951e-06
0.000127627
1.01667e-05
0.000110753
1.45398e-05
0.000113343
1.47178e-05
0.000111545
1.28507e-05
0.000108761
1.03208e-05
0.000106454
6.80794e-06
0.000105871
2.81226e-06
0.000105695
-1.97918e-06
0.000104347
-6.64248e-06
0.000102934
-9.95924e-06
0.000103056
-1.2076e-05
0.000105242
-1.4908e-05
0.000108269
-2.11092e-05
0.000111044
-3.25758e-05
0.000113138
-4.77187e-05
0.000115281
-6.70638e-05
0.000121358
-0.000101057
0.000127462
-0.000158452
0.000103313
-0.000229866
1.4883e-05
-0.000280743
-0.000108534
-0.000295851
-0.000188097
-0.000214121
-0.000259935
1.72325e-06
0.000125904
6.40551e-06
0.00010607
9.51198e-06
0.000110237
1.06002e-05
0.000110457
1.04434e-05
0.000108918
9.50338e-06
0.000107394
8.04932e-06
0.000107325
6.14035e-06
0.000107604
3.22423e-06
0.000107263
-3.81221e-07
0.000106539
-3.7645e-06
0.00010644
-6.47667e-06
0.000107954
-9.44451e-06
0.000111237
-1.42319e-05
0.000115832
-2.19397e-05
0.000120846
-3.20281e-05
0.000125369
-4.32229e-05
0.000132552
-6.17636e-05
0.000146002
-0.000102082
0.000143631
-0.000166668
7.94689e-05
-0.000245503
-2.9699e-05
-0.000310894
-0.000122706
-0.000199939
-0.000325076
1.52748e-06
0.000124377
4.6566e-06
0.000102941
7.23644e-06
0.000107657
8.70393e-06
0.000108989
9.37215e-06
0.00010825
9.39236e-06
0.000107374
9.17866e-06
0.000107539
8.66769e-06
0.000108115
7.41557e-06
0.000108515
5.31946e-06
0.000108636
2.69837e-06
0.000109061
-2.64621e-08
0.000110679
-2.96463e-06
0.000114175
-6.67349e-06
0.000119541
-1.17231e-05
0.000125895
-1.82141e-05
0.00013186
-2.47437e-05
0.000139082
-3.31999e-05
0.000154459
-5.92225e-05
0.000169654
-0.000110429
0.000130676
-0.000170901
3.07722e-05
-0.000253933
-3.96737e-05
-0.000110797
-0.000343075
1.39294e-06
0.000122984
3.85572e-06
0.000100478
6.18406e-06
0.000105328
7.78366e-06
0.000107389
8.85141e-06
0.000107182
9.47922e-06
0.000106746
9.97838e-06
0.00010704
1.03218e-05
0.000107772
1.02166e-05
0.00010862
9.40219e-06
0.00010945
7.85579e-06
0.000110607
5.79474e-06
0.00011274
3.48583e-06
0.000116484
9.56162e-07
0.00012207
-2.0074e-06
0.000128859
-5.79743e-06
0.00013565
-9.84146e-06
0.000143126
-1.29372e-05
0.000157554
-2.67521e-05
0.000183469
-7.22705e-05
0.000176194
-0.000127262
8.57641e-05
-0.000182979
1.60428e-05
-2.94216e-05
-0.000264354
1.44807e-06
0.000121536
3.52784e-06
9.83984e-05
5.6989e-06
0.000103157
7.36154e-06
0.000105727
8.676e-06
0.000105868
9.6924e-06
0.00010573
1.06094e-05
0.000106122
1.14484e-05
0.000106933
1.20389e-05
0.00010803
1.21454e-05
0.000109343
1.16473e-05
0.000111105
1.06528e-05
0.000113735
9.46315e-06
0.000117674
8.3772e-06
0.000123156
7.37686e-06
0.000129859
5.95716e-06
0.00013707
3.99277e-06
0.000145091
3.24734e-06
0.0001583
2.20237e-07
0.000186496
-3.40165e-05
0.000210431
-9.54893e-05
0.000147237
-0.0001442
6.47533e-05
3.14581e-05
-0.00020508
1.62147e-06
0.000119914
3.46956e-06
9.65502e-05
5.53239e-06
0.000101094
7.26533e-06
0.000103994
8.77509e-06
0.000104358
1.00743e-05
0.00010443
1.12808e-05
0.000104916
1.24387e-05
0.000105775
1.34839e-05
0.000106985
1.42617e-05
0.000108566
1.47022e-05
0.000110665
1.48929e-05
0.000113544
1.50855e-05
0.000117481
1.55736e-05
0.000122668
1.63864e-05
0.000129046
1.71915e-05
0.000136265
1.76877e-05
0.000144594
1.89175e-05
0.00015707
2.29227e-05
0.000182491
1.31668e-05
0.000220187
-4.65198e-05
0.000206924
-0.000105723
0.000123956
6.94666e-05
-0.000143731
1.82391e-06
0.00011809
3.56006e-06
9.48141e-05
5.57682e-06
9.90774e-05
7.39172e-06
0.000102179
9.07196e-06
0.000102677
1.06147e-05
0.000102887
1.2086e-05
0.000103445
1.35291e-05
0.000104332
1.49444e-05
0.000105569
1.62893e-05
0.000107221
1.7558e-05
0.000109396
1.88515e-05
0.00011225
2.03847e-05
0.000115948
2.24115e-05
0.000120641
2.50336e-05
0.000126424
2.80777e-05
0.000133221
3.15444e-05
0.000141128
3.64936e-05
0.000152121
4.69393e-05
0.000172045
6.19986e-05
0.000205128
3.84579e-05
0.000230464
-2.08869e-05
0.000183301
0.000113085
-6.45054e-05
2.00314e-06
0.000116087
3.725e-06
9.30923e-05
5.74271e-06
9.70597e-05
7.65085e-06
0.000100271
9.48987e-06
0.000100838
1.12598e-05
0.000101117
1.3e-05
0.000101704
1.47457e-05
0.000102586
1.65363e-05
0.000103778
1.83985e-05
0.000105358
2.03897e-05
0.000107405
2.26282e-05
0.000110012
2.52983e-05
0.000113278
2.86335e-05
0.000117306
3.28412e-05
0.000122217
3.80153e-05
0.000128047
4.44363e-05
0.000134707
5.3559e-05
0.000142998
6.92479e-05
0.000156356
9.69978e-05
0.000177378
0.000119307
0.000208155
9.889e-05
0.000203718
0.000150371
6.16039e-05
2.14672e-06
0.00011394
3.90708e-06
9.1332e-05
5.95957e-06
9.50071e-05
7.96926e-06
9.82609e-05
9.9587e-06
9.88487e-05
1.19373e-05
9.91388e-05
1.39393e-05
9.97022e-05
1.59974e-05
0.000100527
1.81605e-05
0.000101615
2.04971e-05
0.000103022
2.30956e-05
0.000104806
2.60849e-05
0.000107022
2.96377e-05
0.000109725
3.39734e-05
0.000112971
3.93707e-05
0.000116819
4.61206e-05
0.000121297
5.45987e-05
0.000126229
6.60639e-05
0.000131533
8.37269e-05
0.000138693
0.00011294
0.000148165
0.000156144
0.000164951
0.000185943
0.000173919
0.000148842
0.000187472
2.25548e-06
0.000111685
4.07433e-06
8.95133e-05
6.18141e-06
9.29e-05
8.2935e-06
9.61486e-05
1.0421e-05
9.6721e-05
1.25839e-05
9.69759e-05
1.48145e-05
9.74716e-05
1.71527e-05
9.81889e-05
1.96539e-05
9.91141e-05
2.23942e-05
0.000100282
2.54727e-05
0.000101728
2.90151e-05
0.00010348
3.31838e-05
0.000105556
3.81878e-05
0.000107966
4.42984e-05
0.000110708
5.18573e-05
0.000113738
6.12196e-05
0.000116866
7.30542e-05
0.000119698
8.93877e-05
0.00012236
0.000113191
0.000124362
0.00015078
0.000127363
0.00019397
0.000130728
0.000117313
0.000225499
2.33749e-06
0.000109347
4.2131e-06
8.76376e-05
6.37966e-06
9.07334e-05
8.58775e-06
9.39405e-05
1.08333e-05
9.44752e-05
1.31477e-05
9.46613e-05
1.55655e-05
9.50538e-05
1.81314e-05
9.56228e-05
2.08988e-05
9.63467e-05
2.39454e-05
9.72349e-05
2.7365e-05
9.83079e-05
3.12769e-05
9.9568e-05
3.58263e-05
0.000101006
4.11938e-05
0.000102599
4.76078e-05
0.000104294
5.53578e-05
0.000105988
6.47356e-05
0.000107489
7.6019e-05
0.000108415
9.00388e-05
0.00010834
0.000107757
0.000106643
0.000132443
0.000102678
0.000165066
9.81053e-05
8.59863e-05
0.000196393
2.39857e-06
0.000106949
4.31783e-06
8.57183e-05
6.53675e-06
8.85144e-05
8.82487e-06
9.16523e-05
1.1168e-05
9.2132e-05
1.35999e-05
9.22293e-05
1.61569e-05
9.24967e-05
1.88853e-05
9.28943e-05
2.18407e-05
9.33912e-05
2.50915e-05
9.3984e-05
2.87238e-05
9.46753e-05
3.28412e-05
9.54504e-05
3.75676e-05
9.62799e-05
4.30521e-05
9.71141e-05
4.94726e-05
9.78738e-05
5.70334e-05
9.84271e-05
6.59434e-05
9.85786e-05
7.63342e-05
9.80243e-05
8.8377e-05
9.62975e-05
0.000102132
9.28878e-05
0.000118051
8.67587e-05
0.000137651
7.85048e-05
6.59162e-05
0.000157721
2.44075e-06
0.000104508
4.3876e-06
8.37714e-05
6.64444e-06
8.62576e-05
8.99174e-06
8.93048e-05
1.1405e-05
8.97187e-05
1.39188e-05
8.97157e-05
1.65693e-05
8.98459e-05
1.94012e-05
9.00622e-05
2.24671e-05
9.03252e-05
2.58286e-05
9.06223e-05
2.95607e-05
9.09432e-05
3.37499e-05
9.1261e-05
3.84963e-05
9.15335e-05
4.39144e-05
9.1696e-05
5.01322e-05
9.1656e-05
5.72806e-05
9.12787e-05
6.54833e-05
9.03759e-05
7.48105e-05
8.86971e-05
8.52275e-05
8.58805e-05
9.65775e-05
8.15378e-05
0.000108361
7.49748e-05
0.000120789
6.60767e-05
5.39585e-05
0.000132747
2.46518e-06
0.000102043
4.42346e-06
8.18131e-05
6.69976e-06
8.39813e-05
9.08178e-06
8.69227e-05
1.15367e-05
8.72637e-05
1.40962e-05
8.71561e-05
1.67966e-05
8.71453e-05
1.96786e-05
8.718e-05
2.27893e-05
8.72143e-05
2.61828e-05
8.72287e-05
2.99227e-05
8.72034e-05
3.4078e-05
8.71056e-05
3.87252e-05
8.68862e-05
4.39464e-05
8.64748e-05
4.98262e-05
8.57762e-05
5.64411e-05
8.46637e-05
6.38476e-05
8.29695e-05
7.20612e-05
8.04835e-05
8.10034e-05
7.69382e-05
9.05e-05
7.20413e-05
0.000100054
6.54205e-05
0.000109274
5.6857e-05
4.57824e-05
0.00011745
2.4732e-06
9.95697e-05
4.42741e-06
7.98588e-05
6.70219e-06
8.17064e-05
9.09358e-06
8.45313e-05
1.15615e-05
8.47956e-05
1.41325e-05
8.4585e-05
1.68429e-05
8.44347e-05
1.97275e-05
8.42954e-05
2.28289e-05
8.41128e-05
2.61913e-05
8.38662e-05
2.9866e-05
8.35287e-05
3.39068e-05
8.30648e-05
3.83691e-05
8.2424e-05
4.33081e-05
8.15358e-05
4.8774e-05
8.03102e-05
5.48035e-05
7.86342e-05
6.14081e-05
7.63649e-05
6.85596e-05
7.33319e-05
7.61611e-05
6.93368e-05
8.40388e-05
6.41637e-05
9.18541e-05
5.76052e-05
9.9183e-05
4.95278e-05
3.95216e-05
0.000105444
2.46731e-06
9.71023e-05
4.40212e-06
7.79239e-05
6.65691e-06
7.94515e-05
9.03322e-06
8.21549e-05
1.14852e-05
8.23435e-05
1.40373e-05
8.20328e-05
1.6721e-05
8.17509e-05
1.95685e-05
8.14478e-05
2.26136e-05
8.10677e-05
2.5894e-05
8.05858e-05
2.94492e-05
7.99736e-05
3.3318e-05
7.9196e-05
3.7539e-05
7.8203e-05
4.21453e-05
7.69295e-05
4.71621e-05
7.52933e-05
5.25986e-05
7.31977e-05
5.84386e-05
7.05248e-05
6.46283e-05
6.71423e-05
7.10619e-05
6.29032e-05
7.7572e-05
5.76536e-05
8.39121e-05
5.1265e-05
8.97622e-05
4.36777e-05
3.46081e-05
9.46757e-05
2.45223e-06
9.46501e-05
4.34988e-06
7.60261e-05
6.56831e-06
7.72331e-05
8.90617e-06
7.98169e-05
1.13187e-05
7.99309e-05
1.38243e-05
7.95272e-05
1.64507e-05
7.91242e-05
1.9226e-05
7.86726e-05
2.21777e-05
7.8116e-05
2.5336e-05
7.74275e-05
2.87299e-05
7.65798e-05
3.23871e-05
7.55388e-05
3.63318e-05
7.42582e-05
4.05813e-05
7.268e-05
4.51423e-05
7.07321e-05
5.00059e-05
6.83342e-05
5.51398e-05
6.53909e-05
6.04801e-05
6.18022e-05
6.59224e-05
5.7461e-05
7.1315e-05
5.2261e-05
7.64603e-05
4.61196e-05
8.11206e-05
3.90173e-05
3.07643e-05
8.49644e-05
2.43384e-06
9.22161e-05
4.27301e-06
7.41869e-05
6.44083e-06
7.50652e-05
8.72101e-06
7.75366e-05
1.10731e-05
7.75788e-05
1.35092e-05
7.70912e-05
1.60532e-05
7.65801e-05
1.87285e-05
7.59973e-05
2.15579e-05
7.52865e-05
2.45641e-05
7.44213e-05
2.77677e-05
7.33761e-05
3.11873e-05
7.21192e-05
3.48368e-05
7.06087e-05
3.87221e-05
6.87948e-05
4.2837e-05
6.66173e-05
4.71622e-05
6.40091e-05
5.16569e-05
6.08963e-05
5.6255e-05
5.72041e-05
6.08591e-05
5.28569e-05
6.53379e-05
4.77822e-05
6.95299e-05
4.19277e-05
7.32529e-05
3.52941e-05
2.77576e-05
7.62595e-05
2.41951e-06
8.97965e-05
4.17285e-06
7.24335e-05
6.27469e-06
7.29635e-05
8.48265e-06
7.53287e-05
1.07587e-05
7.53028e-05
1.31071e-05
7.47428e-05
1.55491e-05
7.4138e-05
1.81044e-05
7.34419e-05
2.07902e-05
7.26006e-05
2.36234e-05
7.1588e-05
2.66188e-05
7.03808e-05
2.97873e-05
6.89508e-05
3.31348e-05
6.72613e-05
3.66597e-05
6.52701e-05
4.03487e-05
6.29283e-05
4.4176e-05
6.01818e-05
4.80978e-05
5.69745e-05
5.20508e-05
5.32511e-05
5.59471e-05
4.89607e-05
5.96742e-05
4.40551e-05
6.31001e-05
3.85017e-05
6.60829e-05
3.23112e-05
2.5406e-05
6.84344e-05
2.41819e-06
8.73784e-05
4.05242e-06
7.07995e-05
6.0688e-06
7.09473e-05
8.19445e-06
7.32031e-05
1.03826e-05
7.31147e-05
1.26292e-05
7.24961e-05
1.49555e-05
7.18116e-05
1.73766e-05
7.10207e-05
1.99059e-05
7.00713e-05
2.25556e-05
6.89384e-05
2.53346e-05
6.76019e-05
2.8249e-05
6.60365e-05
3.12991e-05
6.42114e-05
3.44779e-05
6.20913e-05
3.77686e-05
5.96377e-05
4.11429e-05
5.68077e-05
4.45576e-05
5.35599e-05
4.7954e-05
4.98548e-05
5.12557e-05
4.56591e-05
5.43672e-05
4.09436e-05
5.71795e-05
3.56893e-05
5.95798e-05
2.99108e-05
2.35632e-05
6.14225e-05
2.43501e-06
8.49435e-05
3.92109e-06
6.93137e-05
5.82565e-06
6.90429e-05
7.85883e-06
7.11699e-05
9.94798e-06
7.10255e-05
1.20819e-05
7.0362e-05
1.42817e-05
6.96119e-05
1.65597e-05
6.87427e-05
1.89257e-05
6.77054e-05
2.13882e-05
6.6476e-05
2.39521e-05
6.50382e-05
2.66194e-05
6.33693e-05
2.93863e-05
6.14446e-05
3.22432e-05
5.92345e-05
3.51713e-05
5.67096e-05
3.81423e-05
5.38368e-05
4.11162e-05
5.05861e-05
4.4041e-05
4.69301e-05
4.68516e-05
4.28486e-05
4.94689e-05
3.83262e-05
5.18033e-05
3.33548e-05
5.37643e-05
2.79497e-05
2.20877e-05
5.52398e-05
2.46476e-06
8.24788e-05
3.79053e-06
6.79881e-05
5.55253e-06
6.7281e-05
7.47737e-06
6.92451e-05
9.45426e-06
6.90487e-05
1.14638e-05
6.83526e-05
1.35274e-05
6.75483e-05
1.5655e-05
6.66152e-05
1.78544e-05
6.55061e-05
2.01305e-05
6.41999e-05
2.24857e-05
6.26831e-05
2.49181e-05
6.0937e-05
2.74223e-05
5.89405e-05
2.99863e-05
5.66708e-05
3.25918e-05
5.41043e-05
3.52121e-05
5.12167e-05
3.78113e-05
4.7987e-05
4.03453e-05
4.43963e-05
4.27604e-05
4.04334e-05
4.49936e-05
3.60928e-05
4.69734e-05
3.13749e-05
4.86289e-05
2.62942e-05
2.08404e-05
4.98761e-05
2.49426e-06
7.99847e-05
3.66315e-06
6.68195e-05
5.25292e-06
6.56914e-05
7.0475e-06
6.74506e-05
8.89498e-06
6.72014e-05
1.07663e-05
6.64814e-05
1.26814e-05
6.56333e-05
1.46497e-05
6.4647e-05
1.66771e-05
6.34788e-05
1.87663e-05
6.21108e-05
2.0917e-05
6.05325e-05
2.31256e-05
5.87286e-05
2.53847e-05
5.66817e-05
2.7682e-05
5.43738e-05
3.00002e-05
5.17863e-05
3.23149e-05
4.89021e-05
3.45959e-05
4.57059e-05
3.68064e-05
4.21857e-05
3.89038e-05
3.83358e-05
4.08401e-05
3.41563e-05
4.25619e-05
2.96531e-05
4.40152e-05
2.48409e-05
1.97155e-05
4.51401e-05
2.51211e-06
7.74727e-05
3.53073e-06
6.5801e-05
4.92217e-06
6.43001e-05
6.56216e-06
6.58108e-05
8.25942e-06
6.55043e-05
9.97388e-06
6.4767e-05
1.17243e-05
6.3883e-05
1.35193e-05
6.28521e-05
1.53639e-05
6.16343e-05
1.72586e-05
6.02162e-05
1.92013e-05
5.85901e-05
2.11871e-05
5.67431e-05
2.32075e-05
5.46614e-05
2.52506e-05
5.23308e-05
2.73006e-05
4.97362e-05
2.93361e-05
4.68666e-05
3.1332e-05
4.371e-05
3.32581e-05
4.02596e-05
3.50819e-05
3.65119e-05
3.67678e-05
3.24704e-05
3.82775e-05
2.81433e-05
3.95727e-05
2.35457e-05
1.86774e-05
4.0611e-05
2.51157e-06
7.49613e-05
3.38472e-06
6.49281e-05
4.55516e-06
6.31298e-05
6.01551e-06
6.43505e-05
7.53803e-06
6.39818e-05
9.07282e-06
6.32322e-05
1.06382e-05
6.23176e-05
1.22412e-05
6.12493e-05
1.38857e-05
5.99899e-05
1.55701e-05
5.85319e-05
1.7291e-05
5.68692e-05
1.90425e-05
5.49917e-05
2.08162e-05
5.28878e-05
2.26004e-05
5.05465e-05
2.43807e-05
4.7956e-05
2.61391e-05
4.51082e-05
2.78544e-05
4.19948e-05
2.9502e-05
3.8612e-05
3.10566e-05
3.49572e-05
3.24921e-05
3.10349e-05
3.37817e-05
2.68538e-05
3.48991e-05
2.24284e-05
1.77629e-05
3.58138e-05
2.48143e-06
7.24799e-05
3.21931e-06
6.41903e-05
4.15335e-06
6.21958e-05
5.40934e-06
6.30945e-05
6.73085e-06
6.26603e-05
8.06321e-06
6.18999e-05
9.42279e-06
6.09582e-05
1.0813e-05
5.98592e-05
1.22374e-05
5.85656e-05
1.36919e-05
5.70773e-05
1.51723e-05
5.53888e-05
1.66722e-05
5.34918e-05
1.81828e-05
5.13772e-05
1.96934e-05
4.90359e-05
2.11909e-05
4.64586e-05
2.26597e-05
4.36394e-05
2.40814e-05
4.05731e-05
2.54366e-05
3.72568e-05
2.67046e-05
3.36892e-05
2.78661e-05
2.98735e-05
2.89016e-05
2.58183e-05
2.9795e-05
2.15352e-05
1.70348e-05
3.05232e-05
2.4009e-06
7.0079e-05
3.02458e-06
6.35665e-05
3.72054e-06
6.14997e-05
4.7538e-06
6.20612e-05
5.85254e-06
6.15615e-05
6.96566e-06
6.07869e-05
8.10293e-06
5.9821e-05
9.26561e-06
5.86965e-05
1.0455e-05
5.73761e-05
1.16652e-05
5.58671e-05
1.28917e-05
5.41624e-05
1.41275e-05
5.22562e-05
1.53641e-05
5.01407e-05
1.65915e-05
4.78085e-05
1.77977e-05
4.52524e-05
1.89692e-05
4.24678e-05
2.00906e-05
3.94517e-05
2.11464e-05
3.62011e-05
2.21198e-05
3.2716e-05
2.29967e-05
2.89967e-05
2.37629e-05
2.50523e-05
2.44108e-05
2.08874e-05
1.65227e-05
2.49229e-05
2.26254e-06
6.78164e-05
2.78423e-06
6.30447e-05
3.25693e-06
6.1027e-05
4.06368e-06
6.12544e-05
4.93012e-06
6.06951e-05
5.81835e-06
5.98987e-05
6.72786e-06
5.89114e-05
7.65952e-06
5.77648e-05
8.61054e-06
5.64251e-05
9.5747e-06
5.4903e-05
1.05472e-05
5.31899e-05
1.15214e-05
5.12821e-05
1.24886e-05
4.91733e-05
1.34401e-05
4.6857e-05
1.43654e-05
4.43272e-05
1.5253e-05
4.15804e-05
1.60907e-05
3.86141e-05
1.68662e-05
3.54257e-05
1.7567e-05
3.20151e-05
1.81826e-05
2.83812e-05
1.87042e-05
2.45308e-05
1.91315e-05
2.04601e-05
1.62043e-05
1.945e-05
2.06408e-06
6.57523e-05
2.48651e-06
6.26222e-05
2.76317e-06
6.07503e-05
3.35593e-06
6.06616e-05
3.99524e-06
6.00558e-05
4.6661e-06
5.92278e-05
5.35525e-06
5.82223e-05
6.06493e-06
5.70551e-05
6.78817e-06
5.5702e-05
7.51947e-06
5.41718e-05
8.25367e-06
5.24558e-05
8.9844e-06
5.05514e-05
9.70445e-06
4.84533e-05
1.04062e-05
4.61553e-05
1.10804e-05
4.3653e-05
1.17182e-05
4.09425e-05
1.23108e-05
3.80215e-05
1.28475e-05
3.48891e-05
1.33221e-05
3.15407e-05
1.37233e-05
2.798e-05
1.40494e-05
2.42046e-05
1.42995e-05
2.021e-05
1.60388e-05
1.44649e-05
1.78908e-06
6.39632e-05
2.11675e-06
6.22945e-05
2.23957e-06
6.06275e-05
2.6427e-06
6.02584e-05
3.07492e-06
5.96235e-05
3.54706e-06
5.87557e-05
4.03462e-06
5.77348e-05
4.54185e-06
5.65479e-05
5.0591e-06
5.51847e-05
5.58161e-06
5.36493e-05
6.10412e-06
5.19333e-05
6.62133e-06
5.00342e-05
7.12726e-06
4.79473e-05
7.6159e-06
4.56667e-05
8.08017e-06
4.31888e-05
8.51254e-06
4.05102e-05
8.90609e-06
3.7628e-05
9.25255e-06
3.45426e-05
9.54596e-06
3.12472e-05
9.77836e-06
2.77476e-05
9.94734e-06
2.40356e-05
1.00505e-05
2.01069e-05
1.60027e-05
1.00865e-05
1.51758e-06
6.24456e-05
1.74347e-06
6.20685e-05
1.74345e-06
6.06275e-05
1.98682e-06
6.00151e-05
2.24062e-06
5.93698e-05
2.54825e-06
5.84481e-05
2.86227e-06
5.74207e-05
3.20038e-06
5.62098e-05
3.54427e-06
5.48409e-05
3.89229e-06
5.33013e-05
4.23934e-06
5.15862e-05
4.58072e-06
4.96928e-05
4.91203e-06
4.7616e-05
5.22748e-06
4.53513e-05
5.52077e-06
4.28956e-05
5.78528e-06
4.02457e-05
6.01396e-06
3.73993e-05
6.20022e-06
3.43564e-05
6.33549e-06
3.11121e-05
6.4139e-06
2.76693e-05
6.42894e-06
2.40207e-05
6.37626e-06
2.01596e-05
1.61164e-05
6.26258e-06
9.35841e-07
1.03062e-06
9.8425e-07
1.05078e-06
1.1219e-06
1.24194e-06
1.36167e-06
1.50364e-06
1.64618e-06
1.79135e-06
1.9339e-06
2.07229e-06
2.20324e-06
2.32266e-06
2.42649e-06
2.50991e-06
2.56745e-06
2.59752e-06
2.59284e-06
2.55421e-06
2.47632e-06
2.36432e-06
2.23623e-06
2.38229e-05
-9.97241e-06
3.3431e-05
-9.60813e-06
4.27687e-05
-9.3377e-06
-8.39001e-06
5.11587e-05
1.54568e-05
-1.26076e-05
1.99466e-05
-1.4098e-05
2.66782e-05
-1.60693e-05
-1.5953e-05
3.42412e-05
-1.88785e-05
-1.3049e-05
-6.95016e-06
-2.60263e-05
2.20437e-05
-4.50632e-05
-7.07908e-05
7.68815e-05
6.53952e-05
-8.61832e-05
0.00014165
-0.000102281
0.000212801
-0.000116214
-0.000110049
0.000252059
-0.000189101
-0.000118928
-0.000141114
-0.000150268
-8.99919e-05
-0.000167336
-0.000144322
-5.57192e-05
-0.000285511
-9.91496e-05
-0.000300193
-0.000135586
-0.000303346
-0.000164184
-0.000141647
-0.000306021
-0.000257847
-5.99863e-05
-0.000319458
-7.39756e-05
-0.000384027
-9.9614e-05
-9.51565e-05
-0.000430518
-0.000230029
-3.58434e-05
-0.000274276
-2.97284e-05
-0.000349916
-2.39746e-05
-4.2602e-05
-0.00040247
-0.000213963
-4.17711e-05
-0.000214102
-2.95892e-05
-0.000214183
-2.3894e-05
-2.37165e-05
-0.000233068
-0.000195323
-6.37061e-05
-0.000173421
-5.14906e-05
-0.000154188
-4.31276e-05
-3.8075e-05
-0.000139829
-0.000237699
-8.59419e-05
-0.000214793
-7.43964e-05
-0.000194134
-6.37863e-05
-5.67529e-05
-0.000175456
-0.000314265
-9.67527e-05
-0.000281569
-0.000107092
-0.000258372
-8.69831e-05
-7.11714e-05
-0.000243954
-0.000361367
-7.84605e-05
-0.000387078
-8.13812e-05
-0.000397756
-7.63053e-05
-7.41637e-05
-0.000394764
-0.000312588
-3.02271e-05
-0.000350091
-4.38773e-05
-0.000374452
-5.1945e-05
-5.7909e-05
-0.000390706
-0.000249717
1.441e-05
-0.000292599
-9.95342e-07
-0.000328134
-1.64097e-05
-2.93673e-05
-0.000356675
-0.000162823
3.35014e-05
-0.00019177
2.79515e-05
-0.000222727
1.45476e-05
-3.81538e-06
-0.000248279
-7.37133e-05
4.27095e-05
-8.42745e-05
3.85128e-05
-9.97549e-05
3.00281e-05
1.81318e-05
-0.000121702
5.29545e-05
5.13589e-05
5.07382e-05
4.0729e-05
4.90699e-05
3.16963e-05
2.44263e-05
4.27753e-05
0.000180818
5.80128e-05
0.000174141
4.7406e-05
0.000170879
3.49584e-05
2.29841e-05
0.000172321
0.000235492
4.80199e-05
0.000241654
4.12445e-05
0.00024414
3.24724e-05
2.29255e-05
0.000244198
0.000209737
3.46757e-05
0.000220942
3.00401e-05
0.000229048
2.43655e-05
1.8029e-05
0.000233945
0.00016662
2.57775e-05
0.000174726
2.19342e-05
0.00018145
1.76413e-05
1.30865e-05
0.000186392
0.000137815
2.07095e-05
0.000142405
1.73444e-05
0.000146298
1.3748e-05
1.00296e-05
0.000149355
0.000120764
1.73958e-05
0.000123654
1.4454e-05
0.000126048
1.13535e-05
8.17478e-06
0.000127903
0.000107931
1.49086e-05
0.000110057
1.23278e-05
0.000111791
9.61906e-06
6.84135e-06
0.000113125
9.65959e-05
1.29883e-05
9.82173e-05
1.07064e-05
9.95178e-05
8.31854e-06
5.86137e-06
0.000100498
8.64398e-05
1.15129e-05
8.76681e-05
9.47811e-06
8.86324e-05
7.35414e-06
5.15955e-06
8.93341e-05
7.73898e-05
1.03823e-05
7.83117e-05
8.55623e-06
7.90107e-05
6.65511e-06
4.68696e-06
7.94833e-05
6.9294e-05
9.52272e-06
6.99726e-05
7.87763e-06
7.04577e-05
6.17016e-06
4.40559e-06
7.07391e-05
6.20729e-05
8.87231e-06
6.25652e-05
7.38546e-06
6.28882e-05
5.84725e-06
4.26772e-06
6.30261e-05
5.5746e-05
8.36615e-06
5.61173e-05
7.01415e-06
5.63444e-05
5.62009e-06
4.20198e-06
5.64103e-05
5.03052e-05
7.93712e-06
5.06245e-05
6.69479e-06
5.08265e-05
5.41813e-06
4.13172e-06
5.08969e-05
4.55437e-05
7.53362e-06
4.58623e-05
6.37625e-06
4.609e-05
5.19052e-06
4.00451e-06
4.62173e-05
4.10041e-05
7.1407e-06
4.13331e-05
6.04738e-06
4.15934e-05
4.9302e-06
3.81727e-06
4.17806e-05
3.61722e-05
6.78248e-06
3.64809e-05
5.73872e-06
3.6736e-05
4.67497e-06
3.61381e-06
3.69396e-05
3.08091e-05
6.49673e-06
3.10541e-05
5.49363e-06
3.12572e-05
4.47186e-06
3.44131e-06
3.14299e-05
2.51172e-05
6.30244e-06
2.52796e-05
5.33129e-06
2.54156e-05
4.33591e-06
3.31348e-06
2.55436e-05
1.95632e-05
6.18914e-06
1.9659e-05
5.23558e-06
1.97492e-05
4.24578e-06
3.21482e-06
1.98479e-05
1.45196e-05
6.13444e-06
1.45744e-05
5.1808e-06
1.46389e-05
4.18139e-06
3.1386e-06
1.47151e-05
1.00932e-05
6.12786e-06
1.01113e-05
5.16273e-06
1.01404e-05
4.15222e-06
3.1015e-06
1.01776e-05
6.21279e-06
6.17771e-06
6.1753e-06
5.20028e-06
6.14423e-06
4.18334e-06
3.12832e-06
6.11747e-06
2.19263e-06
2.15887e-06
2.1337e-06
2.1207e-06
7.75877e-05
-1.44801e-05
8.74167e-05
-3.74176e-05
4.18227e-05
-1.95825e-05
3.40141e-07
-1.76929e-06
-7.20634e-06
4.77006e-05
-3.40276e-05
0.000136072
-7.09487e-05
0.000205937
-8.88495e-05
0.00031551
-0.000145933
0.000378358
-0.000164077
0.000293426
-9.53152e-05
7.32806e-05
-2.21057e-06
-0.000140893
6.64961e-05
-0.000323281
7.64215e-05
-0.000321277
7.14769e-05
-0.000289316
6.96013e-05
-0.000253986
9.01631e-05
-0.000131316
-4.55312e-06
0.000286725
-0.000152531
5.82854e-05
-3.85242e-05
4.68543e-05
-2.59865e-05
-7.51814e-05
0.000102453
-0.000151026
7.40751e-05
-8.74898e-05
-1.58355e-05
-6.01438e-05
0.000108726
-6.48958e-05
0.000210689
-6.22352e-05
0.000312849
-9.26514e-05
0.000408775
-0.000111733
0.000312507
-5.81458e-05
1.9693e-05
4.16154e-05
-0.000240654
4.77787e-05
-0.000329445
4.72147e-05
-0.000320713
4.03913e-05
-0.000282492
3.15301e-05
-0.000245125
-9.8329e-06
-8.9953e-05
-1.94883e-05
0.000296381
-0.00017202
0.000167905
-0.000129548
8.79148e-05
5.40039e-05
-3.68064e-05
0.000227175
-0.000105721
0.00014299
-9.63215e-05
-2.52354e-05
-6.82829e-05
8.06873e-05
-5.77041e-05
0.000200111
-4.04816e-05
0.000295627
-4.53371e-05
0.00041363
-0.000107713
0.000374884
-3.76479e-05
-5.03728e-05
9.44385e-06
-0.000287746
1.20023e-05
-0.000332003
3.32047e-06
-0.000312031
-1.19356e-05
-0.000267236
-3.65912e-05
-0.00022047
-7.93492e-05
-4.7195e-05
-2.09071e-05
0.000237939
-0.000192927
0.000259886
-0.000137375
0.000185979
0.000127911
8.97669e-05
0.000323387
-4.39692e-05
0.000276726
-0.00010778
3.85756e-05
-8.29393e-05
5.58464e-05
-5.35001e-05
0.000170671
-3.60058e-05
0.000278133
1.76062e-05
0.000360018
-4.69536e-05
0.000439444
-9.59621e-06
-8.77303e-05
-2.83652e-05
-0.000268977
-3.27943e-05
-0.000327574
-5.16942e-05
-0.000293132
-8.91465e-05
-0.000229784
-0.000111057
-0.000198559
-0.0001065
-5.17522e-05
-5.87846e-06
0.000137317
-0.000198805
-1.54884e-05
-0.000177606
2.95272e-05
8.28949e-05
4.34935e-05
0.000309421
-1.67163e-05
0.000336936
-9.12171e-05
0.000113077
-9.16929e-05
5.63223e-05
-5.56696e-05
0.000134648
-2.08633e-05
0.000243326
3.51447e-05
0.00030401
4.15235e-05
0.000433065
-3.38227e-05
-1.2384e-05
-6.74885e-05
-0.000235311
-8.05211e-05
-0.000314541
-0.000106533
-0.000267119
-0.000165965
-0.000170352
-0.00020484
-0.000159684
-0.00011993
-0.000136662
2.59104e-05
-8.52364e-06
-0.000172895
-0.000285453
-0.000198174
-0.00022346
2.09018e-05
-0.000114404
0.000200365
-3.9314e-05
0.000261846
-6.66064e-05
0.000140369
-0.000108045
9.77609e-05
-5.84859e-05
8.50889e-05
-1.1041e-05
0.000195881
4.16256e-06
0.000288806
9.13638e-05
0.000345863
-3.29405e-05
0.00011192
-9.99914e-05
-0.00016826
-0.000121318
-0.000293215
-0.000135559
-0.000252879
-0.000151832
-0.000154078
-0.000133467
-0.000178049
-9.55262e-05
-0.000174602
2.38228e-05
-0.000127873
-0.000149072
-0.000492783
-0.000135909
-0.000458262
-1.36185e-05
-0.000301214
4.33167e-05
-8.84519e-05
4.9084e-05
-1.88728e-05
7.07899e-05
-4.87047e-05
0.000127593
-5.23215e-05
8.87058e-05
-1.10691e-05
0.000154629
1.36379e-05
0.000264099
5.66121e-05
0.000302889
-1.64207e-06
0.000170175
-0.000104995
-6.4907e-05
-0.000141954
-0.000256256
-0.000128025
-0.000266808
-8.70945e-05
-0.000195009
-6.30403e-05
-0.000202103
-2.84523e-05
-0.00020919
1.17725e-05
-0.000168097
-0.0001373
-0.000422676
-0.000115703
-0.000363376
-7.29187e-05
-0.000247994
-7.20653e-05
-9.45687e-05
-0.000104341
1.64644e-05
-4.02432e-05
3.88535e-05
0.000105204
2.04557e-05
0.000107104
-1.64101e-05
0.000191495
-1.43337e-06
0.000249123
3.45108e-05
0.000266945
4.56742e-05
0.000159011
-6.35493e-05
4.43165e-05
-0.000148377
-0.000171428
-0.000130415
-0.00028477
-8.78792e-05
-0.000237545
-6.10192e-05
-0.000228963
-3.50127e-05
-0.000235197
1.349e-06
-0.000204459
-0.000135951
-0.000287044
-6.17273e-05
-0.000273299
-8.66637e-05
-0.000229954
-0.000115411
-0.000210487
-0.000123808
-0.000158115
-9.26157e-05
-5.85847e-05
5.67362e-06
-9.34373e-05
0.000141956
-8.41765e-05
0.000182234
-4.55223e-05
0.000210468
2.63943e-05
0.000195028
9.27626e-05
9.26429e-05
1.40997e-05
0.000122979
-0.00015785
5.21426e-07
-0.000153888
-0.000288732
-0.000106972
-0.000284461
-7.28827e-05
-0.000263053
-4.20373e-05
-0.000266042
-8.08768e-06
-0.000238409
-0.000144038
-0.000118096
-8.3461e-05
-0.000116467
-8.82924e-05
-0.000135891
-9.59864e-05
-0.000172946
-8.67533e-05
-0.000218676
-4.68855e-05
-0.000233844
2.08416e-05
-0.000177155
8.52671e-05
-0.00011369
0.000118769
-2.34779e-05
0.000120257
6.15277e-05
0.000110023
8.4244e-05
6.99266e-05
2.50846e-05
0.000182139
-0.000144477
0.000170083
-0.000211323
-0.000221885
-0.000158858
-0.000336926
-0.000101352
-0.000320558
-4.98837e-05
-0.000317511
-1.01676e-05
-0.000278125
-0.000154206
-0.000140837
-0.000118081
-0.000121338
-0.000107791
-0.000113654
-0.000103671
-0.000107747
-9.26602e-05
-0.000104185
-5.04468e-05
-0.000104164
2.08206e-05
-8.28812e-05
6.39839e-05
-3.59023e-05
7.17897e-05
1.87484e-05
6.56059e-05
5.19042e-05
7.68669e-05
3.68021e-05
8.50286e-05
-6.36862e-05
0.000282627
-0.000122993
0.000229389
-0.000208029
-0.000136849
-0.000238208
-0.000306747
-0.000177721
-0.000381045
-9.37476e-05
-0.000401484
-2.24092e-05
-0.000349463
-0.000176615
-0.000217729
-0.000144306
-0.000201037
-0.000124483
-0.000202437
-0.000102271
-0.000203248
-9.18494e-05
-0.000157122
-9.65723e-05
-8.57145e-05
-5.0587e-05
-4.19345e-05
2.02039e-05
-2.81678e-05
5.8023e-05
-2.81224e-05
6.55606e-05
-5.50501e-05
0.000103795
-0.000179591
0.000209569
-0.00019622
0.000299257
-0.000122352
0.000155521
-0.000148886
-0.000110315
-0.000203654
-0.000251979
-0.000209752
-0.000374947
-0.000141639
-0.000469596
-5.96312e-05
-0.000431472
-0.000236246
-0.000378274
-0.000160796
-0.000365963
-0.000136793
-0.000359475
-0.00010876
-0.000348921
-0.000102403
-0.000321558
-0.000123936
-0.000253969
-0.000118176
-0.000194745
-3.90196e-05
-0.000194624
5.79016e-05
-0.000241584
0.000112521
-0.000301552
0.000163762
-0.000312765
0.000220782
-0.000215171
0.000201663
-7.43514e-05
1.47017e-05
-5.35424e-05
-0.000131124
-8.63619e-05
-0.00021916
-0.000147528
-0.000313781
-0.000174673
-0.000442452
-9.57365e-05
-0.000510408
-0.000331983
-0.000404801
-0.000146701
-0.000390959
-0.000150635
-0.000371438
-0.000128282
-0.000370206
-0.000103635
-0.000400733
-9.34085e-05
-0.000434423
-8.44862e-05
-0.000434765
-3.86776e-05
-0.000416644
3.97808e-05
-0.000406947
0.000102824
-0.000378633
0.000135449
-0.000282542
0.000124691
-0.000120663
3.97841e-05
-9.17818e-06
-9.67829e-05
4.02171e-05
-0.00018052
5.17225e-05
-0.000230665
-4.43075e-07
-0.000261615
-9.23802e-05
-0.000350515
-0.000103282
-0.000499506
-0.000435265
-0.000397631
-0.000105745
-0.000408801
-0.000139465
-0.000398806
-0.000138277
-0.0003883
-0.00011414
-0.000394277
-8.74317e-05
-0.000414094
-6.46688e-05
-0.000422101
-3.06708e-05
-0.0003955
1.31805e-05
-0.000341384
4.87068e-05
-0.0002537
4.77656e-05
-0.000127345
-1.66381e-06
-6.59132e-06
-8.097e-05
5.6577e-05
-0.000159951
9.30471e-05
-0.00021699
0.000114386
-0.000252004
0.000124647
-0.000271876
7.19554e-05
-0.000297823
-5.18992e-06
-0.00042236
-0.000440455
-0.000295355
-5.86698e-05
-0.000309081
-0.000125739
-0.000295463
-0.000151895
-0.000273194
-0.00013641
-0.00025704
-0.000103585
-0.000250051
-7.1658e-05
-0.000239128
-4.15938e-05
-0.000207188
-1.87601e-05
-0.00014412
-1.4361e-05
-6.04988e-05
-3.58553e-05
2.21379e-05
-8.43006e-05
8.19097e-05
-0.000140742
0.000112448
-0.00019049
0.000121519
-0.00022606
0.000116428
-0.000246913
0.000109025
-0.000264474
8.6534e-05
-0.000275331
1.04999e-05
-0.000346326
-0.000429955
-0.000161309
-1.90626e-05
-0.000174096
-0.000112952
-0.000154174
-0.000171817
-0.00011991
-0.000170674
-8.78334e-05
-0.000135662
-6.32481e-05
-9.6243e-05
-3.92341e-05
-6.56079e-05
-7.93219e-06
-5.0062e-05
3.43965e-05
-5.66898e-05
8.115e-05
-8.26088e-05
0.000116625
-0.000119776
0.000135337
-0.000159453
0.000137574
-0.000192727
0.000126851
-0.000215337
0.000106942
-0.000227005
7.69995e-05
-0.000234531
5.50961e-05
-0.000253428
1.83936e-05
-0.000309623
-0.000411561
1.82643e-05
5.44829e-06
2.58864e-06
-9.72765e-05
-8.04799e-06
-0.00016118
-1.57107e-06
-0.000177151
1.54686e-05
-0.000152701
3.92467e-05
-0.000120021
6.68264e-05
-9.31874e-05
9.60391e-05
-7.92747e-05
0.000121599
-8.22494e-05
0.000139303
-0.000100313
0.000146631
-0.000127105
0.000142581
-0.000155403
0.00012944
-0.000179587
0.000110513
-0.00019641
8.77034e-05
-0.000204195
5.49003e-05
-0.000201727
3.21824e-05
-0.00023071
1.52827e-05
-0.000292723
-0.000396279
0.000171738
6.03167e-06
0.000153434
-7.89725e-05
0.000128639
-0.000136385
0.000103335
-0.000151846
8.93329e-05
-0.000138699
8.69548e-05
-0.000117643
9.41604e-05
-0.000100393
0.00010723
-9.23445e-05
0.000120408
-9.54268e-05
0.000128461
-0.000108366
0.000128807
-0.000127451
0.000121516
-0.000148112
0.000108396
-0.000166466
9.0884e-05
-0.000178898
6.8616e-05
-0.000181927
3.62686e-05
-0.00016938
9.14482e-06
-0.000203586
4.41276e-06
-0.000287991
-0.000391866
0.000239915
1.0315e-05
0.000217924
-5.69821e-05
0.000185154
-0.000103615
0.000151235
-0.000117927
0.000126097
-0.00011356
0.000112358
-0.000103904
0.000108009
-9.60443e-05
0.000109413
-9.37491e-05
0.000112769
-9.87821e-05
0.000114945
-0.000110542
0.000113875
-0.000126381
0.00010849
-0.000142727
9.81764e-05
-0.000156152
8.2337e-05
-0.000163059
5.98756e-05
-0.000159465
2.75522e-05
-0.000137056
-2.82076e-06
-0.000173213
-1.12372e-05
-0.000279575
-0.000403103
0.00023327
1.09892e-05
0.000212692
-3.6404e-05
0.000180598
-7.15206e-05
0.000150461
-8.77908e-05
0.000128333
-9.1432e-05
0.000114931
-9.05024e-05
0.00010899
-9.01031e-05
0.000108363
-9.31217e-05
0.000110401
-0.00010082
0.000112509
-0.00011265
0.000112486
-0.000126358
0.000108471
-0.000138712
9.88254e-05
-0.000146507
8.26737e-05
-0.000146907
6.00529e-05
-0.000136845
3.07342e-05
-0.000107738
5.46381e-06
-0.000147943
-5.44749e-06
-0.000268664
-0.000408551
0.000188334
9.04784e-06
0.000176093
-2.4163e-05
0.00015585
-5.12779e-05
0.000136199
-6.81393e-05
0.000121258
-7.64913e-05
0.000111947
-8.11914e-05
0.000107837
-8.59933e-05
0.000107744
-9.30286e-05
0.000110027
-0.000103102
0.000112785
-0.000115408
0.000113751
-0.000127325
0.000110417
-0.000135378
0.000100728
-0.000136817
8.43005e-05
-0.000130479
6.27958e-05
-0.00011534
3.88644e-05
-8.38064e-05
1.86872e-05
-0.000127766
5.70077e-06
-0.000255677
-0.00040285
0.000151407
6.99592e-06
0.000145477
-1.82336e-05
0.000134573
-4.03741e-05
0.00012299
-5.6556e-05
0.000113722
-6.72231e-05
0.00010786
-7.53293e-05
0.00010553
-8.36638e-05
0.000106395
-9.38938e-05
0.000109667
-0.000106374
0.000113593
-0.000119334
0.000115215
-0.000128947
0.000111407
-0.000131571
0.000100415
-0.000125825
8.30812e-05
-0.000113146
6.27048e-05
-9.49635e-05
4.51402e-05
-6.62419e-05
3.02527e-05
-0.000112878
8.39172e-06
-0.000233816
-0.000394458
0.000129529
5.37008e-06
0.000126601
-1.53058e-05
0.000120281
-3.40539e-05
0.00011285
-4.91254e-05
0.000106492
-6.08653e-05
0.000102461
-7.12977e-05
0.000101417
-8.26206e-05
0.000103676
-9.61525e-05
0.000108693
-0.00011139
0.000113925
-0.000124566
0.000115263
-0.000130285
0.000109346
-0.000125654
9.53988e-05
-0.000111877
7.58474e-05
-9.35942e-05
5.50815e-05
-7.41978e-05
4.28817e-05
-5.40422e-05
3.96193e-05
-0.000109616
2.23012e-05
-0.000216498
-0.000372157
0.000114395
4.09991e-06
0.000112551
-1.34616e-05
0.000108167
-2.96708e-05
0.000102753
-4.37113e-05
9.79575e-05
-5.60698e-05
9.51455e-05
-6.84857e-05
9.54643e-05
-8.29395e-05
9.952e-05
-0.000100208
0.00010628
-0.00011815
0.000111804
-0.00013009
0.000111078
-0.00012956
0.000101275
-0.00011585
8.30867e-05
-9.36897e-05
6.0286e-05
-7.07935e-05
3.72106e-05
-5.11224e-05
2.86239e-05
-4.54555e-05
3.65277e-05
-0.00011752
1.92116e-05
-0.000199182
-0.000352945
0.000101351
3.24633e-06
9.98818e-05
-1.19923e-05
9.64674e-05
-2.62565e-05
9.21684e-05
-3.94125e-05
8.82752e-05
-5.21766e-05
8.63883e-05
-6.65986e-05
8.79768e-05
-8.45281e-05
9.32667e-05
-0.000105498
0.000100275
-0.000125158
0.000103834
-0.000133649
9.895e-05
-0.000124676
8.4241e-05
-0.000101141
6.20875e-05
-7.15363e-05
3.68403e-05
-4.55463e-05
1.19471e-05
-2.62292e-05
1.19435e-05
-4.54518e-05
2.63062e-05
-0.000131882
1.25736e-05
-0.000185449
-0.000340372
8.97969e-05
2.78342e-06
8.83571e-05
-1.05525e-05
8.53781e-05
-2.32776e-05
8.15386e-05
-3.5573e-05
7.79715e-05
-4.86096e-05
7.6596e-05
-6.52229e-05
7.85593e-05
-8.64914e-05
8.30351e-05
-0.000109974
8.75492e-05
-0.000129672
8.65882e-05
-0.000132688
7.62068e-05
-0.000114295
5.7121e-05
-8.20552e-05
3.33398e-05
-4.77551e-05
9.247e-06
-2.14535e-05
-9.84779e-06
-7.13434e-06
4.34278e-06
-5.96423e-05
1.81382e-05
-0.000145678
9.02632e-06
-0.000176338
-0.000331345
7.9543e-05
2.72373e-06
7.80035e-05
-9.01305e-06
7.51027e-05
-2.03769e-05
7.12569e-05
-3.17272e-05
6.75585e-05
-4.49112e-05
6.59168e-05
-6.35812e-05
6.63116e-05
-8.68861e-05
6.69946e-05
-0.000110657
6.62188e-05
-0.000128897
5.89996e-05
-0.000125469
4.31795e-05
-9.84744e-05
2.18947e-05
-6.07703e-05
6.68439e-07
-2.65288e-05
-1.68426e-05
-3.94245e-06
-1.83043e-05
-5.67274e-06
6.68309e-06
-8.46297e-05
1.34801e-05
-0.000152475
8.42796e-06
-0.000171285
-0.000322917
7.04469e-05
3.01593e-06
6.8789e-05
-7.35526e-06
6.58707e-05
-1.74587e-05
6.18613e-05
-2.77179e-05
5.77186e-05
-4.07684e-05
5.45681e-05
-6.04307e-05
5.10976e-05
-8.34157e-05
4.55561e-05
-0.000105115
3.78051e-05
-0.000121146
2.39315e-05
-0.000111595
4.19963e-06
-7.87425e-05
-1.57597e-05
-4.0811e-05
-3.16313e-05
-1.06571e-05
-3.69179e-05
1.34406e-06
-1.59923e-05
-2.65984e-05
8.38642e-06
-0.000109009
5.41474e-06
-0.000149503
9.37984e-06
-0.00017525
-0.000313538
6.25093e-05
3.53261e-06
6.08853e-05
-5.73143e-06
5.80931e-05
-1.46664e-05
5.41347e-05
-2.37596e-05
4.93559e-05
-3.59896e-05
4.35895e-05
-5.46643e-05
3.51429e-05
-7.49692e-05
2.26713e-05
-9.26439e-05
7.14305e-06
-0.000105618
-1.21949e-05
-9.2257e-05
-3.27176e-05
-5.82199e-05
-4.92724e-05
-2.42563e-05
-5.499e-05
-4.93956e-06
-3.96793e-05
-1.39667e-05
-8.74609e-06
-5.75316e-05
-3.54268e-07
-0.0001174
-1.37249e-05
-0.000136133
1.05325e-05
-0.000199508
-0.000303005
5.58815e-05
4.06117e-06
5.44736e-05
-4.32355e-06
5.21329e-05
-1.23257e-05
4.86704e-05
-2.02971e-05
4.34353e-05
-3.07545e-05
3.52299e-05
-4.64588e-05
2.29758e-05
-6.27151e-05
5.34212e-06
-7.50103e-05
-1.60618e-05
-8.42138e-05
-3.76342e-05
-7.06847e-05
-5.59141e-05
-3.994e-05
-6.40733e-05
-1.60972e-05
-5.37036e-05
-1.53093e-05
-2.63335e-05
-4.13369e-05
-3.79197e-06
-8.00732e-05
-1.68162e-05
-0.000104376
-3.77013e-05
-0.000115248
8.10105e-06
-0.00024531
-0.000294904
5.05478e-05
4.41025e-06
4.95338e-05
-3.30949e-06
4.79099e-05
-1.07017e-05
4.5351e-05
-1.77381e-05
4.05161e-05
-2.59195e-05
3.16645e-05
-3.76073e-05
1.85772e-05
-4.96278e-05
1.01244e-07
-5.65345e-05
-2.25364e-05
-6.15762e-05
-4.16897e-05
-5.15315e-05
-5.1174e-05
-3.04559e-05
-4.68397e-05
-2.04315e-05
-2.91528e-05
-3.29963e-05
-8.88593e-06
-6.16039e-05
-5.86041e-07
-8.83733e-05
-2.16979e-05
-8.32647e-05
-4.32039e-05
-9.37418e-05
-5.44541e-06
-0.000283069
-0.00030035
4.6155e-05
4.47263e-06
4.56176e-05
-2.77207e-06
4.47043e-05
-9.78851e-06
4.32122e-05
-1.6246e-05
3.98928e-05
-2.26e-05
3.27838e-05
-3.04984e-05
2.21449e-05
-3.8989e-05
8.50354e-06
-4.28933e-05
-8.99022e-06
-4.40825e-05
-2.12383e-05
-3.92835e-05
-2.12346e-05
-3.04597e-05
-1.07654e-05
-3.09007e-05
1.56851e-06
-4.53304e-05
1.0041e-05
-7.00766e-05
1.231e-05
-9.06424e-05
1.07075e-06
-7.20256e-05
-1.02072e-05
-8.24641e-05
-6.80387e-06
-0.000286472
-0.000307153
4.19855e-05
4.2677e-06
4.18525e-05
-2.63903e-06
4.1463e-05
-9.39899e-06
4.08204e-05
-1.56034e-05
3.94189e-05
-2.11985e-05
3.55832e-05
-2.66627e-05
2.92498e-05
-3.26556e-05
2.28898e-05
-3.65334e-05
1.53047e-05
-3.64975e-05
1.03234e-05
-3.43022e-05
1.32171e-05
-3.33535e-05
2.10992e-05
-3.8783e-05
2.57796e-05
-5.00109e-05
2.75104e-05
-7.18075e-05
3.0781e-05
-9.39131e-05
3.82147e-05
-7.94594e-05
3.74359e-05
-8.16853e-05
7.15273e-06
-0.000256189
-0.000300001
3.72682e-05
3.93894e-06
3.73979e-05
-2.76867e-06
3.72773e-05
-9.27826e-06
3.70994e-05
-1.54254e-05
3.69891e-05
-2.10881e-05
3.61039e-05
-2.57776e-05
3.39363e-05
-3.04879e-05
3.26204e-05
-3.52174e-05
3.32701e-05
-3.71474e-05
3.54301e-05
-3.64623e-05
3.91663e-05
-3.70897e-05
4.16413e-05
-4.1258e-05
4.16358e-05
-5.00054e-05
4.17186e-05
-7.18904e-05
4.53161e-05
-9.75107e-05
6.34324e-05
-9.75757e-05
7.94364e-05
-9.76894e-05
3.58179e-05
-0.000212571
-0.000264183
3.17509e-05
3.61791e-06
3.19675e-05
-2.98506e-06
3.19318e-05
-9.24232e-06
3.19577e-05
-1.54512e-05
3.22436e-05
-2.13739e-05
3.26566e-05
-2.61905e-05
3.33185e-05
-3.115e-05
3.49087e-05
-3.68076e-05
3.85542e-05
-4.07929e-05
4.3434e-05
-4.1342e-05
4.78219e-05
-4.14776e-05
4.95238e-05
-4.296e-05
4.99898e-05
-5.04714e-05
5.00796e-05
-7.19802e-05
5.16682e-05
-9.90993e-05
6.60431e-05
-0.000111951
8.32363e-05
-0.000114883
5.03198e-05
-0.000179654
-0.000213863
2.58037e-05
3.35799e-06
2.60137e-05
-3.19495e-06
2.60249e-05
-9.2534e-06
2.61366e-05
-1.55628e-05
2.64459e-05
-2.16833e-05
2.70362e-05
-2.67808e-05
2.86324e-05
-3.27463e-05
3.22133e-05
-4.03884e-05
3.79999e-05
-4.65795e-05
4.2909e-05
-4.6251e-05
4.68813e-05
-4.54498e-05
5.06992e-05
-4.67779e-05
5.32442e-05
-5.30164e-05
5.29433e-05
-7.16793e-05
5.15037e-05
-9.76597e-05
5.68791e-05
-0.000117326
6.54927e-05
-0.000123496
4.37635e-05
-0.000157925
-0.0001701
2.0066e-05
3.14008e-06
2.02133e-05
-3.3423e-06
2.03559e-05
-9.39602e-06
2.05039e-05
-1.57107e-05
2.10933e-05
-2.22728e-05
2.20728e-05
-2.77603e-05
2.36911e-05
-3.43646e-05
2.7368e-05
-4.40653e-05
3.38203e-05
-5.30318e-05
3.84334e-05
-5.08641e-05
4.41484e-05
-5.11647e-05
5.13947e-05
-5.40242e-05
5.2976e-05
-5.45978e-05
5.00003e-05
-6.87037e-05
4.60627e-05
-9.37221e-05
4.4241e-05
-0.000115505
4.38711e-05
-0.000123126
2.81795e-05
-0.000142233
-0.00014192
1.48857e-05
2.96948e-06
1.49706e-05
-3.42711e-06
1.53047e-05
-9.73034e-06
1.55991e-05
-1.6005e-05
1.66792e-05
-2.33529e-05
1.83954e-05
-2.94765e-05
2.0396e-05
-3.63652e-05
2.27697e-05
-4.64389e-05
2.68917e-05
-5.71538e-05
3.04857e-05
-5.44582e-05
3.88174e-05
-5.94964e-05
4.81583e-05
-6.33652e-05
4.49048e-05
-5.13443e-05
4.01603e-05
-6.39592e-05
3.6092e-05
-8.96539e-05
3.07542e-05
-0.000110167
2.53367e-05
-0.000117709
1.38003e-05
-0.000130697
-0.00012812
1.02781e-05
2.86894e-06
1.03174e-05
-3.46629e-06
1.08524e-05
-1.02654e-05
1.14946e-05
-1.66472e-05
1.26999e-05
-2.45581e-05
1.449e-05
-3.12667e-05
1.65627e-05
-3.84379e-05
1.71021e-05
-4.69784e-05
1.81588e-05
-5.82106e-05
2.10087e-05
-5.73082e-05
2.90799e-05
-6.75676e-05
3.6394e-05
-7.06793e-05
2.77269e-05
-4.26772e-05
2.59542e-05
-6.21866e-05
2.4442e-05
-8.81417e-05
1.88927e-05
-0.000104618
1.3267e-05
-0.000112083
5.68115e-06
-0.000123111
-0.000122439
6.09251e-06
2.8939e-06
6.19793e-06
-3.57159e-06
6.81175e-06
-1.08791e-05
7.59403e-06
-1.74297e-05
8.37845e-06
-2.53425e-05
9.2929e-06
-3.21812e-05
1.03547e-05
-3.94998e-05
9.95021e-06
-4.65741e-05
9.24262e-06
-5.7503e-05
1.08321e-05
-5.88977e-05
1.435e-05
-7.10856e-05
1.6742e-05
-7.30713e-05
1.01736e-05
-3.61089e-05
1.35436e-05
-6.55565e-05
1.39893e-05
-8.85875e-05
1.03596e-05
-0.000100988
7.16639e-06
-0.00010889
2.803e-06
-0.000118748
-0.000119636
2.1501e-06
2.31517e-06
2.61324e-06
2.96539e-06
3.02763e-06
3.12246e-06
3.2193e-06
3.15365e-06
2.26782e-06
2.62434e-06
1.42534e-06
-1.09031e-06
9.10593e-07
5.32302e-06
4.83654e-06
3.56542e-06
2.83467e-06
1.05398e-06
)
;

boundaryField
{
    leftWall
    {
        type            calculated;
        value           uniform 0;
    }
    rightWall
    {
        type            calculated;
        value           uniform 0;
    }
    lowerWall
    {
        type            calculated;
        value           uniform 0;
    }
    atmosphere
    {
        type            calculated;
        value           nonuniform List<scalar> 
46
(
6.15096e-05
6.19737e-05
6.06738e-05
5.99486e-05
5.92986e-05
5.8328e-05
5.73011e-05
5.6068e-05
5.46984e-05
5.31562e-05
5.14437e-05
4.95543e-05
4.7485e-05
4.52318e-05
4.27918e-05
4.01624e-05
3.73419e-05
3.43265e-05
3.11168e-05
2.7708e-05
2.40987e-05
2.02717e-05
1.62446e-05
6.22139e-06
5.23412e-06
4.20862e-06
3.14136e-06
2.86453e-06
-3.7367e-06
-1.1177e-05
-1.77819e-05
-2.54048e-05
-3.22761e-05
-3.95966e-05
-4.65085e-05
-5.66172e-05
-5.92543e-05
-6.98866e-05
-7.05557e-05
-3.81098e-05
-6.9969e-05
-8.8101e-05
-9.97169e-05
-0.000108159
-0.000116967
-0.000118582
)
;
    }
    defaultFaces
    {
        type            empty;
        value           nonuniform List<scalar> 0();
    }
}


// ************************************************************************* //
