/*--------------------------------*- C++ -*----------------------------------*\
| =========                 |                                                 |
| \\      /  F ield         | OpenFOAM: The Open Source CFD Toolbox           |
|  \\    /   O peration     | Version:  2206                                  |
|   \\  /    A nd           | Website:  www.openfoam.com                      |
|    \\/     M anipulation  |                                                 |
\*---------------------------------------------------------------------------*/
FoamFile
{
    version     2.0;
    format      ascii;
    arch        "LSB;label=32;scalar=64";
    class       volVectorField;
    location    "0.725";
    object      U;
}
// * * * * * * * * * * * * * * * * * * * * * * * * * * * * * * * * * * * * * //

dimensions      [0 1 -1 0 0 0 0];

internalField   nonuniform List<vector> 
2268
(
(-0.0212244 0.00979092 0)
(-0.0699759 0.0118245 0)
(-0.112041 0.00875388 0)
(-0.141142 0.00638713 0)
(-0.164858 0.00387778 0)
(-0.171326 -0.000719917 0)
(-0.154333 -0.00559628 0)
(-0.122146 -0.00761104 0)
(-0.090468 -0.00593495 0)
(-0.0705906 -0.00277982 0)
(-0.0636466 0.000478663 0)
(-0.0685841 0.00310354 0)
(-0.0811701 0.00482662 0)
(-0.0982977 0.00632163 0)
(-0.119901 0.00781779 0)
(-0.147679 0.00610585 0)
(-0.170569 -0.000616005 0)
(-0.178731 0.000594056 0)
(-0.215446 0.0159003 0)
(-0.300285 0.0196355 0)
(-0.321915 -0.00324226 0)
(-0.219457 -0.0373702 0)
(-0.0768801 -0.04558 0)
(-0.0349223 0.0339971 0)
(-0.0855853 0.0324993 0)
(-0.11907 0.0229819 0)
(-0.145867 0.0181224 0)
(-0.170089 0.0118495 0)
(-0.177487 -0.00188258 0)
(-0.161989 -0.0177174 0)
(-0.127902 -0.0248302 0)
(-0.0928563 -0.0194132 0)
(-0.0705725 -0.00956076 0)
(-0.0625405 -0.00115831 0)
(-0.0622732 0.00493759 0)
(-0.0669662 0.00912774 0)
(-0.0749423 0.0124987 0)
(-0.086442 0.0166543 0)
(-0.10608 0.0200258 0)
(-0.138472 0.0186475 0)
(-0.182504 0.0220869 0)
(-0.243337 0.0350301 0)
(-0.284898 0.0257263 0)
(-0.239638 -0.0253202 0)
(-0.155798 -0.0924465 0)
(-0.0491882 -0.11407 0)
(-0.0326783 0.0597449 0)
(-0.0695826 0.0512223 0)
(-0.100618 0.0365075 0)
(-0.133038 0.0314982 0)
(-0.165011 0.0219425 0)
(-0.176971 -0.00208091 0)
(-0.162863 -0.0309336 0)
(-0.132808 -0.0438408 0)
(-0.10013 -0.0343567 0)
(-0.077089 -0.0169276 0)
(-0.0684482 -0.00324511 0)
(-0.0691141 0.00534533 0)
(-0.0727411 0.01067 0)
(-0.0755739 0.0144634 0)
(-0.07534 0.019322 0)
(-0.0730013 0.0263983 0)
(-0.077162 0.0342177 0)
(-0.0939586 0.0432395 0)
(-0.122763 0.0477106 0)
(-0.138285 0.0206844 0)
(-0.106681 -0.0481745 0)
(-0.0638756 -0.118947 0)
(-0.00828537 -0.148351 0)
(-0.0238922 0.0799057 0)
(-0.0459006 0.0672367 0)
(-0.0752137 0.0502004 0)
(-0.106473 0.0458904 0)
(-0.135205 0.0327303 0)
(-0.141645 -0.00106061 0)
(-0.12958 -0.0413679 0)
(-0.115287 -0.0582318 0)
(-0.100005 -0.0464344 0)
(-0.0852902 -0.0236295 0)
(-0.0779812 -0.00473759 0)
(-0.0790665 0.00672657 0)
(-0.0836755 0.0124579 0)
(-0.0868659 0.0148747 0)
(-0.0849526 0.0170983 0)
(-0.075717 0.0225343 0)
(-0.060257 0.0320914 0)
(-0.0398091 0.044779 0)
(-0.0221189 0.0491387 0)
(0.00386654 0.0217412 0)
(0.0267464 -0.0449994 0)
(0.0189045 -0.118889 0)
(0.0268913 -0.145589 0)
(-0.0117989 0.0929055 0)
(-0.0150652 0.0785262 0)
(-0.0353393 0.0636134 0)
(-0.0552489 0.0584916 0)
(-0.0689583 0.0409531 0)
(-0.0620367 0.000170194 0)
(-0.0550858 -0.0430452 0)
(-0.0670202 -0.0593815 0)
(-0.0830627 -0.0477183 0)
(-0.0895785 -0.0254028 0)
(-0.0895974 -0.00545975 0)
(-0.091153 0.00823746 0)
(-0.0951278 0.0145624 0)
(-0.0975708 0.0154548 0)
(-0.0946186 0.0144714 0)
(-0.0850888 0.0158316 0)
(-0.0681189 0.0205463 0)
(-0.0372877 0.0287337 0)
(0.0026325 0.0296508 0)
(0.0497856 0.00343768 0)
(0.0782674 -0.0479305 0)
(0.0523601 -0.111712 0)
(0.0464801 -0.127584 0)
(0.00247021 0.0921437 0)
(0.0211071 0.0793996 0)
(0.0209319 0.0648895 0)
(0.0176791 0.0577856 0)
(0.0258356 0.0354791 0)
(0.0456803 -0.00428312 0)
(0.039606 -0.0355984 0)
(-0.00423471 -0.0457307 0)
(-0.0542997 -0.0353292 0)
(-0.0868267 -0.0185541 0)
(-0.100187 -0.00280123 0)
(-0.104421 0.00954768 0)
(-0.107725 0.0151262 0)
(-0.108449 0.0141507 0)
(-0.102769 0.010539 0)
(-0.0910311 0.00931959 0)
(-0.0750986 0.0100555 0)
(-0.0506722 0.0113722 0)
(-0.0153253 0.00437799 0)
(0.0244318 -0.0196412 0)
(0.0623544 -0.0537718 0)
(0.0396275 -0.103888 0)
(0.0511367 -0.111214 0)
(0.0137891 0.0839674 0)
(0.0498037 0.0802886 0)
(0.0794408 0.070447 0)
(0.108277 0.06141 0)
(0.140659 0.0373996 0)
(0.155889 0.00376398 0)
(0.118371 -0.017267 0)
(0.0395514 -0.0215352 0)
(-0.0326237 -0.0129717 0)
(-0.0805261 -0.00529114 0)
(-0.106882 0.00293575 0)
(-0.117268 0.0128128 0)
(-0.121406 0.0177202 0)
(-0.120355 0.0145709 0)
(-0.111047 0.00681471 0)
(-0.0953345 0.00240059 0)
(-0.0776199 0.000422506 0)
(-0.0566285 -0.00149807 0)
(-0.0302643 -0.0113038 0)
(-0.00652031 -0.0351201 0)
(0.0275533 -0.0612983 0)
(0.0162 -0.102355 0)
(0.045137 -0.0920885 0)
(0.0212226 0.0513515 0)
(0.0932206 0.0417584 0)
(0.156645 0.0265614 0)
(0.201855 0.0174041 0)
(0.219493 0.0086821 0)
(0.190687 0.00782392 0)
(0.113533 0.0173533 0)
(0.0243753 0.0220856 0)
(-0.0396142 0.0233877 0)
(-0.0788452 0.0186749 0)
(-0.104654 0.0150631 0)
(-0.121398 0.0158163 0)
(-0.131616 0.0147836 0)
(-0.132923 0.00795446 0)
(-0.121812 -0.00212665 0)
(-0.102099 -0.00663972 0)
(-0.081322 -0.00755241 0)
(-0.0600132 -0.00953873 0)
(-0.0375517 -0.0194384 0)
(-0.0195383 -0.0437226 0)
(0.00282799 -0.0666557 0)
(0.00596141 -0.104903 0)
(0.0359235 -0.0724023 0)
(-0.161398 0.058524 0)
(-0.461075 0.0596219 0)
(-0.576526 -0.00326842 0)
(-0.440428 -0.0399781 0)
(-0.307527 -0.0423937 0)
(-0.145583 -0.0593866 0)
(0.126895 -0.0849275 0)
(0.326471 0.0219383 0)
(0.26832 0.0144596 0)
(-0.327557 0.15655 0)
(-0.95565 0.172924 0)
(-1.29295 0.0894042 0)
(-1.35153 0.0241822 0)
(-1.28233 -0.00262313 0)
(-1.16867 -0.0123737 0)
(-0.971858 -0.0311639 0)
(-0.688618 -0.0761726 0)
(-0.318507 -0.117008 0)
(0.262353 0.0050803 0)
(-0.296451 0.187354 0)
(-0.489344 0.146732 0)
(-0.397286 -0.0131443 0)
(-0.296282 -0.0902833 0)
(-0.154158 -0.103098 0)
(-0.0234609 -0.135488 0)
(0.173754 -0.206878 0)
(0.321311 -0.0150542 0)
(-0.236002 0.273597 0)
(-1.13818 0.382198 0)
(-1.62567 0.226099 0)
(-1.68975 0.0367932 0)
(-1.6293 -0.0493265 0)
(-1.56173 -0.0917648 0)
(-1.42852 -0.122927 0)
(-1.2277 -0.171241 0)
(-0.930942 -0.246075 0)
(-0.534815 -0.267369 0)
(-0.0582666 -0.037003 0)
(-0.286853 0.307257 0)
(-0.304962 0.172122 0)
(-0.216925 -0.0833745 0)
(-0.104995 -0.154426 0)
(0.00613637 -0.151718 0)
(0.0660821 -0.192316 0)
(0.107175 -0.233305 0)
(-0.132066 0.244504 0)
(-0.890695 0.569712 0)
(-1.62841 0.574073 0)
(-1.86958 0.320216 0)
(-1.94375 0.0883414 0)
(-2.00992 -0.0402715 0)
(-1.81949 -0.0974646 0)
(-1.44153 -0.181835 0)
(-1.19771 -0.299372 0)
(-0.982309 -0.464911 0)
(-0.642912 -0.508759 0)
(-0.210763 -0.223021 0)
(-0.230913 0.391629 0)
(-0.0413592 0.179911 0)
(-0.014241 -0.0991737 0)
(0.104185 -0.196029 0)
(0.155189 -0.164884 0)
(0.111942 -0.17899 0)
(-0.0719707 -0.117781 0)
(-0.573538 0.492528 0)
(-1.33346 0.83535 0)
(-1.821 0.757409 0)
(-1.95718 0.490365 0)
(-2.62562 0.273654 0)
(-3.20019 0.00871586 0)
(-2.23874 -0.250931 0)
(-0.952016 -0.419232 0)
(-0.270095 -0.270533 0)
(-0.411828 -0.394799 0)
(-0.531412 -0.652248 0)
(-0.178224 -0.421757 0)
(-0.173841 0.430921 0)
(0.172477 0.122288 0)
(0.220926 -0.135664 0)
(0.328464 -0.218255 0)
(0.313652 -0.138394 0)
(0.120578 -0.0939184 0)
(-0.295957 0.0977499 0)
(-0.952473 0.780358 0)
(-1.59638 1.05943 0)
(-1.83411 0.903272 0)
(-2.11916 0.785976 0)
(-2.62042 0.343968 0)
(-2.17884 -0.350261 0)
(-1.27792 -0.781478 0)
(-0.175574 -0.964362 0)
(0.0794883 -0.704529 0)
(0.583233 0.0903663 0)
(-0.270851 -0.602722 0)
(-0.12538 -0.611646 0)
(-0.0773913 0.397879 0)
(0.294532 0.0654314 0)
(0.442363 -0.187196 0)
(0.534832 -0.237496 0)
(0.466039 -0.0745183 0)
(0.141618 0.0584846 0)
(-0.38405 0.317916 0)
(-1.0772 1.00674 0)
(-1.58067 1.21549 0)
(-1.67043 1.09115 0)
(-2.07821 0.911419 0)
(-2.03951 0.203836 0)
(-1.48254 -0.510201 0)
(-0.771515 -0.944369 0)
(0.241653 -1.24645 0)
(0.171414 -1.12093 0)
(1.29317 -0.0839943 0)
(0.170649 -0.193522 0)
(-0.205607 -0.718323 0)
(0.0967828 0.291632 0)
(0.411354 0.00309265 0)
(0.607355 -0.256765 0)
(0.64073 -0.267124 0)
(0.55428 0.0452154 0)
(0.178241 0.268531 0)
(-0.386175 0.533917 0)
(-1.04587 1.22754 0)
(-1.37271 1.36046 0)
(-1.41064 1.21961 0)
(-1.78146 0.877951 0)
(-1.46785 0.0689018 0)
(-0.744554 -0.796346 0)
(-0.138425 -1.23095 0)
(0.45001 -1.40581 0)
(0.422541 -1.25391 0)
(1.01253 -0.307249 0)
(0.519123 0.473372 0)
(-0.473444 -0.661985 0)
(0.167264 0.103852 0)
(0.449501 -0.109448 0)
(0.643961 -0.329833 0)
(0.541653 -0.250891 0)
(0.476881 0.0598651 0)
(0.169108 0.424694 0)
(-0.331902 0.728612 0)
(-0.891518 1.40859 0)
(-1.00858 1.49663 0)
(-1.08452 1.30804 0)
(-1.37859 0.737279 0)
(-0.892977 -0.171188 0)
(-0.112235 -1.14422 0)
(0.355954 -1.48151 0)
(0.470355 -1.43511 0)
(0.427589 -1.26933 0)
(0.669407 -0.621968 0)
(0.549922 0.697619 0)
(-0.305605 -0.698989 0)
(0.0217392 0.00487022 0)
(0.00577077 -0.00299186 0)
(-0.0270462 0.0234168 0)
(-0.0654425 0.0511976 0)
(-0.0827911 0.0675428 0)
(-0.0876429 0.072441 0)
(-0.0968266 0.0628948 0)
(-0.105145 0.0454357 0)
(-0.107883 0.0330351 0)
(-0.107848 0.0247957 0)
(-0.109833 0.0255841 0)
(-0.118276 0.0323607 0)
(-0.130616 0.0314733 0)
(-0.134778 0.0143588 0)
(-0.116827 -0.0139641 0)
(-0.094861 -0.0259423 0)
(-0.0770375 -0.0292976 0)
(-0.0603649 -0.0299938 0)
(-0.0427008 -0.0393379 0)
(-0.0249299 -0.0618549 0)
(-0.00337518 -0.0862746 0)
(0.0198705 -0.120552 0)
(0.0456742 -0.105193 0)
(-0.61915 0.0860336 0)
(-0.614883 0.114255 0)
(-0.541042 0.0746498 0)
(-0.457711 0.0320599 0)
(-0.414722 0.00727899 0)
(-0.412036 0.017689 0)
(-0.408465 0.0370317 0)
(-0.386194 0.0378213 0)
(-0.345343 0.0289464 0)
(-0.282585 0.0220187 0)
(-0.20954 0.0238326 0)
(-0.162009 0.029182 0)
(-0.137388 0.0255267 0)
(-0.109447 -0.00141507 0)
(-0.081549 -0.034935 0)
(-0.0647716 -0.0407366 0)
(-0.0477273 -0.0403161 0)
(-0.0347707 -0.0405985 0)
(-0.0192902 -0.0494564 0)
(-0.0129278 -0.0727084 0)
(0.00853103 -0.109445 0)
(0.0365396 -0.142885 0)
(0.0640182 -0.145801 0)
(-0.461611 0.85527 0)
(-0.434489 0.120597 0)
(-0.81593 -0.0782232 0)
(-1.10462 -0.0135496 0)
(-1.33422 0.0488997 0)
(-1.46363 0.0632229 0)
(-1.45663 0.0150822 0)
(-1.38773 -0.0319439 0)
(-1.26528 -0.105416 0)
(-1.03549 -0.145346 0)
(-0.768005 -0.100928 0)
(-0.58621 -0.0492054 0)
(-0.536287 -0.0305688 0)
(-0.574032 -0.0226012 0)
(-0.571838 -0.0293676 0)
(-0.464652 -0.041148 0)
(-0.356478 -0.0374115 0)
(-0.281663 -0.0289333 0)
(-0.219661 -0.0376251 0)
(-0.166101 -0.0746087 0)
(-0.144716 -0.12505 0)
(-0.134897 -0.154901 0)
(-0.10296 -0.138788 0)
(-0.306171 1.20729 0)
(-0.291323 0.534558 0)
(-0.685284 0.439766 0)
(-0.903636 0.370689 0)
(-1.06863 0.266517 0)
(-1.20125 0.148746 0)
(-1.36507 0.0335032 0)
(-1.63012 -0.0673373 0)
(-2.00786 -0.19059 0)
(-2.46511 -0.308138 0)
(-2.75696 -0.29086 0)
(-2.73526 -0.143241 0)
(-2.52574 0.00296449 0)
(-2.29148 -0.0348599 0)
(-1.99854 -0.25427 0)
(-1.75977 -0.357286 0)
(-1.53239 -0.31504 0)
(-1.28609 -0.239445 0)
(-1.06087 -0.190746 0)
(-0.952145 -0.170005 0)
(-0.958354 -0.150537 0)
(-0.966406 -0.144056 0)
(-0.662484 -0.396495 0)
(-0.0974012 1.36558 0)
(-0.0615281 0.782217 0)
(-0.364403 0.600026 0)
(-0.407143 0.503275 0)
(-0.456556 0.402177 0)
(-0.499096 0.326244 0)
(-0.49816 0.335276 0)
(-0.554903 0.434696 0)
(-0.747719 0.483242 0)
(-1.03088 0.32441 0)
(-1.32817 -0.0364733 0)
(-1.61379 -0.318905 0)
(-1.76876 -0.291291 0)
(-1.68322 -0.29418 0)
(-1.62675 -0.473928 0)
(-1.67372 -0.505886 0)
(-1.76559 -0.435314 0)
(-1.95238 -0.34597 0)
(-2.06409 -0.243519 0)
(-2.00951 -0.171466 0)
(-1.80182 -0.265832 0)
(-1.4456 -0.684049 0)
(-1.31337 -1.22714 0)
(0.0975408 1.25764 0)
(0.166571 0.982987 0)
(-0.0244865 0.658867 0)
(-0.0168603 0.492908 0)
(-0.0173294 0.409409 0)
(-0.0736693 0.347556 0)
(-0.109801 0.277037 0)
(-0.139253 0.339155 0)
(-0.152833 0.479586 0)
(-0.26052 0.48709 0)
(-0.46909 0.351605 0)
(-0.759743 0.181664 0)
(-1.10179 -0.0452381 0)
(-1.23698 -0.225711 0)
(-1.22525 -0.331996 0)
(-1.49405 -0.230667 0)
(-1.71196 -0.0885454 0)
(-1.66351 -0.160144 0)
(-1.47794 -0.273181 0)
(-1.24505 -0.333693 0)
(-1.0654 -0.411994 0)
(-1.05523 -0.582293 0)
(-1.22921 -0.962158 0)
(0.148515 0.997834 0)
(0.267854 1.00253 0)
(0.213114 0.721301 0)
(0.195702 0.511267 0)
(0.164567 0.426158 0)
(0.107208 0.397438 0)
(0.0421706 0.337892 0)
(-0.0413471 0.355465 0)
(-0.0410281 0.446756 0)
(-0.0218058 0.507941 0)
(-0.0802124 0.485015 0)
(-0.212854 0.426374 0)
(-0.448013 0.277331 0)
(-0.710417 -0.00199212 0)
(-1.01771 -0.172819 0)
(-1.35055 -0.135072 0)
(-1.59454 -0.192246 0)
(-1.68056 -0.383875 0)
(-1.51788 -0.511577 0)
(-1.2731 -0.486943 0)
(-1.07368 -0.46505 0)
(-0.925961 -0.495046 0)
(-0.988184 -0.631775 0)
(0.0691879 0.804375 0)
(0.222018 0.906458 0)
(0.267158 0.723259 0)
(0.254783 0.550625 0)
(0.192156 0.476323 0)
(0.142078 0.462763 0)
(0.0846301 0.428883 0)
(-0.00269291 0.432563 0)
(-0.0420603 0.468149 0)
(-0.0252773 0.512711 0)
(-0.0146746 0.530148 0)
(-0.0493462 0.518979 0)
(-0.143301 0.456832 0)
(-0.326461 0.311006 0)
(-0.576224 0.193825 0)
(-0.831095 0.187712 0)
(-1.11038 0.0931325 0)
(-1.34919 -0.221559 0)
(-1.52501 -0.631451 0)
(-1.62433 -0.985089 0)
(-1.44063 -0.925004 0)
(-1.19613 -0.749576 0)
(-1.07156 -0.552011 0)
(-0.00761841 0.727864 0)
(0.124688 0.777075 0)
(0.20578 0.68505 0)
(0.209822 0.580855 0)
(0.153661 0.529172 0)
(0.118311 0.515673 0)
(0.0731941 0.494786 0)
(0.00964716 0.490131 0)
(-0.0378607 0.489085 0)
(-0.0550307 0.504245 0)
(-0.0504686 0.528954 0)
(-0.05672 0.543533 0)
(-0.0854728 0.527677 0)
(-0.160296 0.465868 0)
(-0.299017 0.387885 0)
(-0.451308 0.36984 0)
(-0.619472 0.337683 0)
(-0.839472 0.17879 0)
(-1.16589 -0.143686 0)
(-1.46754 -0.626627 0)
(-1.51689 -0.941052 0)
(-1.36992 -0.926201 0)
(-1.24083 -0.661141 0)
(-0.0235391 0.703201 0)
(0.0593682 0.672299 0)
(0.126181 0.647435 0)
(0.137087 0.599001 0)
(0.105397 0.566743 0)
(0.0860957 0.549979 0)
(0.0543552 0.53802 0)
(0.0157186 0.532892 0)
(-0.0211975 0.519629 0)
(-0.0516945 0.514911 0)
(-0.0665907 0.528253 0)
(-0.0737153 0.549365 0)
(-0.0845253 0.557552 0)
(-0.11358 0.543323 0)
(-0.185293 0.511983 0)
(-0.292859 0.494852 0)
(-0.420841 0.480623 0)
(-0.621041 0.357736 0)
(-0.946871 0.00614642 0)
(-1.32159 -0.518628 0)
(-1.50588 -0.94007 0)
(-1.44142 -1.02818 0)
(-1.29122 -0.857615 0)
(-0.0113747 0.692286 0)
(0.0326812 0.613009 0)
(0.0722616 0.621102 0)
(0.0842928 0.604007 0)
(0.072841 0.584778 0)
(0.0647472 0.569633 0)
(0.046624 0.564659 0)
(0.0267436 0.562721 0)
(0.00274748 0.552424 0)
(-0.024899 0.542746 0)
(-0.0477602 0.544583 0)
(-0.0609493 0.558999 0)
(-0.070589 0.574584 0)
(-0.0900085 0.583308 0)
(-0.134578 0.584161 0)
(-0.209355 0.585859 0)
(-0.296222 0.607081 0)
(-0.415735 0.602766 0)
(-0.657518 0.401169 0)
(-1.04549 -0.138033 0)
(-1.41234 -0.794673 0)
(-1.62737 -1.12224 0)
(-1.52589 -1.0373 0)
(-0.00240701 0.683634 0)
(0.0223082 0.582298 0)
(0.0447306 0.602382 0)
(0.0571647 0.599773 0)
(0.0564739 0.588745 0)
(0.0549497 0.578485 0)
(0.0471777 0.577406 0)
(0.0391909 0.578115 0)
(0.0262924 0.573803 0)
(0.00773614 0.5672 0)
(-0.0125056 0.565385 0)
(-0.0287622 0.573752 0)
(-0.041514 0.590645 0)
(-0.0594468 0.611756 0)
(-0.0909599 0.632937 0)
(-0.140271 0.652208 0)
(-0.197175 0.690519 0)
(-0.255845 0.753989 0)
(-0.40183 0.692356 0)
(-0.695174 0.287052 0)
(-1.08423 -0.377405 0)
(-1.5514 -0.940277 0)
(-1.81542 -1.16375 0)
(-0.000268482 0.675095 0)
(0.0172002 0.562937 0)
(0.0323166 0.587435 0)
(0.0448273 0.592151 0)
(0.0487546 0.586348 0)
(0.0511549 0.58028 0)
(0.0497978 0.580803 0)
(0.0486299 0.583284 0)
(0.0441717 0.58375 0)
(0.0350275 0.582085 0)
(0.02178 0.582216 0)
(0.00707914 0.589558 0)
(-0.00721644 0.60746 0)
(-0.0236368 0.635153 0)
(-0.0459139 0.66743 0)
(-0.0767839 0.6971 0)
(-0.114408 0.737196 0)
(-0.142435 0.822884 0)
(-0.205199 0.869747 0)
(-0.426073 0.584906 0)
(-0.768456 0.0555692 0)
(-1.10217 -0.396613 0)
(-1.60762 -1.02323 0)
(0.000126641 0.667312 0)
(0.0147441 0.548207 0)
(0.0268472 0.574301 0)
(0.0389106 0.583792 0)
(0.044838 0.581469 0)
(0.0496874 0.578123 0)
(0.0521542 0.579383 0)
(0.0548292 0.583002 0)
(0.0558605 0.586634 0)
(0.053659 0.589386 0)
(0.0472863 0.593538 0)
(0.0373164 0.603266 0)
(0.0254647 0.622637 0)
(0.0127909 0.652699 0)
(-0.00112542 0.689244 0)
(-0.0182076 0.72472 0)
(-0.04128 0.764181 0)
(-0.0591528 0.847205 0)
(-0.0718092 0.971305 0)
(-0.215311 0.843552 0)
(-0.55584 0.32527 0)
(-0.822055 -0.0157295 0)
(-1.15888 -0.320691 0)
(0.00115938 0.659847 0)
(0.0139198 0.536137 0)
(0.0245443 0.562258 0)
(0.0359899 0.57502 0)
(0.0431818 0.575015 0)
(0.0496315 0.573557 0)
(0.0544698 0.575386 0)
(0.0593509 0.579587 0)
(0.0635356 0.58501 0)
(0.0657605 0.591032 0)
(0.0648298 0.599114 0)
(0.0606558 0.612087 0)
(0.0545161 0.632927 0)
(0.0483446 0.663078 0)
(0.0430332 0.700004 0)
(0.0373987 0.738482 0)
(0.0278584 0.780308 0)
(0.0172271 0.853595 0)
(0.0184156 1.0087 0)
(-0.0123116 1.06794 0)
(-0.371956 0.596468 0)
(-0.667109 0.20394 0)
(-0.889921 0.0425806 0)
(0.00271357 0.651683 0)
(0.0140588 0.525741 0)
(0.0239256 0.550934 0)
(0.0349097 0.565859 0)
(0.0431804 0.567341 0)
(0.0508272 0.56725 0)
(0.0573589 0.569614 0)
(0.0637563 0.574118 0)
(0.0698488 0.580439 0)
(0.0750074 0.588473 0)
(0.0784146 0.599222 0)
(0.0799665 0.614441 0)
(0.0807367 0.635966 0)
(0.0824688 0.665001 0)
(0.086282 0.700627 0)
(0.0914684 0.740052 0)
(0.0952605 0.784791 0)
(0.0981911 0.853388 0)
(0.10807 1.00044 0)
(0.171771 1.19202 0)
(-0.0590933 0.963568 0)
(-0.46151 0.457229 0)
(-0.687229 0.259017 0)
(0.00419212 0.642375 0)
(0.0147071 0.516223 0)
(0.0243072 0.539998 0)
(0.0351006 0.556308 0)
(0.0443029 0.558715 0)
(0.0529992 0.559557 0)
(0.060994 0.562397 0)
(0.0688206 0.567115 0)
(0.0765465 0.573796 0)
(0.0840836 0.582714 0)
(0.0911716 0.59455 0)
(0.0979276 0.610358 0)
(0.105304 0.631256 0)
(0.114747 0.658164 0)
(0.127385 0.691341 0)
(0.143243 0.729766 0)
(0.161081 0.774487 0)
(0.182289 0.838891 0)
(0.219988 0.962096 0)
(0.316585 1.16837 0)
(0.339349 1.25515 0)
(0.0336032 0.855535 0)
(-0.267225 0.472773 0)
(0.00530483 0.631992 0)
(0.0155568 0.506983 0)
(0.0252037 0.529174 0)
(0.0360707 0.546293 0)
(0.0460816 0.549229 0)
(0.0557755 0.550618 0)
(0.0651561 0.553764 0)
(0.0745031 0.558582 0)
(0.0839851 0.565219 0)
(0.0938013 0.5741 0)
(0.104132 0.585711 0)
(0.115364 0.600687 0)
(0.128361 0.619713 0)
(0.144353 0.64349 0)
(0.164562 0.672727 0)
(0.189963 0.707527 0)
(0.221208 0.747818 0)
(0.259923 0.801283 0)
(0.325575 0.892582 0)
(0.437539 1.04437 0)
(0.616655 1.24066 0)
(0.638276 1.1319 0)
(0.398772 0.755162 0)
(0.0060442 0.620745 0)
(0.0164112 0.49764 0)
(0.0262565 0.518239 0)
(0.037408 0.535744 0)
(0.0481454 0.53891 0)
(0.0587788 0.540504 0)
(0.0694412 0.543675 0)
(0.0803007 0.548349 0)
(0.091593 0.554582 0)
(0.103635 0.562757 0)
(0.116812 0.573246 0)
(0.131675 0.586433 0)
(0.149053 0.602707 0)
(0.170052 0.622522 0)
(0.195965 0.646438 0)
(0.228356 0.674823 0)
(0.269124 0.706861 0)
(0.319796 0.743993 0)
(0.39587 0.799064 0)
(0.511903 0.87865 0)
(0.71688 1.0176 0)
(0.945145 1.07992 0)
(1.00897 0.889535 0)
(0.00650252 0.608831 0)
(0.0171705 0.487993 0)
(0.0272565 0.50704 0)
(0.03882 0.524629 0)
(0.0502127 0.527797 0)
(0.0616879 0.529317 0)
(0.0734613 0.532224 0)
(0.0856827 0.536452 0)
(0.0986157 0.541955 0)
(0.112627 0.548981 0)
(0.128147 0.557794 0)
(0.145766 0.56861 0)
(0.166278 0.581614 0)
(0.190697 0.596991 0)
(0.220252 0.614904 0)
(0.256543 0.635348 0)
(0.301653 0.657336 0)
(0.357144 0.678916 0)
(0.430016 0.703198 0)
(0.532415 0.728322 0)
(0.69031 0.771434 0)
(0.927011 0.818534 0)
(1.13061 0.744666 0)
(0.00678419 0.596408 0)
(0.0178005 0.47801 0)
(0.0280952 0.495508 0)
(0.0401132 0.512962 0)
(0.052074 0.515973 0)
(0.0642677 0.517204 0)
(0.0769371 0.519637 0)
(0.0902637 0.523157 0)
(0.10451 0.527659 0)
(0.120058 0.533262 0)
(0.137316 0.540114 0)
(0.156843 0.548297 0)
(0.179363 0.557832 0)
(0.205771 0.56867 0)
(0.237128 0.580634 0)
(0.274768 0.593276 0)
(0.320344 0.605591 0)
(0.375402 0.615218 0)
(0.441535 0.620257 0)
(0.525435 0.616787 0)
(0.631698 0.603382 0)
(0.79102 0.589657 0)
(0.969426 0.523796 0)
(0.00696765 0.583605 0)
(0.0182898 0.467754 0)
(0.0287198 0.483662 0)
(0.041168 0.500809 0)
(0.0535817 0.503565 0)
(0.0663532 0.504356 0)
(0.0797002 0.50617 0)
(0.0938348 0.508811 0)
(0.109014 0.512139 0)
(0.12561 0.516166 0)
(0.143995 0.520951 0)
(0.164655 0.526459 0)
(0.188219 0.532578 0)
(0.215439 0.53909 0)
(0.247164 0.545617 0)
(0.28441 0.551473 0)
(0.328262 0.555603 0)
(0.379926 0.556151 0)
(0.439514 0.550297 0)
(0.508783 0.534622 0)
(0.585978 0.502517 0)
(0.680493 0.458842 0)
(0.791034 0.386006 0)
(0.00709366 0.57053 0)
(0.0186301 0.457309 0)
(0.0291156 0.471572 0)
(0.0419143 0.48828 0)
(0.0546454 0.49071 0)
(0.0678304 0.490977 0)
(0.0816426 0.492073 0)
(0.0963043 0.493747 0)
(0.112056 0.495819 0)
(0.129243 0.498227 0)
(0.148204 0.500958 0)
(0.169338 0.503891 0)
(0.193173 0.506822 0)
(0.220304 0.509432 0)
(0.251355 0.511238 0)
(0.287039 0.511489 0)
(0.328002 0.509118 0)
(0.374913 0.502645 0)
(0.427837 0.489794 0)
(0.48638 0.468105 0)
(0.548739 0.432609 0)
(0.612954 0.383194 0)
(0.679734 0.313415 0)
(0.00718398 0.557273 0)
(0.0188191 0.446758 0)
(0.0292899 0.459322 0)
(0.0423167 0.475497 0)
(0.055224 0.477545 0)
(0.0686478 0.477256 0)
(0.082716 0.477587 0)
(0.0976483 0.478273 0)
(0.113659 0.479077 0)
(0.131055 0.479912 0)
(0.150133 0.480693 0)
(0.171211 0.481249 0)
(0.194717 0.481327 0)
(0.221092 0.480554 0)
(0.250759 0.478408 0)
(0.284168 0.474167 0)
(0.321667 0.466847 0)
(0.363483 0.455199 0)
(0.409594 0.437547 0)
(0.459186 0.412078 0)
(0.510943 0.376158 0)
(0.561599 0.32838 0)
(0.608554 0.265005 0)
(0.00725542 0.543923 0)
(0.018861 0.436184 0)
(0.0292566 0.447014 0)
(0.0423748 0.462584 0)
(0.0553143 0.464224 0)
(0.0688089 0.46337 0)
(0.0829349 0.462937 0)
(0.0979025 0.462653 0)
(0.113906 0.462242 0)
(0.131198 0.461603 0)
(0.150023 0.460593 0)
(0.170641 0.459029 0)
(0.193372 0.456635 0)
(0.218527 0.45302 0)
(0.246367 0.447675 0)
(0.277142 0.439946 0)
(0.310988 0.428986 0)
(0.347866 0.413755 0)
(0.387554 0.393012 0)
(0.429234 0.365382 0)
(0.471765 0.329452 0)
(0.513015 0.284254 0)
(0.549524 0.22712 0)
(0.00731378 0.530578 0)
(0.0187714 0.425672 0)
(0.0290328 0.434769 0)
(0.0421113 0.449687 0)
(0.0549403 0.450911 0)
(0.0683525 0.449505 0)
(0.0823568 0.448335 0)
(0.0971538 0.447131 0)
(0.112919 0.445597 0)
(0.129848 0.443608 0)
(0.148135 0.441007 0)
(0.167991 0.437602 0)
(0.189639 0.433118 0)
(0.21328 0.427182 0)
(0.239056 0.419322 0)
(0.267071 0.408967 0)
(0.297317 0.395409 0)
(0.329613 0.377831 0)
(0.363599 0.355306 0)
(0.398501 0.326842 0)
(0.433266 0.291574 0)
(0.46652 0.249043 0)
(0.495381 0.197431 0)
(0.00735537 0.517308 0)
(0.018582 0.415311 0)
(0.0286336 0.42269 0)
(0.041559 0.436946 0)
(0.0541471 0.437762 0)
(0.0673401 0.435832 0)
(0.0810675 0.433973 0)
(0.0955221 0.431922 0)
(0.110853 0.429374 0)
(0.12721 0.426184 0)
(0.144745 0.422203 0)
(0.163619 0.417239 0)
(0.183978 0.41103 0)
(0.20594 0.403238 0)
(0.229561 0.393445 0)
(0.254839 0.381171 0)
(0.281679 0.365837 0)
(0.309832 0.346821 0)
(0.338882 0.323443 0)
(0.368125 0.295015 0)
(0.396627 0.260988 0)
(0.423361 0.221182 0)
(0.446107 0.174377 0)
(0.00738464 0.504132 0)
(0.0183355 0.405198 0)
(0.0280587 0.410844 0)
(0.0407527 0.424469 0)
(0.052983 0.42489 0)
(0.0658436 0.422475 0)
(0.0791681 0.419992 0)
(0.0931401 0.417183 0)
(0.107881 0.413738 0)
(0.123506 0.409511 0)
(0.140131 0.404359 0)
(0.157872 0.398103 0)
(0.176818 0.390502 0)
(0.197023 0.381264 0)
(0.218488 0.370027 0)
(0.241143 0.356396 0)
(0.264838 0.339914 0)
(0.289297 0.320111 0)
(0.314104 0.296503 0)
(0.338633 0.268618 0)
(0.362085 0.236106 0)
(0.383651 0.198936 0)
(0.401596 0.1563 0)
(0.00743016 0.491047 0)
(0.0180798 0.395453 0)
(0.0272822 0.399299 0)
(0.0397172 0.412341 0)
(0.0514854 0.41238 0)
(0.0639325 0.409536 0)
(0.0767547 0.406508 0)
(0.0901351 0.403036 0)
(0.104174 0.398821 0)
(0.118955 0.39372 0)
(0.134567 0.387599 0)
(0.151085 0.380298 0)
(0.168559 0.371601 0)
(0.186997 0.36126 0)
(0.206363 0.348978 0)
(0.22655 0.334429 0)
(0.247381 0.317266 0)
(0.268576 0.297138 0)
(0.289746 0.273709 0)
(0.31034 0.246664 0)
(0.329685 0.215779 0)
(0.347138 0.181101 0)
(0.361316 0.142114 0)
(0.0075467 0.478018 0)
(0.0178674 0.386265 0)
(0.0262763 0.388157 0)
(0.0384638 0.400634 0)
(0.0496789 0.400317 0)
(0.0616596 0.397117 0)
(0.0739011 0.393621 0)
(0.0866116 0.389589 0)
(0.0998765 0.38473 0)
(0.113749 0.378909 0)
(0.128295 0.372007 0)
(0.14356 0.363878 0)
(0.159561 0.35434 0)
(0.176279 0.343182 0)
(0.193655 0.330171 0)
(0.211566 0.315044 0)
(0.229824 0.29754 0)
(0.248163 0.277406 0)
(0.266233 0.254419 0)
(0.28356 0.228376 0)
(0.29958 0.199144 0)
(0.31377 0.1668 0)
(0.325007 0.13103 0)
(0.00778812 0.464955 0)
(0.0177318 0.377832 0)
(0.0250723 0.377546 0)
(0.0370007 0.389401 0)
(0.0475797 0.388765 0)
(0.0590525 0.385289 0)
(0.0706438 0.381403 0)
(0.0826309 0.376905 0)
(0.0950784 0.371521 0)
(0.108016 0.365118 0)
(0.121491 0.357599 0)
(0.135522 0.348831 0)
(0.150104 0.338667 0)
(0.165203 0.326929 0)
(0.180746 0.313438 0)
(0.196604 0.297987 0)
(0.212599 0.280386 0)
(0.228485 0.260458 0)
(0.243958 0.238063 0)
(0.258621 0.213086 0)
(0.272013 0.185456 0)
(0.283701 0.155256 0)
(0.292764 0.122316 0)
(0.00815689 0.451747 0)
(0.0176527 0.370255 0)
(0.023769 0.367614 0)
(0.0353328 0.378699 0)
(0.0451915 0.377777 0)
(0.0561059 0.374096 0)
(0.0669738 0.369889 0)
(0.0781951 0.36501 0)
(0.0897969 0.3592 0)
(0.101792 0.352334 0)
(0.114212 0.344334 0)
(0.127059 0.335087 0)
(0.140308 0.32447 0)
(0.15392 0.312342 0)
(0.167812 0.298561 0)
(0.181863 0.282972 0)
(0.19591 0.265441 0)
(0.209736 0.245847 0)
(0.223083 0.224106 0)
(0.235633 0.20017 0)
(0.247026 0.174018 0)
(0.256909 0.145733 0)
(0.264539 0.115232 0)
(0.00859097 0.438356 0)
(0.017566 0.363531 0)
(0.022436 0.358527 0)
(0.0334456 0.368626 0)
(0.042493 0.367429 0)
(0.052776 0.363597 0)
(0.0628343 0.359129 0)
(0.0732389 0.353936 0)
(0.0839581 0.347776 0)
(0.094994 0.340543 0)
(0.106369 0.332172 0)
(0.118069 0.32257 0)
(0.130061 0.311635 0)
(0.142301 0.299257 0)
(0.154706 0.285321 0)
(0.167166 0.26972 0)
(0.179536 0.252357 0)
(0.191631 0.23315 0)
(0.203241 0.212057 0)
(0.214123 0.189071 0)
(0.224012 0.16421 0)
(0.232628 0.137554 0)
(0.239398 0.109069 0)
(0.00901395 0.424831 0)
(0.0174174 0.357631 0)
(0.0210519 0.350446 0)
(0.0313075 0.359322 0)
(0.0394389 0.35783 0)
(0.0489902 0.353887 0)
(0.058132 0.349205 0)
(0.0676464 0.34375 0)
(0.0774174 0.3373 0)
(0.0874437 0.329771 0)
(0.0977425 0.321111 0)
(0.108287 0.311245 0)
(0.119041 0.300088 0)
(0.129958 0.287554 0)
(0.14096 0.273553 0)
(0.151951 0.258011 0)
(0.162801 0.240857 0)
(0.17336 0.222042 0)
(0.183461 0.201544 0)
(0.19292 0.17938 0)
(0.201554 0.155588 0)
(0.209147 0.13025 0)
(0.215278 0.103356 0)
(0.00938429 0.411255 0)
(0.0171735 0.352539 0)
(0.0195714 0.343511 0)
(0.0288984 0.350927 0)
(0.0359884 0.349108 0)
(0.0446839 0.345088 0)
(0.0527846 0.340227 0)
(0.0613141 0.334553 0)
(0.0700373 0.32786 0)
(0.0789636 0.32009 0)
(0.0881056 0.311204 0)
(0.0974262 0.30114 0)
(0.106889 0.28983 0)
(0.116447 0.277206 0)
(0.126032 0.263199 0)
(0.135554 0.247757 0)
(0.144902 0.23083 0)
(0.153955 0.212391 0)
(0.162579 0.192424 0)
(0.170631 0.170953 0)
(0.177993 0.148025 0)
(0.184492 0.123723 0)
(0.189832 0.0980552 0)
(0.00967602 0.397732 0)
(0.0167688 0.348219 0)
(0.0179901 0.337828 0)
(0.0262319 0.343572 0)
(0.0321454 0.341405 0)
(0.0398568 0.33733 0)
(0.0467912 0.332315 0)
(0.0542376 0.326459 0)
(0.0617991 0.319562 0)
(0.0695183 0.3116 0)
(0.0773995 0.302543 0)
(0.0853974 0.292341 0)
(0.0934787 0.280938 0)
(0.101598 0.268284 0)
(0.109691 0.254323 0)
(0.117674 0.239017 0)
(0.125454 0.222334 0)
(0.132929 0.204255 0)
(0.139992 0.184767 0)
(0.146532 0.163893 0)
(0.152472 0.141682 0)
(0.157666 0.118207 0)
(0.161921 0.0935054 0)
(0.00983602 0.384478 0)
(0.0160845 0.344566 0)
(0.0163017 0.333443 0)
(0.0233493 0.337382 0)
(0.0279777 0.334857 0)
(0.0346017 0.330722 0)
(0.0402774 0.32557 0)
(0.0465702 0.319564 0)
(0.0528782 0.312502 0)
(0.0593122 0.304399 0)
(0.0658574 0.295226 0)
(0.0724633 0.284945 0)
(0.0791024 0.273513 0)
(0.0857285 0.260887 0)
(0.0922795 0.247022 0)
(0.098681 0.23189 0)
(0.104854 0.215468 0)
(0.110713 0.19774 0)
(0.116178 0.178701 0)
(0.121158 0.158364 0)
(0.125607 0.136778 0)
(0.129402 0.113989 0)
(0.132436 0.0900792 0)
(0.00977356 0.371793 0)
(0.015011 0.341471 0)
(0.0144749 0.330302 0)
(0.0202981 0.33241 0)
(0.023598 0.329542 0)
(0.0290911 0.325312 0)
(0.0334803 0.320038 0)
(0.0386012 0.313904 0)
(0.0436256 0.306717 0)
(0.0487661 0.298523 0)
(0.0539699 0.289286 0)
(0.0591918 0.27898 0)
(0.0644092 0.26757 0)
(0.0695739 0.255018 0)
(0.0746279 0.241287 0)
(0.0795087 0.226351 0)
(0.0841509 0.210197 0)
(0.0884928 0.19281 0)
(0.0924715 0.174188 0)
(0.0960147 0.15434 0)
(0.0991049 0.133307 0)
(0.101636 0.111082 0)
(0.10358 0.0878225 0)
(0.00941626 0.360032 0)
(0.0135195 0.338934 0)
(0.0124969 0.328298 0)
(0.0171238 0.328641 0)
(0.0191399 0.325481 0)
(0.0235284 0.32111 0)
(0.0266794 0.315728 0)
(0.030669 0.309481 0)
(0.0344577 0.302206 0)
(0.0383723 0.293959 0)
(0.0423089 0.284697 0)
(0.04624 0.274403 0)
(0.0501441 0.263046 0)
(0.0539741 0.25059 0)
(0.0576801 0.237005 0)
(0.0612118 0.22227 0)
(0.064519 0.206377 0)
(0.0675605 0.189312 0)
(0.0702868 0.171067 0)
(0.0726485 0.151652 0)
(0.0746333 0.131076 0)
(0.076152 0.109308 0)
(0.0772359 0.0865674 0)
(0.00861534 0.349431 0)
(0.0115306 0.336874 0)
(0.0103488 0.327296 0)
(0.0138277 0.325998 0)
(0.014729 0.322631 0)
(0.0180803 0.318054 0)
(0.0201143 0.312579 0)
(0.0230644 0.306219 0)
(0.0257265 0.298882 0)
(0.0285411 0.2906 0)
(0.0313482 0.281331 0)
(0.0341404 0.271062 0)
(0.0368959 0.259764 0)
(0.0395765 0.247404 0)
(0.0421429 0.233961 0)
(0.0445565 0.219415 0)
(0.046778 0.203755 0)
(0.0487719 0.186975 0)
(0.0504986 0.169047 0)
(0.0519247 0.149992 0)
(0.0530309 0.129778 0)
(0.0537352 0.108388 0)
(0.0540836 0.0860491 0)
(0.00768174 0.341082 0)
(0.00954367 0.335567 0)
(0.00829235 0.326979 0)
(0.0107109 0.324347 0)
(0.0107211 0.320862 0)
(0.0131781 0.316082 0)
(0.0142768 0.310542 0)
(0.0163424 0.30409 0)
(0.0180568 0.296715 0)
(0.0199507 0.288423 0)
(0.0218166 0.279167 0)
(0.0236683 0.268933 0)
(0.0254815 0.257696 0)
(0.0272271 0.245428 0)
(0.0288687 0.23211 0)
(0.0303694 0.217728 0)
(0.0317035 0.202267 0)
(0.0328245 0.185719 0)
(0.0336984 0.16807 0)
(0.034285 0.149325 0)
(0.0345596 0.129459 0)
(0.0344423 0.10844 0)
(0.0339642 0.0864733 0)
(0.00510383 0.331911 0)
(0.00565315 0.334336 0)
(0.0048058 0.327337 0)
(0.00596884 0.323415 0)
(0.00533643 0.319908 0)
(0.00661541 0.314675 0)
(0.00678755 0.309135 0)
(0.00776284 0.302485 0)
(0.00841538 0.295094 0)
(0.00923026 0.28677 0)
(0.0099963 0.277524 0)
(0.0107545 0.267323 0)
(0.0114828 0.256152 0)
(0.0121624 0.243991 0)
(0.0127671 0.230821 0)
(0.0132708 0.21663 0)
(0.0136577 0.201407 0)
(0.013896 0.185132 0)
(0.0139741 0.167809 0)
(0.0138581 0.149412 0)
(0.0135579 0.129934 0)
(0.0130265 0.109284 0)
(0.0123389 0.0875558 0)
(0.0971351 -0.0677957 0)
(0.151934 -0.0512931 0)
(0.206129 -0.0450642 0)
(0.251518 -0.0377763 0)
(0.0775314 -0.156493 0)
(0.0953133 -0.165905 0)
(0.118948 -0.167357 0)
(0.154365 -0.158244 0)
(-0.101773 -0.123823 0)
(-0.0848267 -0.140896 0)
(0.00594624 -0.194588 0)
(0.1913 -0.251147 0)
(0.16437 -0.287799 0)
(0.616185 -0.484842 0)
(0.961834 -0.764566 0)
(1.2692 -1.08231 0)
(-1.16356 -1.47016 0)
(-0.86623 -1.78848 0)
(-0.598927 -1.95601 0)
(-0.428147 -1.72132 0)
(-1.47143 -1.33421 0)
(-1.5968 -1.83086 0)
(-1.60444 -2.05254 0)
(-1.70421 -1.722 0)
(-1.24093 -0.881909 0)
(-1.52775 -1.15971 0)
(-1.88385 -1.55369 0)
(-2.26352 -1.3662 0)
(-1.10882 -0.463158 0)
(-1.35213 -0.478024 0)
(-1.652 -0.526743 0)
(-2.07961 -0.762703 0)
(-1.15097 -0.356078 0)
(-1.14761 -0.231712 0)
(-1.12834 -0.206132 0)
(-1.16104 -0.275289 0)
(-1.1077 -0.594827 0)
(-0.986921 -0.433628 0)
(-0.873321 -0.315125 0)
(-0.781377 -0.25029 0)
(-1.33975 -0.858004 0)
(-1.21214 -0.750186 0)
(-1.09222 -0.670001 0)
(-0.985459 -0.604692 0)
(-1.73286 -1.03522 0)
(-1.582 -0.899441 0)
(-1.43948 -0.745267 0)
(-1.34374 -0.664751 0)
(-1.90689 -1.2411 0)
(-2.02911 -1.33194 0)
(-2.12255 -1.08311 0)
(-2.13907 -0.906468 0)
(-1.55304 -0.580882 0)
(-1.79443 -0.742682 0)
(-1.95589 -0.813037 0)
(-2.07242 -0.843157 0)
(-1.20244 -0.0353488 0)
(-1.46983 -0.212232 0)
(-1.67967 -0.357499 0)
(-1.85696 -0.477099 0)
(-0.803604 0.311412 0)
(-0.945059 0.174458 0)
(-1.12079 -0.0204167 0)
(-1.28339 -0.188128 0)
(-0.380873 0.434546 0)
(-0.423047 0.408949 0)
(-0.478851 0.270861 0)
(-0.621923 0.0573971 0)
(0.309795 0.551253 0)
(0.253625 0.481927 0)
(0.264538 0.436916 0)
(0.251751 0.363882 0)
(1.01067 0.676734 0)
(0.942573 0.530424 0)
(0.914078 0.385699 0)
(0.916556 0.29384 0)
(1.24641 0.645059 0)
(1.28349 0.54495 0)
(1.30557 0.413186 0)
(1.31301 0.264776 0)
(1.0921 0.458007 0)
(1.15915 0.400664 0)
(1.21099 0.325733 0)
(1.24767 0.239781 0)
(0.87091 0.322672 0)
(0.917674 0.275053 0)
(0.957383 0.220569 0)
(0.990903 0.162228 0)
(0.726595 0.255569 0)
(0.752895 0.213973 0)
(0.775492 0.169112 0)
(0.795369 0.122608 0)
(0.639904 0.213771 0)
(0.656552 0.177786 0)
(0.670554 0.139782 0)
(0.682664 0.100809 0)
(0.573223 0.181774 0)
(0.585495 0.150346 0)
(0.595675 0.117357 0)
(0.604405 0.0835987 0)
(0.513839 0.157092 0)
(0.523224 0.129439 0)
(0.530898 0.100484 0)
(0.537408 0.0707649 0)
(0.460458 0.138217 0)
(0.467588 0.113659 0)
(0.47332 0.088005 0)
(0.478122 0.0615612 0)
(0.412751 0.123677 0)
(0.418133 0.101695 0)
(0.422349 0.0787876 0)
(0.425808 0.0550883 0)
(0.369973 0.112549 0)
(0.373989 0.0927763 0)
(0.376997 0.0722294 0)
(0.379348 0.0509573 0)
(0.331733 0.104133 0)
(0.334706 0.0862946 0)
(0.336793 0.067812 0)
(0.338291 0.0487538 0)
(0.298122 0.097749 0)
(0.300396 0.0815878 0)
(0.301913 0.0648956 0)
(0.302916 0.0478315 0)
(0.269086 0.0926485 0)
(0.271021 0.0778882 0)
(0.272341 0.0626952 0)
(0.273248 0.0473237 0)
(0.243556 0.0880964 0)
(0.245425 0.0744486 0)
(0.246827 0.0604489 0)
(0.247923 0.0464077 0)
(0.219178 0.0836286 0)
(0.221054 0.0708266 0)
(0.22259 0.05773 0)
(0.223906 0.0446699 0)
(0.193307 0.0792774 0)
(0.195043 0.0671107 0)
(0.196529 0.0546952 0)
(0.197843 0.042342 0)
(0.164697 0.0754725 0)
(0.166075 0.0638058 0)
(0.167261 0.0519327 0)
(0.168315 0.0400564 0)
(0.134378 0.0726611 0)
(0.135294 0.0614118 0)
(0.136077 0.0499443 0)
(0.136813 0.0382771 0)
(0.104769 0.070906 0)
(0.105288 0.0599546 0)
(0.105765 0.0486663 0)
(0.10632 0.0369563 0)
(0.0778309 0.0700035 0)
(0.078086 0.0591562 0)
(0.0783916 0.0478165 0)
(0.0788692 0.0359611 0)
(0.0541764 0.0696417 0)
(0.0542257 0.0586925 0)
(0.0543392 0.0471887 0)
(0.0546564 0.0352092 0)
(0.033482 0.0701156 0)
(0.0332535 0.059035 0)
(0.0330446 0.0474649 0)
(0.0330588 0.0354609 0)
(0.011863 0.0709376 0)
(0.0116902 0.0596672 0)
(0.0114821 0.0479619 0)
(0.0115031 0.0357824 0)
(0.348007 -0.0272875 0)
(0.45427 -0.189331 0)
(0.4687 -0.264906 0)
(-0.0367696 -0.0517176 0)
(-0.00219547 0.502534 0)
(-0.0188062 0.647926 0)
(-0.264054 0.927721 0)
(-0.661574 1.53019 0)
(-0.542323 1.72175 0)
(-0.765114 1.45393 0)
(-0.895446 0.601392 0)
(-0.185848 -0.40857 0)
(0.216971 -1.44507 0)
(0.38143 -1.55034 0)
(0.393383 -1.42342 0)
(0.345795 -1.26325 0)
(0.466448 -0.68396 0)
(0.162919 1.16218 0)
(-0.0704917 -0.729719 0)
(0.240115 -0.142004 0)
(0.391991 -0.199796 0)
(0.0623371 0.0788738 0)
(-0.891022 0.0443042 0)
(-0.66876 0.0803661 0)
(-0.313485 0.738922 0)
(-0.237131 1.07576 0)
(-0.533418 1.55619 0)
(-0.233634 1.98726 0)
(-0.671674 1.52349 0)
(-0.493975 0.24875 0)
(0.089082 -0.934593 0)
(0.175021 -1.54553 0)
(0.271359 -1.56701 0)
(0.224585 -1.39902 0)
(0.180444 -1.25539 0)
(0.18057 -0.716487 0)
(-0.283935 1.44633 0)
(0.0931816 -0.808603 0)
(0.869272 -0.33522 0)
(1.03311 0.0804584 0)
(0.102324 0.874066 0)
(-0.590365 0.416047 0)
(-0.510722 -0.19319 0)
(-0.444976 0.413878 0)
(-0.222301 1.03571 0)
(-0.434983 1.48427 0)
(0.00238718 2.08627 0)
(-0.589376 1.58762 0)
(-0.377981 -0.0363936 0)
(0.0331579 -1.34377 0)
(0.0120918 -1.5975 0)
(0.0782679 -1.54762 0)
(-0.0424583 -1.35936 0)
(-0.0898165 -1.16162 0)
(-0.302801 -0.264703 0)
(-0.464261 1.16651 0)
(0.199449 -0.91737 0)
(1.3678 -0.755297 0)
(1.50949 0.29509 0)
(0.817459 1.28669 0)
(0.0908022 1.18847 0)
(-0.569574 0.0405956 0)
(-0.507162 0.304934 0)
(-0.278792 0.885293 0)
(-0.29635 1.39928 0)
(0.128945 1.92357 0)
(-0.221409 1.94303 0)
(-0.043918 -0.431317 0)
(-0.0980215 -1.30093 0)
(-0.208551 -1.60436 0)
(-0.185979 -1.48593 0)
(-0.361903 -1.23267 0)
(-0.556921 -0.887017 0)
(-0.68019 0.104015 0)
(-0.343235 1.11528 0)
(0.251169 -0.977936 0)
(-0.308014 -0.893102 0)
(0.117824 0.635802 0)
(0.443246 1.60643 0)
(0.252409 1.56749 0)
(-0.526837 0.284953 0)
(-0.540198 0.330989 0)
(-0.351517 0.763026 0)
(-0.199862 1.29792 0)
(0.0236633 1.53356 0)
(0.357095 2.27996 0)
(-0.0619828 -0.407112 0)
(-0.263067 -1.20326 0)
(-0.457206 -1.5618 0)
(-0.464355 -1.35459 0)
(-0.65221 -0.957839 0)
(-1.163 -0.894489 0)
(-0.91978 -0.659151 0)
(-0.133607 0.616778 0)
(0.24445 -0.897054 0)
(-1.79115 -0.94658 0)
(-1.48404 0.241099 0)
(-0.679181 1.37122 0)
(-0.198681 1.53985 0)
(-0.329164 0.584377 0)
(-0.621938 0.254366 0)
(-0.38375 0.636725 0)
(-0.157143 1.07923 0)
(0.0493198 1.45413 0)
(0.39764 1.87692 0)
(0.0976088 0.234097 0)
(-0.386635 -1.02239 0)
(-0.681733 -1.47869 0)
(-0.667901 -1.22675 0)
(-0.785091 -0.709114 0)
(-0.855523 -0.802833 0)
(-0.601687 -0.887978 0)
(-0.132478 -0.74255 0)
(0.213518 -0.770896 0)
(-2.6535 -0.786849 0)
(-2.73677 0.113968 0)
(-1.94868 0.874082 0)
(-0.876731 1.16117 0)
(-0.149496 0.904679 0)
(-0.164373 0.624132 0)
(-0.345871 0.389252 0)
(-0.129095 0.781293 0)
(0.0269661 1.3327 0)
(0.171122 1.52171 0)
(0.33354 0.798711 0)
(-0.299057 -0.620176 0)
(-0.804756 -1.35782 0)
(-0.762546 -1.23652 0)
(-0.606055 -0.825558 0)
(-0.346652 -0.979513 0)
(-0.2696 -0.980568 0)
(-0.0507433 -0.69866 0)
(0.156242 -0.677546 0)
(-2.37722 -0.564865 0)
(-2.21325 -0.168921 0)
(-1.54957 -0.263255 0)
(-0.873727 -0.545417 0)
(-0.283942 -0.138504 0)
(0.386876 0.627299 0)
(0.246765 0.280072 0)
(-0.129063 0.75031 0)
(-0.0500146 1.2332 0)
(0.0617395 1.40326 0)
(0.312851 0.870169 0)
(0.130769 -0.0296447 0)
(-0.778091 -1.13 0)
(-0.822506 -1.33477 0)
(-0.567612 -1.05872 0)
(-0.389329 -1.04505 0)
(-0.27235 -1.03481 0)
(-0.0753602 -0.8565 0)
(0.0815378 -0.659538 0)
(-1.50368 -0.431518 0)
(-1.66187 -0.600288 0)
(-1.2817 -0.668627 0)
(-1.11529 -0.647835 0)
(-1.11708 -0.490705 0)
(-0.301112 -0.0683729 0)
(-0.584367 0.728264 0)
(-0.507928 1.03474 0)
(-0.331982 1.21333 0)
(-0.098039 1.23535 0)
(0.333187 0.646452 0)
(0.579061 0.468438 0)
(-0.559405 -0.576719 0)
(-0.950357 -1.40284 0)
(-0.687127 -1.21459 0)
(-0.472864 -1.11393 0)
(-0.308254 -1.15733 0)
(-0.125336 -1.07334 0)
(0.0230024 -0.662745 0)
(-0.675953 -0.246747 0)
(-0.606639 -0.3604 0)
(-0.664433 -0.466067 0)
(-0.791877 -0.452957 0)
(-1.05247 -0.208663 0)
(-1.33744 0.332103 0)
(-1.1337 0.727458 0)
(-0.775964 0.902387 0)
(-0.409489 0.9078 0)
(0.147299 0.669378 0)
(0.412506 0.26077 0)
(0.573427 0.575158 0)
(-0.366905 0.38884 0)
(-1.17676 -1.42177 0)
(-1.01576 -1.50676 0)
(-0.675073 -1.35239 0)
(-0.403245 -1.33965 0)
(-0.139003 -1.21343 0)
(0.0116114 -0.718338 0)
(-0.838287 -0.518411 0)
(-0.686852 -0.440012 0)
(-0.620052 -0.42297 0)
(-0.601696 -0.398205 0)
(-0.560237 -0.276462 0)
(-0.534794 -0.0804808 0)
(-0.560514 0.156595 0)
(-0.319158 0.210554 0)
(-0.036627 0.210141 0)
(0.196996 0.290655 0)
(0.259925 0.341549 0)
(0.261154 0.969621 0)
(-0.771691 1.33483 0)
(-0.913728 -0.844346 0)
(-1.37696 -1.76608 0)
(-1.1283 -1.8773 0)
(-0.735389 -1.79806 0)
(-0.27517 -1.48056 0)
(0.013223 -0.800264 0)
(-1.22681 -0.604126 0)
(-1.1027 -0.56399 0)
(-1.05885 -0.540595 0)
(-1.11932 -0.467174 0)
(-1.06641 -0.226671 0)
(-0.620057 0.196536 0)
(-0.301353 0.314254 0)
(-0.125311 0.344391 0)
(-0.155201 0.307759 0)
(-0.222696 0.448388 0)
(-0.685297 0.788909 0)
(-0.787077 1.65653 0)
(-1.12664 1.22271 0)
(-0.66204 -0.47377 0)
(-0.998526 -1.30528 0)
(-1.18864 -1.85917 0)
(-1.03637 -2.17948 0)
(-0.525168 -1.89715 0)
(-0.0329272 -0.889722 0)
(-2.06453 -0.765984 0)
(-2.0091 -0.635185 0)
(-1.92398 -0.49778 0)
(-1.87898 -0.515039 0)
(-1.85453 -0.709715 0)
(-1.63006 -0.573356 0)
(-1.12892 -0.0578914 0)
(-0.925474 0.305993 0)
(-1.16468 0.438569 0)
(-1.49878 0.73391 0)
(-1.72841 1.16275 0)
(-1.47071 1.45281 0)
(-0.758202 0.359292 0)
(-0.299719 -0.519991 0)
(-0.29642 -1.09563 0)
(-0.650977 -1.68018 0)
(-1.13031 -2.31537 0)
(-0.741128 -2.28971 0)
(-0.0638488 -1.33377 0)
(-2.17104 -0.821689 0)
(-2.16721 -0.707038 0)
(-2.01897 -0.524403 0)
(-1.93312 -0.411631 0)
(-2.0346 -0.477057 0)
(-2.2806 -0.556843 0)
(-2.38555 -0.305609 0)
(-2.291 0.271427 0)
(-2.21075 0.641355 0)
(-2.17307 0.83433 0)
(-1.83024 0.869355 0)
(-1.1123 0.542379 0)
(-0.249047 -0.200114 0)
(0.104963 -0.722623 0)
(0.304138 -1.03386 0)
(0.266813 -1.29445 0)
(-0.450347 -1.95942 0)
(-0.779755 -2.69568 0)
(0.0441592 -2.04916 0)
(-2.05415 -0.620767 0)
(-2.19182 -0.736294 0)
(-2.16407 -0.689485 0)
(-2.08961 -0.543781 0)
(-2.07508 -0.400609 0)
(-2.17902 -0.282187 0)
(-2.27949 -0.118267 0)
(-2.2332 0.13057 0)
(-2.02842 0.383911 0)
(-1.6577 0.444064 0)
(-1.0412 0.240503 0)
(-0.274507 -0.196489 0)
(0.183987 -0.6413 0)
(0.429039 -0.984944 0)
(0.574378 -1.18688 0)
(0.639131 -1.25698 0)
(0.666723 -1.42153 0)
(-0.0349146 -2.27535 0)
(0.0676796 -2.08255 0)
(-1.49409 -0.407443 0)
(-1.64093 -0.635237 0)
(-1.61738 -0.681265 0)
(-1.5135 -0.576412 0)
(-1.41484 -0.434908 0)
(-1.36325 -0.306907 0)
(-1.3321 -0.15829 0)
(-1.23712 -0.00932932 0)
(-1.00125 0.043699 0)
(-0.591184 -0.0478237 0)
(-0.0726913 -0.280495 0)
(0.331767 -0.57211 0)
(0.568229 -0.87025 0)
(0.650935 -1.09326 0)
(0.663766 -1.23299 0)
(0.555668 -1.33607 0)
(0.664327 -1.37695 0)
(0.0985725 -1.70232 0)
(0.0710662 -2.11478 0)
(-0.794852 -0.249336 0)
(-0.88892 -0.671444 0)
(-0.86697 -0.860227 0)
(-0.729195 -0.789148 0)
(-0.55685 -0.603138 0)
(-0.410229 -0.421397 0)
(-0.290833 -0.287341 0)
(-0.156987 -0.211018 0)
(0.039812 -0.218309 0)
(0.307187 -0.33773 0)
(0.552234 -0.524883 0)
(0.710173 -0.743309 0)
(0.762574 -0.941011 0)
(0.722021 -1.07735 0)
(0.646192 -1.15061 0)
(0.480644 -1.21604 0)
(0.382441 -1.29619 0)
(0.144716 -1.57236 0)
(0.0789953 -2.04008 0)
(0.117915 0.00715726 0)
(0.0816395 -0.53749 0)
(-0.0168116 -0.851535 0)
(-0.0433417 -0.901039 0)
(0.0158684 -0.757777 0)
(0.127277 -0.569545 0)
(0.26765 -0.404048 0)
(0.424375 -0.310718 0)
(0.578396 -0.322624 0)
(0.70683 -0.428671 0)
(0.785267 -0.591547 0)
(0.795947 -0.761749 0)
(0.745207 -0.902287 0)
(0.647912 -0.997302 0)
(0.543161 -1.04435 0)
(0.38603 -1.05462 0)
(0.232057 -1.17355 0)
(0.086018 -1.4521 0)
(0.0821261 -1.95177 0)
(0.911598 0.102619 0)
(0.937075 -0.266658 0)
(0.808513 -0.644251 0)
(0.61193 -0.796902 0)
(0.488913 -0.732425 0)
(0.447165 -0.608394 0)
(0.466469 -0.506234 0)
(0.528589 -0.455624 0)
(0.608651 -0.466527 0)
(0.674775 -0.532082 0)
(0.702699 -0.63232 0)
(0.683185 -0.741962 0)
(0.626845 -0.83978 0)
(0.538219 -0.909527 0)
(0.4427 -0.937522 0)
(0.280693 -0.901477 0)
(0.137627 -1.05545 0)
(-0.0462817 -1.36085 0)
(0.0833129 -1.88988 0)
(1.30422 0.00551403 0)
(1.26195 -0.394403 0)
(1.11721 -0.620869 0)
(0.906431 -0.661735 0)
(0.723962 -0.612212 0)
(0.617594 -0.539591 0)
(0.576004 -0.478525 0)
(0.574576 -0.452251 0)
(0.59299 -0.472488 0)
(0.612675 -0.533859 0)
(0.619407 -0.618853 0)
(0.603591 -0.707611 0)
(0.564724 -0.784001 0)
(0.490242 -0.831317 0)
(0.401153 -0.830446 0)
(0.226494 -0.744505 0)
(0.10142 -0.916366 0)
(-0.165568 -1.43097 0)
(0.0876917 -1.89588 0)
(1.26889 0.0538859 0)
(1.22385 -0.212783 0)
(1.07845 -0.398963 0)
(0.888953 -0.479323 0)
(0.733895 -0.485909 0)
(0.637726 -0.464944 0)
(0.589505 -0.448595 0)
(0.57581 -0.453753 0)
(0.583481 -0.486616 0)
(0.598101 -0.543493 0)
(0.60751 -0.613545 0)
(0.599633 -0.682363 0)
(0.56806 -0.734528 0)
(0.494369 -0.753226 0)
(0.403837 -0.719688 0)
(0.228637 -0.592441 0)
(0.141474 -0.77998 0)
(-0.120917 -1.34526 0)
(0.103203 -2.01838 0)
(1.01909 0.0358983 0)
(0.994843 -0.150138 0)
(0.903777 -0.294923 0)
(0.78557 -0.371686 0)
(0.68415 -0.399772 0)
(0.616802 -0.410475 0)
(0.582036 -0.423744 0)
(0.572957 -0.450179 0)
(0.581173 -0.494101 0)
(0.597328 -0.552657 0)
(0.611442 -0.615176 0)
(0.609001 -0.665742 0)
(0.57964 -0.689107 0)
(0.504076 -0.674716 0)
(0.414042 -0.612205 0)
(0.250526 -0.461755 0)
(0.201909 -0.668886 0)
(-0.0430078 -1.27573 0)
(0.115575 -2.02123 0)
(0.814269 0.0312156 0)
(0.80582 -0.103437 0)
(0.759671 -0.218563 0)
(0.693936 -0.296229 0)
(0.632592 -0.342999 0)
(0.589497 -0.375915 0)
(0.567379 -0.409326 0)
(0.564078 -0.451976 0)
(0.57641 -0.506741 0)
(0.598602 -0.568268 0)
(0.618733 -0.621733 0)
(0.617378 -0.649458 0)
(0.58238 -0.640271 0)
(0.498849 -0.594122 0)
(0.406916 -0.512313 0)
(0.257155 -0.361675 0)
(0.251889 -0.579615 0)
(0.00521917 -1.19143 0)
(0.120017 -1.93368 0)
(0.694475 0.0269592 0)
(0.692839 -0.0818116 0)
(0.66809 -0.179562 0)
(0.628188 -0.25407 0)
(0.5876 -0.308172 0)
(0.557435 -0.353566 0)
(0.542669 -0.401517 0)
(0.545449 -0.458919 0)
(0.566282 -0.525959 0)
(0.598143 -0.590449 0)
(0.622279 -0.630174 0)
(0.614309 -0.627871 0)
(0.563864 -0.581678 0)
(0.464032 -0.506056 0)
(0.363674 -0.414161 0)
(0.215364 -0.28981 0)
(0.274316 -0.520736 0)
(0.117284 -1.08274 0)
(0.127048 -1.81139 0)
(0.613013 0.0205925 0)
(0.612884 -0.0707791 0)
(0.596268 -0.154561 0)
(0.568025 -0.22411 0)
(0.538148 -0.28218 0)
(0.515491 -0.337592 0)
(0.506877 -0.399786 0)
(0.517963 -0.474196 0)
(0.549483 -0.555383 0)
(0.588345 -0.618711 0)
(0.608081 -0.634436 0)
(0.583208 -0.591935 0)
(0.50883 -0.504603 0)
(0.387289 -0.402892 0)
(0.273144 -0.306147 0)
(0.109623 -0.232895 0)
(0.233723 -0.528414 0)
(0.1025 -0.997888 0)
(0.130547 -1.72536 0)
(0.543544 0.0158089 0)
(0.542872 -0.0627008 0)
(0.52984 -0.136084 0)
(0.507904 -0.201425 0)
(0.484086 -0.262056 0)
(0.46598 -0.326719 0)
(0.463112 -0.404897 0)
(0.482078 -0.498498 0)
(0.518681 -0.591807 0)
(0.553054 -0.644581 0)
(0.555498 -0.624342 0)
(0.505119 -0.53444 0)
(0.405053 -0.406581 0)
(0.266987 -0.284351 0)
(0.142349 -0.185047 0)
(-0.0248283 -0.197662 0)
(0.182833 -0.599704 0)
(0.0351202 -0.929367 0)
(0.136216 -1.66714 0)
(0.482196 0.0130226 0)
(0.480357 -0.0556198 0)
(0.468587 -0.120883 0)
(0.449615 -0.182298 0)
(0.428182 -0.244621 0)
(0.412038 -0.319448 0)
(0.412688 -0.415333 0)
(0.432511 -0.525857 0)
(0.459016 -0.624074 0)
(0.472886 -0.654947 0)
(0.447209 -0.590133 0)
(0.36964 -0.45295 0)
(0.251782 -0.293595 0)
(0.115318 -0.162437 0)
(-0.00411782 -0.0702352 0)
(-0.10031 -0.233058 0)
(0.163041 -0.685313 0)
(-0.0195394 -0.879503 0)
(0.144742 -1.62469 0)
(0.428029 0.0119887 0)
(0.424654 -0.0484615 0)
(0.412945 -0.106777 0)
(0.394711 -0.164058 0)
(0.37304 -0.227502 0)
(0.356503 -0.313468 0)
(0.354181 -0.424273 0)
(0.36138 -0.542579 0)
(0.358284 -0.637098 0)
(0.339381 -0.638082 0)
(0.281479 -0.527205 0)
(0.183223 -0.352856 0)
(0.0629657 -0.180616 0)
(-0.047111 -0.0560881 0)
(-0.125488 -0.00735555 0)
(-0.0701289 -0.348325 0)
(0.155657 -0.73651 0)
(-0.045695 -0.846071 0)
(0.154762 -1.58714 0)
(0.379977 0.0127579 0)
(0.375166 -0.0405026 0)
(0.363336 -0.092651 0)
(0.344955 -0.145147 0)
(0.322506 -0.208978 0)
(0.302443 -0.303789 0)
(0.286699 -0.419494 0)
(0.268166 -0.532839 0)
(0.22097 -0.617912 0)
(0.165887 -0.586884 0)
(0.078243 -0.437386 0)
(-0.029266 -0.246209 0)
(-0.133679 -0.0826168 0)
(-0.195322 0.0151424 0)
(-0.178902 -0.0477121 0)
(-0.00694663 -0.484473 0)
(0.1106 -0.746427 0)
(-0.0619956 -0.829134 0)
(0.164511 -1.5461 0)
(0.337766 0.0149618 0)
(0.332311 -0.0321859 0)
(0.32107 -0.0785833 0)
(0.303387 -0.125618 0)
(0.281556 -0.187849 0)
(0.254026 -0.283327 0)
(0.217076 -0.390379 0)
(0.168878 -0.487272 0)
(0.0746982 -0.558208 0)
(-0.0139756 -0.499287 0)
(-0.122432 -0.328576 0)
(-0.224395 -0.146648 0)
(-0.295528 -0.0148034 0)
(-0.276904 0.0019653 0)
(-0.122963 -0.194276 0)
(0.0166257 -0.571313 0)
(-0.0191984 -0.701596 0)
(-0.0915045 -0.858261 0)
(0.171692 -1.49722 0)
(0.301987 0.0177883 0)
(0.297016 -0.0244472 0)
(0.287399 -0.0656929 0)
(0.27272 -0.107248 0)
(0.253377 -0.163491 0)
(0.218174 -0.2486 0)
(0.162518 -0.337212 0)
(0.0935175 -0.409181 0)
(-0.0357537 -0.461185 0)
(-0.151282 -0.386841 0)
(-0.259141 -0.221635 0)
(-0.337121 -0.0734397 0)
(-0.340892 -0.0249223 0)
(-0.225451 -0.132492 0)
(-0.0373275 -0.360221 0)
(-0.0100695 -0.555261 0)
(-0.18355 -0.597985 0)
(-0.134055 -1.0564 0)
(0.171236 -1.44432 0)
(0.272683 0.0202396 0)
(0.269181 -0.0183675 0)
(0.262264 -0.0557923 0)
(0.252279 -0.0922191 0)
(0.23734 -0.137869 0)
(0.201769 -0.204858 0)
(0.139793 -0.272392 0)
(0.0673105 -0.316398 0)
(-0.0653939 -0.348099 0)
(-0.187363 -0.282131 0)
(-0.265629 -0.149955 0)
(-0.2846 -0.0751973 0)
(-0.216959 -0.127585 0)
(-0.0938911 -0.280329 0)
(0.0138788 -0.430381 0)
(-0.022393 -0.458745 0)
(-0.228065 -0.505984 0)
(-0.193148 -1.33497 0)
(0.149272 -1.40856 0)
(0.248192 0.0215259 0)
(0.246712 -0.0144359 0)
(0.242816 -0.0495673 0)
(0.237242 -0.0820672 0)
(0.228368 -0.116584 0)
(0.202764 -0.163556 0)
(0.150282 -0.21282 0)
(0.0929278 -0.235728 0)
(1.30579e-05 -0.24935 0)
(-0.0991105 -0.215113 0)
(-0.134569 -0.145395 0)
(-0.102234 -0.130738 0)
(-0.0203368 -0.207657 0)
(0.0365407 -0.336506 0)
(0.0855332 -0.439953 0)
(0.0534911 -0.367279 0)
(-0.0383259 -0.452218 0)
(-0.123323 -1.44584 0)
(0.064909 -1.47519 0)
(0.224998 0.0213203 0)
(0.225317 -0.0127961 0)
(0.223978 -0.0463688 0)
(0.221295 -0.076933 0)
(0.217866 -0.10473 0)
(0.207034 -0.135497 0)
(0.175771 -0.170527 0)
(0.140937 -0.188168 0)
(0.107228 -0.188129 0)
(0.0602457 -0.178816 0)
(0.0488163 -0.164399 0)
(0.0875641 -0.183063 0)
(0.135691 -0.241047 0)
(0.140511 -0.346953 0)
(0.174724 -0.448615 0)
(0.174526 -0.35443 0)
(0.252238 -0.390042 0)
(0.103326 -1.34021 0)
(-0.00130877 -1.54095 0)
(0.199297 0.0199524 0)
(0.20061 -0.0129677 0)
(0.200856 -0.0452124 0)
(0.199641 -0.0750324 0)
(0.199201 -0.101727 0)
(0.198715 -0.124664 0)
(0.189483 -0.149066 0)
(0.175672 -0.170993 0)
(0.176279 -0.174279 0)
(0.18296 -0.166088 0)
(0.19486 -0.169185 0)
(0.21777 -0.195561 0)
(0.226346 -0.241383 0)
(0.219658 -0.34735 0)
(0.245716 -0.464638 0)
(0.261029 -0.422986 0)
(0.419282 -0.407123 0)
(0.369017 -1.1231 0)
(0.0774235 -1.40178 0)
(0.169685 0.0181675 0)
(0.171135 -0.0140575 0)
(0.171927 -0.0450597 0)
(0.171352 -0.0748149 0)
(0.172066 -0.10288 0)
(0.174269 -0.125291 0)
(0.176915 -0.146591 0)
(0.181343 -0.170671 0)
(0.194847 -0.186681 0)
(0.218633 -0.187915 0)
(0.245954 -0.190288 0)
(0.263082 -0.201311 0)
(0.267719 -0.239735 0)
(0.26664 -0.34742 0)
(0.282626 -0.478097 0)
(0.283586 -0.512526 0)
(0.421029 -0.506337 0)
(0.427446 -0.925867 0)
(0.159271 -1.1545 0)
(0.137889 0.0165889 0)
(0.139211 -0.0152367 0)
(0.139785 -0.0451168 0)
(0.140197 -0.0754401 0)
(0.140442 -0.104617 0)
(0.143136 -0.128309 0)
(0.14809 -0.154509 0)
(0.159922 -0.185217 0)
(0.186465 -0.208011 0)
(0.21947 -0.211816 0)
(0.241836 -0.211962 0)
(0.259122 -0.21633 0)
(0.283174 -0.251607 0)
(0.287724 -0.350987 0)
(0.28792 -0.479217 0)
(0.265474 -0.563757 0)
(0.345249 -0.587124 0)
(0.33773 -0.813952 0)
(0.157291 -0.917548 0)
(0.107101 0.0153611 0)
(0.10851 -0.0161493 0)
(0.108257 -0.0454206 0)
(0.110718 -0.0762551 0)
(0.10954 -0.106305 0)
(0.11589 -0.131828 0)
(0.12201 -0.162943 0)
(0.133929 -0.205828 0)
(0.159814 -0.242318 0)
(0.198731 -0.236136 0)
(0.218405 -0.228383 0)
(0.252675 -0.236358 0)
(0.295004 -0.261934 0)
(0.278595 -0.343048 0)
(0.261993 -0.463349 0)
(0.22541 -0.569578 0)
(0.253318 -0.609533 0)
(0.212131 -0.733008 0)
(0.100183 -0.746452 0)
(0.0792358 0.0144358 0)
(0.0808799 -0.0166354 0)
(0.0797354 -0.0464755 0)
(0.0846405 -0.0770263 0)
(0.083573 -0.110348 0)
(0.0942379 -0.138206 0)
(0.103335 -0.171092 0)
(0.118983 -0.221884 0)
(0.123154 -0.272162 0)
(0.159659 -0.257378 0)
(0.176113 -0.263565 0)
(0.233747 -0.280859 0)
(0.278806 -0.260069 0)
(0.218353 -0.31717 0)
(0.207366 -0.439938 0)
(0.17073 -0.549045 0)
(0.164986 -0.58999 0)
(0.106415 -0.665479 0)
(0.042434 -0.648461 0)
(0.0545199 0.0137123 0)
(0.056174 -0.0169778 0)
(0.0548376 -0.0487023 0)
(0.0614314 -0.0791012 0)
(0.0629343 -0.116857 0)
(0.0726863 -0.147989 0)
(0.0817739 -0.182086 0)
(0.100885 -0.228293 0)
(0.0774314 -0.283329 0)
(0.114903 -0.271856 0)
(0.11942 -0.313844 0)
(0.179536 -0.338083 0)
(0.207557 -0.237085 0)
(0.116384 -0.294518 0)
(0.143375 -0.428957 0)
(0.113608 -0.520687 0)
(0.0939327 -0.557326 0)
(0.0477195 -0.614569 0)
(0.0108105 -0.604159 0)
(0.0322927 0.0139418 0)
(0.0336921 -0.0168576 0)
(0.0332934 -0.051509 0)
(0.0398921 -0.0830694 0)
(0.0421395 -0.122071 0)
(0.0477108 -0.155549 0)
(0.0508081 -0.1909 0)
(0.0644266 -0.227318 0)
(0.0369068 -0.280747 0)
(0.0660559 -0.283847 0)
(0.0554151 -0.343875 0)
(0.0858384 -0.359768 0)
(0.0882331 -0.194575 0)
(0.0407666 -0.308658 0)
(0.0863834 -0.430763 0)
(0.0642917 -0.496326 0)
(0.0492582 -0.533507 0)
(0.0258281 -0.582219 0)
(0.00305291 -0.584856 0)
(0.0111654 0.0138416 0)
(0.0126465 -0.0181868 0)
(0.0127421 -0.0543298 0)
(0.0157409 -0.0863937 0)
(0.0158588 -0.123444 0)
(0.0169372 -0.156791 0)
(0.0163545 -0.192361 0)
(0.0196334 -0.225864 0)
(0.011163 -0.275255 0)
(0.0161556 -0.287821 0)
(0.00909115 -0.340154 0)
(0.00329784 -0.343106 0)
(-0.0107454 -0.181212 0)
(0.0212119 -0.339404 0)
(0.0298193 -0.428513 0)
(0.0216866 -0.484894 0)
(0.0175687 -0.525791 0)
(0.0104894 -0.569053 0)
(0.001974 -0.576638 0)
)
;

boundaryField
{
    leftWall
    {
        type            noSlip;
    }
    rightWall
    {
        type            noSlip;
    }
    lowerWall
    {
        type            noSlip;
    }
    atmosphere
    {
        type            pressureInletOutletVelocity;
        value           nonuniform List<vector> 
46
(
(0.00510383 0.331911 0)
(0.00565315 0.334336 0)
(0.0048058 0.327337 0)
(0.00596884 0.323415 0)
(0.00533643 0.319908 0)
(0.00661541 0.314675 0)
(0.00678755 0.309135 0)
(0.00776284 0.302485 0)
(0.00841538 0.295094 0)
(0.00923026 0.28677 0)
(0.0099963 0.277524 0)
(0.0107545 0.267323 0)
(0.0114828 0.256152 0)
(0.0121624 0.243991 0)
(0.0127671 0.230821 0)
(0.0132708 0.21663 0)
(0.0136577 0.201407 0)
(0.013896 0.185132 0)
(0.0139741 0.167809 0)
(0.0138581 0.149412 0)
(0.0135579 0.129934 0)
(0.0130265 0.109284 0)
(0.0123389 0.0875558 0)
(0.011863 0.0709376 0)
(0.0116902 0.0596672 0)
(0.0114821 0.0479619 0)
(0.0115031 0.0357824 0)
(0.0111654 0.0138416 0)
(0 -0.0181868 0)
(0 -0.0543298 0)
(0 -0.0863937 0)
(0 -0.123444 0)
(0 -0.156791 0)
(0 -0.192361 0)
(0 -0.225864 0)
(0 -0.275255 0)
(0 -0.287821 0)
(0 -0.340154 0)
(0 -0.343106 0)
(0 -0.181212 0)
(0 -0.339404 0)
(0 -0.428513 0)
(0 -0.484894 0)
(0 -0.525791 0)
(0 -0.569053 0)
(0 -0.576638 0)
)
;
    }
    defaultFaces
    {
        type            empty;
    }
}


// ************************************************************************* //
