/*--------------------------------*- C++ -*----------------------------------*\
| =========                 |                                                 |
| \\      /  F ield         | OpenFOAM: The Open Source CFD Toolbox           |
|  \\    /   O peration     | Version:  2206                                  |
|   \\  /    A nd           | Website:  www.openfoam.com                      |
|    \\/     M anipulation  |                                                 |
\*---------------------------------------------------------------------------*/
FoamFile
{
    version     2.0;
    format      ascii;
    arch        "LSB;label=32;scalar=64";
    class       surfaceScalarField;
    location    "0.525";
    object      phi;
}
// * * * * * * * * * * * * * * * * * * * * * * * * * * * * * * * * * * * * * //

dimensions      [0 3 -1 0 0 0 0];

oriented        oriented;

internalField   nonuniform List<scalar> 
4432
(
-4.70869e-06
4.70869e-06
-4.86338e-06
1.54698e-07
-3.67252e-06
-1.19086e-06
-3.21218e-06
-4.60343e-07
-3.80864e-06
5.96465e-07
-5.11721e-06
1.30858e-06
-6.64279e-06
1.52557e-06
-8.04802e-06
1.40524e-06
-9.19094e-06
1.14292e-06
-1.00598e-05
8.68839e-07
-1.06928e-05
6.32975e-07
-1.11377e-05
4.44983e-07
-1.14325e-05
2.94795e-07
-1.15828e-05
1.50301e-07
-1.1575e-05
-7.81887e-09
-1.13826e-05
-1.92433e-07
-1.09099e-05
-4.72657e-07
-9.94264e-06
-9.67285e-07
-7.99564e-06
-1.94699e-06
-4.51768e-06
-3.47796e-06
2.13034e-06
-6.64802e-06
9.62973e-06
-7.49939e-06
9.62973e-06
-4.98998e-06
9.69867e-06
-5.53763e-06
7.02344e-07
-4.68994e-06
-2.03854e-06
-4.38519e-06
-7.65091e-07
-5.02201e-06
1.23328e-06
-6.2608e-06
2.54737e-06
-7.65417e-06
2.91895e-06
-8.88946e-06
2.64053e-06
-9.8305e-06
2.08396e-06
-1.04418e-05
1.4801e-06
-1.07318e-05
9.22991e-07
-1.07066e-05
4.19816e-07
-1.03709e-05
-4.08923e-08
-9.72772e-06
-4.92878e-07
-8.79735e-06
-9.38185e-07
-7.58332e-06
-1.40646e-06
-6.11116e-06
-1.94482e-06
-4.42051e-06
-2.65793e-06
-2.61742e-06
-3.75008e-06
-8.02847e-07
-5.29254e-06
2.70511e-07
-7.72137e-06
1.0249e-06
-8.25378e-06
1.06546e-05
-5.33209e-06
1.50308e-05
-6.8281e-06
2.19836e-06
-6.68221e-06
-2.18443e-06
-6.65846e-06
-7.88842e-07
-7.31821e-06
1.89304e-06
-8.44481e-06
3.67397e-06
-9.68707e-06
4.16121e-06
-1.07936e-05
3.7471e-06
-1.16428e-05
2.93312e-06
-1.2205e-05
2.04229e-06
-1.24846e-05
1.20265e-06
-1.24857e-05
4.20865e-07
-1.22137e-05
-3.12872e-07
-1.16592e-05
-1.0474e-06
-1.08271e-05
-1.77028e-06
-9.75208e-06
-2.48147e-06
-8.48544e-06
-3.21146e-06
-7.15862e-06
-3.98475e-06
-6.07406e-06
-4.83464e-06
-5.57875e-06
-5.78785e-06
-6.29181e-06
-7.00831e-06
-7.68239e-06
-6.86319e-06
2.97224e-06
-5.97959e-06
2.10103e-05
-8.94289e-06
5.16165e-06
-9.70024e-06
-1.42707e-06
-9.84892e-06
-6.40163e-07
-1.04404e-05
2.48451e-06
-1.14195e-05
4.65308e-06
-1.2513e-05
5.25472e-06
-1.34946e-05
4.72871e-06
-1.4248e-05
3.68647e-06
-1.47296e-05
2.52389e-06
-1.49288e-05
1.40189e-06
-1.48614e-05
3.5346e-07
-1.45105e-05
-6.63807e-07
-1.39277e-05
-1.63015e-06
-1.31444e-05
-2.55364e-06
-1.21898e-05
-3.436e-06
-1.11235e-05
-4.27783e-06
-1.00166e-05
-5.09157e-06
-9.01359e-06
-5.83768e-06
-8.41004e-06
-6.39141e-06
-8.62015e-06
-6.7982e-06
-7.76529e-06
-7.71804e-06
-4.79306e-06
-6.6339e-06
2.76442e-05
-1.17866e-05
1.03143e-05
-1.35964e-05
3.82725e-07
-1.38032e-05
-4.33319e-07
-1.42035e-05
2.88477e-06
-1.51097e-05
5.55935e-06
-1.61183e-05
6.26325e-06
-1.70133e-05
5.62379e-06
-1.7666e-05
4.3391e-06
-1.80417e-05
2.89968e-06
-1.81594e-05
1.51958e-06
-1.80114e-05
2.05467e-07
-1.75951e-05
-1.0801e-06
-1.68346e-05
-2.39071e-06
-1.57328e-05
-3.65539e-06
-1.43646e-05
-4.80428e-06
-1.28371e-05
-5.80531e-06
-1.12327e-05
-6.69594e-06
-9.62072e-06
-7.44965e-06
-8.03861e-06
-7.97352e-06
-6.74218e-06
-8.09463e-06
-4.63682e-06
-9.8234e-06
-9.42988e-06
-3.31881e-06
3.09631e-05
-1.04921e-05
1.74876e-05
-1.46812e-05
4.57183e-06
-1.59349e-05
8.20414e-07
-1.68923e-05
3.84212e-06
-1.8438e-05
7.10505e-06
-2.01414e-05
7.96674e-06
-2.17417e-05
7.22404e-06
-2.29717e-05
5.56913e-06
-2.36437e-05
3.57166e-06
-2.37171e-05
1.593e-06
-2.32299e-05
-2.81706e-07
-2.22776e-05
-2.03242e-06
-2.08822e-05
-3.78614e-06
-1.9158e-05
-5.37957e-06
-1.72134e-05
-6.74885e-06
-1.50007e-05
-8.01805e-06
-1.26037e-05
-9.09291e-06
-1.01253e-05
-9.92813e-06
-7.53817e-06
-1.05606e-05
-5.05741e-06
-1.05754e-05
-2.611e-06
-1.22698e-05
-1.20409e-05
4.37435e-06
2.65887e-05
4.42557e-07
2.14194e-05
-6.44785e-06
1.14622e-05
-1.31672e-05
7.53973e-06
-1.76739e-05
8.34882e-06
-2.06935e-05
1.01247e-05
-2.26822e-05
9.9555e-06
-2.42262e-05
8.76799e-06
-2.52792e-05
6.62219e-06
-2.5894e-05
4.18638e-06
-2.65831e-05
2.28217e-06
-2.76253e-05
7.60436e-07
-2.82062e-05
-1.45146e-06
-2.72015e-05
-4.79085e-06
-2.48922e-05
-7.68885e-06
-2.20684e-05
-9.57271e-06
-1.86176e-05
-1.14688e-05
-1.46591e-05
-1.30515e-05
-1.05889e-05
-1.39983e-05
-6.43082e-06
-1.47187e-05
-2.52443e-06
-1.44818e-05
6.50393e-07
-1.54446e-05
-1.13905e-05
1.46343e-05
1.19544e-05
2.11095e-05
1.49441e-05
1.06186e-05
2.19531e-05
-4.69121e-06
2.28496e-05
-1.50573e-05
1.87149e-05
-2.04661e-05
1.55335e-05
-2.37593e-05
1.32487e-05
-2.6663e-05
1.16717e-05
-2.94711e-05
9.43023e-06
-3.19087e-05
6.62407e-06
-3.38978e-05
4.27128e-06
-3.51198e-05
1.98236e-06
-3.50554e-05
-1.51579e-06
-3.25851e-05
-7.26118e-06
-2.9516e-05
-1.0758e-05
-2.66338e-05
-1.24548e-05
-2.28058e-05
-1.52969e-05
-1.83906e-05
-1.74666e-05
-1.42186e-05
-1.81702e-05
-1.04053e-05
-1.8532e-05
-6.04932e-06
-1.88378e-05
-2.7812e-06
-1.87128e-05
-1.41717e-05
-0.000417533
0.000417533
-0.000605524
0.000187991
-0.000619205
1.36814e-05
-0.000563783
-5.54223e-05
-0.000311154
-0.000252629
-2.58522e-05
-0.000285302
0.00023112
-0.000256972
0.000510078
-0.000278958
0.0007928
-0.000282722
0.00103665
-0.000243852
0.00119398
-0.000157332
0.00118617
7.819e-06
0.00103402
0.000152142
0.000805377
0.000228647
0.000565007
0.000240369
0.000364392
0.000200614
0.000214692
0.000149702
9.98925e-05
0.0001148
9.98921e-05
-0.000147885
0.000565418
-0.000232434
0.000272541
-7.72433e-05
-0.00014151
4.42475e-06
-0.000137091
6.42401e-05
-0.000312444
0.000128897
-0.000349958
0.000212469
-0.000340544
0.000302448
-0.000368938
0.000423794
-0.000404069
0.000554816
-0.000374874
0.000835593
-0.000438109
0.00114437
-0.000300954
0.00115455
0.000141954
0.000998167
0.000385035
0.000767463
0.000471073
0.000524322
0.000443756
0.00031964
0.000354384
0.00015087
0.00028357
0.000250761
0.000142482
0.000422936
0.000176541
0.000238481
0.000138928
-0.000103897
0.000166006
-0.000164169
0.000169483
-0.00031592
0.000182761
-0.000363236
0.00021584
-0.000373623
0.000246491
-0.000399589
0.000268021
-0.000425598
0.000273766
-0.000380619
0.000274816
-0.000439159
0.000416815
-0.000442954
0.000578168
-1.94001e-05
0.000569103
0.000394101
0.00047805
0.000562126
0.000365911
0.000555895
0.000244373
0.000475922
0.000121998
0.000405945
0.000372759
0.000145373
0.000277564
0.000228578
0.000155277
0.000169709
-4.50288e-05
0.000208607
-0.000203066
0.000208408
-0.000315722
0.000205133
-0.000359962
0.000208925
-0.000377416
0.000204772
-0.000395436
0.000192809
-0.000413634
0.000222772
-0.000410583
0.000184335
-0.000400722
7.80924e-05
-0.00033671
7.82172e-05
-1.95247e-05
0.000130637
0.000341681
0.000169265
0.000523498
0.000173533
0.000551627
0.000138861
0.000510594
7.5559e-05
0.000469247
0.000448318
2.97878e-05
0.000247776
8.78916e-05
9.71727e-05
0.000184148
-0.000141285
0.000223778
-0.000242697
0.000223527
-0.00031547
0.000207811
-0.000344246
0.000188564
-0.000358169
0.000169475
-0.000376347
0.000157422
-0.000401581
0.000160141
-0.000413302
0.000144226
-0.000384807
2.79205e-05
-0.000220405
-3.052e-05
3.89155e-05
-3.89316e-06
0.000315056
4.68102e-05
0.000472794
7.93718e-05
0.000519065
7.57467e-05
0.000514219
4.41764e-05
0.000500817
0.000492495
1.15369e-05
0.000236239
0.00017628
-6.75703e-05
0.000217208
-0.000182213
0.000237079
-0.000262567
0.000236052
-0.000314444
0.00020666
-0.000314854
0.000159627
-0.000311136
0.00013546
-0.000352179
0.000128479
-0.0003946
0.000132471
-0.000417294
0.000142887
-0.000395223
0.000117957
-0.000195474
6.92797e-05
8.75924e-05
5.25569e-05
0.000331778
5.993e-05
0.000465421
6.61087e-05
0.000512886
5.61499e-05
0.000524177
3.15774e-05
0.000525389
0.000524072
0.000168484
6.77549e-05
0.00020014
-9.92266e-05
0.000223238
-0.000205311
0.000239994
-0.000279323
0.000225671
-0.000300121
0.000197067
-0.00028625
0.00016774
-0.000281809
0.000162472
-0.000346911
0.000165141
-0.000397269
0.000151992
-0.000404146
0.000161013
-0.000404244
0.000210556
-0.000245016
0.000206545
9.16028e-05
0.000154485
0.000383838
0.000110318
0.000509588
8.28459e-05
0.000540358
5.74606e-05
0.000549562
2.95157e-05
0.000553334
0.000553588
0.000141964
-7.42095e-05
0.000193789
-0.000151052
0.000235422
-0.000246944
0.000234615
-0.000278516
0.000227051
-0.000292557
0.000206357
-0.000265555
0.000193664
-0.000269116
0.000207749
-0.000360996
0.000186675
-0.000376196
0.000166086
-0.000383556
0.000147963
-0.000386121
0.000223265
-0.000320318
0.000276447
3.84206e-05
0.000224867
0.000435418
0.000149858
0.000584597
9.89561e-05
0.00059126
6.17351e-05
0.000586784
2.99397e-05
0.00058513
0.000583527
-5.23503e-06
1.71895e-05
-1.80967e-06
1.15188e-05
-1.85627e-06
2.19997e-05
-8.44517e-06
2.94385e-05
-1.97882e-05
3.00579e-05
-3.09427e-05
2.6688e-05
-3.83221e-05
2.06282e-05
-3.9513e-05
1.28625e-05
-3.72547e-05
7.17199e-06
-3.42283e-05
3.59759e-06
-3.07069e-05
7.49896e-07
-2.83975e-05
-3.26977e-07
-2.70111e-05
-2.90226e-06
-2.61642e-05
-8.10805e-06
-2.41801e-05
-1.27421e-05
-2.15853e-05
-1.50496e-05
-1.87439e-05
-1.81383e-05
-1.50589e-05
-2.11517e-05
-1.10735e-05
-2.21556e-05
-7.32654e-06
-2.2279e-05
-3.42779e-06
-2.27365e-05
9.48607e-07
-2.30892e-05
-2.06043e-05
7.38126e-06
-1.04943e-05
2.76838e-05
-1.83372e-05
1.93619e-05
-2.74161e-05
3.10787e-05
-5.08717e-05
5.28941e-05
-8.05671e-05
5.97533e-05
-0.000101813
4.79338e-05
-0.000112529
3.13446e-05
-0.000109755
1.00879e-05
-9.47787e-05
-7.80402e-06
-8.29124e-05
-8.26866e-06
-7.27181e-05
-9.44443e-06
-6.06576e-05
-1.23875e-05
-4.70176e-05
-1.65423e-05
-3.55704e-05
-1.95553e-05
-2.57046e-05
-2.26079e-05
-1.76174e-05
-2.31368e-05
-1.20958e-05
-2.366e-05
-6.02294e-06
-2.72245e-05
5.4496e-08
-2.82331e-05
5.00235e-06
-2.72268e-05
8.76337e-06
-2.64976e-05
1.13876e-05
-2.57133e-05
-2.53984e-05
1.61816e-05
-5.46302e-06
3.31467e-05
-7.13337e-06
2.10322e-05
-2.16511e-06
2.61104e-05
7.80806e-06
4.2921e-05
1.54898e-05
5.20717e-05
1.78887e-05
4.55348e-05
1.93171e-05
2.99162e-05
1.93786e-05
1.00264e-05
2.19095e-05
-1.03348e-05
3.04874e-05
-1.68466e-05
4.08806e-05
-1.98376e-05
5.03151e-05
-2.1822e-05
5.74249e-05
-2.36522e-05
6.29925e-05
-2.51231e-05
6.62824e-05
-2.58979e-05
6.786e-05
-2.47146e-05
6.81011e-05
-2.39012e-05
7.12693e-05
-3.03927e-05
8.24068e-05
-3.93705e-05
9.47934e-05
-3.96134e-05
0.000101991
-3.36952e-05
0.000100385
-2.41078e-05
-1.90743e-05
9.40614e-05
-2.89232e-06
3.60391e-05
6.05899e-07
1.7534e-05
1.08301e-05
1.58863e-05
3.18815e-05
2.18697e-05
5.62195e-05
2.77337e-05
7.51027e-05
2.66516e-05
8.80087e-05
1.70103e-05
9.54027e-05
2.63238e-06
9.57798e-05
-1.07118e-05
9.63845e-05
-1.74515e-05
9.71991e-05
-2.06524e-05
9.86994e-05
-2.33225e-05
0.000100796
-2.57487e-05
0.000103778
-2.81055e-05
0.000108182
-3.03027e-05
0.00011434
-3.08726e-05
0.000120094
-2.96544e-05
0.000121137
-3.14357e-05
0.000119115
-3.73482e-05
0.00011972
-4.02181e-05
0.000124471
-3.84459e-05
0.000135679
-3.53156e-05
-3.49466e-05
0.000151551
-2.05939e-06
3.80986e-05
2.55114e-06
1.29236e-05
1.37086e-05
4.72895e-06
3.12325e-05
4.34581e-06
5.24385e-05
6.52767e-06
7.20051e-05
7.08512e-06
8.61232e-05
2.89217e-06
9.3425e-05
-4.66937e-06
9.44471e-05
-1.17339e-05
9.42055e-05
-1.72099e-05
9.46008e-05
-2.10478e-05
9.56653e-05
-2.43871e-05
9.72533e-05
-2.73368e-05
9.90903e-05
-2.99426e-05
0.00010119
-3.2403e-05
0.000104624
-3.43062e-05
0.000110599
-3.56294e-05
0.000117126
-3.79629e-05
0.000121377
-4.15985e-05
0.00012508
-4.39218e-05
0.000130683
-4.40488e-05
0.000139329
-4.39613e-05
-4.56755e-05
0.000150058
-1.2615e-06
3.93601e-05
3.00666e-06
8.65545e-06
1.32436e-05
-5.50787e-06
2.78718e-05
-1.02823e-05
4.43593e-05
-9.95978e-06
6.00714e-05
-8.62694e-06
7.20557e-05
-9.09203e-06
7.91545e-05
-1.17681e-05
8.29504e-05
-1.55299e-05
8.52212e-05
-1.94808e-05
8.73194e-05
-2.31461e-05
8.95607e-05
-2.66286e-05
9.21391e-05
-2.99152e-05
9.51353e-05
-3.29387e-05
9.84509e-05
-3.57186e-05
0.000102289
-3.81436e-05
0.000106802
-4.01431e-05
0.000111119
-4.22789e-05
0.000114523
-4.50033e-05
0.000118141
-4.75399e-05
0.000123339
-4.92466e-05
0.000130262
-5.08839e-05
-5.34879e-05
0.000138074
-4.54317e-07
3.98145e-05
3.35569e-06
4.84547e-06
1.26497e-05
-1.48018e-05
2.52894e-05
-2.2922e-05
3.89673e-05
-2.36376e-05
5.17389e-05
-2.13985e-05
6.20998e-05
-1.94528e-05
6.95556e-05
-1.92239e-05
7.47086e-05
-2.0683e-05
7.84702e-05
-2.32424e-05
8.16957e-05
-2.63717e-05
8.48246e-05
-2.97574e-05
8.8062e-05
-3.31527e-05
9.14988e-05
-3.63755e-05
9.51429e-05
-3.93626e-05
9.90738e-05
-4.20744e-05
0.000103456
-4.45249e-05
0.000108122
-4.69454e-05
0.000112647
-4.95279e-05
0.000117136
-5.20292e-05
0.000122109
-5.42197e-05
0.000127703
-5.64779e-05
-5.93769e-05
0.000133592
3.36634e-07
3.94778e-05
3.72607e-06
1.45595e-06
1.21065e-05
-2.31824e-05
2.32331e-05
-3.40486e-05
3.49175e-05
-3.5322e-05
4.57123e-05
-3.21932e-05
5.48274e-05
-2.85678e-05
6.20549e-05
-2.64514e-05
6.76967e-05
-2.63248e-05
7.23012e-05
-2.7847e-05
7.63822e-05
-3.04527e-05
8.026e-05
-3.36352e-05
8.41114e-05
-3.70041e-05
8.80304e-05
-4.02944e-05
9.20474e-05
-4.33795e-05
9.61937e-05
-4.62205e-05
0.000100507
-4.88382e-05
0.000104908
-5.1346e-05
0.000109255
-5.38748e-05
0.000113639
-5.64132e-05
0.000118327
-5.89076e-05
0.000123365
-6.15167e-05
-6.45162e-05
0.000128505
1.15129e-06
3.83265e-05
4.24643e-06
-1.63932e-06
1.19234e-05
-3.08594e-05
2.18253e-05
-4.39504e-05
3.19184e-05
-4.5415e-05
4.11236e-05
-4.13983e-05
4.90761e-05
-3.65203e-05
5.58059e-05
-3.31813e-05
6.1552e-05
-3.20709e-05
6.66318e-05
-3.29269e-05
7.13234e-05
-3.51444e-05
7.5806e-05
-3.81179e-05
8.01791e-05
-4.13773e-05
8.44995e-05
-4.46148e-05
8.88001e-05
-4.768e-05
9.31124e-05
-5.05327e-05
9.74726e-05
-5.31984e-05
0.000101879
-5.57524e-05
0.000106285
-5.82806e-05
0.000110691
-6.08192e-05
0.000115164
-6.33806e-05
0.000119702
-6.60548e-05
-6.89843e-05
0.00012417
1.60465e-06
3.67217e-05
4.90616e-06
-4.94087e-06
1.20946e-05
-3.80479e-05
2.0971e-05
-5.28268e-05
2.96994e-05
-5.41434e-05
3.75367e-05
-4.92355e-05
4.44481e-05
-4.34316e-05
5.06429e-05
-3.93761e-05
5.63406e-05
-3.77686e-05
6.17049e-05
-3.82913e-05
6.68345e-05
-4.02741e-05
7.17752e-05
-4.30587e-05
7.65478e-05
-4.615e-05
8.11738e-05
-4.92408e-05
8.56813e-05
-5.21874e-05
9.01051e-05
-5.49564e-05
9.44805e-05
-5.75737e-05
9.88249e-05
-6.00968e-05
0.000103134
-6.25897e-05
0.000107413
-6.50985e-05
0.000111686
-6.76536e-05
0.000115939
-7.03071e-05
-7.31262e-05
0.000120081
1.89095e-06
3.48307e-05
5.64179e-06
-8.69171e-06
1.25522e-05
-4.49582e-05
2.05488e-05
-6.08233e-05
2.80622e-05
-6.16566e-05
3.47023e-05
-5.58754e-05
4.07146e-05
-4.94439e-05
4.64284e-05
-4.50899e-05
5.20278e-05
-4.3368e-05
5.75501e-05
-4.38136e-05
6.29535e-05
-4.56776e-05
6.81802e-05
-4.82856e-05
7.3194e-05
-5.11638e-05
7.7994e-05
-5.40408e-05
8.26081e-05
-5.68014e-05
8.70792e-05
-5.94274e-05
9.14521e-05
-6.19465e-05
9.57586e-05
-6.4403e-05
0.000100011
-6.68415e-05
0.000104209
-6.9297e-05
0.00010835
-7.17947e-05
0.000112408
-7.43645e-05
-7.70362e-05
0.000116318
2.1853e-06
3.26454e-05
6.47415e-06
-1.29805e-05
1.32347e-05
-5.17187e-05
2.04374e-05
-6.80259e-05
2.68475e-05
-6.80667e-05
3.24466e-05
-6.14744e-05
3.77141e-05
-5.47114e-05
4.30358e-05
-5.04117e-05
4.8529e-05
-4.88613e-05
5.41156e-05
-4.94003e-05
5.96488e-05
-5.12108e-05
6.50027e-05
-5.36397e-05
7.01112e-05
-5.62723e-05
7.49685e-05
-5.8898e-05
7.96085e-05
-6.14412e-05
8.40807e-05
-6.38996e-05
8.8433e-05
-6.62988e-05
9.26993e-05
-6.86691e-05
9.68954e-05
-7.10376e-05
0.000101024
-7.34252e-05
0.000105076
-7.58468e-05
0.000109027
-7.83163e-05
-8.08408e-05
0.000112832
2.52407e-06
3.01214e-05
7.38492e-06
-1.78412e-05
1.40474e-05
-5.83811e-05
2.05047e-05
-7.4483e-05
2.59108e-05
-7.34728e-05
3.06239e-05
-6.61875e-05
3.53038e-05
-5.93912e-05
4.03289e-05
-5.54367e-05
4.57181e-05
-5.42504e-05
5.1289e-05
-5.49711e-05
5.68247e-05
-5.67466e-05
6.21697e-05
-5.89848e-05
6.72552e-05
-6.13578e-05
7.20827e-05
-6.37253e-05
7.66928e-05
-6.60512e-05
8.11374e-05
-6.83441e-05
8.5462e-05
-7.06234e-05
8.96977e-05
-7.29049e-05
9.38598e-05
-7.51997e-05
9.79502e-05
-7.75157e-05
0.000101961
-7.98571e-05
0.00010587
-8.22259e-05
-8.46141e-05
0.000109644
2.85719e-06
2.72643e-05
8.30389e-06
-2.32878e-05
1.48738e-05
-6.49509e-05
2.06116e-05
-8.02207e-05
2.51118e-05
-7.7973e-05
2.90985e-05
-7.01742e-05
3.33457e-05
-6.36383e-05
3.81615e-05
-6.02526e-05
4.34464e-05
-5.95352e-05
4.89323e-05
-6.0457e-05
5.43694e-05
-6.21837e-05
5.9605e-05
-6.42203e-05
6.45866e-05
-6.63391e-05
6.93285e-05
-6.8467e-05
7.38754e-05
-7.05979e-05
7.82755e-05
-7.27441e-05
8.25672e-05
-7.49151e-05
8.67756e-05
-7.71133e-05
9.09134e-05
-7.93376e-05
9.4984e-05
-8.15864e-05
9.89828e-05
-8.38559e-05
0.000102895
-8.61377e-05
-8.84133e-05
0.000106694
3.14737e-06
2.4117e-05
9.15561e-06
-2.92959e-05
1.56008e-05
-7.1396e-05
2.06316e-05
-8.52514e-05
2.43298e-05
-8.16712e-05
2.7754e-05
-7.35983e-05
3.17138e-05
-6.75982e-05
3.63918e-05
-6.49305e-05
4.15633e-05
-6.47066e-05
4.69036e-05
-6.57973e-05
5.21647e-05
-6.74448e-05
5.72218e-05
-6.92773e-05
6.2048e-05
-7.11653e-05
6.66698e-05
-7.30887e-05
7.11305e-05
-7.50587e-05
7.54701e-05
-7.70838e-05
7.97179e-05
-7.91629e-05
8.3893e-05
-8.12885e-05
8.80069e-05
-8.34516e-05
9.20653e-05
-8.5645e-05
9.60688e-05
-8.78593e-05
0.000100007
-9.00758e-05
-9.2269e-05
0.000103863
3.41939e-06
2.06977e-05
9.90039e-06
-3.57767e-05
1.61468e-05
-7.76423e-05
2.04792e-05
-8.95838e-05
2.34928e-05
-8.46848e-05
2.65186e-05
-7.66242e-05
3.03149e-05
-7.13944e-05
3.48972e-05
-6.95127e-05
3.99294e-05
-6.97388e-05
4.5066e-05
-7.09338e-05
5.00919e-05
-7.24706e-05
5.49243e-05
-7.41098e-05
5.95633e-05
-7.58041e-05
6.40416e-05
-7.75671e-05
6.83964e-05
-7.94136e-05
7.26572e-05
-8.13447e-05
7.6845e-05
-8.33508e-05
8.09747e-05
-8.54181e-05
8.50577e-05
-8.75346e-05
8.91035e-05
-8.96909e-05
9.31167e-05
-9.18726e-05
9.70912e-05
-9.40504e-05
-9.6198e-05
0.00010102
3.69914e-06
1.69986e-05
1.05331e-05
-4.26105e-05
1.64785e-05
-8.35875e-05
2.01321e-05
-9.32373e-05
2.25969e-05
-8.71497e-05
2.53794e-05
-7.94068e-05
2.90985e-05
-7.51135e-05
3.35875e-05
-7.40018e-05
3.84333e-05
-7.45846e-05
4.33097e-05
-7.58101e-05
4.80566e-05
-7.72176e-05
5.26371e-05
-7.86903e-05
5.70711e-05
-8.0238e-05
6.13911e-05
-8.18872e-05
6.56245e-05
-8.36472e-05
6.97909e-05
-8.55113e-05
7.39052e-05
-8.74651e-05
7.79801e-05
-8.94928e-05
8.20279e-05
-9.15823e-05
8.60611e-05
-9.37242e-05
9.00869e-05
-9.58985e-05
9.41032e-05
-9.80668e-05
-0.000100211
9.81162e-05
4.01829e-06
1.29804e-05
1.10756e-05
-4.96677e-05
1.66164e-05
-8.91283e-05
1.9633e-05
-9.62539e-05
2.16968e-05
-8.92135e-05
2.43647e-05
-8.20749e-05
2.80445e-05
-7.87934e-05
3.24043e-05
-7.83617e-05
3.70047e-05
-7.9185e-05
4.1575e-05
-8.03805e-05
4.60201e-05
-8.16627e-05
5.03408e-05
-8.3011e-05
5.45664e-05
-8.44636e-05
5.87231e-05
-8.60439e-05
6.28281e-05
-8.77521e-05
6.68931e-05
-8.95763e-05
7.09293e-05
-9.15012e-05
7.49484e-05
-9.35117e-05
7.89632e-05
-9.55971e-05
8.29873e-05
-9.77484e-05
8.70284e-05
-9.99398e-05
9.10903e-05
-0.000102129
-0.000104313
9.51918e-05
4.40785e-06
8.57268e-06
1.15677e-05
-5.68274e-05
1.66191e-05
-9.41796e-05
1.90614e-05
-9.86962e-05
2.08647e-05
-9.1017e-05
2.35041e-05
-8.47144e-05
2.71362e-05
-8.24257e-05
3.13103e-05
-8.25358e-05
3.5615e-05
-8.34898e-05
3.9858e-05
-8.46235e-05
4.40035e-05
-8.58084e-05
4.80754e-05
-8.7083e-05
5.21018e-05
-8.849e-05
5.60993e-05
-9.00414e-05
6.00768e-05
-9.17295e-05
6.40412e-05
-9.35407e-05
6.80014e-05
-9.54615e-05
7.1968e-05
-9.74781e-05
7.59531e-05
-9.95824e-05
7.9969e-05
-0.000101764
8.40237e-05
-0.000103995
8.81275e-05
-0.000106233
-0.000108488
9.23026e-05
4.88449e-06
3.68829e-06
1.20521e-05
-6.39949e-05
1.65524e-05
-9.86799e-05
1.84914e-05
-0.000100635
2.01467e-05
-9.26724e-05
2.27953e-05
-8.73631e-05
2.63414e-05
-8.59718e-05
3.02772e-05
-8.64716e-05
3.42623e-05
-8.74748e-05
3.8186e-05
-8.85473e-05
4.2055e-05
-8.96775e-05
4.59002e-05
-9.09283e-05
4.97415e-05
-9.23314e-05
5.35868e-05
-9.38866e-05
5.74395e-05
-9.55821e-05
6.13042e-05
-9.74053e-05
6.51885e-05
-9.93459e-05
6.91012e-05
-0.000101391
7.30528e-05
-0.000103534
7.70517e-05
-0.000105763
8.11075e-05
-0.00010805
8.52328e-05
-0.000110358
-0.000112693
8.94384e-05
5.44896e-06
-1.76062e-06
1.25501e-05
-7.10962e-05
1.64557e-05
-0.000102586
1.79589e-05
-0.000102139
1.9542e-05
-9.42556e-05
2.21981e-05
-9.00191e-05
2.56111e-05
-8.93848e-05
2.92771e-05
-9.01375e-05
3.29476e-05
-9.11452e-05
3.65804e-05
-9.21802e-05
4.02038e-05
-9.33009e-05
4.38437e-05
-9.45683e-05
4.75103e-05
-9.5998e-05
5.12056e-05
-9.75819e-05
5.4931e-05
-9.93075e-05
5.86904e-05
-0.000101165
6.24908e-05
-0.000103146
6.6339e-05
-0.000105239
7.02431e-05
-0.000107438
7.42055e-05
-0.000109725
7.82388e-05
-0.000112083
8.23484e-05
-0.000114467
-0.00011687
8.65255e-05
6.08045e-06
-7.84109e-06
1.30464e-05
-7.80623e-05
1.63239e-05
-0.000105863
1.74543e-05
-0.000103269
1.9011e-05
-9.58122e-05
2.16502e-05
-9.26582e-05
2.48903e-05
-9.26248e-05
2.82782e-05
-9.35255e-05
3.1658e-05
-9.45251e-05
3.50335e-05
-9.55559e-05
3.84369e-05
-9.67044e-05
4.18843e-05
-9.80157e-05
4.53783e-05
-9.94922e-05
4.89188e-05
-0.000101122
5.25078e-05
-0.000102896
5.61493e-05
-0.000104806
5.98507e-05
-0.000106848
6.36161e-05
-0.000109004
6.74519e-05
-0.000111274
7.13543e-05
-0.000113628
7.53389e-05
-0.000116068
7.93957e-05
-0.000118524
-0.000120981
8.35061e-05
6.73744e-06
-1.45786e-05
1.34853e-05
-8.48105e-05
1.61124e-05
-0.00010849
1.69383e-05
-0.000104095
1.8498e-05
-9.73717e-05
2.10892e-05
-9.52492e-05
2.41295e-05
-9.56651e-05
2.72478e-05
-9.66439e-05
3.03663e-05
-9.76437e-05
3.35119e-05
-9.87017e-05
3.67104e-05
-9.9903e-05
3.99685e-05
-0.000101274
4.32857e-05
-0.000102809
4.66621e-05
-0.000104499
5.01019e-05
-0.000106336
5.36101e-05
-0.000108314
5.7194e-05
-0.000110431
6.08561e-05
-0.000112666
6.46026e-05
-0.00011502
6.84255e-05
-0.000117451
7.23464e-05
-0.000119989
7.63403e-05
-0.000122518
-0.000125044
8.04039e-05
7.36267e-06
-2.19414e-05
1.37837e-05
-9.12317e-05
1.57597e-05
-0.000110466
1.63661e-05
-0.000104701
1.7952e-05
-9.89574e-05
2.04651e-05
-9.77623e-05
2.3292e-05
-9.8492e-05
2.61578e-05
-9.95096e-05
2.9041e-05
-0.000100527
3.19748e-05
-0.000101636
3.49748e-05
-0.000102903
3.8042e-05
-0.000104341
4.11757e-05
-0.000105943
4.43786e-05
-0.000107702
4.76568e-05
-0.000109614
5.10165e-05
-0.000111674
5.44646e-05
-0.000113879
5.80042e-05
-0.000116205
6.16444e-05
-0.000118661
6.53803e-05
-0.000121187
6.92408e-05
-0.000123849
7.32014e-05
-0.000126478
-0.000129137
7.7294e-05
7.89037e-06
-2.9832e-05
1.3855e-05
-9.71966e-05
1.52157e-05
-0.000111827
1.57059e-05
-0.000105191
1.73351e-05
-0.000100587
1.97451e-05
-0.000100172
2.2356e-05
-0.000101103
2.49892e-05
-0.000102143
2.76579e-05
-0.000103196
3.03907e-05
-0.000104368
3.31944e-05
-0.000105707
3.60682e-05
-0.000107215
3.90134e-05
-0.000108888
4.20352e-05
-0.000110724
4.51408e-05
-0.00011272
4.83375e-05
-0.000114871
5.16324e-05
-0.000117174
5.50339e-05
-0.000119607
5.85558e-05
-0.000122183
6.2209e-05
-0.00012484
6.60237e-05
-0.000127664
7.00051e-05
-0.00013046
-0.000133335
7.42032e-05
8.26214e-06
-3.80943e-05
1.36379e-05
-0.000102573
1.44627e-05
-0.000112652
1.49467e-05
-0.000105675
1.6625e-05
-0.000102265
1.89119e-05
-0.000102459
2.13132e-05
-0.000103504
2.37343e-05
-0.000104564
2.62046e-05
-0.000105666
2.87436e-05
-0.000106907
3.13531e-05
-0.000108316
3.40328e-05
-0.000109895
3.67862e-05
-0.000111642
3.96202e-05
-0.000113558
4.25421e-05
-0.000115642
4.55612e-05
-0.00011789
4.86862e-05
-0.000120299
5.19359e-05
-0.000122857
5.53288e-05
-0.000125576
5.89035e-05
-0.000128414
6.26782e-05
-0.000131438
6.67228e-05
-0.000134504
-0.000137656
7.10445e-05
8.4393e-06
-4.65338e-05
1.31137e-05
-0.000107248
1.35218e-05
-0.00011306
1.40963e-05
-0.00010625
1.58135e-05
-0.000103982
1.79631e-05
-0.000104609
2.01677e-05
-0.000105709
2.23965e-05
-0.000106792
2.46812e-05
-0.000107951
2.70328e-05
-0.000109259
2.94511e-05
-0.000110734
3.19371e-05
-0.000112381
3.44957e-05
-0.000114201
3.71341e-05
-0.000116197
3.986e-05
-0.000118368
4.26853e-05
-0.000120715
4.56224e-05
-0.000123236
4.87026e-05
-0.000125937
5.19477e-05
-0.000128821
5.54279e-05
-0.000131894
5.91384e-05
-0.000135149
6.32341e-05
-0.000138599
-0.000142043
6.76209e-05
8.40849e-06
-5.49426e-05
1.23092e-05
-0.000111149
1.24436e-05
-0.000113195
1.31734e-05
-0.00010698
1.49049e-05
-0.000105713
1.69097e-05
-0.000106613
1.89343e-05
-0.000107733
2.0988e-05
-0.000108846
2.30975e-05
-0.000110061
2.52676e-05
-0.000111429
2.74978e-05
-0.000112965
2.979e-05
-0.000114673
3.21492e-05
-0.00011656
3.45822e-05
-0.00011863
3.70974e-05
-0.000120883
3.97095e-05
-0.000123327
4.2436e-05
-0.000125962
4.53174e-05
-0.000128819
4.83789e-05
-0.000131882
5.17127e-05
-0.000135228
5.52984e-05
-0.000138734
5.93543e-05
-0.000142655
-0.00014639
6.37012e-05
8.18106e-06
-6.31239e-05
1.1286e-05
-0.000114254
1.12928e-05
-0.000113202
1.22013e-05
-0.000107888
1.3914e-05
-0.000107426
1.57727e-05
-0.000108472
1.76339e-05
-0.000109594
1.95263e-05
-0.000110739
2.14684e-05
-0.000112003
2.34617e-05
-0.000113422
2.55055e-05
-0.000115008
2.76018e-05
-0.000116769
2.97548e-05
-0.000118713
3.19704e-05
-0.000120845
3.42578e-05
-0.00012317
3.6633e-05
-0.000125702
3.91187e-05
-0.000128448
4.17566e-05
-0.000131457
4.45795e-05
-0.000134705
4.76793e-05
-0.000138328
5.10535e-05
-0.000142108
5.4918e-05
-0.000146519
-0.000150607
5.9135e-05
7.7853e-06
-7.09094e-05
1.01238e-05
-0.000116593
1.01302e-05
-0.000113208
1.12015e-05
-0.000108959
1.28613e-05
-0.000109086
1.45772e-05
-0.000110188
1.62891e-05
-0.000111306
1.80294e-05
-0.000112479
1.98093e-05
-0.000113783
2.16283e-05
-0.000115241
2.34856e-05
-0.000116865
2.53823e-05
-0.000118666
2.73209e-05
-0.000120652
2.9306e-05
-0.00012283
3.13469e-05
-0.000125211
3.34582e-05
-0.000127814
3.56656e-05
-0.000130656
3.80035e-05
-0.000133795
4.05167e-05
-0.000137219
4.32731e-05
-0.000141085
4.63301e-05
-0.000145165
4.98258e-05
-0.000150015
-0.000154626
5.38451e-05
7.25637e-06
-7.81659e-05
8.9027e-06
-0.000118239
9.0019e-06
-0.000113307
1.01918e-05
-0.000110149
1.17694e-05
-0.000110664
1.33476e-05
-0.000111766
1.49195e-05
-0.000112878
1.65129e-05
-0.000114073
1.81333e-05
-0.000115403
1.97791e-05
-0.000116887
2.14489e-05
-0.000118535
2.3142e-05
-0.000120359
2.48588e-05
-0.000122369
2.66018e-05
-0.000124573
2.83782e-05
-0.000126988
3.01991e-05
-0.000129635
3.2088e-05
-0.000132545
3.40671e-05
-0.000135774
3.61895e-05
-0.000139341
3.8487e-05
-0.000143382
4.10918e-05
-0.00014777
4.40295e-05
-0.000152953
-0.000158302
4.77051e-05
6.63682e-06
-8.48029e-05
7.69336e-06
-0.000119296
7.93612e-06
-0.00011355
9.18605e-06
-0.000111399
1.06592e-05
-0.000112138
1.2104e-05
-0.000113211
1.35407e-05
-0.000114315
1.49892e-05
-0.000115521
1.64514e-05
-0.000116865
1.79249e-05
-0.00011836
1.9407e-05
-0.000120017
2.08947e-05
-0.000121847
2.23857e-05
-0.00012386
2.38795e-05
-0.000126067
2.53786e-05
-0.000128487
2.68887e-05
-0.000131145
2.84241e-05
-0.00013408
2.99942e-05
-0.000137344
3.1644e-05
-0.000140991
3.33758e-05
-0.000145114
3.53553e-05
-0.000149749
3.75316e-05
-0.000155129
-0.000161289
4.05192e-05
5.96756e-06
-9.07706e-05
6.54811e-06
-0.000119876
6.94505e-06
-0.000113947
8.19547e-06
-0.00011265
9.54867e-06
-0.000113491
1.08622e-05
-0.000114525
1.21647e-05
-0.000115618
1.34687e-05
-0.000116825
1.47739e-05
-0.00011817
1.60769e-05
-0.000119663
1.73733e-05
-0.000121313
1.86579e-05
-0.000123131
1.99249e-05
-0.000125127
2.11696e-05
-0.000127312
2.23885e-05
-0.000129706
2.35792e-05
-0.000132336
2.47414e-05
-0.000135242
2.58704e-05
-0.000138474
2.69822e-05
-0.000142103
2.80636e-05
-0.000146196
2.9232e-05
-0.000150918
3.04365e-05
-0.000156333
-0.000163053
3.22007e-05
5.28476e-06
-9.60555e-05
5.50361e-06
-0.000120095
6.03028e-06
-0.000114474
7.22879e-06
-0.000113848
8.45199e-06
-0.000114714
9.63382e-06
-0.000115707
1.08012e-05
-0.000116785
1.19608e-05
-0.000117985
1.31107e-05
-0.00011932
1.42467e-05
-0.000120799
1.53627e-05
-0.000122429
1.64509e-05
-0.000124219
1.75024e-05
-0.000126178
1.85078e-05
-0.000128318
1.94566e-05
-0.000130655
2.03363e-05
-0.000133216
2.1129e-05
-0.000136035
2.18126e-05
-0.000139157
2.23618e-05
-0.000142652
2.27477e-05
-0.000146582
2.29756e-05
-0.000151146
2.30241e-05
-0.000156382
-0.00016307
2.30408e-05
4.61567e-06
-0.000100671
4.5755e-06
-0.000120055
5.18694e-06
-0.000115085
6.29205e-06
-0.000114954
7.37878e-06
-0.000115801
8.42711e-06
-0.000116755
9.45765e-06
-0.000117816
1.04732e-05
-0.000119
1.14708e-05
-0.000120318
1.24452e-05
-0.000121774
1.3389e-05
-0.000123373
1.42924e-05
-0.000125123
1.5144e-05
-0.00012703
1.59298e-05
-0.000129104
1.66326e-05
-0.000131358
1.72288e-05
-0.000133812
1.76843e-05
-0.000136491
1.79561e-05
-0.000139429
1.79813e-05
-0.000142677
1.76984e-05
-0.000146299
1.69949e-05
-0.000150442
1.58145e-05
-0.000155201
-0.000161135
1.38794e-05
3.97728e-06
-0.000104648
3.76111e-06
-0.000119839
4.40569e-06
-0.00011573
5.38756e-06
-0.000115935
6.3335e-06
-0.000116747
7.24586e-06
-0.000117668
8.13805e-06
-0.000118708
9.01061e-06
-0.000119873
9.85987e-06
-0.000121167
1.06799e-05
-0.000122594
1.14626e-05
-0.000124156
1.2197e-05
-0.000125857
1.287e-05
-0.000127703
1.34643e-05
-0.000129698
1.39567e-05
-0.000131851
1.4315e-05
-0.00013417
1.44938e-05
-0.00013667
1.44327e-05
-0.000139368
1.40455e-05
-0.00014229
1.32285e-05
-0.000145481
1.17954e-05
-0.000149009
9.57013e-06
-0.000152976
-0.000157595
6.03025e-06
3.37631e-06
-0.000108025
3.04625e-06
-0.000119509
3.67411e-06
-0.000116358
4.5132e-06
-0.000116774
5.31527e-06
-0.000117549
6.08913e-06
-0.000118442
6.84205e-06
-0.000119461
7.57344e-06
-0.000120604
8.27939e-06
-0.000121873
8.95377e-06
-0.000123268
9.58812e-06
-0.00012479
1.01716e-05
-0.000126441
1.06901e-05
-0.000128222
1.1125e-05
-0.000130133
1.14502e-05
-0.000132176
1.16295e-05
-0.00013435
1.16136e-05
-0.000136654
1.13354e-05
-0.00013909
1.07033e-05
-0.000141658
9.58988e-06
-0.000144368
7.79703e-06
-0.000147216
5.05284e-06
-0.000150232
-0.000153366
8.23791e-07
2.807e-06
-0.000110832
2.40978e-06
-0.000119112
2.97893e-06
-0.000116927
3.66436e-06
-0.00011746
4.32023e-06
-0.000118205
4.95349e-06
-0.000119075
5.56696e-06
-0.000120075
6.15958e-06
-0.000121197
6.72745e-06
-0.000122441
7.26465e-06
-0.000123805
7.76331e-06
-0.000125289
8.21343e-06
-0.000126891
8.60197e-06
-0.00012861
8.9109e-06
-0.000130442
9.11488e-06
-0.00013238
9.17904e-06
-0.000134414
9.05689e-06
-0.000136532
8.68659e-06
-0.000138719
7.98694e-06
-0.000140958
6.8414e-06
-0.000143222
5.08986e-06
-0.000145464
2.4825e-06
-0.000147624
-0.000149514
-1.36955e-06
2.2498e-06
-0.000113082
1.83263e-06
-0.000118695
2.31083e-06
-0.000117405
2.83803e-06
-0.000117987
3.34571e-06
-0.000118713
3.8368e-06
-0.000119567
4.31104e-06
-0.000120549
4.76693e-06
-0.000121653
5.20102e-06
-0.000122875
5.60851e-06
-0.000124213
5.98323e-06
-0.000125664
6.31718e-06
-0.000127225
6.5994e-06
-0.000128893
6.81408e-06
-0.000130657
6.93894e-06
-0.000132505
6.94424e-06
-0.000134419
6.7919e-06
-0.000136379
6.43365e-06
-0.000138361
5.80775e-06
-0.000140332
4.83041e-06
-0.000142245
3.39565e-06
-0.000144029
1.34704e-06
-0.000145575
-0.000146662
-1.50446e-06
1.68192e-06
-0.000114764
1.30464e-06
-0.000118317
1.6618e-06
-0.000117762
2.02965e-06
-0.000118355
2.38831e-06
-0.000119072
2.73713e-06
-0.000119916
3.07347e-06
-0.000120886
3.3955e-06
-0.000121975
3.70094e-06
-0.000123181
3.98695e-06
-0.000124499
4.24964e-06
-0.000125926
4.48303e-06
-0.000127459
4.67803e-06
-0.000129088
4.82162e-06
-0.000130801
4.89663e-06
-0.00013258
4.88203e-06
-0.000134405
4.75209e-06
-0.000136249
4.4744e-06
-0.000138083
4.00701e-06
-0.000139864
3.297e-06
-0.000141535
2.28029e-06
-0.000143013
8.78628e-07
-0.000144173
-0.000144829
-9.54514e-07
1.10767e-06
-0.000115871
8.00623e-07
-0.00011801
1.01309e-06
-0.000117975
1.22639e-06
-0.000118569
1.43925e-06
-0.000119284
1.64833e-06
-0.000120125
1.8503e-06
-0.000121088
2.04382e-06
-0.000122169
2.22787e-06
-0.000123365
2.40108e-06
-0.000124672
2.56092e-06
-0.000126086
2.7031e-06
-0.000127601
2.82132e-06
-0.000129206
2.90726e-06
-0.000130887
2.95092e-06
-0.000132624
2.9407e-06
-0.000134394
2.86207e-06
-0.00013617
2.69545e-06
-0.000137916
2.41487e-06
-0.000139584
1.98839e-06
-0.000141108
1.37651e-06
-0.000142401
5.39836e-07
-0.000143337
-0.000143759
-5.29782e-07
4.73251e-07
2.72139e-07
3.4314e-07
4.15863e-07
4.87816e-07
5.58714e-07
6.27542e-07
6.93824e-07
7.57172e-07
8.16959e-07
8.72077e-07
9.20851e-07
9.61168e-07
9.90621e-07
1.00638e-06
1.00469e-06
9.80179e-07
9.25318e-07
8.30319e-07
6.82311e-07
4.64282e-07
1.5874e-07
-2.45411e-07
2.3194e-05
-1.58127e-05
3.65393e-05
-1.33454e-05
5.36617e-05
-1.71223e-05
-2.54104e-05
7.90721e-05
2.83273e-05
-2.79584e-05
4.51665e-05
-3.01845e-05
6.4516e-05
-3.64719e-05
-5.92137e-05
9.83193e-05
9.81135e-05
-3.20105e-05
0.000125088
-5.71587e-05
0.000156595
-6.79794e-05
-8.22606e-05
0.000179642
0.000167257
-4.77166e-05
0.000172998
-6.28997e-05
0.000181964
-7.69453e-05
-8.74784e-05
0.000187182
0.000160936
-5.85951e-05
0.000166784
-6.87473e-05
0.00016935
-7.95112e-05
-8.91276e-05
0.000170999
0.000146247
-6.67674e-05
0.000151969
-7.44698e-05
0.000155569
-8.31109e-05
-9.17902e-05
0.000158232
0.00013993
-7.31052e-05
0.000145009
-7.9549e-05
0.000148627
-8.67294e-05
-9.41501e-05
0.000150987
0.000134017
-7.86177e-05
0.000138612
-8.4144e-05
0.000142067
-9.0185e-05
-9.64622e-05
0.000144379
0.000128952
-8.33992e-05
0.000133051
-8.82434e-05
0.000136295
-9.34286e-05
-9.87863e-05
0.000138619
0.000124516
-8.7834e-05
0.000128389
-9.21168e-05
0.000131555
-9.65947e-05
-0.000101185
0.000133953
0.000120511
-9.20272e-05
0.00012424
-9.58454e-05
0.000127396
-9.97513e-05
-0.000103721
0.000129932
0.00011694
-9.61355e-05
0.000120665
-9.95698e-05
0.000123923
-0.000103009
-0.000106444
0.000126646
0.00011376
-0.000100252
0.000117574
-0.000103384
0.000121025
-0.00010646
-0.0001094
0.000123981
0.000110894
-0.000104452
0.000114876
-0.000107366
0.000118592
-0.000110175
-0.000112623
0.000121815
0.000108192
-0.000108781
0.000112394
-0.000111568
0.000116428
-0.000114209
-0.000116168
0.000119973
0.000105507
-0.000113268
0.000109971
-0.000116033
0.000114373
-0.000118611
-0.000120127
0.000118333
0.000102778
-0.000117929
0.000107531
-0.000120786
0.000112351
-0.000123431
-0.000124624
0.000116848
0.000100024
-0.000122761
0.000105068
-0.00012583
0.000110318
-0.000128681
-0.000129737
0.00011543
9.72654e-05
-0.000127724
0.000102555
-0.000131119
0.000108124
-0.00013425
-0.000135358
0.000113745
9.44576e-05
-0.000132743
9.98741e-05
-0.000136536
0.000105436
-0.000139813
-0.000141114
0.000111192
9.15166e-05
-0.000137734
9.68608e-05
-0.00014188
0.000101902
-0.000144854
-0.000146508
0.000107296
8.84126e-05
-0.000142641
9.34597e-05
-0.000146928
9.75416e-05
-0.000148936
-0.000151303
0.000102337
8.52348e-05
-0.000147472
8.99118e-05
-0.000151605
9.30913e-05
-0.000152116
-0.000155734
9.75224e-05
8.21339e-05
-0.000152312
8.67285e-05
-0.000156199
8.9811e-05
-0.000155198
-0.00016043
9.45067e-05
7.91679e-05
-0.000157276
8.42359e-05
-0.000161267
8.83695e-05
-0.000159332
-0.000166181
9.4121e-05
7.62425e-05
-0.000162474
8.22014e-05
-0.000167226
8.79271e-05
-0.000165058
-0.000172736
9.44822e-05
7.3124e-05
-0.000167977
7.99479e-05
-0.00017405
8.70043e-05
-0.000172114
-0.000179307
9.35752e-05
6.94575e-05
-0.000173733
7.66736e-05
-0.000181266
8.44197e-05
-0.00017986
-0.000186303
9.14156e-05
6.49505e-05
-0.000179548
7.20421e-05
-0.000188358
8.00454e-05
-0.000187863
-0.000195021
8.87633e-05
5.94623e-05
-0.000185165
6.63008e-05
-0.000195196
7.50587e-05
-0.000196621
-0.000205512
8.55493e-05
5.2809e-05
-0.000190269
5.95422e-05
-0.000201929
6.97244e-05
-0.000206803
-0.000215884
8.00958e-05
4.46468e-05
-0.000194397
5.10048e-05
-0.000208287
6.11575e-05
-0.000216956
-0.000221982
6.72562e-05
3.46973e-05
-0.000196893
3.92643e-05
-0.000212854
4.49734e-05
-0.000222665
-0.000218464
4.14557e-05
2.31503e-05
-0.000197003
2.35687e-05
-0.000213273
2.008e-05
-0.000219176
-0.000203512
5.12787e-06
1.09665e-05
-0.00019409
5.2135e-06
-0.00020752
-8.9928e-06
-0.00020497
-0.000182392
-3.01129e-05
1.84491e-07
-0.000188244
-1.09522e-05
-0.000196383
-2.99905e-05
-0.000185931
-0.000162753
-4.96296e-05
-6.65975e-06
-0.00018076
-1.95783e-05
-0.000183465
-3.67131e-05
-0.000168796
-0.000148907
-5.0559e-05
-8.22357e-06
-0.000173906
-1.83198e-05
-0.000173368
-2.83214e-05
-0.000158795
-0.000141368
-3.586e-05
-6.23072e-06
-0.00016918
-1.20315e-05
-0.000167567
-1.46737e-05
-0.000156153
-0.000140367
-1.56749e-05
-3.6709e-06
-0.000166463
-6.53425e-06
-0.000164704
-5.43154e-06
-0.000157255
-0.00014364
-2.15867e-06
-2.04169e-06
-0.000164951
-3.62564e-06
-0.00016312
-2.49867e-06
-0.000158382
-0.000147819
1.68022e-06
-8.42098e-07
-1.57558e-06
-1.69671e-06
9.32423e-07
0.000107319
-0.000102457
0.000136287
-0.000180019
0.000142407
-0.000253065
0.000148444
-0.000284552
0.000132815
-0.000276928
0.000123835
-0.000256575
0.00012738
-0.000272662
0.000120784
-0.000354399
0.000112047
-0.000367459
0.000104162
-0.000375671
9.74081e-05
-0.000379368
0.000110176
-0.000333086
0.000160996
-1.23996e-05
0.000135488
0.000460926
9.11498e-05
0.000628935
5.78287e-05
0.000624581
3.49043e-05
0.000609708
1.66547e-05
0.00060338
0.000600182
0.000136125
-0.000140263
0.000165101
-0.000208995
0.000169441
-0.000257404
0.000153775
-0.000268886
0.000135461
-0.000258615
0.000126919
-0.000248034
0.000133983
-0.000279725
0.000120852
-0.000341267
0.000112962
-0.00035957
0.00010696
-0.000369668
9.96691e-05
-0.000372077
9.56051e-05
-0.000329022
0.00013995
-5.6744e-05
0.000117642
0.000483233
8.35873e-05
0.00066299
5.35052e-05
0.000654663
3.24077e-05
0.000630806
1.54986e-05
0.000620289
0.000615681
0.00019687
-0.00015749
0.000192001
-0.000204126
0.000170455
-0.000235859
0.000146112
-0.000244543
0.000132804
-0.000245307
0.000130229
-0.000245458
0.000130711
-0.000280207
0.000119302
-0.000329858
0.000111919
-0.000352187
0.000106984
-0.000364733
0.000101437
-0.000366531
9.40415e-05
-0.000321626
0.000100235
-6.29374e-05
8.78332e-05
0.000495635
6.73348e-05
0.000683489
4.5197e-05
0.000676802
2.82849e-05
0.000647718
1.37119e-05
0.000634861
0.000629393
0.000188411
-0.00015872
0.000176095
-0.000191809
0.000157954
-0.000217718
0.000142949
-0.000229539
0.000133741
-0.000236098
0.000130813
-0.00024253
0.000127715
-0.00027711
0.000115299
-0.000317442
0.000108852
-0.000345741
0.000104138
-0.000360019
0.000101584
-0.000363977
0.000101554
-0.000321597
5.66448e-05
-1.80281e-05
5.50076e-05
0.000497272
4.68281e-05
0.000691668
3.46127e-05
0.000689017
2.29853e-05
0.000659345
1.13769e-05
0.00064647
0.00064077
0.000169805
-0.000157526
0.000162287
-0.000184292
0.000151913
-0.000207344
0.000141727
-0.000219353
0.000132896
-0.000227268
0.000127164
-0.000236798
0.000113587
-0.000263532
0.00010986
-0.000313715
0.000105187
-0.000341068
0.000100762
-0.000355593
0.000103395
-0.00036661
0.000101907
-0.000320108
3.75831e-05
4.62956e-05
3.1397e-05
0.000503459
2.87691e-05
0.000694296
2.44605e-05
0.000693325
1.75055e-05
0.0006663
8.8744e-06
0.000655101
0.000649644
0.000159451
-0.000158745
0.000155624
-0.000180465
0.000147761
-0.000199481
0.000139151
-0.000210742
0.000130434
-0.000218552
0.000119611
-0.000225975
0.00010431
-0.000248232
0.000105688
-0.000315093
0.000102816
-0.000338196
9.88976e-05
-0.000351675
0.000100629
-0.000368342
8.22242e-05
-0.000301704
3.00918e-05
9.84281e-05
1.58601e-05
0.00051769
1.55671e-05
0.000694589
1.61393e-05
0.000692753
1.24998e-05
0.00066994
6.50528e-06
0.000661095
0.000656149
0.000152122
-0.000159881
0.000149387
-0.000177729
0.000143147
-0.000193242
0.000135822
-0.000203417
0.000128111
-0.000210841
0.000117988
-0.000215853
0.00010537
-0.000235614
0.00010823
-0.000317953
0.000104272
-0.000334238
9.58141e-05
-0.000343217
9.16801e-05
-0.000364208
5.40873e-05
-0.000264111
1.89287e-05
0.000133587
3.08426e-06
0.000533535
6.32138e-06
0.000691352
9.72389e-06
0.00068935
8.29188e-06
0.000671372
4.46454e-06
0.000664922
0.000660614
0.000145724
-0.000161224
0.000144022
-0.000176027
0.000139274
-0.000188495
0.000132874
-0.000197016
0.000126203
-0.00020417
0.00012134
-0.000210989
0.000113757
-0.000228031
0.00011343
-0.000317626
0.000104229
-0.000325037
9.25003e-05
-0.000331489
7.99416e-05
-0.000351649
4.44771e-05
-0.000228646
1.28705e-05
0.000165193
-3.99281e-06
0.000550398
1.60861e-07
0.000687199
4.9325e-06
0.000684578
4.97802e-06
0.000671327
2.83028e-06
0.000667069
0.000663444
0.000140304
-0.00016291
0.000139388
-0.000175111
0.000135914
-0.000185021
0.000130475
-0.000191578
0.000125136
-0.000198831
0.000122083
-0.000207936
0.000125748
-0.000231696
0.000113552
-0.000305429
0.000102754
-0.000314239
9.14631e-05
-0.000320197
6.94085e-05
-0.000329594
5.75679e-05
-0.000216805
1.24341e-05
0.000210327
-7.6816e-06
0.000570514
-3.48006e-06
0.000682997
1.57899e-06
0.000679519
2.518e-06
0.000670388
1.58976e-06
0.000667997
0.000665034
0.00013594
-0.000164896
0.000135558
-0.000174729
0.00013317
-0.000182634
0.000129012
-0.00018742
0.000125113
-0.000194932
0.000121237
-0.00020406
0.000123838
-0.000234298
0.000109924
-0.000291516
0.000100838
-0.000305153
9.22539e-05
-0.000311613
6.96243e-05
-0.000306965
6.62135e-05
-0.000213394
1.18746e-05
0.000264666
-8.54773e-06
0.000590936
-5.21799e-06
0.000679667
-5.51843e-07
0.000674852
8.21525e-07
0.000669015
6.9832e-07
0.00066812
0.000665733
0.000132275
-0.000167239
0.00013237
-0.000174824
0.000130977
-0.000181241
0.000128315
-0.000184758
0.000123487
-0.000190105
0.000118413
-0.000198986
0.000113127
-0.000229012
0.000101747
-0.000280135
9.69928e-05
-0.000300399
9.30946e-05
-0.000307715
7.77177e-05
-0.000291588
5.68108e-05
-0.000192487
4.70005e-06
0.000316777
-9.56857e-06
0.000605204
-5.95006e-06
0.000676049
-1.77353e-06
0.000670675
-2.44598e-07
0.000667486
1.01616e-07
0.000667774
0.000665834
0.000129349
-0.000169942
0.000129996
-0.000175471
0.000129668
-0.000180914
0.000128852
-0.000183942
0.000123771
-0.000185025
0.000111624
-0.000186838
9.6548e-05
-0.000213936
8.46496e-05
-0.000268236
9.05713e-05
-0.000306321
9.27755e-05
-0.000309919
8.62341e-05
-0.000285046
4.44541e-05
-0.000150707
-3.04643e-06
0.000364278
-1.15144e-05
0.000613671
-6.27981e-06
0.000670814
-2.40982e-06
0.000666805
-8.40033e-07
0.000665916
-2.59047e-07
0.000667193
0.000665575
0.000127085
-0.000173046
0.000128587
-0.000176972
0.000129562
-0.000181889
0.000130516
-0.000184895
0.000126441
-0.00018095
0.000111192
-0.000171589
8.22339e-05
-0.000184978
6.4043e-05
-0.000250045
7.90127e-05
-0.00032129
9.28833e-05
-0.00032379
9.35756e-05
-0.000285739
3.03189e-05
-8.7451e-05
-4.8763e-06
0.000399473
-1.16446e-05
0.000620439
-5.94792e-06
0.000665118
-2.55193e-06
0.000663409
-1.07233e-06
0.000664437
-4.32329e-07
0.000666553
0.000665143
0.000125383
-0.000176614
0.000128109
-0.000179697
0.000130897
-0.000184678
0.000133933
-0.000187931
0.000132424
-0.000179441
0.000117186
-0.00015635
8.92673e-05
-0.00015706
7.32954e-05
-0.000234074
7.16947e-05
-0.000319689
8.35319e-05
-0.000335627
8.94071e-05
-0.000291614
2.52157e-05
-2.32598e-05
-4.5891e-06
0.000429278
-9.62465e-06
0.000625475
-4.77748e-06
0.000660271
-2.18018e-06
0.000660811
-9.93939e-07
0.000663251
-4.5225e-07
0.000666011
0.00066469
0.000124188
-0.00018083
0.00012847
-0.00018398
0.00013354
-0.000189747
0.000138341
-0.000192733
0.000139338
-0.000180438
0.000127578
-0.000144591
0.000108422
-0.000137903
9.67332e-05
-0.000222385
8.87111e-05
-0.000311667
8.06942e-05
-0.00032761
7.23434e-05
-0.000283263
1.95186e-05
2.95647e-05
-3.35812e-06
0.000452154
-6.48572e-06
0.000628602
-2.96038e-06
0.000656746
-1.35489e-06
0.000659206
-6.57051e-07
0.000662553
-3.49804e-07
0.000665703
0.00066434
0.000123568
-0.000186065
0.00012977
-0.000190182
0.000137253
-0.00019723
0.00014356
-0.00019904
0.000143966
-0.000180844
0.000130905
-0.000131529
0.000113694
-0.000120692
0.000113118
-0.00022181
9.27066e-05
-0.000291255
7.47211e-05
-0.000309625
5.91754e-05
-0.000267718
1.91164e-05
6.96236e-05
2.0106e-07
0.00047107
-2.00659e-06
0.00063081
-6.24784e-07
0.000655364
-1.89837e-07
0.000658771
-1.39659e-07
0.000662503
-1.65795e-07
0.00066573
0.000664175
0.000123689
-0.000192906
0.000132387
-0.00019888
0.00014213
-0.000206973
0.000149026
-0.000205936
0.000146345
-0.000178164
0.000129504
-0.000114687
0.000106593
-9.77816e-05
0.000116182
-0.000231399
9.15513e-05
-0.000266624
6.71532e-05
-0.000285227
5.64361e-05
-0.000257
3.00407e-05
9.60188e-05
9.09465e-06
0.000492016
3.19845e-06
0.000636706
2.07213e-06
0.00065649
1.16288e-06
0.00065968
4.55622e-07
0.00066321
4.52217e-08
0.00066614
0.00066422
0.000124582
-0.000202058
0.000136752
-0.00021105
0.00014887
-0.000219091
0.000154812
-0.000211878
0.000145125
-0.000168478
0.000120897
-9.04586e-05
0.000123504
-0.000100389
0.000112004
-0.000219899
9.09893e-05
-0.000245609
6.76238e-05
-0.000261861
5.43341e-05
-0.000243711
4.55143e-05
0.000104838
2.02127e-05
0.000517317
9.02462e-06
0.000647893
4.90693e-06
0.000660608
2.46553e-06
0.000662121
9.92516e-07
0.000664683
2.13566e-07
0.000666919
0.000664433
0.000125863
-0.000214176
0.000142755
-0.000227941
0.000157758
-0.000234094
0.000162237
-0.000216358
0.0001485
-0.00015474
0.000113779
-5.5738e-05
0.000125908
-0.000112518
0.000107299
-0.00020129
9.00836e-05
-0.000228394
7.23765e-05
-0.000244154
5.36416e-05
-0.000224976
5.89361e-05
9.95437e-05
3.07882e-05
0.000545465
1.42714e-05
0.00066441
7.25394e-06
0.000667626
3.40576e-06
0.000665969
1.31173e-06
0.000666777
2.54878e-07
0.000667976
0.000664688
0.000126674
-0.000229658
0.000149232
-0.000250499
0.000167577
-0.000252439
0.000170612
-0.000219393
0.000157409
-0.000141537
0.000126206
-2.45349e-05
0.000118682
-0.000104994
0.000100881
-0.000183488
9.03489e-05
-0.000217862
7.79873e-05
-0.000231792
5.8155e-05
-0.000205143
6.67926e-05
9.09061e-05
3.65749e-05
0.000575683
1.73193e-05
0.000683666
8.34001e-06
0.000676605
3.64306e-06
0.000670666
1.25528e-06
0.000669165
8.13566e-08
0.00066915
0.00066477
0.000126085
-0.000248447
0.000153812
-0.000278227
0.000175133
-0.00027376
0.000178307
-0.000222567
0.000164852
-0.000128082
0.00014479
-4.47294e-06
0.000109488
-6.96914e-05
9.56615e-05
-0.000169662
9.39978e-05
-0.000216198
8.84309e-05
-0.000226226
6.68736e-05
-0.000183586
6.32597e-05
9.452e-05
3.46586e-05
0.000604284
1.67881e-05
0.000701536
7.55509e-06
0.000685839
2.9106e-06
0.000675311
7.06097e-07
0.00067137
-3.90388e-07
0.000670246
0.000664379
0.000123686
-0.000269797
0.000153713
-0.000308254
0.000174824
-0.000294871
0.000177941
-0.000225685
0.000168126
-0.000118267
0.000166067
-2.41365e-06
0.000129437
-3.30615e-05
0.00010607
-0.000146295
0.000107587
-0.000217715
0.000104105
-0.000222743
7.76071e-05
-0.000157088
4.86864e-05
0.000123441
2.63424e-05
0.000626629
1.23092e-05
0.00071557
4.74884e-06
0.000693399
1.11069e-06
0.000678949
-4.56908e-07
0.000672937
-1.26848e-06
0.000671058
0.000663111
0.000119996
-0.000292271
0.000147208
-0.000335466
0.00016293
-0.000310593
0.000162202
-0.000224958
0.000149444
-0.000105509
0.00014842
-1.38933e-06
0.000154074
-3.87159e-05
0.000161883
-0.000154104
0.000156687
-0.000212519
0.000125771
-0.000191826
7.95878e-05
-0.000110905
3.30128e-05
0.000170016
1.42653e-05
0.000645376
4.90059e-06
0.000724934
3.04245e-07
0.000697996
-1.65313e-06
0.000680907
-2.09703e-06
0.000673381
-2.45884e-06
0.00067142
0.000660652
0.000115256
-0.00031302
0.000134302
-0.000354511
0.000141454
-0.000317745
0.000132663
-0.000216167
0.000110921
-8.37665e-05
0.00010842
1.11182e-06
0.000135463
-6.57594e-05
0.000166292
-0.000184933
0.000171048
-0.000217275
0.000132318
-0.000153096
7.61282e-05
-5.47157e-05
1.93835e-05
0.00022676
-4.1849e-08
0.000664802
-4.16815e-06
0.000729061
-5.19481e-06
0.000699022
-5.15995e-06
0.000680872
-4.20539e-06
0.000672427
-3.91536e-06
0.00067113
0.000656736
0.000106853
-0.000325753
0.000115715
-0.000363373
0.000113665
-0.000315695
9.55235e-05
-0.000198025
6.47804e-05
-5.30235e-05
6.12903e-05
4.602e-06
8.9949e-05
-9.44182e-05
0.000124665
-0.000219649
0.000145159
-0.000237769
0.000112612
-0.00012055
6.22835e-05
-4.38685e-06
7.37647e-06
0.000281667
-1.37653e-05
0.000685944
-1.35156e-05
0.000728811
-1.12587e-05
0.000696766
-9.15252e-06
0.000678766
-6.63087e-06
0.000669905
-5.55024e-06
0.000670049
0.000651186
9.70697e-05
-0.00032834
9.58412e-05
-0.000362145
8.55905e-05
-0.000305444
5.92921e-05
-0.000171726
2.3277e-05
-1.70085e-05
2.14929e-05
6.38609e-06
4.93038e-05
-0.000122229
7.83646e-05
-0.000248709
0.000108302
-0.000267706
9.13641e-05
-0.000103612
4.83653e-05
3.86121e-05
-9.99428e-06
0.000340027
-2.71604e-05
0.00070311
-2.28718e-05
0.000724523
-1.7559e-05
0.000691453
-1.3366e-05
0.000674573
-9.23534e-06
0.000665774
-7.26801e-06
0.000668082
0.000643918
9.01977e-05
-0.000324963
7.92019e-05
-0.000351149
6.41563e-05
-0.000290398
3.20789e-05
-0.000139649
-8.54006e-06
2.36104e-05
-4.9052e-07
-1.66331e-06
3.61918e-05
-0.000158912
4.8868e-05
-0.000261385
7.76978e-05
-0.000296536
6.91515e-05
-9.50657e-05
2.84551e-05
7.93087e-05
-3.203e-05
0.000400512
-4.09164e-05
0.000711996
-3.19186e-05
0.000715525
-2.38189e-05
0.000683353
-1.75881e-05
0.000668342
-1.18981e-05
0.000660084
-8.97614e-06
0.00066516
0.000634942
8.6576e-05
-0.000320123
6.80304e-05
-0.000332604
5.01723e-05
-0.00027254
1.84809e-05
-0.000107957
-7.2068e-06
4.92982e-05
1.10107e-05
-1.98803e-05
4.15712e-05
-0.000189472
3.0105e-05
-0.000249919
3.906e-05
-0.00030549
3.95591e-05
-9.55648e-05
-1.12708e-06
0.000119995
-5.59078e-05
0.000455293
-5.42788e-05
0.000710367
-4.0435e-05
0.000701682
-2.97983e-05
0.000672716
-2.16401e-05
0.000660184
-1.45128e-05
0.000652957
-1.05918e-05
0.000661239
0.00062435
8.47777e-05
-0.000316137
6.08843e-05
-0.00030871
4.20243e-05
-0.00025368
2.02631e-05
-8.61954e-05
2.92719e-05
4.02895e-05
4.87157e-05
-3.93239e-05
4.63074e-05
-0.000187064
1.72465e-05
-0.000220858
5.61476e-06
-0.000293858
1.15943e-05
-0.000101544
-3.48389e-05
0.000166428
-7.65476e-05
0.000497002
-6.55352e-05
0.000699355
-4.77927e-05
0.00068394
-3.5222e-05
0.000660146
-2.53555e-05
0.000650317
-1.69817e-05
0.000644583
-1.20432e-05
0.000656301
0.000612307
8.21443e-05
-0.000312732
5.57971e-05
-0.000282363
3.96854e-05
-0.000237568
4.12395e-05
-8.77492e-05
7.39496e-05
7.57921e-06
8.84263e-05
-5.38005e-05
6.81897e-05
-0.000166828
4.56615e-05
-0.00019833
2.00854e-07
-0.000248398
-6.45921e-06
-9.48844e-05
-5.76506e-05
0.00021762
-8.96337e-05
0.000528985
-7.32286e-05
0.00068295
-5.35225e-05
0.000664234
-3.98438e-05
0.000646467
-2.85986e-05
0.000639072
-1.92213e-05
0.000635206
-1.32726e-05
0.000650352
0.000599034
7.50036e-05
-0.00030764
5.03692e-05
-0.000257728
3.77452e-05
-0.000224944
6.0514e-05
-0.000110518
0.000109517
-4.14243e-05
0.000114553
-5.88368e-05
8.87151e-05
-0.000140989
6.8459e-05
-0.000178074
2.09626e-05
-0.000200901
2.15805e-05
-9.55024e-05
-6.08871e-05
0.000300087
-9.38223e-05
0.000561921
-7.70549e-05
0.000666182
-5.75882e-05
0.000644767
-4.35599e-05
0.000632438
-3.13057e-05
0.000626818
-2.11732e-05
0.000625073
-1.42409e-05
0.00064342
0.000584794
5.80535e-05
-0.000298438
4.26117e-05
-0.000242286
3.62663e-05
-0.000218599
5.75149e-05
-0.000131766
9.01357e-05
-7.40449e-05
0.000105862
-7.45628e-05
9.28437e-05
-0.000127971
7.95811e-05
-0.000164811
5.36975e-05
-0.000175018
4.13095e-05
-8.31144e-05
-5.97656e-05
0.000401162
-9.37959e-05
0.000595951
-7.84845e-05
0.000650871
-6.04645e-05
0.000626747
-4.64531e-05
0.000618427
-3.34994e-05
0.000613864
-2.28076e-05
0.000614382
-1.49276e-05
0.00063554
0.000569866
2.58914e-05
-0.000282873
2.82258e-05
-0.00024462
3.40252e-05
-0.000224399
4.77422e-05
-0.000145483
6.77095e-05
-9.40123e-05
9.3672e-05
-0.000100525
8.8467e-05
-0.000122766
8.32235e-05
-0.000159568
6.67588e-05
-0.000158553
1.29949e-05
-2.93504e-05
-6.96847e-05
0.000483842
-9.6438e-05
0.000622704
-7.98856e-05
0.000634319
-6.29285e-05
0.000609789
-4.87344e-05
0.000604233
-3.5256e-05
0.000600385
-2.41153e-05
0.000603241
-1.53285e-05
0.000626753
0.000554538
-1.30895e-05
-0.000264656
3.1223e-07
-0.000258022
3.01868e-05
-0.000254273
5.23328e-05
-0.000167629
8.29374e-05
-0.000124617
8.69032e-05
-0.000104491
8.89698e-05
-0.000124833
8.65929e-05
-0.000157191
6.28179e-05
-0.000134778
-4.60433e-05
7.95108e-05
-9.95449e-05
0.000537344
-0.000104118
0.000627277
-8.26341e-05
0.000612835
-6.55038e-05
0.000592659
-5.0603e-05
0.000589333
-3.66503e-05
0.000586433
-2.50954e-05
0.000591687
-1.5449e-05
0.000617107
0.000539089
-4.65626e-05
-0.000248206
-3.6255e-05
-0.00026833
4.09374e-06
-0.000294622
4.96663e-05
-0.000213202
7.22671e-05
-0.000147218
8.41753e-05
-0.000116399
9.16677e-05
-0.000132325
8.33232e-05
-0.000148846
2.49059e-05
-7.63608e-05
-0.000108001
0.000212418
-0.000130267
0.00055961
-0.000112512
0.000609522
-8.62307e-05
0.000586554
-6.80526e-05
0.000574481
-5.20867e-05
0.000573367
-3.76961e-05
0.000572042
-2.57392e-05
0.00057973
-1.52972e-05
0.000606665
0.000523792
-5.46724e-05
-0.000243164
-4.12601e-05
-0.000281742
-3.84886e-05
-0.000297393
1.22973e-05
-0.000263988
6.00154e-05
-0.000194936
8.11463e-05
-0.00013753
9.21023e-05
-0.000143281
5.05658e-05
-0.00010731
-5.42388e-05
2.8444e-05
-0.000150516
0.000308695
-0.000148912
0.000558007
-0.000117377
0.000577987
-8.92438e-05
0.000558421
-6.99685e-05
0.000555206
-5.30451e-05
0.000556444
-3.83343e-05
0.000557332
-2.60252e-05
0.000567421
-1.4883e-05
0.000595523
0.000508909
-4.77382e-05
-0.000245985
-3.56822e-05
-0.000293798
-4.01921e-05
-0.000292883
-2.67121e-05
-0.000277468
2.06631e-05
-0.000242311
6.20424e-05
-0.000178909
5.42619e-05
-0.000135501
-6.27354e-06
-4.67744e-05
-0.000114633
0.000136804
-0.000177043
0.000371104
-0.000155779
0.000536743
-0.000118003
0.000540212
-9.0553e-05
0.000530971
-7.06739e-05
0.000535327
-5.32897e-05
0.00053906
-3.84728e-05
0.000542515
-2.59267e-05
0.000554875
-1.42205e-05
0.000583817
0.000494688
-3.72026e-05
-0.000244642
-3.71806e-05
-0.00029382
-4.66621e-05
-0.000283402
-4.06403e-05
-0.00028349
-1.32104e-05
-0.000269741
1.00897e-05
-0.000202209
-1.54399e-05
-0.000109971
-8.84719e-05
2.62574e-05
-0.000162276
0.000210608
-0.000187828
0.000396657
-0.000153355
0.00050227
-0.000115419
0.000502275
-8.98538e-05
0.000505405
-6.99463e-05
0.000515419
-5.26956e-05
0.000521809
-3.80338e-05
0.000527854
-2.5425e-05
0.000542266
-1.33327e-05
0.000571725
0.000481356
-2.00735e-05
-0.000240243
-2.91761e-05
-0.000284718
-5.07117e-05
-0.000261866
-6.66961e-05
-0.000267505
-7.0446e-05
-0.000265991
-6.98667e-05
-0.000202788
-9.72845e-05
-8.25537e-05
-0.000147117
7.60894e-05
-0.000188373
0.000251865
-0.00018644
0.000394724
-0.000145242
0.000461071
-0.000110655
0.000467688
-8.72411e-05
0.000481992
-6.78718e-05
0.00049605
-5.1258e-05
0.000505195
-3.70133e-05
0.000513609
-2.45394e-05
0.000529792
-1.22593e-05
0.000559444
0.000469097
-6.46282e-06
-0.000235939
-1.68491e-05
-0.000274332
-3.66854e-05
-0.00024203
-6.87406e-05
-0.00023545
-0.000101192
-0.00023354
-0.000120107
-0.000183874
-0.00014559
-5.707e-05
-0.000178563
0.000109062
-0.000193702
0.000267004
-0.0001745
0.000375521
-0.000133681
0.000420253
-0.000103999
0.000438006
-8.27125e-05
0.000460705
-6.44467e-05
0.000477784
-4.88719e-05
0.00048962
-3.5328e-05
0.000500065
-2.32344e-05
0.000517699
-1.1064e-05
0.000547274
0.000458033
4.32882e-07
-0.000234692
-9.04778e-06
-0.000264851
-1.90287e-05
-0.000232049
-4.7251e-05
-0.000207228
-9.51592e-05
-0.000185632
-0.000137039
-0.000141994
-0.000168649
-2.546e-05
-0.000188113
0.000128526
-0.000185334
0.000264225
-0.000157451
0.000347637
-0.000121595
0.000384397
-9.69401e-05
0.000413351
-7.75526e-05
0.000441317
-6.06748e-05
0.000460907
-4.62346e-05
0.00047518
-3.34988e-05
0.00048733
-2.18574e-05
0.000506058
-9.92418e-06
0.000535341
0.000448109
1.85379e-06
-3.63941e-06
-5.54262e-06
-1.33275e-05
-4.48552e-05
-0.000105085
-0.000151502
-0.000163799
-0.000152394
-0.000126522
-0.000101098
-8.26519e-05
-6.66257e-05
-5.26118e-05
-4.03362e-05
-2.93501e-05
-1.89356e-05
-8.49506e-06
)
;

boundaryField
{
    leftWall
    {
        type            calculated;
        value           uniform 0;
    }
    rightWall
    {
        type            calculated;
        value           uniform 0;
    }
    lowerWall
    {
        type            calculated;
        value           uniform 0;
    }
    atmosphere
    {
        type            calculated;
        value           nonuniform List<scalar> 
46
(
-0.000116344
-0.000117809
-0.000118046
-0.000118641
-0.000119356
-0.000120196
-0.000121156
-0.000122235
-0.000123428
-0.000124732
-0.000126141
-0.00012765
-0.000129246
-0.000130916
-0.000132639
-0.000134393
-0.000136146
-0.000137861
-0.000139489
-0.00014096
-0.000142183
-0.000143031
-0.000143355
-0.000164354
-0.000162386
-0.000158261
-0.000150448
-0.000235613
-0.000259358
-0.000230146
-0.000199443
-0.000154104
-8.17648e-05
2.09575e-05
0.000140823
0.00025282
0.000321766
0.000358973
0.000394905
0.000425291
0.000446893
0.000462905
0.000476343
0.000495643
0.0005249
0.000439614
)
;
    }
    defaultFaces
    {
        type            empty;
        value           nonuniform List<scalar> 0();
    }
}


// ************************************************************************* //
