/*--------------------------------*- C++ -*----------------------------------*\
| =========                 |                                                 |
| \\      /  F ield         | OpenFOAM: The Open Source CFD Toolbox           |
|  \\    /   O peration     | Version:  2206                                  |
|   \\  /    A nd           | Website:  www.openfoam.com                      |
|    \\/     M anipulation  |                                                 |
\*---------------------------------------------------------------------------*/
FoamFile
{
    version     2.0;
    format      ascii;
    arch        "LSB;label=32;scalar=64";
    class       volVectorField;
    location    "0.45";
    object      U;
}
// * * * * * * * * * * * * * * * * * * * * * * * * * * * * * * * * * * * * * //

dimensions      [0 1 -1 0 0 0 0];

internalField   nonuniform List<vector> 
2268
(
(-0.00563901 0.00188522 0)
(-0.00173863 -0.00425361 0)
(0.0128412 -0.00748085 0)
(0.0301646 -0.00823968 0)
(0.0474549 -0.00753212 0)
(0.0626631 -0.00622316 0)
(0.074881 -0.00486941 0)
(0.0842727 -0.00372867 0)
(0.0914402 -0.00284533 0)
(0.0969335 -0.00214481 0)
(0.101049 -0.00150638 0)
(0.103788 -0.000777362 0)
(0.105075 0.000318208 0)
(0.104103 0.00194963 0)
(0.0999272 0.0042952 0)
(0.091597 0.00732037 0)
(0.0783053 0.0106576 0)
(0.0596205 0.0135069 0)
(0.0363376 0.0145427 0)
(0.0110153 0.0115179 0)
(-0.0107942 0.00259953 0)
(-0.0198267 -0.0108297 0)
(-0.00900825 -0.017838 0)
(-0.00594536 0.00573513 0)
(-0.00228137 -0.0129449 0)
(0.0122851 -0.0228571 0)
(0.0299587 -0.0253269 0)
(0.0478205 -0.0233056 0)
(0.0636583 -0.019371 0)
(0.0764308 -0.0152332 0)
(0.086242 -0.0117221 0)
(0.0937131 -0.00900946 0)
(0.0994655 -0.00689469 0)
(0.103914 -0.00503744 0)
(0.107278 -0.0030862 0)
(0.109473 -0.000676947 0)
(0.110817 0.00242917 0)
(0.111432 0.00657198 0)
(0.111139 0.0119432 0)
(0.109098 0.0184581 0)
(0.103579 0.0255332 0)
(0.0923953 0.0316918 0)
(0.0739206 0.0337199 0)
(0.0497382 0.0274739 0)
(0.0261974 0.0110014 0)
(0.00777826 -0.0128956 0)
(-0.00630088 0.0101864 0)
(-0.00348747 -0.0211594 0)
(0.0107851 -0.0381689 0)
(0.0288362 -0.0427437 0)
(0.0474668 -0.039621 0)
(0.0641726 -0.0330406 0)
(0.0776746 -0.0259601 0)
(0.0879724 -0.0199042 0)
(0.0957154 -0.0152542 0)
(0.101632 -0.0117153 0)
(0.106245 -0.00873966 0)
(0.109804 -0.005802 0)
(0.112305 -0.00254961 0)
(0.11365 0.00131488 0)
(0.113756 0.00606472 0)
(0.112625 0.0120849 0)
(0.110604 0.0197534 0)
(0.108065 0.0291619 0)
(0.104326 0.0394756 0)
(0.0966065 0.0478466 0)
(0.0805582 0.0490129 0)
(0.0536563 0.0374339 0)
(0.0199613 0.0139046 0)
(-0.0068362 0.0155538 0)
(-0.00519563 -0.0287388 0)
(0.00866323 -0.0535335 0)
(0.0272865 -0.0608278 0)
(0.0469126 -0.0569282 0)
(0.0647534 -0.0476874 0)
(0.0792485 -0.0374343 0)
(0.0902592 -0.0285593 0)
(0.0984516 -0.021777 0)
(0.104666 -0.0167467 0)
(0.10956 -0.0126975 0)
(0.113498 -0.00884678 0)
(0.116587 -0.00458142 0)
(0.118713 0.00054907 0)
(0.119655 0.00677194 0)
(0.119131 0.0142141 0)
(0.116876 0.0229609 0)
(0.112907 0.0331119 0)
(0.107505 0.0447289 0)
(0.100292 0.0571671 0)
(0.0881516 0.0670974 0)
(0.0643305 0.0677443 0)
(0.0261423 0.0543009 0)
(-0.00748269 0.0220849 0)
(-0.00733126 -0.0355887 0)
(0.00622715 -0.0689265 0)
(0.0255583 -0.0797002 0)
(0.0461589 -0.0753785 0)
(0.0651419 -0.0634906 0)
(0.0807132 -0.0498591 0)
(0.09258 -0.0378898 0)
(0.1014 -0.0287546 0)
(0.108103 -0.0221295 0)
(0.113471 -0.0170226 0)
(0.117979 -0.0123701 0)
(0.1218 -0.00732093 0)
(0.124879 -0.00130036 0)
(0.126991 0.00607822 0)
(0.127779 0.0150372 0)
(0.126765 0.0256762 0)
(0.123327 0.0379465 0)
(0.116834 0.0517635 0)
(0.106874 0.0673274 0)
(0.0928944 0.0843246 0)
(0.0698648 0.0974304 0)
(0.0312426 0.09589 0)
(-0.00832745 0.0298961 0)
(-0.00953801 -0.041663 0)
(0.0039228 -0.0846172 0)
(0.0238118 -0.0994188 0)
(0.0452431 -0.094914 0)
(0.0651454 -0.0804048 0)
(0.0816628 -0.0632809 0)
(0.0944102 -0.0480633 0)
(0.104013 -0.0364559 0)
(0.111443 -0.0281916 0)
(0.117554 -0.0220719 0)
(0.122899 -0.0167446 0)
(0.127718 -0.0110931 0)
(0.132001 -0.00432568 0)
(0.135549 0.00407981 0)
(0.138017 0.0144676 0)
(0.138886 0.0271123 0)
(0.137391 0.0422201 0)
(0.132352 0.059868 0)
(0.122126 0.0802385 0)
(0.105195 0.104374 0)
(0.078793 0.13229 0)
(0.0333423 0.151513 0)
(-0.00939745 0.0392359 0)
(-0.0116806 -0.0469891 0)
(0.00109309 -0.100426 0)
(0.02143 -0.119522 0)
(0.0439334 -0.115004 0)
(0.0646785 -0.0979627 0)
(0.0818596 -0.0773603 0)
(0.0953101 -0.0588949 0)
(0.105748 -0.0448434 0)
(0.114143 -0.0350054 0)
(0.121334 -0.027983 0)
(0.127881 -0.0221458 0)
(0.134061 -0.0161168 0)
(0.139919 -0.00889877 0)
(0.1453 0.000184853 0)
(0.149916 0.011671 0)
(0.153316 0.0260495 0)
(0.154777 0.0438441 0)
(0.153189 0.065691 0)
(0.146476 0.0918988 0)
(0.132362 0.1236 0)
(0.105494 0.159914 0)
(0.0568499 0.200625 0)
(-0.0106712 0.0501891 0)
(-0.014097 -0.0509154 0)
(-0.00387732 -0.115105 0)
(0.0167676 -0.139843 0)
(0.0413324 -0.135673 0)
(0.0635015 -0.115978 0)
(0.0812986 -0.0918762 0)
(0.0951891 -0.0702615 0)
(0.106348 -0.0538692 0)
(0.115834 -0.0425219 0)
(0.124398 -0.0346412 0)
(0.132518 -0.0283557 0)
(0.14045 -0.0220574 0)
(0.148275 -0.0145603 0)
(0.155939 -0.00501436 0)
(0.163259 0.00716177 0)
(0.169909 0.0227777 0)
(0.175405 0.0427602 0)
(0.178559 0.0687997 0)
(0.177878 0.102859 0)
(0.166375 0.150137 0)
(0.147957 0.216795 0)
(0.047038 0.325074 0)
(0.136663 -0.0258146 0)
(-0.618899 0.0703545 0)
(-1.34233 -0.00121535 0)
(-1.41247 -0.0238609 0)
(-1.28781 -0.0303571 0)
(-1.11625 -0.0336489 0)
(-0.818653 -0.0469941 0)
(-0.240972 -0.106245 0)
(0.377582 -0.112019 0)
(0.751013 -0.0548792 0)
(0.958434 -0.00372932 0)
(0.964361 0.044787 0)
(0.7198 0.0915639 0)
(0.243241 0.0932905 0)
(-0.181303 0.019676 0)
(-0.310611 0.00976827 0)
(-0.712798 0.0183932 0)
(-0.746248 -0.0366994 0)
(-0.253635 -0.118569 0)
(-0.410494 0.186549 0)
(-1.34842 0.345001 0)
(-2.00148 0.193498 0)
(-1.61555 -0.0100615 0)
(-1.32627 -0.124527 0)
(-0.848135 -0.146702 0)
(-0.0421136 -0.225447 0)
(0.725075 -0.350592 0)
(1.05637 -0.275833 0)
(1.25862 -0.149572 0)
(1.37795 -0.0489849 0)
(1.41235 0.0393568 0)
(1.34324 0.142912 0)
(1.0353 0.221242 0)
(0.466128 0.199439 0)
(-0.111036 0.124504 0)
(-0.667512 0.114825 0)
(-0.568347 -0.022134 0)
(-0.121551 -0.285981 0)
(-0.45463 0.395358 0)
(-0.965867 0.588736 0)
(-0.846611 0.170292 0)
(0.0485798 -0.251735 0)
(0.00669225 -0.301134 0)
(0.469494 -0.340143 0)
(0.949733 -0.449849 0)
(1.18083 -0.456303 0)
(1.28345 -0.321691 0)
(1.38426 -0.163638 0)
(1.46508 -0.0414563 0)
(1.4896 0.063366 0)
(1.46951 0.190517 0)
(1.37903 0.324337 0)
(1.02531 0.377382 0)
(0.452368 0.315255 0)
(-0.35588 0.191782 0)
(-0.515323 -0.0822433 0)
(0.013511 -0.429814 0)
(-0.352827 0.512866 0)
(0.143184 0.656314 0)
(0.885408 0.0331237 0)
(0.874295 -0.286529 0)
(0.880116 -0.353431 0)
(1.10527 -0.421704 0)
(1.24311 -0.489839 0)
(1.28959 -0.468503 0)
(1.3405 -0.340047 0)
(1.42214 -0.185824 0)
(1.49261 -0.0540564 0)
(1.52023 0.0609536 0)
(1.49667 0.198711 0)
(1.46108 0.367866 0)
(1.31436 0.500187 0)
(0.915619 0.508321 0)
(0.241128 0.380457 0)
(-0.436175 -0.0592263 0)
(0.13169 -0.546981 0)
(-0.299764 0.473764 0)
(0.561682 0.524503 0)
(1.25706 -0.0628184 0)
(1.1779 -0.299383 0)
(1.16666 -0.377099 0)
(1.23105 -0.449062 0)
(1.28271 -0.503865 0)
(1.32706 -0.484163 0)
(1.38992 -0.369245 0)
(1.46613 -0.21696 0)
(1.52457 -0.0700282 0)
(1.54767 0.0723391 0)
(1.52856 0.227366 0)
(1.48213 0.401869 0)
(1.42137 0.570559 0)
(1.20626 0.657246 0)
(0.730969 0.570856 0)
(-0.00951123 0.109692 0)
(0.249253 -0.571448 0)
(-0.22271 0.35893 0)
(0.779763 0.190724 0)
(1.26106 -0.131696 0)
(1.16179 -0.283281 0)
(1.17878 -0.391631 0)
(1.24222 -0.47042 0)
(1.30453 -0.521299 0)
(1.36088 -0.505067 0)
(1.42074 -0.402004 0)
(1.47941 -0.259536 0)
(1.51953 -0.119595 0)
(1.53378 0.0138544 0)
(1.52638 0.183315 0)
(1.48727 0.395109 0)
(1.44706 0.600054 0)
(1.35149 0.74685 0)
(1.05936 0.718655 0)
(0.455164 0.252332 0)
(0.371387 -0.479151 0)
(-0.152472 0.26061 0)
(0.751083 -0.0136758 0)
(1.00797 -0.185687 0)
(1.10881 -0.31699 0)
(1.1907 -0.422835 0)
(1.26205 -0.494498 0)
(1.31885 -0.539771 0)
(1.36906 -0.526803 0)
(1.41164 -0.431071 0)
(1.43922 -0.274994 0)
(1.44563 -0.0972555 0)
(1.45213 0.0619455 0)
(1.4536 0.20429 0)
(1.44289 0.387316 0)
(1.42445 0.603402 0)
(1.39267 0.789704 0)
(1.24222 0.820736 0)
(0.78274 0.414707 0)
(0.480821 -0.311342 0)
(0.308878 -0.00467061 0)
(0.792366 -0.120546 0)
(1.02274 -0.241036 0)
(1.13903 -0.356944 0)
(1.21072 -0.44942 0)
(1.26404 -0.510198 0)
(1.3136 -0.553817 0)
(1.35242 -0.541249 0)
(1.36677 -0.432555 0)
(1.34323 -0.257595 0)
(1.30603 -0.0818216 0)
(1.22794 0.048416 0)
(1.28607 0.219436 0)
(1.32527 0.393423 0)
(1.3541 0.591584 0)
(1.36618 0.799789 0)
(1.31329 0.89259 0)
(0.97169 0.564892 0)
(0.546239 -0.116946 0)
(-0.0119847 0.0693907 0)
(-0.0162686 -0.0533214 0)
(-0.0116765 -0.136575 0)
(0.00892873 -0.176051 0)
(0.0361668 -0.173524 0)
(0.060654 -0.147316 0)
(0.0796663 -0.116177 0)
(0.0942605 -0.0897344 0)
(0.106486 -0.0705037 0)
(0.117736 -0.0575943 0)
(0.128661 -0.0489271 0)
(0.139547 -0.0423177 0)
(0.150546 -0.0359448 0)
(0.161773 -0.028465 0)
(0.17333 -0.0189305 0)
(0.185415 -0.00660031 0)
(0.19821 0.00919072 0)
(0.212631 0.0291737 0)
(0.22854 0.054804 0)
(0.251422 0.0870183 0)
(0.274599 0.132793 0)
(0.335326 0.180543 0)
(0.356277 0.30848 0)
(-0.00765531 0.0917599 0)
(-0.00814409 -0.0551567 0)
(-0.00546313 -0.164197 0)
(0.0152245 -0.229332 0)
(0.0375307 -0.231117 0)
(0.0600288 -0.193346 0)
(0.0789518 -0.149901 0)
(0.0941098 -0.116657 0)
(0.107787 -0.0949898 0)
(0.121522 -0.0817138 0)
(0.135728 -0.0734584 0)
(0.150378 -0.0675618 0)
(0.165422 -0.0621153 0)
(0.180927 -0.0558725 0)
(0.197112 -0.048095 0)
(0.214371 -0.0383772 0)
(0.233265 -0.0264955 0)
(0.254652 -0.012358 0)
(0.279492 0.00439984 0)
(0.309609 0.0227826 0)
(0.345587 0.0461487 0)
(0.38923 0.0579636 0)
(0.449525 0.105193 0)
(0.00959473 0.0860599 0)
(0.0356558 -0.0590722 0)
(0.0729193 -0.181635 0)
(0.091269 -0.259723 0)
(0.0791794 -0.266517 0)
(0.0786805 -0.227091 0)
(0.0878008 -0.178948 0)
(0.098992 -0.143508 0)
(0.112515 -0.122485 0)
(0.128299 -0.11083 0)
(0.145399 -0.103993 0)
(0.163104 -0.0990825 0)
(0.181097 -0.0944332 0)
(0.199341 -0.0891743 0)
(0.218008 -0.0829601 0)
(0.237417 -0.0757715 0)
(0.258013 -0.0678005 0)
(0.280306 -0.0593806 0)
(0.305077 -0.050912 0)
(0.332851 -0.0432371 0)
(0.365572 -0.0363639 0)
(0.401686 -0.0339822 0)
(0.448582 -0.0282508 0)
(0.0206138 -0.0150962 0)
(0.137724 -0.155978 0)
(0.233675 -0.238198 0)
(0.216072 -0.243559 0)
(0.139016 -0.231766 0)
(0.103365 -0.218056 0)
(0.0988457 -0.196614 0)
(0.102529 -0.177282 0)
(0.113818 -0.165275 0)
(0.130578 -0.15829 0)
(0.149409 -0.153215 0)
(0.168648 -0.148368 0)
(0.18789 -0.143139 0)
(0.207183 -0.13737 0)
(0.226704 -0.131086 0)
(0.246682 -0.124438 0)
(0.267435 -0.117738 0)
(0.289345 -0.111444 0)
(0.312884 -0.106034 0)
(0.338504 -0.102044 0)
(0.366532 -0.0996402 0)
(0.396715 -0.101261 0)
(0.430457 -0.104102 0)
(0.0668112 -0.186903 0)
(0.24012 -0.474193 0)
(0.345598 -0.337217 0)
(0.181678 -0.104066 0)
(0.0812751 -0.10047 0)
(0.0758629 -0.15149 0)
(0.0840239 -0.178673 0)
(0.0864279 -0.188648 0)
(0.0967273 -0.194032 0)
(0.113398 -0.195712 0)
(0.132222 -0.193787 0)
(0.151746 -0.189813 0)
(0.171743 -0.185121 0)
(0.192288 -0.18026 0)
(0.213468 -0.175308 0)
(0.235297 -0.170539 0)
(0.257854 -0.166314 0)
(0.281289 -0.162941 0)
(0.305986 -0.16097 0)
(0.332678 -0.160815 0)
(0.360624 -0.161998 0)
(0.389166 -0.167574 0)
(0.423628 -0.179374 0)
(0.0634851 -0.714412 0)
(-0.044834 -0.756666 0)
(-0.190585 0.197948 0)
(-0.149322 0.184668 0)
(-0.0595514 -0.114793 0)
(0.000594711 -0.175763 0)
(0.0388114 -0.176637 0)
(0.0618796 -0.181181 0)
(0.0833702 -0.192531 0)
(0.103717 -0.199861 0)
(0.123047 -0.201056 0)
(0.143148 -0.199552 0)
(0.164628 -0.197554 0)
(0.187525 -0.195513 0)
(0.212015 -0.193298 0)
(0.238325 -0.191398 0)
(0.266748 -0.190169 0)
(0.297374 -0.189854 0)
(0.329444 -0.19222 0)
(0.362158 -0.197706 0)
(0.395639 -0.199833 0)
(0.427202 -0.210543 0)
(0.458148 -0.244983 0)
(-0.0989188 -0.384028 0)
(-0.195282 -0.00944251 0)
(-0.180258 0.0160865 0)
(-0.0389781 -0.308726 0)
(0.0127746 -0.33937 0)
(0.0307292 -0.294686 0)
(0.0587268 -0.267996 0)
(0.0829836 -0.259329 0)
(0.103499 -0.258365 0)
(0.121698 -0.259105 0)
(0.139328 -0.259867 0)
(0.157965 -0.260762 0)
(0.178179 -0.261925 0)
(0.199959 -0.263364 0)
(0.223481 -0.265005 0)
(0.249191 -0.267162 0)
(0.27729 -0.270246 0)
(0.307746 -0.273981 0)
(0.340282 -0.277651 0)
(0.374276 -0.281602 0)
(0.407216 -0.283612 0)
(0.437875 -0.287412 0)
(0.466289 -0.284755 0)
(-0.0827908 -0.19082 0)
(-0.0374127 -0.313653 0)
(0.0304458 -0.279189 0)
(0.0995535 -0.326787 0)
(0.0748491 -0.321577 0)
(0.0680785 -0.307907 0)
(0.0763065 -0.301092 0)
(0.0875983 -0.29679 0)
(0.100952 -0.294755 0)
(0.115825 -0.295244 0)
(0.131793 -0.297412 0)
(0.149008 -0.300446 0)
(0.167734 -0.304096 0)
(0.188266 -0.308569 0)
(0.211153 -0.314248 0)
(0.237341 -0.321461 0)
(0.267585 -0.330181 0)
(0.301793 -0.339441 0)
(0.338783 -0.347369 0)
(0.376614 -0.351561 0)
(0.411746 -0.347459 0)
(0.443468 -0.341705 0)
(0.466065 -0.310719 0)
(-0.00783029 -0.156419 0)
(0.0196034 -0.309003 0)
(0.0364687 -0.316743 0)
(0.0484112 -0.31808 0)
(0.0516916 -0.313258 0)
(0.055956 -0.310861 0)
(0.0653316 -0.312079 0)
(0.0766278 -0.314863 0)
(0.0888716 -0.318347 0)
(0.102191 -0.322452 0)
(0.116468 -0.327244 0)
(0.131761 -0.332936 0)
(0.1485 -0.340001 0)
(0.16756 -0.349344 0)
(0.190174 -0.36222 0)
(0.217505 -0.379043 0)
(0.249529 -0.398071 0)
(0.28494 -0.415341 0)
(0.32155 -0.426525 0)
(0.356664 -0.427691 0)
(0.38912 -0.41488 0)
(0.417498 -0.398176 0)
(0.435941 -0.33532 0)
(0.0074157 -0.175647 0)
(0.0171937 -0.323035 0)
(0.0232315 -0.330781 0)
(0.0306153 -0.328818 0)
(0.039807 -0.330994 0)
(0.048748 -0.333543 0)
(0.0579789 -0.336258 0)
(0.0677514 -0.339441 0)
(0.0779243 -0.34343 0)
(0.088589 -0.348567 0)
(0.0998931 -0.35506 0)
(0.112086 -0.363341 0)
(0.125761 -0.374644 0)
(0.141994 -0.391022 0)
(0.161932 -0.413692 0)
(0.185752 -0.440671 0)
(0.211866 -0.466675 0)
(0.238405 -0.485671 0)
(0.263939 -0.494181 0)
(0.28816 -0.48939 0)
(0.312764 -0.471275 0)
(0.333264 -0.445583 0)
(0.352045 -0.372764 0)
(0.00837236 -0.204183 0)
(0.0164146 -0.342978 0)
(0.02251 -0.349857 0)
(0.0297705 -0.346294 0)
(0.0370495 -0.347441 0)
(0.0440646 -0.34979 0)
(0.0511031 -0.352656 0)
(0.0583748 -0.356465 0)
(0.0658974 -0.361383 0)
(0.0735963 -0.367501 0)
(0.081454 -0.375155 0)
(0.0896914 -0.385424 0)
(0.0987942 -0.400463 0)
(0.109434 -0.422603 0)
(0.121726 -0.45132 0)
(0.134495 -0.481402 0)
(0.145953 -0.505938 0)
(0.156157 -0.521211 0)
(0.166106 -0.528411 0)
(0.178383 -0.523511 0)
(0.191933 -0.507169 0)
(0.202361 -0.477307 0)
(0.216647 -0.41777 0)
(0.00828415 -0.22843 0)
(0.0161655 -0.355666 0)
(0.0210141 -0.360201 0)
(0.0262063 -0.358014 0)
(0.0318412 -0.359291 0)
(0.0373769 -0.361796 0)
(0.0428362 -0.365028 0)
(0.0481754 -0.369016 0)
(0.0532921 -0.373831 0)
(0.0580579 -0.379637 0)
(0.0624018 -0.387054 0)
(0.0664154 -0.397567 0)
(0.0700775 -0.413539 0)
(0.0731624 -0.436514 0)
(0.0747821 -0.464059 0)
(0.0736533 -0.48994 0)
(0.0698597 -0.509503 0)
(0.0661349 -0.5246 0)
(0.0638764 -0.53877 0)
(0.065802 -0.537679 0)
(0.0663632 -0.522086 0)
(0.066335 -0.491473 0)
(0.0699856 -0.444718 0)
(0.00752682 -0.252722 0)
(0.0141792 -0.367208 0)
(0.0180498 -0.369193 0)
(0.0222331 -0.367817 0)
(0.0267245 -0.3692 0)
(0.0310288 -0.371382 0)
(0.0350942 -0.374094 0)
(0.0387943 -0.377332 0)
(0.0419966 -0.381103 0)
(0.0445617 -0.385615 0)
(0.0463568 -0.391545 0)
(0.0472268 -0.400186 0)
(0.0466121 -0.413281 0)
(0.0435557 -0.431525 0)
(0.0369501 -0.452584 0)
(0.0264579 -0.472153 0)
(0.0140136 -0.488816 0)
(0.00214333 -0.507703 0)
(-0.0101861 -0.52756 0)
(-0.0199754 -0.525933 0)
(-0.0297319 -0.509492 0)
(-0.0386278 -0.479802 0)
(-0.0418364 -0.436035 0)
(0.00645253 -0.273631 0)
(0.0117472 -0.375656 0)
(0.0149581 -0.376447 0)
(0.0184938 -0.375792 0)
(0.0221633 -0.376922 0)
(0.0255545 -0.37854 0)
(0.0286688 -0.380511 0)
(0.0313834 -0.382767 0)
(0.0335872 -0.385247 0)
(0.0351599 -0.388148 0)
(0.0359278 -0.392004 0)
(0.0356154 -0.397531 0)
(0.0335687 -0.405596 0)
(0.0286628 -0.416779 0)
(0.019991 -0.430352 0)
(0.00782273 -0.444377 0)
(-0.00591308 -0.458557 0)
(-0.0212854 -0.476924 0)
(-0.0398776 -0.495184 0)
(-0.0562806 -0.496543 0)
(-0.0694922 -0.484711 0)
(-0.0793226 -0.461294 0)
(-0.0805521 -0.430401 0)
(0.00527261 -0.290831 0)
(0.00944944 -0.382369 0)
(0.0123221 -0.382743 0)
(0.0153279 -0.382435 0)
(0.0184243 -0.383242 0)
(0.0212817 -0.384348 0)
(0.0239205 -0.38566 0)
(0.0262551 -0.387076 0)
(0.0282303 -0.388496 0)
(0.0297671 -0.390083 0)
(0.0307267 -0.3922 0)
(0.0309297 -0.395075 0)
(0.0300121 -0.398891 0)
(0.0271938 -0.404205 0)
(0.0216851 -0.411487 0)
(0.0134896 -0.420356 0)
(0.0034516 -0.430452 0)
(-0.008989 -0.443538 0)
(-0.0250113 -0.459333 0)
(-0.0402789 -0.468288 0)
(-0.0510052 -0.466831 0)
(-0.0570727 -0.455617 0)
(-0.0579126 -0.439943 0)
(0.00419276 -0.304509 0)
(0.00750758 -0.387937 0)
(0.0101529 -0.388311 0)
(0.0127813 -0.388154 0)
(0.0155139 -0.388715 0)
(0.0180806 -0.389475 0)
(0.0205198 -0.390364 0)
(0.0227905 -0.391277 0)
(0.0248857 -0.392108 0)
(0.0267746 -0.392963 0)
(0.0283914 -0.394157 0)
(0.0296903 -0.395802 0)
(0.0306133 -0.397694 0)
(0.0308815 -0.399912 0)
(0.0299444 -0.403078 0)
(0.0273889 -0.407761 0)
(0.0232654 -0.414151 0)
(0.017519 -0.422679 0)
(0.00958905 -0.433955 0)
(-0.000207605 -0.446218 0)
(-0.0084063 -0.453229 0)
(-0.0128906 -0.45073 0)
(-0.0142252 -0.444647 0)
(0.00332975 -0.315285 0)
(0.00598802 -0.392787 0)
(0.00842623 -0.393313 0)
(0.0107776 -0.393264 0)
(0.0132571 -0.393696 0)
(0.0156373 -0.39428 0)
(0.0179714 -0.394974 0)
(0.0202423 -0.395691 0)
(0.0224718 -0.39633 0)
(0.024668 -0.396944 0)
(0.0267907 -0.397843 0)
(0.028818 -0.399272 0)
(0.0308328 -0.40101 0)
(0.032919 -0.402638 0)
(0.034893 -0.404266 0)
(0.036329 -0.406635 0)
(0.0368523 -0.410491 0)
(0.0362472 -0.416113 0)
(0.034419 -0.423399 0)
(0.0311011 -0.43239 0)
(0.0262774 -0.441044 0)
(0.0226305 -0.444727 0)
(0.0210844 -0.445261 0)
(0.00268542 -0.323872 0)
(0.0048549 -0.397117 0)
(0.00709278 -0.397857 0)
(0.00922226 -0.397914 0)
(0.0114904 -0.398318 0)
(0.0137126 -0.398856 0)
(0.0159404 -0.399506 0)
(0.0181652 -0.400211 0)
(0.0204148 -0.400883 0)
(0.0227148 -0.401519 0)
(0.0250386 -0.402365 0)
(0.0273184 -0.403785 0)
(0.0295736 -0.405807 0)
(0.0319793 -0.407958 0)
(0.0346737 -0.409811 0)
(0.0375025 -0.411572 0)
(0.0400466 -0.413971 0)
(0.0418991 -0.417616 0)
(0.0428965 -0.422568 0)
(0.0430318 -0.428576 0)
(0.0421719 -0.435193 0)
(0.0406524 -0.440694 0)
(0.0394707 -0.444298 0)
(0.00220877 -0.330855 0)
(0.00402789 -0.401028 0)
(0.00608385 -0.402005 0)
(0.00802522 -0.402175 0)
(0.0100996 -0.402614 0)
(0.012164 -0.403181 0)
(0.0142568 -0.403866 0)
(0.0163738 -0.404634 0)
(0.0185343 -0.405423 0)
(0.0207668 -0.406188 0)
(0.0230644 -0.407054 0)
(0.0253438 -0.408362 0)
(0.0275179 -0.410379 0)
(0.0296511 -0.412915 0)
(0.0319555 -0.415411 0)
(0.0345485 -0.41753 0)
(0.0372616 -0.419554 0)
(0.0397476 -0.422135 0)
(0.0417519 -0.425697 0)
(0.0432291 -0.430139 0)
(0.0441914 -0.435037 0)
(0.0444826 -0.439854 0)
(0.0443382 -0.443819 0)
(0.00186431 -0.336685 0)
(0.00343887 -0.404596 0)
(0.00532792 -0.405803 0)
(0.00710437 -0.406081 0)
(0.00899696 -0.40658 0)
(0.0108945 -0.407208 0)
(0.0128254 -0.407954 0)
(0.0147851 -0.408802 0)
(0.0167838 -0.40971 0)
(0.0188442 -0.410628 0)
(0.0209789 -0.411577 0)
(0.0231335 -0.412763 0)
(0.0251872 -0.414515 0)
(0.0270733 -0.416946 0)
(0.0288971 -0.419729 0)
(0.0308544 -0.422347 0)
(0.033012 -0.424619 0)
(0.0352193 -0.426889 0)
(0.0372505 -0.429678 0)
(0.0389691 -0.433192 0)
(0.0403169 -0.437189 0)
(0.0412329 -0.441209 0)
(0.0418227 -0.444668 0)
(0.00162328 -0.341709 0)
(0.00302712 -0.407864 0)
(0.00475888 -0.409277 0)
(0.00638127 -0.409643 0)
(0.00809609 -0.410201 0)
(0.0098185 -0.410888 0)
(0.0115676 -0.411693 0)
(0.0133384 -0.412604 0)
(0.015135 -0.413599 0)
(0.0169698 -0.41464 0)
(0.0188611 -0.415701 0)
(0.0207949 -0.41686 0)
(0.0226859 -0.418354 0)
(0.0244192 -0.420432 0)
(0.0259718 -0.423064 0)
(0.0274647 -0.425864 0)
(0.0290458 -0.42843 0)
(0.0307329 -0.430755 0)
(0.0324065 -0.433213 0)
(0.0339249 -0.436156 0)
(0.0351871 -0.439572 0)
(0.0361559 -0.443096 0)
(0.0369699 -0.446217 0)
(0.00145672 -0.346161 0)
(0.00273037 -0.410843 0)
(0.00430304 -0.412436 0)
(0.00577648 -0.412864 0)
(0.00731683 -0.413465 0)
(0.00885754 -0.414191 0)
(0.0104136 -0.415034 0)
(0.0119787 -0.415982 0)
(0.0135549 -0.417023 0)
(0.0151463 -0.418133 0)
(0.0167664 -0.419284 0)
(0.0184225 -0.420478 0)
(0.0200786 -0.421838 0)
(0.0216426 -0.423593 0)
(0.0230323 -0.425889 0)
(0.0242703 -0.428567 0)
(0.0254771 -0.431241 0)
(0.0267468 -0.433675 0)
(0.0280536 -0.436032 0)
(0.0292921 -0.438663 0)
(0.0303679 -0.441705 0)
(0.0312585 -0.444929 0)
(0.0320942 -0.447918 0)
(0.00133365 -0.35019 0)
(0.0024883 -0.413536 0)
(0.00389785 -0.415281 0)
(0.00521883 -0.415744 0)
(0.00658592 -0.416363 0)
(0.00794069 -0.417103 0)
(0.00929826 -0.417957 0)
(0.0106516 -0.418914 0)
(0.012002 -0.419965 0)
(0.0133502 -0.421097 0)
(0.0147035 -0.42229 0)
(0.0160729 -0.423525 0)
(0.0174525 -0.424839 0)
(0.0187908 -0.426387 0)
(0.0200052 -0.428367 0)
(0.02106 -0.430804 0)
(0.0220215 -0.433438 0)
(0.0229974 -0.435944 0)
(0.0240197 -0.438287 0)
(0.0250202 -0.440744 0)
(0.0259104 -0.443545 0)
(0.0266638 -0.446588 0)
(0.0274034 -0.449527 0)
(0.00122947 -0.353871 0)
(0.00225539 -0.41594 0)
(0.00350032 -0.417814 0)
(0.00466067 -0.418283 0)
(0.00585126 -0.418896 0)
(0.00701807 -0.419624 0)
(0.00817513 -0.420462 0)
(0.00931671 -0.421401 0)
(0.0104429 -0.422433 0)
(0.0115539 -0.423551 0)
(0.0126528 -0.424746 0)
(0.0137479 -0.425996 0)
(0.0148451 -0.427295 0)
(0.0159234 -0.42872 0)
(0.0169208 -0.43045 0)
(0.0177779 -0.432625 0)
(0.0185118 -0.435142 0)
(0.0192174 -0.437686 0)
(0.0199661 -0.440062 0)
(0.0207294 -0.442417 0)
(0.0214214 -0.445022 0)
(0.0219938 -0.447909 0)
(0.0225617 -0.4508 0)
(0.00112753 -0.357214 0)
(0.00200867 -0.418043 0)
(0.00308686 -0.420027 0)
(0.00408115 -0.42048 0)
(0.00509131 -0.421063 0)
(0.00607073 -0.421756 0)
(0.00702929 -0.422555 0)
(0.0079634 -0.423453 0)
(0.00887216 -0.424444 0)
(0.00975532 -0.425522 0)
(0.0106136 -0.426684 0)
(0.0114511 -0.427917 0)
(0.0122759 -0.429198 0)
(0.0130854 -0.430546 0)
(0.0138428 -0.432083 0)
(0.014486 -0.433993 0)
(0.0149913 -0.436324 0)
(0.0154218 -0.438853 0)
(0.0158707 -0.441291 0)
(0.0163577 -0.443621 0)
(0.0168118 -0.446082 0)
(0.0171627 -0.448812 0)
(0.0175132 -0.451623 0)
(0.00101967 -0.360204 0)
(0.00174942 -0.419834 0)
(0.00265605 -0.42191 0)
(0.00348342 -0.422331 0)
(0.00431213 -0.422865 0)
(0.00510748 -0.423507 0)
(0.00587409 -0.424251 0)
(0.006609 -0.42509 0)
(0.00731109 -0.42602 0)
(0.00797923 -0.427037 0)
(0.00861268 -0.428141 0)
(0.00921199 -0.429324 0)
(0.00978233 -0.430567 0)
(0.0103294 -0.431856 0)
(0.0108394 -0.433252 0)
(0.0112636 -0.434921 0)
(0.0115543 -0.437012 0)
(0.0117311 -0.439439 0)
(0.0118816 -0.441912 0)
(0.0120655 -0.444262 0)
(0.0122423 -0.446634 0)
(0.0123318 -0.449221 0)
(0.0124254 -0.451921 0)
(0.00090507 -0.362816 0)
(0.0014869 -0.421305 0)
(0.00221594 -0.423457 0)
(0.00287859 -0.423836 0)
(0.0035317 -0.424311 0)
(0.00414981 -0.42489 0)
(0.00473477 -0.425566 0)
(0.00528215 -0.426333 0)
(0.00579108 -0.427189 0)
(0.00625949 -0.428129 0)
(0.00668562 -0.429153 0)
(0.00706776 -0.430259 0)
(0.00740713 -0.431435 0)
(0.0077097 -0.43266 0)
(0.00797542 -0.433948 0)
(0.00817611 -0.435417 0)
(0.00826036 -0.437253 0)
(0.00821076 -0.4395 0)
(0.00808699 -0.441937 0)
(0.00796853 -0.444303 0)
(0.00784852 -0.446613 0)
(0.00765037 -0.449059 0)
(0.00745753 -0.451615 0)
(0.000781321 -0.36504 0)
(0.00121375 -0.422454 0)
(0.00176957 -0.424671 0)
(0.00227365 -0.425002 0)
(0.00276203 -0.425415 0)
(0.00321256 -0.425924 0)
(0.00362849 -0.426525 0)
(0.00400334 -0.427211 0)
(0.00433533 -0.42798 0)
(0.00462182 -0.428831 0)
(0.00486 -0.429761 0)
(0.00504722 -0.43077 0)
(0.0051819 -0.431853 0)
(0.00526682 -0.432992 0)
(0.00530644 -0.43418 0)
(0.005289 -0.435482 0)
(0.00517249 -0.437072 0)
(0.00491726 -0.439083 0)
(0.00454765 -0.441404 0)
(0.00414218 -0.443746 0)
(0.00372347 -0.445997 0)
(0.00322912 -0.448296 0)
(0.00273783 -0.450667 0)
(0.000646378 -0.366858 0)
(0.000920073 -0.423278 0)
(0.00131773 -0.425562 0)
(0.00166587 -0.425846 0)
(0.00200281 -0.426198 0)
(0.0023002 -0.426635 0)
(0.00256108 -0.427155 0)
(0.00278041 -0.427755 0)
(0.00295377 -0.428431 0)
(0.0030785 -0.429182 0)
(0.00315065 -0.430007 0)
(0.00316702 -0.430904 0)
(0.00312466 -0.431875 0)
(0.00302328 -0.432907 0)
(0.00286671 -0.433986 0)
(0.00265258 -0.435139 0)
(0.00235185 -0.436498 0)
(0.00191616 -0.43824 0)
(0.001336 -0.440363 0)
(0.000672197 -0.442619 0)
(-3.20021e-05 -0.444794 0)
(-0.00081436 -0.446934 0)
(-0.00159428 -0.449084 0)
(0.00049863 -0.368225 0)
(0.000598522 -0.423778 0)
(0.000859122 -0.426152 0)
(0.00106597 -0.426392 0)
(0.00126219 -0.426686 0)
(0.00142333 -0.42705 0)
(0.00154365 -0.427489 0)
(0.00162418 -0.428 0)
(0.00165735 -0.428579 0)
(0.00164071 -0.429226 0)
(0.00156958 -0.429938 0)
(0.00144021 -0.430716 0)
(0.00124888 -0.431563 0)
(0.000993116 -0.432472 0)
(0.000674229 -0.433431 0)
(0.000293484 -0.434441 0)
(-0.000166456 -0.435587 0)
(-0.000752161 -0.43704 0)
(-0.00149976 -0.438891 0)
(-0.00237846 -0.440978 0)
(-0.00333805 -0.443036 0)
(-0.00438687 -0.445003 0)
(-0.00543468 -0.446905 0)
(0.000343851 -0.369098 0)
(0.000283347 -0.42398 0)
(0.000421727 -0.426476 0)
(0.000515645 -0.426674 0)
(0.000581312 -0.426909 0)
(0.000623127 -0.427202 0)
(0.000617408 -0.42756 0)
(0.000573998 -0.427982 0)
(0.000482987 -0.428465 0)
(0.000342488 -0.429005 0)
(0.000147503 -0.429603 0)
(-0.000105929 -0.43026 0)
(-0.000422001 -0.430976 0)
(-0.000804607 -0.431753 0)
(-0.00125522 -0.43258 0)
(-0.00177259 -0.433447 0)
(-0.00236538 -0.434396 0)
(-0.00307129 -0.435562 0)
(-0.00394135 -0.437086 0)
(-0.00497981 -0.438912 0)
(-0.00614703 -0.440792 0)
(-0.0074247 -0.442564 0)
(-0.00870527 -0.444199 0)
(0.000206728 -0.369514 0)
(6.2333e-05 -0.423947 0)
(8.42247e-05 -0.426584 0)
(9.94869e-05 -0.426738 0)
(4.73098e-05 -0.426907 0)
(-1.4885e-05 -0.427124 0)
(-0.000132608 -0.4274 0)
(-0.000286828 -0.427732 0)
(-0.000489098 -0.428119 0)
(-0.000740076 -0.428555 0)
(-0.00104471 -0.429041 0)
(-0.00140669 -0.429576 0)
(-0.00183035 -0.430163 0)
(-0.00232031 -0.430803 0)
(-0.00288022 -0.43149 0)
(-0.00351069 -0.432214 0)
(-0.00421531 -0.432982 0)
(-0.00501951 -0.43388 0)
(-0.00597525 -0.435053 0)
(-0.00711703 -0.43654 0)
(-0.00843177 -0.438164 0)
(-0.00988673 -0.439709 0)
(-0.0113532 -0.441062 0)
(0.000129412 -0.369646 0)
(5.10743e-05 -0.423781 0)
(-3.22063e-05 -0.426511 0)
(-7.57739e-05 -0.426606 0)
(-0.000228724 -0.426698 0)
(-0.000380608 -0.426831 0)
(-0.000595911 -0.427022 0)
(-0.000846197 -0.427265 0)
(-0.00114617 -0.427556 0)
(-0.00149427 -0.427889 0)
(-0.00189555 -0.428264 0)
(-0.00235322 -0.428681 0)
(-0.00287159 -0.429142 0)
(-0.00345549 -0.429646 0)
(-0.00410983 -0.43019 0)
(-0.00483747 -0.430766 0)
(-0.00564046 -0.431367 0)
(-0.00653256 -0.432031 0)
(-0.00755453 -0.432867 0)
(-0.0087565 -0.433971 0)
(-0.0101587 -0.435267 0)
(-0.0117329 -0.436541 0)
(-0.0133339 -0.437603 0)
(0.000128496 -0.369824 0)
(0.000313324 -0.423675 0)
(0.000184308 -0.42629 0)
(6.60641e-05 -0.426297 0)
(-0.000172012 -0.426306 0)
(-0.000396746 -0.426349 0)
(-0.000693535 -0.426453 0)
(-0.00101939 -0.426605 0)
(-0.00139695 -0.426799 0)
(-0.00182169 -0.427031 0)
(-0.00229947 -0.427297 0)
(-0.00283349 -0.427597 0)
(-0.0034283 -0.427932 0)
(-0.00408901 -0.4283 0)
(-0.00482111 -0.4287 0)
(-0.00562926 -0.429124 0)
(-0.00651645 -0.429564 0)
(-0.00748901 -0.430024 0)
(-0.00857119 -0.430566 0)
(-0.00981031 -0.43129 0)
(-0.0112524 -0.432209 0)
(-0.0128911 -0.433169 0)
(-0.0145788 -0.433935 0)
(0.000199446 -0.370449 0)
(0.000804277 -0.424006 0)
(0.000722864 -0.426007 0)
(0.000509813 -0.425872 0)
(0.000186686 -0.42581 0)
(-8.76635e-05 -0.425769 0)
(-0.00044882 -0.425791 0)
(-0.000824259 -0.425854 0)
(-0.00125093 -0.425954 0)
(-0.00172155 -0.426085 0)
(-0.00224336 -0.426241 0)
(-0.00282056 -0.426424 0)
(-0.00345866 -0.426631 0)
(-0.00416363 -0.42686 0)
(-0.00494169 -0.427109 0)
(-0.0057988 -0.427374 0)
(-0.00673997 -0.427646 0)
(-0.00776955 -0.427919 0)
(-0.00889857 -0.428212 0)
(-0.0101593 -0.428593 0)
(-0.0116056 -0.429122 0)
(-0.0132586 -0.429733 0)
(-0.0149884 -0.430198 0)
(0.000409804 -0.371794 0)
(0.00143198 -0.425079 0)
(0.00139074 -0.42568 0)
(0.0011266 -0.425344 0)
(0.000692174 -0.425238 0)
(0.000395017 -0.425138 0)
(-1.62648e-05 -0.425094 0)
(-0.000416961 -0.425085 0)
(-0.000862957 -0.425101 0)
(-0.0013453 -0.425138 0)
(-0.00187262 -0.425191 0)
(-0.00245078 -0.425258 0)
(-0.00308676 -0.425337 0)
(-0.00378788 -0.425426 0)
(-0.00456154 -0.42552 0)
(-0.00541503 -0.425617 0)
(-0.00635554 -0.42571 0)
(-0.00738918 -0.425793 0)
(-0.00852194 -0.425863 0)
(-0.00977064 -0.425949 0)
(-0.0111796 -0.426109 0)
(-0.0127902 -0.426349 0)
(-0.014505 -0.4265 0)
(0.000956428 -0.373886 0)
(0.00218848 -0.426561 0)
(0.0019313 -0.425043 0)
(0.00172929 -0.424508 0)
(0.0011452 -0.424385 0)
(0.000839043 -0.424266 0)
(0.000386388 -0.424187 0)
(-2.54516e-05 -0.424129 0)
(-0.000470536 -0.424086 0)
(-0.000939964 -0.424049 0)
(-0.00144316 -0.424015 0)
(-0.00198746 -0.423981 0)
(-0.00258088 -0.423944 0)
(-0.00323176 -0.423899 0)
(-0.00394855 -0.423844 0)
(-0.00473979 -0.423775 0)
(-0.00561436 -0.423687 0)
(-0.00658104 -0.423576 0)
(-0.00764693 -0.423434 0)
(-0.00882092 -0.423262 0)
(-0.010132 -0.423093 0)
(-0.0116259 -0.422962 0)
(-0.0132412 -0.422784 0)
(0.00192623 -0.377141 0)
(0.0031126 -0.427625 0)
(0.0022274 -0.423904 0)
(0.0021493 -0.423307 0)
(0.00143088 -0.42319 0)
(0.00110557 -0.423099 0)
(0.000624408 -0.423014 0)
(0.000207952 -0.422938 0)
(-0.000226287 -0.422861 0)
(-0.000670839 -0.422777 0)
(-0.00113574 -0.42268 0)
(-0.00162874 -0.422566 0)
(-0.00215789 -0.422432 0)
(-0.00273161 -0.422274 0)
(-0.00335856 -0.422087 0)
(-0.00404769 -0.421867 0)
(-0.00480835 -0.42161 0)
(-0.00565036 -0.421312 0)
(-0.00658277 -0.420964 0)
(-0.00761325 -0.420559 0)
(-0.00875937 -0.420103 0)
(-0.0100573 -0.419629 0)
(-0.0114765 -0.419115 0)
(0.00294272 -0.383048 0)
(0.0039743 -0.427931 0)
(0.00231248 -0.422887 0)
(0.00230792 -0.422452 0)
(0.00154745 -0.422376 0)
(0.0011927 -0.422349 0)
(0.000724256 -0.422294 0)
(0.00031535 -0.422233 0)
(-9.12067e-05 -0.422153 0)
(-0.000497263 -0.422049 0)
(-0.000910816 -0.421917 0)
(-0.00133961 -0.421751 0)
(-0.00179139 -0.421548 0)
(-0.002274 -0.421304 0)
(-0.00279537 -0.421013 0)
(-0.00336353 -0.420671 0)
(-0.00398678 -0.420272 0)
(-0.00467384 -0.419811 0)
(-0.00543364 -0.419281 0)
(-0.00627446 -0.418672 0)
(-0.00720783 -0.41798 0)
(-0.00825472 -0.417215 0)
(-0.00941077 -0.416394 0)
(0.00341643 -0.392439 0)
(0.00426915 -0.427406 0)
(0.00217034 -0.422587 0)
(0.00219269 -0.422485 0)
(0.0015143 -0.422522 0)
(0.00114291 -0.422595 0)
(0.000733705 -0.422619 0)
(0.000371354 -0.422613 0)
(2.71007e-05 -0.422567 0)
(-0.000306997 -0.422479 0)
(-0.000638977 -0.422346 0)
(-0.000976478 -0.422164 0)
(-0.00132665 -0.42193 0)
(-0.00169621 -0.421639 0)
(-0.00209152 -0.421287 0)
(-0.00251877 -0.420869 0)
(-0.00298429 -0.420379 0)
(-0.00349496 -0.419811 0)
(-0.00405815 -0.419156 0)
(-0.00468137 -0.418406 0)
(-0.00537239 -0.41755 0)
(-0.00614117 -0.416585 0)
(-0.00700235 -0.415534 0)
(0.00304738 -0.40242 0)
(0.00372494 -0.424776 0)
(0.0017591 -0.421683 0)
(0.00171693 -0.421981 0)
(0.00120239 -0.422214 0)
(0.00087575 -0.422417 0)
(0.000579568 -0.422547 0)
(0.000321369 -0.422614 0)
(8.72541e-05 -0.422618 0)
(-0.000132909 -0.422561 0)
(-0.00034677 -0.422443 0)
(-0.000560702 -0.422263 0)
(-0.000780063 -0.422019 0)
(-0.00100948 -0.421708 0)
(-0.00125319 -0.421327 0)
(-0.00151532 -0.42087 0)
(-0.00180011 -0.420332 0)
(-0.00211195 -0.419705 0)
(-0.00245537 -0.418981 0)
(-0.00283516 -0.418149 0)
(-0.00325656 -0.417197 0)
(-0.00372581 -0.416116 0)
(-0.00426051 -0.414911 0)
(0.00175318 -0.40747 0)
(0.00209608 -0.419708 0)
(0.000818458 -0.418726 0)
(0.00070229 -0.419347 0)
(0.000471961 -0.419754 0)
(0.000322159 -0.42005 0)
(0.000203595 -0.420239 0)
(0.000105364 -0.420335 0)
(1.97577e-05 -0.420348 0)
(-5.88429e-05 -0.420286 0)
(-0.000133979 -0.42015 0)
(-0.000208106 -0.419943 0)
(-0.000283182 -0.419663 0)
(-0.00036092 -0.41931 0)
(-0.000442996 -0.418878 0)
(-0.000530984 -0.418365 0)
(-0.000626136 -0.417763 0)
(-0.000729474 -0.417065 0)
(-0.000842355 -0.416261 0)
(-0.000966962 -0.415341 0)
(-0.00110589 -0.414293 0)
(-0.00126163 -0.413103 0)
(-0.00143994 -0.411758 0)
(0.521889 0.124529 0)
(0.481944 0.0274952 0)
(0.560587 0.0035923 0)
(0.71342 -0.0202023 0)
(0.556932 -0.0828639 0)
(0.652732 -0.150813 0)
(0.738037 -0.140386 0)
(0.839618 -0.147637 0)
(0.542095 -0.0659155 0)
(0.635526 -0.114342 0)
(0.714878 -0.131545 0)
(0.799594 -0.154934 0)
(0.50838 -0.14707 0)
(0.621516 -0.209236 0)
(0.729443 -0.237141 0)
(0.854841 -0.260437 0)
(0.510507 -0.224248 0)
(0.641797 -0.289849 0)
(0.758413 -0.300555 0)
(0.98935 -0.345851 0)
(0.460101 -0.282151 0)
(0.537594 -0.341733 0)
(0.793848 -0.374502 0)
(1.05288 -0.50288 0)
(0.464426 -0.269896 0)
(0.56238 -0.460068 0)
(0.72338 -0.601692 0)
(0.845987 -0.616945 0)
(0.480901 -0.282919 0)
(0.556249 -0.550462 0)
(0.613782 -0.651862 0)
(0.61557 -0.602547 0)
(0.494587 -0.30834 0)
(0.482145 -0.566862 0)
(0.435906 -0.636743 0)
(0.321556 -0.523219 0)
(0.449958 -0.330615 0)
(0.366802 -0.528749 0)
(0.229699 -0.546961 0)
(0.0178539 -0.40223 0)
(0.313161 -0.359282 0)
(0.215223 -0.449194 0)
(0.05612 -0.432242 0)
(-0.0891851 -0.330157 0)
(0.121829 -0.377505 0)
(0.0564042 -0.393518 0)
(-0.0294032 -0.36768 0)
(-0.0425646 -0.351287 0)
(-0.0220933 -0.377556 0)
(-0.0311809 -0.371385 0)
(-0.0283136 -0.365316 0)
(0.0180476 -0.380877 0)
(-0.0647838 -0.394163 0)
(-0.0340808 -0.383929 0)
(0.00701892 -0.389863 0)
(0.0490239 -0.402134 0)
(-0.0414799 -0.417131 0)
(-0.00632933 -0.408694 0)
(0.0378123 -0.413558 0)
(0.0600683 -0.412791 0)
(-0.00474552 -0.434645 0)
(0.020551 -0.429549 0)
(0.0533716 -0.430134 0)
(0.0649861 -0.420654 0)
(0.0246316 -0.443354 0)
(0.0382752 -0.442169 0)
(0.0584174 -0.440282 0)
(0.0684455 -0.429429 0)
(0.0402532 -0.446923 0)
(0.0471227 -0.448779 0)
(0.058663 -0.447575 0)
(0.0708421 -0.43993 0)
(0.0448862 -0.448352 0)
(0.0489864 -0.452479 0)
(0.0571136 -0.453768 0)
(0.0714708 -0.451691 0)
(0.0430486 -0.449696 0)
(0.0469008 -0.455694 0)
(0.0546046 -0.460005 0)
(0.0697051 -0.463543 0)
(0.0387232 -0.45149 0)
(0.0429985 -0.459148 0)
(0.0508873 -0.466296 0)
(0.0651816 -0.47457 0)
(0.0339678 -0.453521 0)
(0.0382335 -0.462636 0)
(0.0456081 -0.472183 0)
(0.0580014 -0.484205 0)
(0.029037 -0.455422 0)
(0.0326626 -0.465695 0)
(0.0387439 -0.47718 0)
(0.0485597 -0.492078 0)
(0.0237187 -0.456879 0)
(0.0262748 -0.467999 0)
(0.0305685 -0.480944 0)
(0.0374051 -0.498003 0)
(0.0180639 -0.457737 0)
(0.0193109 -0.469356 0)
(0.0214851 -0.483248 0)
(0.0251047 -0.501685 0)
(0.0122774 -0.457918 0)
(0.0120619 -0.469645 0)
(0.0119453 -0.483952 0)
(0.0121452 -0.502973 0)
(0.00655561 -0.457349 0)
(0.00478221 -0.468792 0)
(0.00228829 -0.482975 0)
(-0.000988939 -0.501819 0)
(0.00107899 -0.455981 0)
(-0.00225767 -0.466804 0)
(-0.00708312 -0.480328 0)
(-0.0137009 -0.498223 0)
(-0.00399209 -0.453832 0)
(-0.008819 -0.463734 0)
(-0.0158093 -0.476125 0)
(-0.0254993 -0.49241 0)
(-0.0085091 -0.450974 0)
(-0.0146787 -0.45967 0)
(-0.0235766 -0.470522 0)
(-0.0359453 -0.48463 0)
(-0.0123547 -0.447499 0)
(-0.0196521 -0.454755 0)
(-0.0301221 -0.463733 0)
(-0.0446729 -0.475209 0)
(-0.0154451 -0.443529 0)
(-0.0235997 -0.449168 0)
(-0.0352429 -0.456019 0)
(-0.0514039 -0.464529 0)
(-0.0177212 -0.439205 0)
(-0.0264294 -0.443112 0)
(-0.0388023 -0.447664 0)
(-0.0559547 -0.453005 0)
(-0.019124 -0.434678 0)
(-0.0280869 -0.436806 0)
(-0.0407312 -0.438974 0)
(-0.0582385 -0.441062 0)
(-0.0195719 -0.430126 0)
(-0.0285279 -0.430504 0)
(-0.0410147 -0.430298 0)
(-0.0582558 -0.429155 0)
(-0.0189954 -0.425677 0)
(-0.0277029 -0.424411 0)
(-0.0396677 -0.42195 0)
(-0.0560772 -0.417725 0)
(-0.0174518 -0.421264 0)
(-0.025621 -0.418497 0)
(-0.0367421 -0.414002 0)
(-0.0518413 -0.40699 0)
(-0.0151814 -0.416953 0)
(-0.0224387 -0.412796 0)
(-0.0323595 -0.406477 0)
(-0.0457415 -0.39703 0)
(-0.0124198 -0.413697 0)
(-0.0183772 -0.408261 0)
(-0.0266592 -0.400274 0)
(-0.0378911 -0.388664 0)
(-0.00920139 -0.412493 0)
(-0.0135653 -0.406065 0)
(-0.0197488 -0.396719 0)
(-0.0282646 -0.383314 0)
(-0.00558893 -0.411679 0)
(-0.00820884 -0.404631 0)
(-0.011957 -0.394416 0)
(-0.0171774 -0.379833 0)
(-0.00187925 -0.4083 0)
(-0.00273882 -0.400731 0)
(-0.00396168 -0.389885 0)
(-0.00565411 -0.374545 0)
(0.883502 -0.081873 0)
(1.01976 -0.175644 0)
(1.1043 -0.291795 0)
(1.15463 -0.388704 0)
(1.2004 -0.469639 0)
(1.2516 -0.525127 0)
(1.29196 -0.568697 0)
(1.29542 -0.543366 0)
(1.25362 -0.388681 0)
(1.16999 -0.121989 0)
(1.10945 0.0536182 0)
(0.986872 0.139313 0)
(1.02734 0.34878 0)
(1.09253 0.440882 0)
(1.19162 0.591955 0)
(1.22517 0.780339 0)
(1.23394 0.945087 0)
(0.989397 0.772898 0)
(0.527346 0.214245 0)
(0.933991 -0.187398 0)
(1.00427 -0.254375 0)
(1.06263 -0.336644 0)
(1.12846 -0.410088 0)
(1.19744 -0.496768 0)
(1.25541 -0.552857 0)
(1.24907 -0.585235 0)
(1.16663 -0.518741 0)
(1.07004 -0.279266 0)
(0.991461 -0.119819 0)
(0.91614 -0.0325846 0)
(0.837933 0.0329359 0)
(0.732653 0.151923 0)
(0.751757 0.442983 0)
(0.829394 0.532237 0)
(0.887089 0.74354 0)
(0.998066 0.992961 0)
(0.85184 1.02517 0)
(0.437656 0.64286 0)
(0.890464 -0.202205 0)
(0.986613 -0.265348 0)
(1.09413 -0.364501 0)
(1.20788 -0.457919 0)
(1.25343 -0.558045 0)
(1.20643 -0.563506 0)
(1.12143 -0.532013 0)
(1.02587 -0.411147 0)
(0.940469 -0.24906 0)
(0.866317 -0.0848816 0)
(0.786704 0.0715722 0)
(0.68871 0.174657 0)
(0.564725 0.22569 0)
(0.423094 0.369152 0)
(0.452038 0.531972 0)
(0.411349 0.732434 0)
(0.597566 0.947103 0)
(0.630409 1.19642 0)
(0.319479 0.99565 0)
(1.01839 -0.320435 0)
(1.18858 -0.378362 0)
(1.28554 -0.495244 0)
(1.25135 -0.528382 0)
(1.16006 -0.563141 0)
(1.04761 -0.492747 0)
(0.943034 -0.445633 0)
(0.840053 -0.378325 0)
(0.758793 -0.245567 0)
(0.707972 -0.0560248 0)
(0.650079 0.116395 0)
(0.558051 0.239624 0)
(0.448625 0.318316 0)
(0.29448 0.386497 0)
(0.257093 0.579894 0)
(0.0987865 0.915553 0)
(0.15966 0.843109 0)
(0.420069 1.28312 0)
(0.204298 1.23844 0)
(1.23197 -0.442091 0)
(1.32662 -0.41582 0)
(1.27179 -0.486938 0)
(1.11579 -0.437681 0)
(0.956011 -0.406898 0)
(0.798852 -0.389925 0)
(0.64131 -0.365308 0)
(0.507304 -0.305885 0)
(0.427377 -0.18758 0)
(0.404683 -0.0105716 0)
(0.393797 0.163031 0)
(0.354792 0.293487 0)
(0.298037 0.392647 0)
(0.190231 0.45519 0)
(0.118622 0.617035 0)
(0.017884 0.991682 0)
(-0.0860804 0.730547 0)
(0.264491 1.25232 0)
(0.121481 1.37501 0)
(1.18967 -0.522519 0)
(1.2137 -0.429327 0)
(1.10376 -0.336427 0)
(0.892232 -0.287372 0)
(0.666128 -0.27627 0)
(0.471043 -0.27107 0)
(0.312275 -0.251692 0)
(0.19078 -0.212278 0)
(0.106587 -0.131302 0)
(0.0764862 0.00193543 0)
(0.104361 0.174663 0)
(0.116249 0.321114 0)
(0.109155 0.44107 0)
(0.0419827 0.517116 0)
(-0.097719 0.68553 0)
(-0.0279213 0.949509 0)
(-0.164866 0.758187 0)
(0.155817 1.1743 0)
(0.0731956 1.44488 0)
(0.887434 -0.538459 0)
(0.842438 -0.382174 0)
(0.687574 -0.219458 0)
(0.491228 -0.152742 0)
(0.331565 -0.148611 0)
(0.22928 -0.166881 0)
(0.150284 -0.173351 0)
(0.0693394 -0.151938 0)
(-0.0128892 -0.0971015 0)
(-0.0653223 0.0038638 0)
(-0.0625795 0.158524 0)
(-0.0546376 0.318935 0)
(-0.0499911 0.466839 0)
(-0.109822 0.584488 0)
(-0.32422 0.763633 0)
(-0.319541 0.845209 0)
(-0.179655 0.727559 0)
(0.0639923 1.08232 0)
(0.0491732 1.48357 0)
(0.532047 -0.464232 0)
(0.391856 -0.26788 0)
(0.238756 -0.102591 0)
(0.173209 -0.0735545 0)
(0.172468 -0.108049 0)
(0.170217 -0.140084 0)
(0.145575 -0.143793 0)
(0.102697 -0.116848 0)
(0.0480666 -0.0584556 0)
(-0.0182003 0.0335751 0)
(-0.0667936 0.159055 0)
(-0.097069 0.315968 0)
(-0.114997 0.489461 0)
(-0.182576 0.665731 0)
(-0.413071 0.855172 0)
(-0.44431 0.7913 0)
(-0.234422 0.503567 0)
(-0.007234 0.983339 0)
(0.0408905 1.4995 0)
(0.121631 -0.336312 0)
(0.0127295 -0.153849 0)
(0.0272624 -0.0880319 0)
(0.101419 -0.103971 0)
(0.156669 -0.130636 0)
(0.177305 -0.141385 0)
(0.173127 -0.128472 0)
(0.153549 -0.0893612 0)
(0.123282 -0.0217065 0)
(0.0820091 0.0730538 0)
(0.0327971 0.191055 0)
(-0.021953 0.337985 0)
(-0.0672859 0.520558 0)
(-0.130295 0.750106 0)
(-0.334489 0.915337 0)
(-0.194269 0.717873 0)
(-0.221429 0.514579 0)
(-0.0443559 0.90854 0)
(0.0416887 1.49934 0)
(-0.0778944 -0.246995 0)
(-0.0386691 -0.19677 0)
(0.0437007 -0.162792 0)
(0.115554 -0.155838 0)
(0.165039 -0.156729 0)
(0.192268 -0.149634 0)
(0.202224 -0.125064 0)
(0.200148 -0.0774944 0)
(0.190202 -0.00363331 0)
(0.174428 0.0982206 0)
(0.152665 0.224718 0)
(0.111796 0.375789 0)
(0.0681338 0.559126 0)
(0.0152136 0.826379 0)
(-0.160861 0.976347 0)
(-0.232751 0.626997 0)
(-0.226496 0.478839 0)
(-0.0765484 0.83981 0)
(0.0510308 1.4909 0)
(-0.0236368 -0.291391 0)
(0.00882511 -0.249576 0)
(0.0762956 -0.212512 0)
(0.133553 -0.19481 0)
(0.179582 -0.183536 0)
(0.211995 -0.165224 0)
(0.232883 -0.131682 0)
(0.246096 -0.0774089 0)
(0.255153 0.00069061 0)
(0.261284 0.105305 0)
(0.266167 0.2386 0)
(0.255512 0.400584 0)
(0.249281 0.590502 0)
(0.196422 0.880028 0)
(0.204442 1.06898 0)
(-0.186252 0.83561 0)
(-0.212108 0.372348 0)
(-0.117751 0.751071 0)
(0.0668061 1.47495 0)
(0.0271975 -0.32735 0)
(0.0465745 -0.279213 0)
(0.102887 -0.251851 0)
(0.151832 -0.230518 0)
(0.195886 -0.211235 0)
(0.233742 -0.185966 0)
(0.265987 -0.147556 0)
(0.294608 -0.0898778 0)
(0.322383 -0.0101324 0)
(0.349901 0.0954949 0)
(0.37789 0.232064 0)
(0.396231 0.398937 0)
(0.437695 0.596182 0)
(0.400672 0.883985 0)
(0.577207 1.13154 0)
(0.229668 1.05619 0)
(0.227119 0.321204 0)
(-0.132803 0.696713 0)
(0.0811651 1.45247 0)
(0.0492325 -0.347467 0)
(0.0753187 -0.306559 0)
(0.122463 -0.284749 0)
(0.167967 -0.263295 0)
(0.213574 -0.241351 0)
(0.25815 -0.213479 0)
(0.301995 -0.173396 0)
(0.345575 -0.114382 0)
(0.391345 -0.0346344 0)
(0.440407 0.0704744 0)
(0.490977 0.209229 0)
(0.537028 0.373831 0)
(0.616406 0.571871 0)
(0.616999 0.843044 0)
(0.826731 1.11259 0)
(0.592984 1.19691 0)
(1.05315 0.284785 0)
(-0.138808 0.999091 0)
(0.098751 1.42021 0)
(0.0625153 -0.36069 0)
(0.0954996 -0.333548 0)
(0.138049 -0.315613 0)
(0.183452 -0.296243 0)
(0.232234 -0.275011 0)
(0.283568 -0.247467 0)
(0.338912 -0.208659 0)
(0.396862 -0.150363 0)
(0.460232 -0.0725396 0)
(0.533269 0.0305607 0)
(0.608893 0.171389 0)
(0.686866 0.328603 0)
(0.799869 0.52105 0)
(0.839924 0.789109 0)
(0.963872 1.06977 0)
(0.77738 1.19581 0)
(0.877504 0.476876 0)
(-0.175013 1.43196 0)
(0.120464 1.38224 0)
(0.0743779 -0.376193 0)
(0.110608 -0.360549 0)
(0.150871 -0.345863 0)
(0.197276 -0.330191 0)
(0.249697 -0.312218 0)
(0.307621 -0.287936 0)
(0.374733 -0.253351 0)
(0.446013 -0.19814 0)
(0.530283 -0.126695 0)
(0.63316 -0.0307259 0)
(0.737699 0.115763 0)
(0.857602 0.260614 0)
(1.02352 0.447886 0)
(1.10742 0.765188 0)
(1.10414 1.11404 0)
(0.869891 1.26806 0)
(0.6224 0.867643 0)
(-0.208565 1.69476 0)
(0.145682 1.34191 0)
(0.0852079 -0.394544 0)
(0.121073 -0.386795 0)
(0.160411 -0.376151 0)
(0.208103 -0.365583 0)
(0.264032 -0.352875 0)
(0.328248 -0.3347 0)
(0.407188 -0.306987 0)
(0.489927 -0.259017 0)
(0.603863 -0.201542 0)
(0.738362 -0.123182 0)
(0.875388 0.0302496 0)
(1.03725 0.134867 0)
(1.28957 0.315519 0)
(1.46024 0.735369 0)
(1.34485 1.23497 0)
(0.971916 1.48692 0)
(0.444863 1.28899 0)
(-0.238273 1.84034 0)
(0.174728 1.3021 0)
(0.0930824 -0.414418 0)
(0.127102 -0.412123 0)
(0.16611 -0.406638 0)
(0.214842 -0.402355 0)
(0.273659 -0.3967 0)
(0.343651 -0.387153 0)
(0.43329 -0.368818 0)
(0.526778 -0.334629 0)
(0.67855 -0.297284 0)
(0.828444 -0.245254 0)
(1.00494 -0.0719997 0)
(1.18012 -0.0287377 0)
(1.45874 0.10449 0)
(1.80495 0.785547 0)
(1.71054 1.50585 0)
(1.14768 1.84732 0)
(0.350888 1.74063 0)
(-0.267809 1.92779 0)
(0.208092 1.26427 0)
(0.0970163 -0.434364 0)
(0.128869 -0.436559 0)
(0.167506 -0.437183 0)
(0.21659 -0.440092 0)
(0.277266 -0.44309 0)
(0.352073 -0.444312 0)
(0.449898 -0.43846 0)
(0.556375 -0.425097 0)
(0.743843 -0.411394 0)
(0.895647 -0.389832 0)
(1.13685 -0.161607 0)
(1.28764 -0.168168 0)
(1.3924 -0.252876 0)
(1.73252 0.497828 0)
(1.90221 1.74816 0)
(1.34026 2.35701 0)
(0.326844 2.26128 0)
(-0.299843 1.98689 0)
(0.246343 1.22923 0)
(0.0968912 -0.453435 0)
(0.126541 -0.460012 0)
(0.164184 -0.467302 0)
(0.212544 -0.478108 0)
(0.273669 -0.49101 0)
(0.351556 -0.504949 0)
(0.454429 -0.515416 0)
(0.576071 -0.528628 0)
(0.786749 -0.543822 0)
(0.952115 -0.555577 0)
(1.30335 -0.24569 0)
(1.36334 -0.321142 0)
(1.20486 -0.348845 0)
(1.41578 0.385396 0)
(1.73072 1.75064 0)
(1.39009 2.83765 0)
(0.327698 2.83357 0)
(-0.336847 2.03375 0)
(0.290209 1.19732 0)
(0.0929281 -0.471078 0)
(0.12018 -0.48221 0)
(0.15583 -0.496308 0)
(0.202126 -0.51539 0)
(0.261828 -0.539051 0)
(0.340124 -0.567352 0)
(0.444434 -0.59787 0)
(0.578971 -0.642248 0)
(0.797856 -0.695464 0)
(1.00347 -0.739767 0)
(1.38748 -0.416524 0)
(1.57185 -0.189059 0)
(1.23627 -0.262719 0)
(1.16806 0.347159 0)
(1.45798 1.75251 0)
(1.21971 3.28929 0)
(0.306865 3.37484 0)
(-0.379036 2.07204 0)
(0.340394 1.16871 0)
(0.0854769 -0.486914 0)
(0.109885 -0.502676 0)
(0.142362 -0.523325 0)
(0.185042 -0.550608 0)
(0.241001 -0.585528 0)
(0.316225 -0.628967 0)
(0.417224 -0.682143 0)
(0.557306 -0.760871 0)
(0.771561 -0.860634 0)
(1.01203 -0.933808 0)
(1.29565 -0.68145 0)
(1.8388 -0.142931 0)
(1.2895 -0.097945 0)
(1.01505 0.412879 0)
(1.19087 1.87757 0)
(0.906118 3.64099 0)
(0.293635 3.80014 0)
(-0.425885 2.10158 0)
(0.397834 1.14373 0)
(0.0749722 -0.500609 0)
(0.0958688 -0.520804 0)
(0.124001 -0.547335 0)
(0.161265 -0.582374 0)
(0.211002 -0.628268 0)
(0.279162 -0.686745 0)
(0.37109 -0.763107 0)
(0.506701 -0.876617 0)
(0.702846 -1.02496 0)
(0.935956 -1.12188 0)
(1.1761 -0.90061 0)
(1.59055 -0.306176 0)
(1.2638 0.0972981 0)
(0.947389 0.517773 0)
(0.926038 1.99627 0)
(0.461448 3.9042 0)
(0.288725 4.16571 0)
(-0.486091 2.1393 0)
(0.463221 1.12122 0)
(0.0618393 -0.511816 0)
(0.0785683 -0.535841 0)
(0.10122 -0.567429 0)
(0.13129 -0.609353 0)
(0.172284 -0.664838 0)
(0.229312 -0.737365 0)
(0.306579 -0.835204 0)
(0.427273 -0.981287 0)
(0.589343 -1.17233 0)
(0.791854 -1.27254 0)
(0.972897 -0.992325 0)
(0.860938 -0.410086 0)
(0.782538 0.163048 0)
(0.83068 0.736129 0)
(0.559116 2.25107 0)
(-0.120475 4.233 0)
(0.182675 4.06588 0)
(-0.553889 2.17893 0)
(0.535245 1.0984 0)
(0.0466316 -0.520126 0)
(0.0585044 -0.547136 0)
(0.074667 -0.582776 0)
(0.0961675 -0.630207 0)
(0.125995 -0.693225 0)
(0.168149 -0.777332 0)
(0.225652 -0.893493 0)
(0.322042 -1.0677 0)
(0.439766 -1.29138 0)
(0.602499 -1.36734 0)
(0.678088 -0.937831 0)
(0.292215 -0.321819 0)
(0.597807 0.114344 0)
(0.368333 1.01126 0)
(0.0677055 2.56603 0)
(-0.591511 4.42764 0)
(0.142914 3.76953 0)
(-0.625167 2.18272 0)
(0.607021 1.07767 0)
(0.0299619 -0.525316 0)
(0.0363693 -0.554291 0)
(0.045301 -0.592613 0)
(0.0572027 -0.643734 0)
(0.0740308 -0.7119 0)
(0.0980961 -0.803903 0)
(0.131383 -0.933362 0)
(0.195144 -1.12865 0)
(0.261526 -1.3754 0)
(0.369642 -1.41212 0)
(0.350573 -0.865063 0)
(-0.0568683 -0.281278 0)
(0.122772 0.155386 0)
(-0.396613 1.34889 0)
(-0.66187 2.96965 0)
(-0.958901 4.38815 0)
(0.360982 3.70082 0)
(-0.67111 2.14758 0)
(0.654355 1.05875 0)
(0.0124298 -0.527309 0)
(0.0130857 -0.556951 0)
(0.0143495 -0.596259 0)
(0.0159624 -0.648848 0)
(0.0186133 -0.719268 0)
(0.0226008 -0.814961 0)
(0.0288639 -0.951396 0)
(0.0517252 -1.15786 0)
(0.0576278 -1.4158 0)
(0.0982021 -1.40785 0)
(-0.0189901 -0.765455 0)
(-0.373582 -0.180646 0)
(-0.556333 0.402058 0)
(-1.20254 1.68334 0)
(-1.37949 3.12239 0)
(-1.20758 3.92394 0)
(0.629001 3.21909 0)
(-0.663644 2.18663 0)
(0.647524 1.04487 0)
(-0.00517939 -0.525853 0)
(-0.0102119 -0.554939 0)
(-0.0167244 -0.59352 0)
(-0.0256148 -0.645124 0)
(-0.037572 -0.714382 0)
(-0.0545196 -0.808685 0)
(-0.0762304 -0.943667 0)
(-0.0989559 -1.1496 0)
(-0.162324 -1.40232 0)
(-0.206741 -1.34906 0)
(-0.400994 -0.603073 0)
(-0.699072 0.0690988 0)
(-1.06852 0.744997 0)
(-1.72297 1.91539 0)
(-1.80314 2.98021 0)
(-1.11179 3.18412 0)
(0.0322239 2.67543 0)
(-0.629977 2.30673 0)
(0.579148 1.02352 0)
(-0.0221782 -0.520949 0)
(-0.0326469 -0.548393 0)
(-0.0465388 -0.584654 0)
(-0.0654728 -0.632925 0)
(-0.0914124 -0.697575 0)
(-0.128118 -0.785216 0)
(-0.177572 -0.909547 0)
(-0.244645 -1.10025 0)
(-0.378778 -1.3329 0)
(-0.504826 -1.2741 0)
(-0.67563 -0.455396 0)
(-0.966361 0.31923 0)
(-1.292 1.04285 0)
(-1.74658 2.04381 0)
(-1.66019 2.72073 0)
(-0.832782 2.71231 0)
(-0.449562 2.52066 0)
(-0.538062 2.15808 0)
(0.480666 0.962759 0)
(-0.0378797 -0.512976 0)
(-0.0532652 -0.537679 0)
(-0.0737795 -0.570124 0)
(-0.101689 -0.612983 0)
(-0.140003 -0.669938 0)
(-0.193935 -0.746293 0)
(-0.268197 -0.852513 0)
(-0.373041 -1.01348 0)
(-0.56786 -1.20933 0)
(-0.795968 -1.15866 0)
(-0.893135 -0.295609 0)
(-1.14685 0.585979 0)
(-1.34818 1.22318 0)
(-1.51135 2.12192 0)
(-1.20019 2.5486 0)
(-0.842474 2.50429 0)
(-0.589439 2.30758 0)
(-0.398259 1.83439 0)
(0.342087 0.927025 0)
(-0.0516809 -0.5023 0)
(-0.0712428 -0.523346 0)
(-0.0973096 -0.550737 0)
(-0.132629 -0.586487 0)
(-0.180927 -0.633309 0)
(-0.248327 -0.694842 0)
(-0.341766 -0.777515 0)
(-0.473832 -0.898643 0)
(-0.702421 -1.04715 0)
(-1.01102 -1.00017 0)
(-1.09041 -0.40482 0)
(-1.21804 0.745552 0)
(-1.3218 1.35518 0)
(-1.2816 2.01772 0)
(-1.06875 2.35895 0)
(-0.816249 2.32687 0)
(-0.550486 2.09589 0)
(-0.263057 1.53716 0)
(0.327527 0.94783 0)
(-0.0630897 -0.489404 0)
(-0.0859267 -0.506089 0)
(-0.116254 -0.527512 0)
(-0.157086 -0.554957 0)
(-0.212494 -0.590046 0)
(-0.288868 -0.63464 0)
(-0.394213 -0.691224 0)
(-0.541566 -0.768079 0)
(-0.779219 -0.860513 0)
(-1.12626 -0.808096 0)
(-1.31919 -0.266956 0)
(-1.24659 0.727597 0)
(-1.2517 1.39026 0)
(-1.1587 1.95863 0)
(-0.96274 2.21128 0)
(-0.708024 2.13797 0)
(-0.440011 1.87644 0)
(-0.0615038 1.1529 0)
(0.123853 0.950934 0)
(-0.0717441 -0.474845 0)
(-0.0968605 -0.486703 0)
(-0.130041 -0.501596 0)
(-0.174353 -0.520086 0)
(-0.233849 -0.542733 0)
(-0.31459 -0.569759 0)
(-0.42435 -0.600497 0)
(-0.574739 -0.635447 0)
(-0.800634 -0.670399 0)
(-1.13144 -0.621019 0)
(-1.38913 -0.243308 0)
(-1.30133 0.554242 0)
(-1.16559 1.34982 0)
(-1.04738 1.85622 0)
(-0.8497 2.05203 0)
(-0.561346 1.91686 0)
(-0.282015 1.60788 0)
(-0.0420124 1.13112 0)
(-0.0608838 0.952053 0)
(-0.0774213 -0.459216 0)
(-0.103791 -0.466019 0)
(-0.138409 -0.474164 0)
(-0.184207 -0.483562 0)
(-0.244944 -0.493862 0)
(-0.325908 -0.503973 0)
(-0.433762 -0.511171 0)
(-0.577431 -0.511305 0)
(-0.777399 -0.495934 0)
(-1.05446 -0.419022 0)
(-1.32315 -0.143772 0)
(-1.33201 0.441752 0)
(-1.05888 1.1371 0)
(-0.878961 1.66147 0)
(-0.681262 1.82894 0)
(-0.395562 1.71036 0)
(-0.16116 1.4632 0)
(-0.0642102 1.17429 0)
(-0.106845 0.886447 0)
(-0.0800362 -0.443112 0)
(-0.106659 -0.44485 0)
(-0.141373 -0.446329 0)
(-0.186842 -0.446933 0)
(-0.246351 -0.4456 0)
(-0.324221 -0.440329 0)
(-0.425638 -0.427318 0)
(-0.556761 -0.400425 0)
(-0.727477 -0.349177 0)
(-0.945267 -0.245389 0)
(-1.1751 -0.0211977 0)
(-1.27803 0.401403 0)
(-1.08787 0.981569 0)
(-0.759494 1.47414 0)
(-0.498455 1.64825 0)
(-0.257846 1.57385 0)
(-0.0863043 1.38874 0)
(-0.0596373 1.16329 0)
(-0.0556398 0.816547 0)
(-0.0796247 -0.427128 0)
(-0.105573 -0.423966 0)
(-0.139174 -0.419103 0)
(-0.182752 -0.411522 0)
(-0.239036 -0.39966 0)
(-0.311379 -0.380994 0)
(-0.403466 -0.351368 0)
(-0.518936 -0.304286 0)
(-0.661365 -0.2294 0)
(-0.829241 -0.108058 0)
(-1.00274 0.0916886 0)
(-1.11423 0.410623 0)
(-1.03712 0.852079 0)
(-0.753941 1.27878 0)
(-0.445275 1.48632 0)
(-0.208741 1.45429 0)
(-0.0626393 1.32873 0)
(-0.0317165 1.15008 0)
(-0.00438599 0.787706 0)
(-0.0763192 -0.411833 0)
(-0.100773 -0.404079 0)
(-0.132224 -0.393369 0)
(-0.172616 -0.378414 0)
(-0.224148 -0.357326 0)
(-0.28932 -0.327372 0)
(-0.370551 -0.284505 0)
(-0.469478 -0.222874 0)
(-0.585807 -0.133934 0)
(-0.714623 -0.00481719 0)
(-0.840441 0.179717 0)
(-0.925433 0.435284 0)
(-0.900808 0.759236 0)
(-0.716879 1.0852 0)
(-0.44609 1.28911 0)
(-0.21364 1.32133 0)
(-0.0646759 1.2623 0)
(-0.0076863 1.12924 0)
(0.0181739 0.785654 0)
(-0.0703455 -0.397601 0)
(-0.092611 -0.385721 0)
(-0.121069 -0.36982 0)
(-0.157243 -0.348432 0)
(-0.202883 -0.319497 0)
(-0.259849 -0.280281 0)
(-0.329627 -0.22712 0)
(-0.412613 -0.155157 0)
(-0.50655 -0.0581272 0)
(-0.605233 0.0713581 0)
(-0.695474 0.242384 0)
(-0.752495 0.457752 0)
(-0.739789 0.707416 0)
(-0.624576 0.951598 0)
(-0.426329 1.12579 0)
(-0.225041 1.19396 0)
(-0.0778396 1.18635 0)
(-0.000340062 1.09861 0)
(0.021852 0.792196 0)
(-0.0620138 -0.384598 0)
(-0.0815318 -0.36916 0)
(-0.106365 -0.34888 0)
(-0.137565 -0.322149 0)
(-0.17645 -0.286732 0)
(-0.224531 -0.240023 0)
(-0.28278 -0.178918 0)
(-0.35079 -0.0998665 0)
(-0.426199 0.00140025 0)
(-0.502537 0.128564 0)
(-0.568053 0.285725 0)
(-0.605772 0.471082 0)
(-0.594134 0.672896 0)
(-0.516348 0.863563 0)
(-0.379053 1.00686 0)
(-0.223006 1.08444 0)
(-0.0913478 1.10879 0)
(-0.0057236 1.06249 0)
(0.0186155 0.798683 0)
(-0.0515183 -0.373552 0)
(-0.0678317 -0.355001 0)
(-0.0885945 -0.331057 0)
(-0.11443 -0.300098 0)
(-0.146068 -0.259596 0)
(-0.184758 -0.206901 0)
(-0.231669 -0.139424 0)
(-0.286453 -0.0550868 0)
(-0.34641 0.0479623 0)
(-0.405915 0.17196 0)
(-0.455329 0.316781 0)
(-0.482182 0.478762 0)
(-0.472725 0.64698 0)
(-0.418139 0.80172 0)
(-0.322914 0.921234 0)
(-0.208009 0.997156 0)
(-0.0989912 1.03805 0)
(-0.0150039 1.02427 0)
(0.0142737 0.801267 0)
(-0.0387076 -0.365944 0)
(-0.0512384 -0.344686 0)
(-0.0673484 -0.317484 0)
(-0.0876103 -0.282987 0)
(-0.112211 -0.238568 0)
(-0.141666 -0.181259 0)
(-0.177275 -0.108548 0)
(-0.219777 -0.0195148 0)
(-0.267198 0.0850729 0)
(-0.314172 0.205614 0)
(-0.353082 0.34031 0)
(-0.374627 0.484445 0)
(-0.36957 0.628496 0)
(-0.332697 0.758127 0)
(-0.267151 0.859542 0)
(-0.184554 0.92951 0)
(-0.0987617 0.976232 0)
(-0.0223141 0.984155 0)
(0.0104683 0.799111 0)
(-0.0236911 -0.360976 0)
(-0.0315285 -0.337904 0)
(-0.0417392 -0.308185 0)
(-0.0551855 -0.270618 0)
(-0.0723901 -0.222829 0)
(-0.0935842 -0.161789 0)
(-0.119834 -0.0847011 0)
(-0.152816 0.00856518 0)
(-0.191607 0.114895 0)
(-0.231157 0.232727 0)
(-0.265172 0.359734 0)
(-0.286242 0.490985 0)
(-0.287488 0.618345 0)
(-0.265209 0.731029 0)
(-0.221275 0.819622 0)
(-0.16239 0.883248 0)
(-0.0956786 0.930581 0)
(-0.0271319 0.951198 0)
(0.00765605 0.796102 0)
(-0.00777453 -0.354863 0)
(-0.0102809 -0.330988 0)
(-0.013474 -0.300119 0)
(-0.0178477 -0.260815 0)
(-0.0241722 -0.210681 0)
(-0.0335303 -0.146667 0)
(-0.0484719 -0.0655175 0)
(-0.0679572 0.0341932 0)
(-0.0913103 0.144296 0)
(-0.118205 0.262069 0)
(-0.144269 0.383883 0)
(-0.164562 0.504171 0)
(-0.173936 0.615898 0)
(-0.168907 0.711423 0)
(-0.149237 0.784976 0)
(-0.117636 0.836942 0)
(-0.0770481 0.876094 0)
(-0.0275586 0.902445 0)
(0.00293067 0.783687 0)
)
;

boundaryField
{
    leftWall
    {
        type            noSlip;
    }
    rightWall
    {
        type            noSlip;
    }
    lowerWall
    {
        type            noSlip;
    }
    atmosphere
    {
        type            pressureInletOutletVelocity;
        value           nonuniform List<vector> 
46
(
(0 -0.40747 0)
(0 -0.419708 0)
(0 -0.418726 0)
(0 -0.419347 0)
(0 -0.419754 0)
(0 -0.42005 0)
(0 -0.420239 0)
(0 -0.420335 0)
(0 -0.420348 0)
(0 -0.420286 0)
(0 -0.42015 0)
(0 -0.419943 0)
(0 -0.419663 0)
(0 -0.41931 0)
(0 -0.418878 0)
(0 -0.418365 0)
(0 -0.417763 0)
(0 -0.417065 0)
(0 -0.416261 0)
(0 -0.415341 0)
(0 -0.414293 0)
(0 -0.413103 0)
(0 -0.411758 0)
(0 -0.4083 0)
(0 -0.400731 0)
(0 -0.389885 0)
(0 -0.374545 0)
(0 -0.354863 0)
(0 -0.330988 0)
(0 -0.300119 0)
(0 -0.260815 0)
(0 -0.210681 0)
(0 -0.146667 0)
(0 -0.0655175 0)
(-0.0679572 0.0341932 0)
(-0.0913103 0.144296 0)
(-0.118205 0.262069 0)
(-0.144269 0.383883 0)
(-0.164562 0.504171 0)
(-0.173936 0.615898 0)
(-0.168907 0.711423 0)
(-0.149237 0.784976 0)
(-0.117636 0.836942 0)
(-0.0770481 0.876094 0)
(-0.0275586 0.902445 0)
(0.00293067 0.783687 0)
)
;
    }
    defaultFaces
    {
        type            empty;
    }
}


// ************************************************************************* //
