/*--------------------------------*- C++ -*----------------------------------*\
| =========                 |                                                 |
| \\      /  F ield         | OpenFOAM: The Open Source CFD Toolbox           |
|  \\    /   O peration     | Version:  2206                                  |
|   \\  /    A nd           | Website:  www.openfoam.com                      |
|    \\/     M anipulation  |                                                 |
\*---------------------------------------------------------------------------*/
FoamFile
{
    version     2.0;
    format      ascii;
    arch        "LSB;label=32;scalar=64";
    class       volVectorField;
    location    "0.375";
    object      U;
}
// * * * * * * * * * * * * * * * * * * * * * * * * * * * * * * * * * * * * * //

dimensions      [0 1 -1 0 0 0 0];

internalField   nonuniform List<vector> 
2268
(
(-0.0312787 0.00764364 0)
(-0.0349954 -0.00419059 0)
(0.0105501 -0.0137133 0)
(0.0812188 -0.0177293 0)
(0.156466 -0.0174353 0)
(0.226233 -0.0149086 0)
(0.283979 -0.0118244 0)
(0.328543 -0.00905797 0)
(0.362213 -0.00688717 0)
(0.387955 -0.00526942 0)
(0.407912 -0.00401004 0)
(0.42306 -0.00286768 0)
(0.433205 -0.00156854 0)
(0.437576 0.000772512 0)
(0.430987 0.00469529 0)
(0.407654 0.0115579 0)
(0.358398 0.0221779 0)
(0.271534 0.0351789 0)
(0.137979 0.0427175 0)
(-0.0156017 0.0290243 0)
(-0.16166 0.0121828 0)
(-0.244131 0.00578696 0)
(-0.0915922 -0.0623972 0)
(-0.0339745 0.0227698 0)
(-0.0329286 -0.0136983 0)
(0.0133489 -0.0416177 0)
(0.0846434 -0.0534297 0)
(0.159701 -0.0524667 0)
(0.228692 -0.0449124 0)
(0.285619 -0.0357435 0)
(0.329734 -0.02755 0)
(0.363442 -0.0211409 0)
(0.389645 -0.0163652 0)
(0.410362 -0.0126372 0)
(0.426489 -0.00923472 0)
(0.438048 -0.00542442 0)
(0.444015 -5.82814e-05 0)
(0.446255 0.00778004 0)
(0.44491 0.0200238 0)
(0.438923 0.0392486 0)
(0.418801 0.0672138 0)
(0.356486 0.0983496 0)
(0.214672 0.111172 0)
(0.00769418 0.0846863 0)
(-0.173962 -0.00382075 0)
(0.00694459 -0.140358 0)
(-0.0316764 0.0373362 0)
(-0.0292273 -0.0240173 0)
(0.0182812 -0.069665 0)
(0.08969 -0.0887584 0)
(0.163525 -0.0867654 0)
(0.230408 -0.0740685 0)
(0.28523 -0.0589172 0)
(0.327922 -0.0455412 0)
(0.361106 -0.0351883 0)
(0.387579 -0.0275129 0)
(0.409138 -0.0214969 0)
(0.426455 -0.0159563 0)
(0.439341 -0.00978681 0)
(0.446902 -0.00222486 0)
(0.447881 0.00775596 0)
(0.441432 0.0215745 0)
(0.429005 0.0424324 0)
(0.416342 0.0758957 0)
(0.409103 0.124642 0)
(0.366369 0.170491 0)
(0.249487 0.170003 0)
(0.0619385 0.0520137 0)
(0.0794768 -0.141789 0)
(-0.0296891 0.0502449 0)
(-0.0234411 -0.0353824 0)
(0.0253513 -0.0979226 0)
(0.0963464 -0.123614 0)
(0.168169 -0.120048 0)
(0.232079 -0.102097 0)
(0.284141 -0.0812104 0)
(0.325135 -0.0630886 0)
(0.357898 -0.0492537 0)
(0.38502 -0.0390552 0)
(0.407949 -0.0310015 0)
(0.427037 -0.023473 0)
(0.441851 -0.0150428 0)
(0.451463 -0.00458433 0)
(0.454706 0.00903292 0)
(0.450366 0.0269492 0)
(0.437948 0.0506718 0)
(0.418718 0.0829703 0)
(0.407106 0.130095 0)
(0.408907 0.189656 0)
(0.384265 0.219382 0)
(0.251097 0.119385 0)
(0.156378 -0.0714089 0)
(-0.0273436 0.0610106 0)
(-0.0156368 -0.0479452 0)
(0.0342653 -0.126447 0)
(0.10412 -0.15759 0)
(0.173216 -0.151776 0)
(0.233421 -0.128543 0)
(0.282265 -0.10238 0)
(0.321478 -0.0801672 0)
(0.354047 -0.0634627 0)
(0.382225 -0.051192 0)
(0.40699 -0.0413708 0)
(0.42829 -0.0319759 0)
(0.445435 -0.0213083 0)
(0.457408 -0.00804796 0)
(0.463134 0.0088721 0)
(0.461698 0.0304719 0)
(0.452739 0.0579146 0)
(0.435989 0.0918196 0)
(0.415408 0.133445 0)
(0.407347 0.187304 0)
(0.418932 0.234926 0)
(0.336652 0.183898 0)
(0.200426 0.0304022 0)
(-0.024053 0.069124 0)
(-0.00608561 -0.0618073 0)
(0.0445427 -0.155078 0)
(0.112661 -0.190259 0)
(0.178461 -0.181508 0)
(0.234559 -0.153055 0)
(0.280072 -0.122251 0)
(0.317694 -0.0967947 0)
(0.350455 -0.0779715 0)
(0.380132 -0.0641422 0)
(0.407136 -0.0528275 0)
(0.430962 -0.0416708 0)
(0.450649 -0.02879 0)
(0.465092 -0.0128113 0)
(0.473262 0.00734544 0)
(0.47445 0.0324389 0)
(0.468449 0.0632909 0)
(0.455357 0.1002 0)
(0.435926 0.141556 0)
(0.411217 0.187498 0)
(0.41285 0.240544 0)
(0.358792 0.240931 0)
(0.22127 0.158489 0)
(-0.0196141 0.0740351 0)
(0.00482755 -0.0770911 0)
(0.0554653 -0.183518 0)
(0.121016 -0.221832 0)
(0.183136 -0.209615 0)
(0.2352 -0.175967 0)
(0.27778 -0.141074 0)
(0.314401 -0.113143 0)
(0.347978 -0.0928796 0)
(0.379691 -0.0779331 0)
(0.409331 -0.0653215 0)
(0.43596 -0.0524152 0)
(0.458377 -0.0372387 0)
(0.475404 -0.0184678 0)
(0.485969 0.00461074 0)
(0.489479 0.0329557 0)
(0.485834 0.0671549 0)
(0.474895 0.107188 0)
(0.458747 0.151923 0)
(0.429872 0.197157 0)
(0.410313 0.251988 0)
(0.362046 0.292029 0)
(0.244334 0.286361 0)
(-0.0140909 0.0756638 0)
(0.0166842 -0.0934066 0)
(0.0669634 -0.212279 0)
(0.128584 -0.252972 0)
(0.186368 -0.236835 0)
(0.23465 -0.198077 0)
(0.27499 -0.159683 0)
(0.311375 -0.130004 0)
(0.346378 -0.108887 0)
(0.380492 -0.0931942 0)
(0.41293 -0.0794761 0)
(0.442437 -0.0648836 0)
(0.467722 -0.0473385 0)
(0.487545 -0.0254292 0)
(0.500992 0.00139317 0)
(0.507348 0.0330807 0)
(0.506153 0.0701544 0)
(0.496969 0.112458 0)
(0.482111 0.160072 0)
(0.456577 0.208936 0)
(0.424567 0.267591 0)
(0.373521 0.339332 0)
(0.242582 0.432574 0)
(0.0907158 -0.0279086 0)
(0.226522 -0.00614346 0)
(0.158761 0.0219981 0)
(0.0553694 0.0143958 0)
(-0.0120138 0.0210724 0)
(-0.129797 0.0195167 0)
(-0.214851 0.0187076 0)
(-0.291619 0.0148868 0)
(-0.348133 0.0107206 0)
(-0.385542 0.00711736 0)
(-0.405242 0.00339049 0)
(-0.406544 -0.000144422 0)
(-0.391956 -0.00359159 0)
(-0.362073 -0.00725887 0)
(-0.317964 -0.0107751 0)
(-0.261542 -0.0139173 0)
(-0.193589 -0.0169633 0)
(-0.115186 -0.0200971 0)
(-0.0367063 -0.0176324 0)
(0.0967135 -0.109832 0)
(0.277942 -0.0293649 0)
(0.200353 0.0745964 0)
(0.059043 0.0547244 0)
(-0.0436616 0.0698622 0)
(-0.175929 0.0598115 0)
(-0.258717 0.0533664 0)
(-0.324168 0.0397205 0)
(-0.363221 0.0267067 0)
(-0.385865 0.01636 0)
(-0.394698 0.00545305 0)
(-0.388851 -0.00509637 0)
(-0.367211 -0.0147456 0)
(-0.332058 -0.0238782 0)
(-0.28583 -0.0320408 0)
(-0.231038 -0.0389776 0)
(-0.168625 -0.0454329 0)
(-0.0988341 -0.0521395 0)
(-0.0309789 -0.0457442 0)
(0.0503219 -0.193464 0)
(0.303953 -0.0637185 0)
(0.232566 0.134846 0)
(0.0643431 0.104202 0)
(-0.0290311 0.122885 0)
(-0.163483 0.101515 0)
(-0.246269 0.087693 0)
(-0.316655 0.0624913 0)
(-0.360693 0.0401973 0)
(-0.388626 0.0242003 0)
(-0.401916 0.00660262 0)
(-0.397738 -0.0111285 0)
(-0.377298 -0.0270326 0)
(-0.342474 -0.0415985 0)
(-0.295375 -0.0539048 0)
(-0.23888 -0.0639144 0)
(-0.174278 -0.0732336 0)
(-0.101998 -0.0828454 0)
(-0.0318542 -0.0715142 0)
(0.0152937 -0.277327 0)
(0.310274 -0.123627 0)
(0.2471 0.201003 0)
(0.0482568 0.153955 0)
(-0.024066 0.173707 0)
(-0.165876 0.144391 0)
(-0.251399 0.124425 0)
(-0.326967 0.0870941 0)
(-0.370276 0.0546799 0)
(-0.397454 0.0340654 0)
(-0.411519 0.00936521 0)
(-0.407403 -0.0158964 0)
(-0.386981 -0.0380894 0)
(-0.352266 -0.0588719 0)
(-0.304743 -0.0762006 0)
(-0.247356 -0.0899934 0)
(-0.181144 -0.102881 0)
(-0.106225 -0.116134 0)
(-0.0331432 -0.0998742 0)
(0.00120242 -0.337135 0)
(0.2751 -0.182113 0)
(0.23304 0.27853 0)
(0.00988521 0.214488 0)
(-0.0272794 0.21953 0)
(-0.17753 0.190162 0)
(-0.265903 0.163731 0)
(-0.34526 0.111961 0)
(-0.384032 0.0671489 0)
(-0.40883 0.0442503 0)
(-0.424154 0.0118862 0)
(-0.419354 -0.0214226 0)
(-0.397887 -0.0494643 0)
(-0.362262 -0.0764795 0)
(-0.313262 -0.0988652 0)
(-0.254443 -0.116503 0)
(-0.18664 -0.133196 0)
(-0.10941 -0.150296 0)
(-0.0340115 -0.129033 0)
(-0.0670196 -0.390753 0)
(0.178902 -0.210737 0)
(0.204835 0.322152 0)
(-0.0668026 0.22872 0)
(-0.0393216 0.25698 0)
(-0.191126 0.239359 0)
(-0.286237 0.205946 0)
(-0.370053 0.135825 0)
(-0.401086 0.0761044 0)
(-0.422193 0.0555432 0)
(-0.440488 0.0146485 0)
(-0.434559 -0.0278725 0)
(-0.411509 -0.0612125 0)
(-0.37469 -0.0948716 0)
(-0.323354 -0.122433 0)
(-0.26234 -0.143709 0)
(-0.192478 -0.164266 0)
(-0.112644 -0.185337 0)
(-0.034846 -0.158936 0)
(-0.193623 -0.435847 0)
(0.0455737 -0.249842 0)
(0.182395 0.440072 0)
(-0.168986 0.344837 0)
(-0.0328462 0.275647 0)
(-0.199751 0.298254 0)
(-0.311257 0.249491 0)
(-0.400812 0.160018 0)
(-0.419019 0.0811678 0)
(-0.435002 0.0695146 0)
(-0.459469 0.0199333 0)
(-0.451659 -0.0369361 0)
(-0.42699 -0.0735992 0)
(-0.389428 -0.114128 0)
(-0.335422 -0.14696 0)
(-0.271597 -0.171757 0)
(-0.199146 -0.196359 0)
(-0.116324 -0.22158 0)
(-0.0358223 -0.189781 0)
(-0.166691 -0.256918 0)
(0.0746395 -0.444063 0)
(0.115298 0.453058 0)
(-0.260156 0.193368 0)
(-0.0225449 0.23378 0)
(-0.191006 0.371679 0)
(-0.338187 0.3154 0)
(-0.433901 0.189253 0)
(-0.435278 0.0636511 0)
(-0.441645 0.077509 0)
(-0.47892 0.0163265 0)
(-0.468249 -0.0472932 0)
(-0.440796 -0.0831518 0)
(-0.404295 -0.13365 0)
(-0.348478 -0.172776 0)
(-0.282484 -0.201121 0)
(-0.206823 -0.229904 0)
(-0.120526 -0.259354 0)
(-0.0369462 -0.22178 0)
(-0.0044126 0.0670892 0)
(0.0394938 -0.123359 0)
(0.0928146 -0.255077 0)
(0.144508 -0.295423 0)
(0.191562 -0.273093 0)
(0.233218 -0.228314 0)
(0.271029 -0.186942 0)
(0.308049 -0.15659 0)
(0.345621 -0.135387 0)
(0.383086 -0.119105 0)
(0.418955 -0.103918 0)
(0.451766 -0.0870518 0)
(0.480405 -0.066627 0)
(0.503987 -0.0411608 0)
(0.521679 -0.00884636 0)
(0.532968 0.0314115 0)
(0.537175 0.0775456 0)
(0.533449 0.127643 0)
(0.521727 0.181546 0)
(0.504552 0.237315 0)
(0.477869 0.302748 0)
(0.464513 0.38007 0)
(0.444597 0.551078 0)
(0.0112711 0.0369883 0)
(0.0855601 -0.173414 0)
(0.151716 -0.30396 0)
(0.18324 -0.33737 0)
(0.206168 -0.309475 0)
(0.236186 -0.262121 0)
(0.272064 -0.221043 0)
(0.311908 -0.192119 0)
(0.354073 -0.171525 0)
(0.396134 -0.154019 0)
(0.435852 -0.135678 0)
(0.471529 -0.114216 0)
(0.502313 -0.0886672 0)
(0.528315 -0.059141 0)
(0.549772 -0.0260273 0)
(0.565981 0.0107558 0)
(0.574881 0.0579006 0)
(0.577443 0.112124 0)
(0.573509 0.170882 0)
(0.56768 0.233223 0)
(0.555806 0.304781 0)
(0.55618 0.375112 0)
(0.560032 0.496349 0)
(0.0286426 -0.0367409 0)
(0.166287 -0.25121 0)
(0.25571 -0.344918 0)
(0.251872 -0.357702 0)
(0.233893 -0.332753 0)
(0.248857 -0.299333 0)
(0.286763 -0.269529 0)
(0.333511 -0.246376 0)
(0.383164 -0.227338 0)
(0.431906 -0.208375 0)
(0.477759 -0.186315 0)
(0.51902 -0.159053 0)
(0.554036 -0.125362 0)
(0.581154 -0.0844935 0)
(0.598768 -0.0357389 0)
(0.609343 0.0218971 0)
(0.615061 0.0868522 0)
(0.612806 0.153989 0)
(0.608082 0.217112 0)
(0.607051 0.274905 0)
(0.608499 0.333457 0)
(0.614359 0.386859 0)
(0.622469 0.449481 0)
(0.0641078 -0.163622 0)
(0.252494 -0.390129 0)
(0.352105 -0.396216 0)
(0.288586 -0.342514 0)
(0.226377 -0.329006 0)
(0.226045 -0.330783 0)
(0.256761 -0.323122 0)
(0.297625 -0.3081 0)
(0.341078 -0.290685 0)
(0.38669 -0.271303 0)
(0.434209 -0.247993 0)
(0.485086 -0.219086 0)
(0.53957 -0.183134 0)
(0.596884 -0.13932 0)
(0.65541 -0.087587 0)
(0.70951 -0.0315049 0)
(0.738783 0.0217563 0)
(0.741228 0.0778745 0)
(0.72523 0.143183 0)
(0.704084 0.215866 0)
(0.684837 0.29292 0)
(0.673292 0.364176 0)
(0.6766 0.423624 0)
(0.0906018 -0.332351 0)
(0.225742 -0.592339 0)
(0.281586 -0.429427 0)
(0.190307 -0.208577 0)
(0.062084 -0.240377 0)
(0.0509447 -0.302536 0)
(0.0283504 -0.316552 0)
(0.014564 -0.305328 0)
(0.00382848 -0.289399 0)
(0.0103502 -0.273821 0)
(0.0282109 -0.254335 0)
(0.0633621 -0.230385 0)
(0.111187 -0.198049 0)
(0.15919 -0.157463 0)
(0.236327 -0.107195 0)
(0.193739 -0.0597894 0)
(0.500267 0.0559946 0)
(0.674163 0.148466 0)
(0.738561 0.215821 0)
(0.756441 0.267579 0)
(0.759562 0.318171 0)
(0.756942 0.368243 0)
(0.756483 0.413368 0)
(0.0202858 -0.544961 0)
(-0.0610157 -0.616279 0)
(-0.0949679 -0.0342437 0)
(-0.0197952 -0.191944 0)
(0.00355898 -0.254973 0)
(-0.000950921 -0.274972 0)
(-0.0181977 -0.273995 0)
(-0.0334417 -0.266662 0)
(-0.0462778 -0.262934 0)
(-0.0526474 -0.263281 0)
(-0.0420244 -0.266812 0)
(-0.0156861 -0.267552 0)
(0.0186689 -0.25005 0)
(0.043305 -0.214517 0)
(0.0584074 -0.188792 0)
(0.105128 -0.215956 0)
(0.211485 -0.249146 0)
(0.39244 -0.125951 0)
(0.617322 0.138876 0)
(0.719858 0.263332 0)
(0.715081 0.327678 0)
(0.74606 0.375542 0)
(0.772862 0.414243 0)
(-0.0818704 -0.348314 0)
(-0.182465 -0.413241 0)
(-0.169572 -0.334454 0)
(-0.0801421 -0.287092 0)
(-0.0457712 -0.276105 0)
(-0.0355608 -0.281299 0)
(-0.04247 -0.282867 0)
(-0.0493677 -0.280115 0)
(-0.0531648 -0.283543 0)
(-0.0507138 -0.297637 0)
(-0.038837 -0.318194 0)
(-0.0201372 -0.328157 0)
(0.00590103 -0.303331 0)
(0.0286349 -0.243159 0)
(0.0392211 -0.211665 0)
(0.102462 -0.288663 0)
(0.242154 -0.368742 0)
(0.406215 -0.317971 0)
(0.603079 -0.141918 0)
(0.80771 0.152276 0)
(0.910713 0.394733 0)
(0.903638 0.378432 0)
(0.843939 0.378373 0)
(-0.0755712 -0.262934 0)
(-0.077634 -0.480058 0)
(-0.0784685 -0.389923 0)
(-0.0568157 -0.31958 0)
(-0.0475885 -0.291424 0)
(-0.0376397 -0.285962 0)
(-0.0358144 -0.281304 0)
(-0.0363143 -0.27736 0)
(-0.0378094 -0.281096 0)
(-0.0396864 -0.296072 0)
(-0.0399067 -0.318066 0)
(-0.039691 -0.332316 0)
(-0.0305493 -0.312947 0)
(-0.00611646 -0.254378 0)
(0.020632 -0.249711 0)
(0.10674 -0.423248 0)
(0.184637 -0.532213 0)
(0.304143 -0.504658 0)
(0.451575 -0.355088 0)
(0.675298 -0.10003 0)
(0.885442 0.179071 0)
(0.982746 0.367439 0)
(0.950977 0.454177 0)
(-0.0280964 -0.217533 0)
(-0.0321703 -0.428082 0)
(-0.0496981 -0.364021 0)
(-0.0453456 -0.320933 0)
(-0.0381589 -0.299739 0)
(-0.0305817 -0.291804 0)
(-0.0261754 -0.283752 0)
(-0.023862 -0.276162 0)
(-0.0243402 -0.276202 0)
(-0.0290805 -0.288421 0)
(-0.0365175 -0.310413 0)
(-0.046761 -0.330647 0)
(-0.0497924 -0.325885 0)
(-0.0271958 -0.291186 0)
(0.0218037 -0.300403 0)
(0.0586752 -0.460211 0)
(0.0375977 -0.568812 0)
(0.0567118 -0.569561 0)
(0.108558 -0.485937 0)
(0.281653 -0.268828 0)
(0.495757 0.0422982 0)
(0.65024 0.324154 0)
(0.713296 0.483305 0)
(-0.00565034 -0.196229 0)
(-0.0198169 -0.4161 0)
(-0.0324612 -0.368407 0)
(-0.0310642 -0.323463 0)
(-0.0274373 -0.30541 0)
(-0.0220815 -0.296941 0)
(-0.0171166 -0.287814 0)
(-0.012332 -0.278315 0)
(-0.00916411 -0.274538 0)
(-0.0101727 -0.281999 0)
(-0.0159431 -0.299604 0)
(-0.0267144 -0.32015 0)
(-0.0354118 -0.328185 0)
(-0.0259414 -0.31826 0)
(0.0110128 -0.322432 0)
(0.0110283 -0.413734 0)
(-0.0386071 -0.51895 0)
(-0.104265 -0.544327 0)
(-0.156071 -0.516366 0)
(-0.16448 -0.39667 0)
(-0.059897 -0.11589 0)
(0.10024 0.215977 0)
(0.222881 0.430331 0)
(0.00181607 -0.18985 0)
(-0.00806718 -0.405053 0)
(-0.0187874 -0.36231 0)
(-0.0200838 -0.324449 0)
(-0.0175312 -0.30961 0)
(-0.0133649 -0.301769 0)
(-0.0081155 -0.293275 0)
(-0.00138001 -0.283889 0)
(0.00584813 -0.277951 0)
(0.0108702 -0.280576 0)
(0.0112697 -0.292418 0)
(0.00625968 -0.309657 0)
(-0.000924446 -0.324122 0)
(-0.000650119 -0.330982 0)
(0.0156449 -0.342061 0)
(0.0193775 -0.391169 0)
(-0.0310079 -0.452672 0)
(-0.112172 -0.481321 0)
(-0.172222 -0.460552 0)
(-0.275729 -0.341268 0)
(-0.332924 -0.135909 0)
(-0.263447 0.112553 0)
(-0.121398 0.310487 0)
(0.00442866 -0.190105 0)
(-0.0014479 -0.395648 0)
(-0.00991265 -0.357483 0)
(-0.0111137 -0.324224 0)
(-0.00931593 -0.31246 0)
(-0.0057882 -0.30619 0)
(-0.000772726 -0.299433 0)
(0.00637696 -0.291876 0)
(0.0153895 -0.286172 0)
(0.024173 -0.286096 0)
(0.0298251 -0.293347 0)
(0.0308441 -0.306177 0)
(0.027761 -0.320365 0)
(0.0244218 -0.333198 0)
(0.0230245 -0.347563 0)
(0.01613 -0.372302 0)
(-0.0180464 -0.400229 0)
(-0.0796027 -0.422273 0)
(-0.12465 -0.425621 0)
(-0.140247 -0.334312 0)
(-0.119605 -0.202498 0)
(-0.080396 -0.0575169 0)
(0.00595926 0.0831703 0)
(0.00511802 -0.192877 0)
(0.00200142 -0.390141 0)
(-0.00387783 -0.353833 0)
(-0.00457417 -0.324351 0)
(-0.00285771 -0.314936 0)
(0.000274116 -0.310184 0)
(0.00472636 -0.305215 0)
(0.0109833 -0.299917 0)
(0.0191672 -0.295691 0)
(0.0280434 -0.294765 0)
(0.0352247 -0.298755 0)
(0.0386465 -0.30704 0)
(0.037453 -0.317255 0)
(0.0318927 -0.327456 0)
(0.0221214 -0.337814 0)
(0.00508459 -0.349596 0)
(-0.0242928 -0.358466 0)
(-0.0719708 -0.360036 0)
(-0.1545 -0.348712 0)
(-0.232 -0.283286 0)
(-0.259097 -0.160981 0)
(-0.233439 -0.0264113 0)
(-0.146319 0.0506042 0)
(0.00480085 -0.196991 0)
(0.00390756 -0.38672 0)
(0.000309028 -0.351637 0)
(0.000196381 -0.324884 0)
(0.00213148 -0.317327 0)
(0.00508998 -0.313774 0)
(0.00900195 -0.310071 0)
(0.0140264 -0.306363 0)
(0.0202449 -0.303445 0)
(0.0270432 -0.302396 0)
(0.0328479 -0.304137 0)
(0.0357555 -0.30849 0)
(0.0345133 -0.314116 0)
(0.0287277 -0.31952 0)
(0.0179908 -0.324089 0)
(0.00140455 -0.327123 0)
(-0.0227906 -0.325632 0)
(-0.0549565 -0.314501 0)
(-0.0942546 -0.29286 0)
(-0.136642 -0.251108 0)
(-0.165022 -0.191309 0)
(-0.163874 -0.125128 0)
(-0.135665 -0.0518875 0)
(0.00423294 -0.201517 0)
(0.00493301 -0.385195 0)
(0.00323422 -0.350781 0)
(0.003799 -0.325981 0)
(0.00599154 -0.319772 0)
(0.00893098 -0.317101 0)
(0.0125124 -0.314151 0)
(0.0166724 -0.31122 0)
(0.0212985 -0.308895 0)
(0.0260129 -0.307628 0)
(0.0299059 -0.307716 0)
(0.0317066 -0.309037 0)
(0.0303905 -0.31089 0)
(0.0254978 -0.312205 0)
(0.0167992 -0.312 0)
(0.00393408 -0.309208 0)
(-0.0136252 -0.302111 0)
(-0.0354862 -0.28737 0)
(-0.0591982 -0.261272 0)
(-0.079464 -0.219425 0)
(-0.0892791 -0.163669 0)
(-0.0849679 -0.100319 0)
(-0.0672792 -0.0411088 0)
(0.00377879 -0.206135 0)
(0.00556553 -0.385231 0)
(0.00531192 -0.350955 0)
(0.00655016 -0.327635 0)
(0.00904393 -0.322404 0)
(0.0120772 -0.320355 0)
(0.0155352 -0.317854 0)
(0.0193032 -0.315217 0)
(0.023158 -0.312933 0)
(0.026769 -0.311206 0)
(0.0296118 -0.310046 0)
(0.0309896 -0.309269 0)
(0.0302344 -0.308402 0)
(0.0269348 -0.306697 0)
(0.0209352 -0.303229 0)
(0.0121642 -0.296852 0)
(0.000742134 -0.286135 0)
(-0.0126707 -0.269069 0)
(-0.0260697 -0.243939 0)
(-0.0359495 -0.209671 0)
(-0.0382492 -0.167811 0)
(-0.0305451 -0.122191 0)
(-0.0124144 -0.0759422 0)
(0.00351211 -0.210832 0)
(0.00605436 -0.386438 0)
(0.00684189 -0.351972 0)
(0.0087084 -0.329799 0)
(0.0115364 -0.325288 0)
(0.0147461 -0.323666 0)
(0.0182269 -0.321454 0)
(0.0218945 -0.318935 0)
(0.0255442 -0.316503 0)
(0.0288896 -0.314267 0)
(0.0315839 -0.312161 0)
(0.0332315 -0.309957 0)
(0.0334512 -0.307247 0)
(0.0319678 -0.303441 0)
(0.0286768 -0.297787 0)
(0.0237044 -0.289353 0)
(0.0174413 -0.277058 0)
(0.0106917 -0.259723 0)
(0.00501831 -0.236303 0)
(0.00258319 -0.206552 0)
(0.00575497 -0.171653 0)
(0.0160963 -0.133948 0)
(0.0342507 -0.095311 0)
(0.00343026 -0.215652 0)
(0.00652423 -0.388497 0)
(0.00803064 -0.353667 0)
(0.0104596 -0.332435 0)
(0.0136405 -0.328471 0)
(0.0170915 -0.327127 0)
(0.0207067 -0.325101 0)
(0.0244379 -0.32265 0)
(0.0281515 -0.320082 0)
(0.0316378 -0.317441 0)
(0.0346471 -0.314631 0)
(0.0369271 -0.311433 0)
(0.0382671 -0.30749 0)
(0.0385367 -0.302319 0)
(0.0377415 -0.295324 0)
(0.036063 -0.285805 0)
(0.0339495 -0.272979 0)
(0.032171 -0.256093 0)
(0.0319212 -0.234676 0)
(0.0346027 -0.208848 0)
(0.0416987 -0.179559 0)
(0.0541905 -0.148363 0)
(0.0725891 -0.116163 0)
(0.00349869 -0.220698 0)
(0.00702157 -0.391155 0)
(0.00900972 -0.355899 0)
(0.0119352 -0.335505 0)
(0.0154759 -0.331982 0)
(0.0192168 -0.330815 0)
(0.0230601 -0.328908 0)
(0.0269834 -0.326507 0)
(0.0309122 -0.323858 0)
(0.0347143 -0.320956 0)
(0.0382293 -0.317683 0)
(0.0413059 -0.31384 0)
(0.0438392 -0.309134 0)
(0.0457964 -0.303183 0)
(0.0472576 -0.295528 0)
(0.0484517 -0.285648 0)
(0.0498073 -0.273013 0)
(0.0519668 -0.257177 0)
(0.0558286 -0.23793 0)
(0.0623223 -0.215463 0)
(0.0724217 -0.190524 0)
(0.0867296 -0.164195 0)
(0.105651 -0.136739 0)
(0.00367833 -0.226063 0)
(0.00755119 -0.394225 0)
(0.00985506 -0.358562 0)
(0.013223 -0.338979 0)
(0.0171201 -0.335835 0)
(0.0211809 -0.334792 0)
(0.0253194 -0.332974 0)
(0.0295386 -0.33063 0)
(0.0338035 -0.327962 0)
(0.0380401 -0.324938 0)
(0.0421656 -0.321432 0)
(0.0461125 -0.317264 0)
(0.0498511 -0.312193 0)
(0.0534069 -0.305927 0)
(0.0568974 -0.298121 0)
(0.0605588 -0.288406 0)
(0.0647778 -0.276414 0)
(0.070072 -0.26187 0)
(0.0771084 -0.244691 0)
(0.0865012 -0.225082 0)
(0.0989254 -0.203651 0)
(0.114748 -0.181182 0)
(0.134318 -0.157496 0)
(0.00393899 -0.231821 0)
(0.00809991 -0.397575 0)
(0.0106041 -0.361576 0)
(0.0143731 -0.342831 0)
(0.0186156 -0.340035 0)
(0.0230083 -0.339097 0)
(0.027481 -0.337373 0)
(0.032061 -0.335117 0)
(0.0367441 -0.332504 0)
(0.0414986 -0.329486 0)
(0.0462971 -0.325942 0)
(0.0511314 -0.321712 0)
(0.0560229 -0.3166 0)
(0.0610355 -0.31038 0)
(0.0663043 -0.3028 0)
(0.0720543 -0.293594 0)
(0.0786192 -0.282516 0)
(0.0864123 -0.269393 0)
(0.0959394 -0.254197 0)
(0.107614 -0.237115 0)
(0.121931 -0.218643 0)
(0.139099 -0.199343 0)
(0.159454 -0.178741 0)
(0.00425054 -0.238021 0)
(0.00864565 -0.401109 0)
(0.011275 -0.364882 0)
(0.0154122 -0.347036 0)
(0.0199843 -0.344575 0)
(0.0247051 -0.343742 0)
(0.0295264 -0.342135 0)
(0.0344944 -0.340018 0)
(0.0396303 -0.33754 0)
(0.0449362 -0.334649 0)
(0.0504227 -0.33123 0)
(0.0561203 -0.327148 0)
(0.0620818 -0.322244 0)
(0.0683934 -0.316343 0)
(0.0751975 -0.309261 0)
(0.0827046 -0.30081 0)
(0.0912028 -0.290822 0)
(0.101023 -0.279182 0)
(0.112555 -0.265885 0)
(0.126082 -0.251087 0)
(0.141992 -0.235198 0)
(0.160385 -0.218609 0)
(0.181615 -0.200652 0)
(0.00457813 -0.244686 0)
(0.00916656 -0.404751 0)
(0.011885 -0.368448 0)
(0.0163596 -0.351565 0)
(0.0212378 -0.349442 0)
(0.0262695 -0.348724 0)
(0.0314336 -0.347267 0)
(0.0367888 -0.345346 0)
(0.0423764 -0.343083 0)
(0.0482259 -0.340426 0)
(0.0543754 -0.337273 0)
(0.0608794 -0.333507 0)
(0.0678092 -0.329003 0)
(0.0752625 -0.323627 0)
(0.0833835 -0.317241 0)
(0.0923675 -0.309715 0)
(0.102464 -0.300931 0)
(0.113944 -0.290811 0)
(0.127114 -0.279352 0)
(0.142179 -0.266675 0)
(0.159459 -0.253123 0)
(0.178985 -0.238955 0)
(0.201158 -0.223385 0)
(0.0048873 -0.251809 0)
(0.00965116 -0.408465 0)
(0.0124593 -0.372254 0)
(0.0172381 -0.35639 0)
(0.0223876 -0.354607 0)
(0.0277031 -0.354024 0)
(0.0331866 -0.352757 0)
(0.0389063 -0.351085 0)
(0.0449186 -0.349113 0)
(0.0512749 -0.346786 0)
(0.0580321 -0.344015 0)
(0.0652599 -0.340704 0)
(0.0730399 -0.336753 0)
(0.081477 -0.332056 0)
(0.0907153 -0.326513 0)
(0.100936 -0.320031 0)
(0.112357 -0.31253 0)
(0.125201 -0.303954 0)
(0.139722 -0.294292 0)
(0.156081 -0.283634 0)
(0.174558 -0.272266 0)
(0.195137 -0.260351 0)
(0.218286 -0.247043 0)
(0.0051554 -0.259359 0)
(0.0101072 -0.412256 0)
(0.0130285 -0.37629 0)
(0.0180729 -0.361474 0)
(0.0234492 -0.360035 0)
(0.0290135 -0.359609 0)
(0.0347785 -0.358571 0)
(0.0408217 -0.357201 0)
(0.0472113 -0.355584 0)
(0.0540148 -0.353669 0)
(0.061302 -0.351378 0)
(0.0691513 -0.348633 0)
(0.0776522 -0.345352 0)
(0.086915 -0.341455 0)
(0.0970831 -0.336865 0)
(0.108327 -0.331517 0)
(0.120835 -0.325357 0)
(0.134799 -0.318345 0)
(0.150435 -0.310463 0)
(0.167884 -0.301767 0)
(0.187403 -0.292499 0)
(0.208945 -0.282765 0)
(0.233064 -0.271702 0)
(0.00538314 -0.26729 0)
(0.0105589 -0.416156 0)
(0.013613 -0.380537 0)
(0.018877 -0.36677 0)
(0.0244317 -0.365676 0)
(0.0302046 -0.365434 0)
(0.0362045 -0.364662 0)
(0.0425189 -0.363638 0)
(0.0492252 -0.362431 0)
(0.0564016 -0.360994 0)
(0.0641263 -0.359261 0)
(0.0724839 -0.357169 0)
(0.08157 -0.354651 0)
(0.0915007 -0.351646 0)
(0.102419 -0.348093 0)
(0.114487 -0.34395 0)
(0.127869 -0.339178 0)
(0.142735 -0.333752 0)
(0.159278 -0.327644 0)
(0.177632 -0.320888 0)
(0.19804 -0.313688 0)
(0.220433 -0.306133 0)
(0.245461 -0.297371 0)
(0.00560091 -0.275582 0)
(0.0110319 -0.420202 0)
(0.0142019 -0.384966 0)
(0.0196356 -0.372228 0)
(0.0253192 -0.371484 0)
(0.0312585 -0.371452 0)
(0.0374438 -0.37098 0)
(0.0439749 -0.370337 0)
(0.0509347 -0.369583 0)
(0.0584068 -0.368675 0)
(0.0664752 -0.36756 0)
(0.0752287 -0.366186 0)
(0.0847689 -0.364502 0)
(0.0952179 -0.362459 0)
(0.106718 -0.360011 0)
(0.119425 -0.357128 0)
(0.133486 -0.353786 0)
(0.149058 -0.349966 0)
(0.166321 -0.345639 0)
(0.185406 -0.340818 0)
(0.206545 -0.335681 0)
(0.229655 -0.330336 0)
(0.255476 -0.323966 0)
(0.00585872 -0.284255 0)
(0.0115339 -0.424396 0)
(0.0147426 -0.389532 0)
(0.0203018 -0.377805 0)
(0.0260626 -0.377419 0)
(0.0321253 -0.377625 0)
(0.0384474 -0.377479 0)
(0.0451441 -0.377246 0)
(0.0522994 -0.376976 0)
(0.0599988 -0.376635 0)
(0.0683291 -0.376181 0)
(0.0773822 -0.375575 0)
(0.0872649 -0.374776 0)
(0.0981046 -0.373747 0)
(0.110043 -0.372456 0)
(0.12323 -0.370879 0)
(0.137806 -0.369002 0)
(0.153922 -0.366809 0)
(0.17175 -0.364274 0)
(0.191423 -0.361397 0)
(0.21316 -0.358329 0)
(0.236869 -0.355224 0)
(0.263346 -0.351328 0)
(0.00620008 -0.293355 0)
(0.0120427 -0.428672 0)
(0.0151513 -0.394158 0)
(0.0208051 -0.383455 0)
(0.0265866 -0.38344 0)
(0.0327269 -0.383908 0)
(0.0391371 -0.384111 0)
(0.0459499 -0.384312 0)
(0.0532487 -0.384553 0)
(0.0611179 -0.384808 0)
(0.0696451 -0.385047 0)
(0.0789243 -0.385243 0)
(0.0890663 -0.385366 0)
(0.100202 -0.38539 0)
(0.112472 -0.385295 0)
(0.126024 -0.385062 0)
(0.140998 -0.384683 0)
(0.157549 -0.384145 0)
(0.175845 -0.383423 0)
(0.196025 -0.38251 0)
(0.218303 -0.381529 0)
(0.242579 -0.380685 0)
(0.269653 -0.379316 0)
(0.00664178 -0.302907 0)
(0.0125125 -0.432871 0)
(0.0153352 -0.398737 0)
(0.021065 -0.389116 0)
(0.0268014 -0.389484 0)
(0.0329632 -0.390235 0)
(0.0394046 -0.390812 0)
(0.046276 -0.39147 0)
(0.053661 -0.392246 0)
(0.0616415 -0.393123 0)
(0.0703043 -0.394082 0)
(0.0797451 -0.395107 0)
(0.0900777 -0.396183 0)
(0.101435 -0.397292 0)
(0.113961 -0.398426 0)
(0.127799 -0.399573 0)
(0.1431 -0.400728 0)
(0.160029 -0.401881 0)
(0.178756 -0.403014 0)
(0.19944 -0.404114 0)
(0.222296 -0.40527 0)
(0.247241 -0.406722 0)
(0.275032 -0.407924 0)
(0.00718033 -0.312922 0)
(0.012892 -0.436777 0)
(0.0152095 -0.403161 0)
(0.0210005 -0.394716 0)
(0.026606 -0.395476 0)
(0.0327142 -0.396527 0)
(0.0391074 -0.397502 0)
(0.0459554 -0.39864 0)
(0.0533429 -0.399975 0)
(0.0613488 -0.401498 0)
(0.070059 -0.403203 0)
(0.079571 -0.405085 0)
(0.0900026 -0.40714 0)
(0.10149 -0.409365 0)
(0.114179 -0.411759 0)
(0.12822 -0.414323 0)
(0.143773 -0.417058 0)
(0.161022 -0.41996 0)
(0.180153 -0.42302 0)
(0.201355 -0.426227 0)
(0.224867 -0.429634 0)
(0.250648 -0.433475 0)
(0.279413 -0.437336 0)
(0.0078099 -0.32344 0)
(0.0131398 -0.440171 0)
(0.0147031 -0.407368 0)
(0.0205355 -0.40022 0)
(0.0258921 -0.401363 0)
(0.0318432 -0.402721 0)
(0.0380739 -0.404111 0)
(0.0447757 -0.40575 0)
(0.0520349 -0.407665 0)
(0.0599266 -0.409858 0)
(0.0685371 -0.412334 0)
(0.0779666 -0.415097 0)
(0.0883377 -0.418157 0)
(0.0997914 -0.421525 0)
(0.112476 -0.425214 0)
(0.126552 -0.429241 0)
(0.142196 -0.433615 0)
(0.159615 -0.438347 0)
(0.17902 -0.443444 0)
(0.200647 -0.448906 0)
(0.224775 -0.454755 0)
(0.251439 -0.46118 0)
(0.281356 -0.467886 0)
(0.00851493 -0.334519 0)
(0.0132182 -0.44283 0)
(0.0137696 -0.411315 0)
(0.0196113 -0.405596 0)
(0.0245666 -0.407085 0)
(0.0302256 -0.408752 0)
(0.0361429 -0.410567 0)
(0.042533 -0.412715 0)
(0.049482 -0.415223 0)
(0.0570604 -0.4181 0)
(0.0653557 -0.421359 0)
(0.0744716 -0.425019 0)
(0.0845346 -0.429101 0)
(0.0956888 -0.433635 0)
(0.108086 -0.438653 0)
(0.121897 -0.444188 0)
(0.137318 -0.45027 0)
(0.154581 -0.456928 0)
(0.17393 -0.464198 0)
(0.195653 -0.4721 0)
(0.220076 -0.480642 0)
(0.247333 -0.489954 0)
(0.278227 -0.49983 0)
(0.00923214 -0.346059 0)
(0.0130786 -0.444407 0)
(0.0124111 -0.414839 0)
(0.0182114 -0.410664 0)
(0.0225973 -0.412441 0)
(0.0278094 -0.414411 0)
(0.0332446 -0.416646 0)
(0.039136 -0.419297 0)
(0.0455667 -0.422388 0)
(0.0526012 -0.425938 0)
(0.0603275 -0.429969 0)
(0.0688509 -0.434513 0)
(0.0782987 -0.439609 0)
(0.0888135 -0.445307 0)
(0.10055 -0.451662 0)
(0.113687 -0.458729 0)
(0.128439 -0.466559 0)
(0.145055 -0.475214 0)
(0.16381 -0.484764 0)
(0.185038 -0.495266 0)
(0.209101 -0.506747 0)
(0.23625 -0.519294 0)
(0.267441 -0.532788 0)
(0.00982863 -0.35766 0)
(0.012665 -0.444426 0)
(0.0107058 -0.417595 0)
(0.0163858 -0.415011 0)
(0.0200593 -0.417005 0)
(0.0246794 -0.419265 0)
(0.0294838 -0.421897 0)
(0.0347096 -0.425017 0)
(0.0404351 -0.428652 0)
(0.046717 -0.432831 0)
(0.053641 -0.437586 0)
(0.0613108 -0.442965 0)
(0.0698502 -0.449026 0)
(0.0793952 -0.455842 0)
(0.0900994 -0.463493 0)
(0.102148 -0.472055 0)
(0.115761 -0.481608 0)
(0.131193 -0.492252 0)
(0.148734 -0.504105 0)
(0.16874 -0.517269 0)
(0.191597 -0.531828 0)
(0.217665 -0.54788 0)
(0.248023 -0.565434 0)
(0.0101348 -0.369097 0)
(0.0119426 -0.442858 0)
(0.00881048 -0.419591 0)
(0.0142527 -0.418534 0)
(0.0171429 -0.420684 0)
(0.0210707 -0.423212 0)
(0.0251508 -0.426204 0)
(0.029604 -0.429742 0)
(0.0345014 -0.433865 0)
(0.0398932 -0.438611 0)
(0.0458593 -0.444026 0)
(0.0524988 -0.450172 0)
(0.0599273 -0.457125 0)
(0.0682704 -0.464982 0)
(0.0776774 -0.473846 0)
(0.0883292 -0.483819 0)
(0.100437 -0.495011 0)
(0.114247 -0.507568 0)
(0.130047 -0.521655 0)
(0.148186 -0.53743 0)
(0.169048 -0.555055 0)
(0.193057 -0.574694 0)
(0.221298 -0.596533 0)
(0.00998166 -0.381047 0)
(0.0108946 -0.440829 0)
(0.00691529 -0.421883 0)
(0.011952 -0.422171 0)
(0.0140847 -0.424444 0)
(0.017278 -0.427221 0)
(0.0206029 -0.43054 0)
(0.0242466 -0.434455 0)
(0.0282721 -0.439016 0)
(0.0327233 -0.444275 0)
(0.0376715 -0.450294 0)
(0.0432075 -0.457147 0)
(0.049437 -0.464925 0)
(0.0564739 -0.473744 0)
(0.0644556 -0.483729 0)
(0.0735471 -0.495008 0)
(0.0839408 -0.507729 0)
(0.0958631 -0.522075 0)
(0.109582 -0.538257 0)
(0.125417 -0.556491 0)
(0.143729 -0.577014 0)
(0.164931 -0.600093 0)
(0.190009 -0.62606 0)
(0.00919393 -0.393435 0)
(0.00947297 -0.438988 0)
(0.00517878 -0.424878 0)
(0.00958232 -0.426226 0)
(0.0110615 -0.428612 0)
(0.0135203 -0.431616 0)
(0.016103 -0.43522 0)
(0.0189527 -0.439462 0)
(0.0221213 -0.444402 0)
(0.025644 -0.450109 0)
(0.0295799 -0.456658 0)
(0.0340111 -0.464131 0)
(0.0390329 -0.472631 0)
(0.0447449 -0.48229 0)
(0.0512644 -0.493253 0)
(0.0587326 -0.505679 0)
(0.067316 -0.519743 0)
(0.0772126 -0.535663 0)
(0.0886594 -0.553686 0)
(0.101933 -0.574086 0)
(0.117348 -0.597173 0)
(0.135274 -0.623313 0)
(0.156538 -0.652922 0)
(0.00767609 -0.402337 0)
(0.00765927 -0.434626 0)
(0.00371165 -0.42533 0)
(0.00722216 -0.427374 0)
(0.00819297 -0.429868 0)
(0.00995665 -0.433038 0)
(0.0118442 -0.436847 0)
(0.0139485 -0.441329 0)
(0.0163071 -0.446549 0)
(0.0189473 -0.452585 0)
(0.0219163 -0.459523 0)
(0.0252832 -0.467456 0)
(0.0291265 -0.476498 0)
(0.033528 -0.486797 0)
(0.0385839 -0.498516 0)
(0.0444094 -0.511835 0)
(0.0511355 -0.526958 0)
(0.0589235 -0.54413 0)
(0.0679693 -0.563632 0)
(0.0784933 -0.58579 0)
(0.090745 -0.610979 0)
(0.105042 -0.639643 0)
(0.121987 -0.672288 0)
(0.00563232 -0.404753 0)
(0.00563342 -0.426039 0)
(0.0025797 -0.420909 0)
(0.0050216 -0.423309 0)
(0.00564446 -0.425911 0)
(0.00681127 -0.429189 0)
(0.0080927 -0.433126 0)
(0.00953411 -0.437762 0)
(0.0111617 -0.443164 0)
(0.0130004 -0.449411 0)
(0.0150849 -0.456597 0)
(0.0174606 -0.464832 0)
(0.0201809 -0.474245 0)
(0.0233098 -0.484993 0)
(0.0269252 -0.497248 0)
(0.0311114 -0.511209 0)
(0.0359565 -0.527102 0)
(0.0415764 -0.545198 0)
(0.0481144 -0.56581 0)
(0.0557232 -0.589293 0)
(0.0645766 -0.616064 0)
(0.0749044 -0.646618 0)
(0.0870157 -0.681555 0)
(0.00350035 -0.407662 0)
(0.00363563 -0.420843 0)
(0.00168667 -0.418889 0)
(0.00308578 -0.421433 0)
(0.00348411 -0.424168 0)
(0.00417816 -0.427548 0)
(0.00495611 -0.431599 0)
(0.00583279 -0.436367 0)
(0.00682395 -0.441917 0)
(0.00794779 -0.448333 0)
(0.00922485 -0.455718 0)
(0.0106792 -0.464192 0)
(0.0123418 -0.473894 0)
(0.0142534 -0.484983 0)
(0.0164617 -0.497639 0)
(0.0190154 -0.512069 0)
(0.0219667 -0.528516 0)
(0.025383 -0.547264 0)
(0.0293447 -0.568642 0)
(0.0339379 -0.59302 0)
(0.0392619 -0.620832 0)
(0.0454347 -0.652594 0)
(0.0525543 -0.688919 0)
(0.00136745 -0.418494 0)
(0.00147698 -0.42712 0)
(0.000686951 -0.427037 0)
(0.00116912 -0.429644 0)
(0.00134465 -0.432521 0)
(0.00160903 -0.436028 0)
(0.00190477 -0.440216 0)
(0.00223466 -0.445141 0)
(0.00260248 -0.450871 0)
(0.00301403 -0.457495 0)
(0.00347746 -0.465115 0)
(0.00400281 -0.473856 0)
(0.00460051 -0.483858 0)
(0.00528104 -0.495289 0)
(0.00605705 -0.508332 0)
(0.00694553 -0.523196 0)
(0.00796738 -0.540127 0)
(0.00914356 -0.559413 0)
(0.0104955 -0.581384 0)
(0.0120489 -0.60642 0)
(0.013836 -0.634967 0)
(0.0158936 -0.667546 0)
(0.0182533 -0.704744 0)
(0.387953 0.419159 0)
(0.126498 0.174987 0)
(-0.0147566 -0.102045 0)
(0.0638055 -0.380667 0)
(0.598377 0.56909 0)
(0.504218 0.511769 0)
(0.366181 0.40077 0)
(0.147618 0.272279 0)
(0.657348 0.526465 0)
(0.672932 0.576719 0)
(0.656913 0.591642 0)
(0.584306 0.588176 0)
(0.695004 0.474265 0)
(0.723145 0.519069 0)
(0.755951 0.56639 0)
(0.781488 0.608645 0)
(0.759 0.443619 0)
(0.768648 0.462873 0)
(0.788578 0.486024 0)
(0.81754 0.514296 0)
(0.787627 0.440213 0)
(0.79671 0.452776 0)
(0.809265 0.462164 0)
(0.825894 0.470965 0)
(0.803197 0.406104 0)
(0.791945 0.426116 0)
(0.792572 0.434939 0)
(0.79827 0.438084 0)
(0.897737 0.492714 0)
(0.863784 0.479592 0)
(0.836457 0.444955 0)
(0.813712 0.420382 0)
(0.712061 0.546061 0)
(0.692639 0.547108 0)
(0.669792 0.519065 0)
(0.642206 0.480593 0)
(0.282424 0.537248 0)
(0.302089 0.572472 0)
(0.317684 0.574914 0)
(0.328799 0.560659 0)
(-0.00455613 0.422536 0)
(0.0810197 0.457683 0)
(0.183278 0.46009 0)
(0.267465 0.459236 0)
(0.0963269 0.163002 0)
(0.166671 0.195165 0)
(0.228129 0.220281 0)
(0.277021 0.244993 0)
(-0.0791842 0.100962 0)
(-0.0328517 0.134921 0)
(0.000904853 0.172525 0)
(0.0360714 0.199927 0)
(-0.107152 0.0129084 0)
(-0.0869149 0.0558292 0)
(-0.0615688 0.0940617 0)
(-0.0285093 0.119261 0)
(-0.0473271 -0.0026747 0)
(-0.0300951 0.0201143 0)
(-0.00913782 0.0415944 0)
(0.0147411 0.0600893 0)
(0.0069279 -0.0424437 0)
(0.0225639 -0.0221066 0)
(0.0398134 -0.00330558 0)
(0.0586096 0.01354 0)
(0.0519223 -0.0680548 0)
(0.0654548 -0.0515565 0)
(0.0799711 -0.0358424 0)
(0.0955765 -0.0212079 0)
(0.0892861 -0.093577 0)
(0.101705 -0.0798173 0)
(0.114811 -0.0663579 0)
(0.12882 -0.0534677 0)
(0.121947 -0.11746 0)
(0.133788 -0.105641 0)
(0.146116 -0.0938621 0)
(0.159205 -0.0824092 0)
(0.150565 -0.140841 0)
(0.162175 -0.130611 0)
(0.174152 -0.120263 0)
(0.186813 -0.110098 0)
(0.175936 -0.164217 0)
(0.187565 -0.155299 0)
(0.199471 -0.146159 0)
(0.212009 -0.137101 0)
(0.198529 -0.187956 0)
(0.210343 -0.180173 0)
(0.222368 -0.172095 0)
(0.234999 -0.16398 0)
(0.218656 -0.212329 0)
(0.230771 -0.205556 0)
(0.243061 -0.198431 0)
(0.255911 -0.191075 0)
(0.236474 -0.237514 0)
(0.248959 -0.231657 0)
(0.261639 -0.225397 0)
(0.274755 -0.218656 0)
(0.251994 -0.263647 0)
(0.264893 -0.258653 0)
(0.278053 -0.253186 0)
(0.291467 -0.247016 0)
(0.26512 -0.290806 0)
(0.278457 -0.286673 0)
(0.292139 -0.281989 0)
(0.305944 -0.276475 0)
(0.275778 -0.318973 0)
(0.289546 -0.315762 0)
(0.30373 -0.311959 0)
(0.318063 -0.307318 0)
(0.284164 -0.348016 0)
(0.298321 -0.345824 0)
(0.312923 -0.343076 0)
(0.327888 -0.339608 0)
(0.290912 -0.377773 0)
(0.305425 -0.376691 0)
(0.320382 -0.375183 0)
(0.336026 -0.373184 0)
(0.296813 -0.408235 0)
(0.311745 -0.408371 0)
(0.327164 -0.408298 0)
(0.343564 -0.408044 0)
(0.30195 -0.439643 0)
(0.317485 -0.441182 0)
(0.333646 -0.442787 0)
(0.350939 -0.444558 0)
(0.304863 -0.472427 0)
(0.321184 -0.475625 0)
(0.338349 -0.479161 0)
(0.356601 -0.483156 0)
(0.302665 -0.506944 0)
(0.319786 -0.512082 0)
(0.337976 -0.517755 0)
(0.357086 -0.524035 0)
(0.29236 -0.54292 0)
(0.30999 -0.550303 0)
(0.328861 -0.558316 0)
(0.348526 -0.566928 0)
(0.272558 -0.579067 0)
(0.290102 -0.588995 0)
(0.308978 -0.599587 0)
(0.328652 -0.610707 0)
(0.24437 -0.613944 0)
(0.26106 -0.626572 0)
(0.279081 -0.639932 0)
(0.29798 -0.653837 0)
(0.210624 -0.647112 0)
(0.225659 -0.662322 0)
(0.241913 -0.67841 0)
(0.259055 -0.69525 0)
(0.173989 -0.677222 0)
(0.186673 -0.694659 0)
(0.200336 -0.713125 0)
(0.214756 -0.732638 0)
(0.135817 -0.699443 0)
(0.145779 -0.718667 0)
(0.156414 -0.738983 0)
(0.167621 -0.76054 0)
(0.0968964 -0.710917 0)
(0.104077 -0.731376 0)
(0.111675 -0.75297 0)
(0.119725 -0.775907 0)
(0.0583788 -0.719528 0)
(0.0627374 -0.740614 0)
(0.0673279 -0.762971 0)
(0.0722161 -0.786777 0)
(0.0201615 -0.736135 0)
(0.0215916 -0.757589 0)
(0.0230926 -0.780429 0)
(0.024699 -0.804778 0)
(0.11505 -0.312054 0)
(-0.223969 -0.648755 0)
(0.165549 0.74477 0)
(-0.373416 0.795442 0)
(-0.105073 0.363997 0)
(-0.196673 0.483512 0)
(-0.446525 0.312695 0)
(-0.557388 0.157853 0)
(-0.509177 0.0862372 0)
(-0.471301 0.165686 0)
(-0.534062 0.0707482 0)
(-0.517685 -0.0570963 0)
(-0.470543 -0.0892399 0)
(-0.437538 -0.166082 0)
(-0.368336 -0.219143 0)
(-0.300365 -0.249531 0)
(-0.221914 -0.285733 0)
(-0.128967 -0.322246 0)
(-0.0392022 -0.274321 0)
(-0.380148 -0.00611309 0)
(-0.542349 -0.394981 0)
(-1.01056 0.397129 0)
(-0.655362 0.438747 0)
(-0.615659 -0.359025 0)
(-0.132144 0.764478 0)
(-0.75148 0.706178 0)
(-0.690461 0.435515 0)
(-0.494943 -0.18501 0)
(-0.571077 0.119737 0)
(-0.751097 -0.00639101 0)
(-0.670158 -0.123046 0)
(-0.563877 -0.112528 0)
(-0.538052 -0.220552 0)
(-0.411439 -0.286945 0)
(-0.320251 -0.311702 0)
(-0.247635 -0.365264 0)
(-0.14437 -0.415932 0)
(-0.0433502 -0.351056 0)
(0.361848 0.524741 0)
(0.174075 0.343911 0)
(-0.812236 0.441834 0)
(-0.464954 0.336103 0)
(-0.703846 -0.022553 0)
(-1.28184 0.416277 0)
(-0.561561 0.68145 0)
(-0.673853 0.0461282 0)
(-0.504569 -0.468194 0)
(-0.570178 0.616536 0)
(-0.779787 0.403718 0)
(-0.62318 -0.481018 0)
(-0.757579 -0.177931 0)
(-0.722717 -0.300877 0)
(-0.573473 -0.393648 0)
(-0.351483 -0.374288 0)
(-0.278118 -0.443235 0)
(-0.165279 -0.520968 0)
(-0.0480818 -0.438046 0)
(0.774737 0.62854 0)
(0.731524 0.611141 0)
(0.495594 0.650487 0)
(0.525784 0.585888 0)
(0.441171 0.460891 0)
(-0.0265564 0.488977 0)
(-0.0538089 0.512723 0)
(0.030786 0.241719 0)
(-0.304429 -0.0240258 0)
(-1.02546 0.29765 0)
(-0.543276 -0.0915172 0)
(-0.381525 -0.547661 0)
(-0.753547 0.310507 0)
(-0.724929 -0.318999 0)
(-0.879225 -0.648707 0)
(-0.524132 -0.555943 0)
(-0.337595 -0.543852 0)
(-0.2069 -0.641481 0)
(-0.0593939 -0.546126 0)
(0.879746 0.550007 0)
(0.942553 0.597771 0)
(1.00107 0.635675 0)
(1.04742 0.623417 0)
(1.05018 0.593847 0)
(0.987891 0.569517 0)
(0.978679 0.554792 0)
(0.980574 0.494081 0)
(0.856925 0.433041 0)
(0.523631 0.435634 0)
(0.371149 0.271989 0)
(0.0971142 0.0220218 0)
(-0.972946 -0.0364564 0)
(-0.306708 -0.358738 0)
(-0.811018 -0.832029 0)
(-0.78502 -0.920841 0)
(-0.482634 -0.740022 0)
(-0.314509 -0.795746 0)
(-0.115964 -0.685047 0)
(0.872175 0.48607 0)
(0.946118 0.509892 0)
(1.04208 0.530888 0)
(1.128 0.529699 0)
(1.19435 0.524521 0)
(1.26064 0.524895 0)
(1.31668 0.525511 0)
(1.35579 0.509355 0)
(1.33329 0.516265 0)
(1.28793 0.525984 0)
(1.21613 0.501104 0)
(1.08658 0.450218 0)
(0.811542 0.322927 0)
(0.48464 0.0516849 0)
(0.13124 -0.325503 0)
(-0.553585 -0.926012 0)
(-0.647377 -0.940542 0)
(-0.503163 -0.910165 0)
(-0.245231 -0.877723 0)
(0.826129 0.446109 0)
(0.886612 0.452847 0)
(0.965323 0.458686 0)
(1.04523 0.461823 0)
(1.1194 0.460102 0)
(1.1938 0.456263 0)
(1.26826 0.453217 0)
(1.34262 0.455172 0)
(1.396 0.481164 0)
(1.43884 0.513984 0)
(1.4555 0.523892 0)
(1.4182 0.522036 0)
(1.35736 0.491925 0)
(1.16285 0.40189 0)
(0.822567 0.168858 0)
(0.358989 -0.219638 0)
(-0.4709 -0.815909 0)
(-0.624007 -0.879182 0)
(-0.322763 -1.31017 0)
(0.796719 0.398237 0)
(0.790772 0.384581 0)
(0.86221 0.393065 0)
(0.940443 0.409229 0)
(1.0089 0.416042 0)
(1.0743 0.408513 0)
(1.15052 0.397569 0)
(1.23651 0.400791 0)
(1.3189 0.431488 0)
(1.38228 0.471186 0)
(1.42668 0.497865 0)
(1.44201 0.525603 0)
(1.43004 0.550939 0)
(1.34551 0.541063 0)
(1.16851 0.462255 0)
(0.826648 0.226056 0)
(0.418518 -0.173291 0)
(-0.454598 -1.00428 0)
(-0.198324 -2.0229 0)
(0.594463 0.418083 0)
(0.504964 0.38842 0)
(0.434778 0.352009 0)
(0.528408 0.330246 0)
(0.659869 0.313137 0)
(0.788482 0.298565 0)
(0.913158 0.27582 0)
(1.01978 0.268916 0)
(1.10895 0.299332 0)
(1.21995 0.380226 0)
(1.31691 0.45501 0)
(1.36826 0.503438 0)
(1.36306 0.573148 0)
(1.31724 0.62238 0)
(1.2405 0.613193 0)
(1.09284 0.513335 0)
(0.793607 0.259005 0)
(0.2537 -0.39303 0)
(0.116747 -2.45231 0)
(0.333154 0.521568 0)
(0.3544 0.462678 0)
(0.548286 0.306984 0)
(0.757023 0.155489 0)
(0.858159 0.110866 0)
(0.883305 0.159689 0)
(0.914041 0.212448 0)
(0.965196 0.264662 0)
(1.00882 0.309677 0)
(1.04689 0.339128 0)
(1.10222 0.383506 0)
(1.16224 0.466646 0)
(1.21968 0.560802 0)
(1.19448 0.649715 0)
(1.15601 0.675874 0)
(1.12876 0.637481 0)
(1.03366 0.48611 0)
(0.832795 0.103916 0)
(0.535274 -1.78037 0)
(0.390731 0.416916 0)
(0.575722 0.272754 0)
(0.705781 0.122875 0)
(0.673964 0.10463 0)
(0.562999 0.196433 0)
(0.488597 0.242077 0)
(0.476773 0.212327 0)
(0.52788 0.202243 0)
(0.623417 0.231944 0)
(0.718141 0.276948 0)
(0.77495 0.338608 0)
(0.817645 0.427778 0)
(0.959727 0.623781 0)
(1.02373 0.658748 0)
(0.9661 0.660241 0)
(1.00207 0.647021 0)
(1.01506 0.546072 0)
(0.930621 0.266097 0)
(0.769716 -0.747425 0)
(0.364794 0.228683 0)
(0.435843 0.175282 0)
(0.397527 0.180447 0)
(0.313712 0.244297 0)
(0.270561 0.279928 0)
(0.265822 0.247748 0)
(0.275563 0.178419 0)
(0.293082 0.125612 0)
(0.342152 0.125776 0)
(0.429835 0.188563 0)
(0.501192 0.280136 0)
(0.510791 0.343749 0)
(0.501026 0.506658 0)
(0.725123 0.723939 0)
(0.638823 0.662716 0)
(0.779765 0.568849 0)
(0.852453 0.527205 0)
(0.823569 0.344803 0)
(0.644713 -0.233218 0)
(0.0918939 0.197016 0)
(0.132206 0.200012 0)
(0.144357 0.227416 0)
(0.163729 0.250369 0)
(0.201554 0.247035 0)
(0.242734 0.219136 0)
(0.269654 0.174709 0)
(0.278325 0.129197 0)
(0.279306 0.104066 0)
(0.298731 0.133246 0)
(0.349199 0.234836 0)
(0.365125 0.350339 0)
(0.269036 0.449271 0)
(0.251112 0.645455 0)
(0.268032 0.719703 0)
(0.514761 0.436307 0)
(0.649006 0.474515 0)
(0.632557 0.39949 0)
(0.454135 0.161777 0)
(0.0217487 0.139057 0)
(0.07712 0.158207 0)
(0.124302 0.179103 0)
(0.172014 0.19582 0)
(0.218355 0.199927 0)
(0.257078 0.186466 0)
(0.285528 0.157899 0)
(0.303536 0.127021 0)
(0.308724 0.108461 0)
(0.303086 0.123023 0)
(0.313013 0.206908 0)
(0.331223 0.373567 0)
(0.296847 0.548011 0)
(0.168626 0.629665 0)
(0.0866519 0.576098 0)
(0.300584 0.262397 0)
(0.469235 0.43278 0)
(0.413336 0.449745 0)
(0.269582 0.544595 0)
(0.0544887 0.0843011 0)
(0.106426 0.110111 0)
(0.153647 0.134765 0)
(0.19649 0.156202 0)
(0.234883 0.165225 0)
(0.269532 0.155589 0)
(0.302394 0.131619 0)
(0.332397 0.109089 0)
(0.352891 0.105045 0)
(0.354877 0.130915 0)
(0.348381 0.202778 0)
(0.346655 0.360573 0)
(0.378579 0.612191 0)
(0.356334 0.747573 0)
(0.200576 0.469421 0)
(0.172694 0.246914 0)
(0.334024 0.424595 0)
(0.203869 0.492542 0)
(0.122453 0.798812 0)
(0.0907174 0.0385887 0)
(0.135422 0.068556 0)
(0.17778 0.0970154 0)
(0.216208 0.121536 0)
(0.252033 0.132585 0)
(0.288567 0.123277 0)
(0.328532 0.0993082 0)
(0.369383 0.0807136 0)
(0.40312 0.0878506 0)
(0.421079 0.128991 0)
(0.423293 0.209076 0)
(0.406802 0.345296 0)
(0.411738 0.593662 0)
(0.498535 0.821294 0)
(0.311401 0.603498 0)
(0.0651437 0.326916 0)
(0.239561 0.44665 0)
(0.0377015 0.530379 0)
(0.0450672 0.91652 0)
(0.122807 0.00205818 0)
(0.162219 0.0322584 0)
(0.200995 0.0622838 0)
(0.23737 0.0882534 0)
(0.273462 0.0985983 0)
(0.313892 0.0856357 0)
(0.361065 0.0582734 0)
(0.41116 0.0407653 0)
(0.454702 0.0576444 0)
(0.481058 0.116574 0)
(0.490475 0.217141 0)
(0.475745 0.355142 0)
(0.424729 0.576588 0)
(0.517119 0.859842 0)
(0.240438 0.786463 0)
(-0.046065 0.487568 0)
(0.179414 0.482913 0)
(-0.104249 0.568213 0)
(0.0327786 0.937904 0)
(0.153278 -0.0317555 0)
(0.189142 -0.00163853 0)
(0.225396 0.0291592 0)
(0.260951 0.0551756 0)
(0.298512 0.0624754 0)
(0.342874 0.0431896 0)
(0.395624 0.0106348 0)
(0.450731 -0.00511869 0)
(0.49812 0.0217928 0)
(0.527714 0.099014 0)
(0.533729 0.220915 0)
(0.530367 0.381269 0)
(0.457634 0.592126 0)
(0.495022 0.912797 0)
(0.401597 0.993528 0)
(-0.16523 0.505336 0)
(0.168441 0.513351 0)
(-0.237616 0.59637 0)
(0.0415933 0.89082 0)
(0.181912 -0.0622982 0)
(0.215399 -0.0330601 0)
(0.250139 -0.00271642 0)
(0.285696 0.0216138 0)
(0.325042 0.0241811 0)
(0.372895 -0.00238065 0)
(0.429359 -0.0399018 0)
(0.485505 -0.0526434 0)
(0.529966 -0.0134264 0)
(0.55815 0.0815599 0)
(0.563859 0.22295 0)
(0.563053 0.406621 0)
(0.51007 0.624115 0)
(0.467695 0.965685 0)
(0.562648 1.16795 0)
(-0.232767 0.788851 0)
(0.225094 0.534371 0)
(-0.297557 0.619408 0)
(0.0666465 0.79495 0)
(0.208546 -0.0913798 0)
(0.240617 -0.0632797 0)
(0.274509 -0.0342745 0)
(0.310401 -0.0129013 0)
(0.35113 -0.0165796 0)
(0.400807 -0.0514093 0)
(0.458644 -0.0922393 0)
(0.512908 -0.0974837 0)
(0.548309 -0.0447901 0)
(0.566777 0.0643386 0)
(0.574525 0.220822 0)
(0.572912 0.424309 0)
(0.551421 0.657079 0)
(0.443937 1.0062 0)
(0.635487 1.30806 0)
(-0.089907 1.10194 0)
(0.300032 0.57595 0)
(-0.127522 0.673147 0)
(0.0252895 0.721658 0)
(0.233206 -0.119416 0)
(0.264455 -0.0925422 0)
(0.298234 -0.0656737 0)
(0.33499 -0.0477527 0)
(0.376473 -0.0573794 0)
(0.425379 -0.0998317 0)
(0.480383 -0.142358 0)
(0.529193 -0.134601 0)
(0.552141 -0.062574 0)
(0.551176 0.0552875 0)
(0.552287 0.215916 0)
(0.552292 0.434139 0)
(0.553226 0.689636 0)
(0.398696 1.05106 0)
(0.5884 1.42073 0)
(-0.0637995 1.29522 0)
(0.330735 0.620331 0)
(0.105335 0.775026 0)
(-0.102521 0.739899 0)
(0.255958 -0.147028 0)
(0.287187 -0.121751 0)
(0.321578 -0.097676 0)
(0.358998 -0.0831679 0)
(0.401027 -0.0972018 0)
(0.449164 -0.144582 0)
(0.498705 -0.186048 0)
(0.535843 -0.161917 0)
(0.542839 -0.0627734 0)
(0.518284 0.0643012 0)
(0.498762 0.215699 0)
(0.491569 0.437912 0)
(0.501053 0.725681 0)
(0.313871 1.12047 0)
(0.421634 1.54322 0)
(0.0841201 1.39869 0)
(-0.0271218 0.605521 0)
(0.385241 0.970876 0)
(-0.285734 0.621603 0)
(0.276955 -0.174852 0)
(0.308992 -0.151752 0)
(0.344472 -0.130438 0)
(0.382203 -0.119093 0)
(0.424528 -0.137471 0)
(0.473084 -0.186711 0)
(0.516911 -0.219879 0)
(0.535625 -0.173523 0)
(0.51868 -0.0446823 0)
(0.466212 0.0976808 0)
(0.414098 0.237528 0)
(0.379857 0.4578 0)
(0.376752 0.784545 0)
(0.171188 1.22482 0)
(0.204496 1.62398 0)
(0.329303 1.47037 0)
(-0.444556 0.560185 0)
(0.552063 0.894216 0)
(0.241461 0.872166 0)
(0.296349 -0.20338 0)
(0.329557 -0.182869 0)
(0.366622 -0.164067 0)
(0.405547 -0.15531 0)
(0.448194 -0.17848 0)
(0.496894 -0.226309 0)
(0.534647 -0.240182 0)
(0.532894 -0.15861 0)
(0.480798 0.00429933 0)
(0.395181 0.16297 0)
(0.301588 0.292068 0)
(0.215526 0.514473 0)
(0.180578 0.884514 0)
(-0.00498393 1.33669 0)
(0.064906 1.5985 0)
(0.323573 1.60835 0)
(-0.355165 0.557238 0)
(0.713939 0.538514 0)
(0.508198 1.16849 0)
(0.314091 -0.232973 0)
(0.348655 -0.215414 0)
(0.388386 -0.199644 0)
(0.429535 -0.192544 0)
(0.474007 -0.220006 0)
(0.5237 -0.263246 0)
(0.555858 -0.24858 0)
(0.541153 -0.117394 0)
(0.459107 0.0907546 0)
(0.328197 0.270429 0)
(0.190695 0.399468 0)
(0.0714411 0.604995 0)
(0.0196992 0.966087 0)
(-0.00698748 1.32714 0)
(0.231407 1.44426 0)
(0.464574 1.46949 0)
(0.742751 0.350583 0)
(1.05492 0.547852 0)
(0.629336 1.63298 0)
(0.329865 -0.264139 0)
(0.366443 -0.250361 0)
(0.409992 -0.238181 0)
(0.453212 -0.231837 0)
(0.502816 -0.263838 0)
(0.557362 -0.299542 0)
(0.588554 -0.25222 0)
(0.57774 -0.0689366 0)
(0.491982 0.206861 0)
(0.325769 0.421708 0)
(0.178054 0.528397 0)
(0.130613 0.679154 0)
(0.16716 0.944224 0)
(0.377316 1.09366 0)
(0.744875 1.04842 0)
(1.07896 1.04248 0)
(1.44624 0.370266 0)
(1.04855 0.905502 0)
(0.663452 2.30463 0)
(0.343284 -0.297512 0)
(0.383043 -0.288882 0)
(0.430291 -0.280214 0)
(0.476069 -0.275117 0)
(0.53477 -0.313332 0)
(0.597677 -0.338918 0)
(0.641981 -0.256665 0)
(0.654706 -0.0382549 0)
(0.609829 0.308387 0)
(0.483742 0.579922 0)
(0.432528 0.619072 0)
(0.570501 0.625942 0)
(0.827071 0.725919 0)
(1.17337 0.709794 0)
(1.34469 0.81251 0)
(1.39356 0.867364 0)
(1.43107 0.542246 0)
(0.836769 1.35743 0)
(0.6276 3.00456 0)
(0.354165 -0.333377 0)
(0.398066 -0.33092 0)
(0.446745 -0.32638 0)
(0.498747 -0.32609 0)
(0.568437 -0.37485 0)
(0.643109 -0.396849 0)
(0.722353 -0.27933 0)
(0.780466 -0.0448222 0)
(0.827139 0.317288 0)
(0.838995 0.61872 0)
(1.06158 0.416251 0)
(1.40784 0.110668 0)
(1.6617 0.367785 0)
(1.62205 0.721354 0)
(1.48574 0.927111 0)
(1.42035 0.906382 0)
(1.41732 0.777998 0)
(0.724105 1.62308 0)
(0.540598 3.60491 0)
(0.363019 -0.371308 0)
(0.410809 -0.374521 0)
(0.457073 -0.375742 0)
(0.519685 -0.384318 0)
(0.592656 -0.453953 0)
(0.690225 -0.497002 0)
(0.823255 -0.367394 0)
(0.928497 -0.132997 0)
(1.05382 0.181573 0)
(1.35484 0.375712 0)
(1.82392 -0.0632167 0)
(1.6231 0.173439 0)
(1.40395 0.543959 0)
(1.34421 0.829224 0)
(1.34962 0.939457 0)
(1.39447 0.935401 0)
(1.43578 0.999562 0)
(0.606045 1.95276 0)
(0.39285 4.0842 0)
(0.371337 -0.41063 0)
(0.42157 -0.417709 0)
(0.463596 -0.425199 0)
(0.53444 -0.442397 0)
(0.594796 -0.544488 0)
(0.722445 -0.628058 0)
(0.883542 -0.486502 0)
(0.954721 -0.26188 0)
(1.08808 -0.00929789 0)
(1.60456 0.129068 0)
(1.3391 0.252517 0)
(1.07064 0.513744 0)
(1.01145 0.67796 0)
(1.06284 0.840441 0)
(1.18271 0.856086 0)
(1.3789 0.883798 0)
(1.405 1.22538 0)
(0.0146787 3.52065 0)
(0.202621 4.21304 0)
(0.380158 -0.451123 0)
(0.431711 -0.460625 0)
(0.472742 -0.473527 0)
(0.542316 -0.497653 0)
(0.592503 -0.629354 0)
(0.716901 -0.753383 0)
(0.836562 -0.530471 0)
(0.932382 -0.323515 0)
(1.1062 -0.401298 0)
(1.26616 -0.222398 0)
(0.998936 0.464142 0)
(0.814382 0.625011 0)
(0.80912 0.634221 0)
(0.934706 0.739707 0)
(1.03212 0.751657 0)
(1.59483 0.527598 0)
(0.836565 2.24551 0)
(-1.02661 4.44395 0)
(0.0165684 3.89721 0)
(0.388036 -0.492937 0)
(0.440672 -0.50466 0)
(0.485573 -0.52225 0)
(0.548832 -0.552674 0)
(0.609454 -0.694411 0)
(0.663378 -0.857947 0)
(0.740328 -0.576292 0)
(1.045 -0.516969 0)
(1.12197 -0.292589 0)
(1.02516 0.243771 0)
(0.951125 0.574212 0)
(0.903608 0.630391 0)
(0.855398 0.523931 0)
(0.93867 0.547936 0)
(0.789474 0.565883 0)
(2.0671 -0.181941 0)
(-0.140348 4.14003 0)
(-1.40068 3.94259 0)
(-0.0583835 3.16742 0)
(0.391118 -0.536394 0)
(0.444931 -0.551196 0)
(0.497232 -0.57249 0)
(0.558135 -0.605567 0)
(0.6303 -0.739397 0)
(0.602953 -0.925583 0)
(0.711547 -0.758421 0)
(0.99047 -0.691872 0)
(1.13904 -0.379771 0)
(1.09607 0.174407 0)
(1.15659 0.464046 0)
(1.14309 0.604969 0)
(1.17904 0.486932 0)
(1.35874 0.483014 0)
(1.44836 0.29827 0)
(1.26334 0.928491 0)
(-0.591873 5.98797 0)
(-1.38362 3.54466 0)
(0.0562992 2.74269 0)
(0.384768 -0.581938 0)
(0.440048 -0.601557 0)
(0.502185 -0.625663 0)
(0.566123 -0.656861 0)
(0.647069 -0.770748 0)
(0.604635 -0.956702 0)
(0.742692 -0.982309 0)
(1.07796 -0.937651 0)
(1.22761 -0.64316 0)
(1.15137 0.24715 0)
(1.08419 0.652182 0)
(0.930996 0.620619 0)
(1.04358 0.363993 0)
(1.3238 0.442125 0)
(1.22933 0.54708 0)
(0.45391 2.06414 0)
(-0.624345 6.42879 0)
(-1.11227 3.43493 0)
(-0.108028 2.07913 0)
(0.365788 -0.629396 0)
(0.422485 -0.65608 0)
(0.493007 -0.684924 0)
(0.561951 -0.715914 0)
(0.662225 -0.801 0)
(0.634796 -0.976717 0)
(0.802336 -1.11524 0)
(1.05265 -1.22966 0)
(1.01145 -0.614146 0)
(1.04299 0.41029 0)
(0.922635 0.782635 0)
(0.696361 0.515197 0)
(0.852137 0.149637 0)
(1.09802 0.424763 0)
(0.870305 1.01973 0)
(0.153803 2.4903 0)
(-0.228806 6.93131 0)
(-0.786262 3.66739 0)
(-0.57254 1.06724 0)
(0.334091 -0.677649 0)
(0.390438 -0.71358 0)
(0.463766 -0.752125 0)
(0.536997 -0.791301 0)
(0.656572 -0.85251 0)
(0.659324 -0.994191 0)
(0.834154 -1.16651 0)
(0.715797 -1.26492 0)
(0.760828 -0.518833 0)
(0.908893 0.550681 0)
(0.833272 0.894424 0)
(0.543614 0.439083 0)
(0.662445 -0.00297572 0)
(0.914282 0.476696 0)
(0.829291 1.4521 0)
(0.222819 2.78589 0)
(0.273741 7.13976 0)
(-0.271868 4.56995 0)
(-0.352883 0.347448 0)
(0.292053 -0.725019 0)
(0.344504 -0.771529 0)
(0.414183 -0.823963 0)
(0.486464 -0.882173 0)
(0.613638 -0.942956 0)
(0.675583 -1.04943 0)
(0.814054 -1.21326 0)
(0.646219 -1.06847 0)
(0.740614 -0.814749 0)
(0.835207 0.560605 0)
(0.79401 1.03463 0)
(0.52713 0.625978 0)
(0.516597 -0.229199 0)
(0.800132 0.407254 0)
(0.931418 1.68252 0)
(0.406734 3.04213 0)
(0.690698 7.04781 0)
(0.19666 5.15494 0)
(0.152921 0.316893 0)
(0.242731 -0.76777 0)
(0.287416 -0.82408 0)
(0.34649 -0.890283 0)
(0.408916 -0.971886 0)
(0.52769 -1.05715 0)
(0.631485 -1.17957 0)
(0.743518 -1.38246 0)
(1.034 -1.0713 0)
(1.00565 -0.857768 0)
(0.815721 0.685324 0)
(0.784913 1.17693 0)
(0.562644 0.756349 0)
(0.37406 -0.462394 0)
(0.731021 0.271214 0)
(0.985992 1.72203 0)
(0.505713 3.23746 0)
(0.834651 6.85992 0)
(0.478692 5.5371 0)
(0.270235 0.609019 0)
(0.189369 -0.799371 0)
(0.223624 -0.862563 0)
(0.266473 -0.937947 0)
(0.310586 -1.03388 0)
(0.392967 -1.14398 0)
(0.46412 -1.31406 0)
(0.574329 -1.56135 0)
(1.02647 -1.41201 0)
(0.770608 -0.994182 0)
(0.826283 0.72982 0)
(0.780224 1.31759 0)
(0.590829 0.929179 0)
(0.20593 -0.780884 0)
(0.652083 0.142376 0)
(0.90159 1.6812 0)
(0.458929 3.43075 0)
(0.678008 6.75567 0)
(0.506998 5.78407 0)
(0.152056 0.838958 0)
(0.134972 -0.816946 0)
(0.158276 -0.883924 0)
(0.185119 -0.962965 0)
(0.210118 -1.0595 0)
(0.243619 -1.17255 0)
(0.246866 -1.34108 0)
(0.281809 -1.55183 0)
(0.342297 -1.5492 0)
(0.279418 -0.640568 0)
(0.737155 0.569426 0)
(0.767267 1.54268 0)
(0.613278 1.49461 0)
(0.261288 -0.738701 0)
(0.539942 0.0297716 0)
(0.618478 1.62513 0)
(0.263665 3.64118 0)
(0.320642 6.74428 0)
(0.362502 5.93509 0)
(-0.0238686 0.9791 0)
(0.0811703 -0.829178 0)
(0.0945111 -0.89809 0)
(0.109325 -0.977997 0)
(0.122229 -1.07061 0)
(0.132863 -1.17321 0)
(0.110856 -1.29587 0)
(0.0162197 -1.40886 0)
(-0.409586 -1.41339 0)
(-0.320022 -0.745945 0)
(0.666583 0.622487 0)
(0.788081 1.3181 0)
(0.580473 1.35376 0)
(-0.685422 -0.645804 0)
(0.268845 0.0773248 0)
(0.0667126 1.68104 0)
(-0.0670408 3.93894 0)
(-0.0844361 6.78552 0)
(0.1703 6.0455 0)
(-0.0838579 1.09431 0)
(0.0276571 -0.847963 0)
(0.0320226 -0.918126 0)
(0.0369173 -0.998783 0)
(0.0416921 -1.09055 0)
(0.0484661 -1.18981 0)
(0.0501153 -1.29668 0)
(0.0792371 -1.35914 0)
(0.151211 -1.59923 0)
(0.274115 -1.85171 0)
(2.82709 -1.3086 0)
(0.997539 3.2032 0)
(0.128629 3.43554 0)
(-2.41906 -1.30533 0)
(-0.364269 -0.225961 0)
(-0.648187 1.61231 0)
(-0.446013 3.96786 0)
(-0.356635 6.43907 0)
(-0.068291 5.98573 0)
(-0.201187 0.935105 0)
)
;

boundaryField
{
    leftWall
    {
        type            noSlip;
    }
    rightWall
    {
        type            noSlip;
    }
    lowerWall
    {
        type            noSlip;
    }
    atmosphere
    {
        type            pressureInletOutletVelocity;
        value           nonuniform List<vector> 
46
(
(0 -0.418494 0)
(0 -0.42712 0)
(0 -0.427037 0)
(0 -0.429644 0)
(0 -0.432521 0)
(0 -0.436028 0)
(0 -0.440216 0)
(0 -0.445141 0)
(0 -0.450871 0)
(0 -0.457495 0)
(0 -0.465115 0)
(0 -0.473856 0)
(0 -0.483858 0)
(0 -0.495289 0)
(0 -0.508332 0)
(0 -0.523196 0)
(0 -0.540127 0)
(0 -0.559413 0)
(0 -0.581384 0)
(0 -0.60642 0)
(0 -0.634967 0)
(0 -0.667546 0)
(0 -0.704744 0)
(0 -0.736135 0)
(0 -0.757589 0)
(0 -0.780429 0)
(0 -0.804778 0)
(0 -0.847963 0)
(0 -0.918126 0)
(0 -0.998783 0)
(0 -1.09055 0)
(0 -1.18981 0)
(0 -1.29668 0)
(0 -1.35914 0)
(0 -1.59923 0)
(0 -1.85171 0)
(0 -1.3086 0)
(0.997539 3.2032 0)
(0.128629 3.43554 0)
(0 -1.30533 0)
(0 -0.225961 0)
(-0.648187 1.61231 0)
(-0.446013 3.96786 0)
(-0.356635 6.43907 0)
(-0.068291 5.98573 0)
(-0.201187 0.935105 0)
)
;
    }
    defaultFaces
    {
        type            empty;
    }
}


// ************************************************************************* //
