/*--------------------------------*- C++ -*----------------------------------*\
| =========                 |                                                 |
| \\      /  F ield         | OpenFOAM: The Open Source CFD Toolbox           |
|  \\    /   O peration     | Version:  2206                                  |
|   \\  /    A nd           | Website:  www.openfoam.com                      |
|    \\/     M anipulation  |                                                 |
\*---------------------------------------------------------------------------*/
FoamFile
{
    version     2.0;
    format      ascii;
    arch        "LSB;label=32;scalar=64";
    class       volVectorField;
    location    "0.125";
    object      U;
}
// * * * * * * * * * * * * * * * * * * * * * * * * * * * * * * * * * * * * * //

dimensions      [0 1 -1 0 0 0 0];

internalField   nonuniform List<vector> 
2268
(
(0.0160768 -0.0326008 0)
(0.0575208 -0.0475368 0)
(0.105876 -0.0455713 0)
(0.152013 -0.0427738 0)
(0.195541 -0.041671 0)
(0.2383 -0.041363 0)
(0.280992 -0.0410795 0)
(0.323406 -0.040504 0)
(0.36509 -0.0394839 0)
(0.40563 -0.0378653 0)
(0.444318 -0.0354086 0)
(0.480332 -0.0318425 0)
(0.51255 -0.0267296 0)
(0.53925 -0.0194823 0)
(0.558438 -0.00947469 0)
(0.567924 0.00413271 0)
(0.564555 0.0221849 0)
(0.543723 0.0457808 0)
(0.501192 0.0756303 0)
(0.436361 0.110344 0)
(0.337743 0.157809 0)
(0.22594 0.180357 0)
(0.102465 0.11256 0)
(0.0167336 -0.0987419 0)
(0.058617 -0.141538 0)
(0.106507 -0.135428 0)
(0.15221 -0.127726 0)
(0.1959 -0.125034 0)
(0.239334 -0.124547 0)
(0.283047 -0.124133 0)
(0.326884 -0.122982 0)
(0.370574 -0.120728 0)
(0.413937 -0.116983 0)
(0.456508 -0.111141 0)
(0.497862 -0.102525 0)
(0.537293 -0.0899529 0)
(0.573597 -0.0720411 0)
(0.605668 -0.0476044 0)
(0.631944 -0.014386 0)
(0.649804 0.0304019 0)
(0.656542 0.0887482 0)
(0.647445 0.162456 0)
(0.623778 0.253208 0)
(0.575291 0.363997 0)
(0.484538 0.451384 0)
(0.321655 0.5293 0)
(0.0178075 -0.167778 0)
(0.0600347 -0.234433 0)
(0.106848 -0.22379 0)
(0.151768 -0.212586 0)
(0.195628 -0.209544 0)
(0.239944 -0.209804 0)
(0.28506 -0.21025 0)
(0.330958 -0.209867 0)
(0.377644 -0.208248 0)
(0.425296 -0.204927 0)
(0.473833 -0.199145 0)
(0.523419 -0.190059 0)
(0.573948 -0.175983 0)
(0.62501 -0.15536 0)
(0.676403 -0.126512 0)
(0.727162 -0.0849922 0)
(0.774483 -0.0251161 0)
(0.815301 0.0587588 0)
(0.848154 0.16335 0)
(0.880767 0.276255 0)
(0.895831 0.47322 0)
(0.737839 0.779201 0)
(0.423601 1.27569 0)
(0.0189231 -0.239883 0)
(0.0609972 -0.32471 0)
(0.106025 -0.30935 0)
(0.149708 -0.296555 0)
(0.193386 -0.294644 0)
(0.238175 -0.296716 0)
(0.284258 -0.299214 0)
(0.331808 -0.301245 0)
(0.381125 -0.302541 0)
(0.43277 -0.302742 0)
(0.487084 -0.301202 0)
(0.544987 -0.297259 0)
(0.607264 -0.289224 0)
(0.674887 -0.276344 0)
(0.749583 -0.256647 0)
(0.83349 -0.224254 0)
(0.927935 -0.174428 0)
(1.03306 -0.102585 0)
(1.14559 -0.0323143 0)
(1.26202 0.0755079 0)
(1.278 0.48907 0)
(0.835013 1.33506 0)
(0.349006 2.3104 0)
(0.0197031 -0.314451 0)
(0.060753 -0.410928 0)
(0.103177 -0.391197 0)
(0.144987 -0.378824 0)
(0.187699 -0.379259 0)
(0.231922 -0.383947 0)
(0.277744 -0.389469 0)
(0.325506 -0.395284 0)
(0.375704 -0.401371 0)
(0.429144 -0.407612 0)
(0.486372 -0.413699 0)
(0.548863 -0.419494 0)
(0.617881 -0.423867 0)
(0.694992 -0.427884 0)
(0.783199 -0.429727 0)
(0.888235 -0.425145 0)
(1.01231 -0.41662 0)
(1.15017 -0.418763 0)
(1.29333 -0.44383 0)
(1.41136 -0.102324 0)
(1.27797 1.04775 0)
(0.606267 2.36421 0)
(0.243125 3.29296 0)
(0.0198786 -0.389692 0)
(0.0587941 -0.491072 0)
(0.0977202 -0.467974 0)
(0.136841 -0.457766 0)
(0.177457 -0.461213 0)
(0.21966 -0.468856 0)
(0.263502 -0.477877 0)
(0.309417 -0.488157 0)
(0.357924 -0.499906 0)
(0.409882 -0.513272 0)
(0.46568 -0.528304 0)
(0.527042 -0.545433 0)
(0.594797 -0.564142 0)
(0.669635 -0.587285 0)
(0.75592 -0.612273 0)
(0.859537 -0.638213 0)
(0.961246 -0.680364 0)
(1.04264 -0.758068 0)
(1.15803 -0.702627 0)
(1.27099 0.251078 0)
(0.927414 2.36209 0)
(0.389908 3.6575 0)
(0.235221 3.94552 0)
(0.0192869 -0.462709 0)
(0.0548586 -0.562597 0)
(0.089388 -0.537682 0)
(0.124908 -0.53082 0)
(0.162124 -0.5373 0)
(0.200728 -0.547724 0)
(0.240781 -0.560125 0)
(0.28271 -0.574723 0)
(0.326929 -0.591871 0)
(0.374218 -0.611896 0)
(0.424551 -0.635095 0)
(0.479905 -0.662248 0)
(0.539732 -0.693155 0)
(0.603772 -0.731638 0)
(0.680739 -0.772896 0)
(0.761763 -0.821676 0)
(0.800191 -0.902294 0)
(0.865007 -0.982338 0)
(0.990294 -0.781504 0)
(0.958879 1.1147 0)
(0.661427 3.30124 0)
(0.218331 4.44129 0)
(0.230195 4.33472 0)
(0.0180083 -0.530839 0)
(0.0491498 -0.623917 0)
(0.0784705 -0.598927 0)
(0.109598 -0.595872 0)
(0.142238 -0.604867 0)
(0.175891 -0.617492 0)
(0.210654 -0.632653 0)
(0.24687 -0.650755 0)
(0.284784 -0.672194 0)
(0.325059 -0.69737 0)
(0.367152 -0.726707 0)
(0.413543 -0.761044 0)
(0.461414 -0.800309 0)
(0.511801 -0.848616 0)
(0.577845 -0.898154 0)
(0.614082 -0.963711 0)
(0.62334 -1.06016 0)
(0.708694 -1.11573 0)
(0.767039 -0.545782 0)
(0.594221 1.66185 0)
(0.371008 3.57769 0)
(0.0981984 4.68792 0)
(0.159992 4.50798 0)
(-0.000763039 0.000547754 0)
(-0.0011691 -7.5607e-05 0)
(-0.000414124 -0.000410021 0)
(0.000778141 -0.000766628 0)
(0.00248389 -0.000996866 0)
(0.00444723 -0.00107683 0)
(0.00640256 -0.00101975 0)
(0.00813547 -0.000849659 0)
(0.00946227 -0.0006143 0)
(0.0103495 -0.000359637 0)
(0.0107573 -0.000104976 0)
(0.0106898 0.00014125 0)
(0.0101822 0.000367035 0)
(0.00928133 0.000564945 0)
(0.00804383 0.000731095 0)
(0.00653065 0.000863638 0)
(0.00480392 0.000962113 0)
(0.00292899 0.00102669 0)
(0.000971737 0.00104634 0)
(-0.00122373 0.00205486 0)
(-0.00199836 -0.000270154 0)
(-0.00111253 -0.00137769 0)
(0.000329432 -0.00253347 0)
(0.0023866 -0.0032328 0)
(0.00469443 -0.00344317 0)
(0.00694269 -0.0032305 0)
(0.00888774 -0.00270341 0)
(0.0104324 -0.0019717 0)
(0.0114653 -0.00115055 0)
(0.0119417 -0.000319824 0)
(0.011872 0.000471186 0)
(0.0112984 0.00118761 0)
(0.0102837 0.00180934 0)
(0.0088982 0.00232684 0)
(0.00721326 0.00273712 0)
(0.00529927 0.00304091 0)
(0.00322929 0.00324046 0)
(0.00106229 0.00327253 0)
(-0.00254645 0.00488144 0)
(-0.00436861 -0.000225367 0)
(-0.00306714 -0.00255755 0)
(-0.0011039 -0.00480598 0)
(0.00170129 -0.00604134 0)
(0.00468997 -0.00632324 0)
(0.00747202 -0.00583664 0)
(0.0097858 -0.00482637 0)
(0.0114943 -0.00348426 0)
(0.0125495 -0.00199867 0)
(0.0129597 -0.000513895 0)
(0.0127762 0.000876274 0)
(0.0120689 0.00211786 0)
(0.0109158 0.00318319 0)
(0.00939621 0.00406193 0)
(0.00758623 0.00475394 0)
(0.00555713 0.00526411 0)
(0.00338126 0.00559881 0)
(0.00111244 0.00565009 0)
(-0.00528458 0.0112968 0)
(-0.0091874 4.11999e-05 0)
(-0.00675724 -0.00448051 0)
(-0.00357458 -0.00820507 0)
(0.000687071 -0.00999621 0)
(0.00486963 -0.0101509 0)
(0.00852733 -0.00909757 0)
(0.0113975 -0.00730801 0)
(0.0133896 -0.00511616 0)
(0.0145112 -0.00280742 0)
(0.0148406 -0.000576586 0)
(0.014486 0.00146358 0)
(0.0135584 0.00325253 0)
(0.0121646 0.00476558 0)
(0.0104013 0.00599986 0)
(0.00835346 0.00696368 0)
(0.00609569 0.00766972 0)
(0.0037003 0.00813085 0)
(0.00121773 0.00819573 0)
(-0.0131057 0.020211 0)
(-0.0202464 -0.000397226 0)
(-0.0132145 -0.00812737 0)
(-0.00729711 -0.0137746 0)
(-0.000483575 -0.0159354 0)
(0.00559498 -0.015478 0)
(0.0104935 -0.0133679 0)
(0.0140362 -0.0103207 0)
(0.0163051 -0.00691609 0)
(0.0174084 -0.00354672 0)
(0.0175338 -0.000426232 0)
(0.0168774 0.00233978 0)
(0.0156052 0.00470724 0)
(0.0138577 0.00667227 0)
(0.01175 0.00825196 0)
(0.00937502 0.0094718 0)
(0.00680886 0.0103582 0)
(0.00412119 0.010934 0)
(0.00135626 0.0110056 0)
(-0.0296891 0.062797 0)
(-0.0421394 -0.000625749 0)
(-0.0241263 -0.0169883 0)
(-0.0123847 -0.0236129 0)
(-0.00124707 -0.0250602 0)
(0.0075532 -0.0228833 0)
(0.01402 -0.0187368 0)
(0.0182806 -0.0137648 0)
(0.0206312 -0.00870212 0)
(0.0214625 -0.0040101 0)
(0.021153 0.000131255 0)
(0.0199951 0.00367793 0)
(0.0182108 0.00663038 0)
(0.0159732 0.00902805 0)
(0.0134111 0.0109232 0)
(0.0106199 0.012368 0)
(0.00767149 0.0134081 0)
(0.00462777 0.0140797 0)
(0.00152263 0.0141468 0)
(-0.0625858 0.072744 0)
(-0.0947257 -0.0336389 0)
(-0.0453808 -0.0465573 0)
(-0.0179016 -0.0439488 0)
(7.83961e-05 -0.0394512 0)
(0.0122684 -0.0332299 0)
(0.0201852 -0.02545 0)
(0.0247327 -0.0174512 0)
(0.0267311 -0.0101809 0)
(0.0268689 -0.00391201 0)
(0.0257772 0.00137138 0)
(0.0238515 0.00570438 0)
(0.0213498 0.00919839 0)
(0.0184695 0.0119685 0)
(0.0153404 0.0141184 0)
(0.0120487 0.015735 0)
(0.00865328 0.0168872 0)
(0.00520113 0.0176259 0)
(0.00171051 0.0176725 0)
(-0.00351619 0.372987 0)
(-0.0796265 0.00647704 0)
(-0.0390328 -0.078082 0)
(-0.0132011 -0.0731999 0)
(0.00896247 -0.0590435 0)
(0.0226244 -0.0451475 0)
(0.0308614 -0.0318889 0)
(0.0345694 -0.020143 0)
(0.0351114 -0.0104287 0)
(0.0338381 -0.00252767 0)
(0.0314646 0.00377194 0)
(0.0283941 0.00873929 0)
(0.0249368 0.0126279 0)
(0.0212589 0.0156414 0)
(0.0174599 0.017939 0)
(0.0135989 0.0196436 0)
(0.00970891 0.0208465 0)
(0.00581385 0.0216119 0)
(0.00191084 0.0216161 0)
(0.0167106 -0.579917 0)
(0.0438053 -0.664899 0)
(0.0685779 -0.641038 0)
(0.0958851 -0.640951 0)
(0.124337 -0.651451 0)
(0.153434 -0.66537 0)
(0.183319 -0.682202 0)
(0.214243 -0.702399 0)
(0.246319 -0.726351 0)
(0.280108 -0.754448 0)
(0.314707 -0.78719 0)
(0.35312 -0.825225 0)
(0.390065 -0.868624 0)
(0.430516 -0.921578 0)
(0.485329 -0.972486 0)
(0.482759 -1.04878 0)
(0.514138 -1.14223 0)
(0.596497 -1.13303 0)
(0.489082 -0.374571 0)
(0.258094 1.77017 0)
(0.201608 3.60091 0)
(0.0691911 4.7643 0)
(0.1595 4.61939 0)
(0.0155146 -0.612097 0)
(0.0395282 -0.690078 0)
(0.0609976 -0.667725 0)
(0.0853579 -0.66955 0)
(0.110536 -0.680778 0)
(0.136127 -0.695318 0)
(0.162276 -0.712977 0)
(0.189151 -0.734195 0)
(0.216805 -0.759347 0)
(0.245689 -0.788805 0)
(0.274819 -0.823103 0)
(0.307471 -0.862682 0)
(0.336344 -0.907864 0)
(0.372818 -0.962286 0)
(0.413766 -1.01206 0)
(0.392083 -1.0926 0)
(0.444349 -1.17272 0)
(0.514306 -1.05067 0)
(0.310512 -0.0454694 0)
(0.106618 1.8198 0)
(0.144961 3.61501 0)
(-0.00124088 4.75471 0)
(0.166831 4.49808 0)
(0.0141427 -0.641604 0)
(0.0349966 -0.711843 0)
(0.0531447 -0.691468 0)
(0.0744085 -0.694996 0)
(0.0961555 -0.706704 0)
(0.118106 -0.721643 0)
(0.14038 -0.739852 0)
(0.163064 -0.761742 0)
(0.186157 -0.787669 0)
(0.210004 -0.818004 0)
(0.233618 -0.853282 0)
(0.260336 -0.893825 0)
(0.281283 -0.940305 0)
(0.315036 -0.994999 0)
(0.335613 -1.045 0)
(0.314511 -1.12994 0)
(0.378841 -1.19917 0)
(0.432737 -0.960139 0)
(0.0389778 0.289417 0)
(0.00357574 1.8255 0)
(0.0868309 3.69538 0)
(-0.0722965 4.76447 0)
(0.122367 4.59298 0)
(0.0126636 -0.667981 0)
(0.0303897 -0.729913 0)
(0.0452543 -0.711841 0)
(0.0633788 -0.716764 0)
(0.0816699 -0.728681 0)
(0.0999781 -0.743757 0)
(0.11838 -0.762179 0)
(0.136888 -0.784323 0)
(0.155443 -0.810525 0)
(0.174264 -0.841154 0)
(0.192395 -0.876717 0)
(0.21282 -0.917508 0)
(0.226013 -0.964301 0)
(0.255436 -1.01772 0)
(0.248953 -1.07035 0)
(0.244614 -1.16302 0)
(0.297698 -1.22517 0)
(0.276044 -0.709004 0)
(-0.28685 0.507269 0)
(-0.202044 1.70976 0)
(0.033885 3.66053 0)
(-0.105984 4.7635 0)
(0.131704 4.76596 0)
(0.0112446 -0.690766 0)
(0.0260026 -0.744126 0)
(0.0375921 -0.728561 0)
(0.052641 -0.734586 0)
(0.0675732 -0.746517 0)
(0.0823501 -0.761531 0)
(0.0969934 -0.779898 0)
(0.11142 -0.801954 0)
(0.125488 -0.828016 0)
(0.139248 -0.858415 0)
(0.151692 -0.893552 0)
(0.16506 -0.9337 0)
(0.170209 -0.979013 0)
(0.190396 -1.02908 0)
(0.158369 -1.08621 0)
(0.174232 -1.18229 0)
(0.172765 -1.18462 0)
(0.0429765 -0.225115 0)
(-0.480009 0.641419 0)
(-0.403378 1.59339 0)
(0.053131 3.44306 0)
(-0.055338 4.657 0)
(0.349565 4.63253 0)
(0.00993111 -0.710191 0)
(0.0218428 -0.75459 0)
(0.0301622 -0.741925 0)
(0.0423328 -0.748859 0)
(0.0540367 -0.760725 0)
(0.0653382 -0.77557 0)
(0.0762411 -0.793707 0)
(0.0865074 -0.815423 0)
(0.0958764 -0.840978 0)
(0.104169 -0.87058 0)
(0.110289 -0.904443 0)
(0.115841 -0.942562 0)
(0.112954 -0.98403 0)
(0.12145 -1.02896 0)
(0.0818721 -1.08989 0)
(0.113941 -1.16911 0)
(0.0491284 -1.03047 0)
(-0.0616946 0.123379 0)
(-0.472234 0.744212 0)
(-0.482566 1.46912 0)
(0.0356059 3.10825 0)
(0.0713355 4.3729 0)
(0.605528 4.28904 0)
(0.00866316 -0.728559 0)
(0.0174068 -0.762864 0)
(0.0222173 -0.753772 0)
(0.0315541 -0.761289 0)
(0.0398331 -0.772709 0)
(0.0473406 -0.786938 0)
(0.0540816 -0.804231 0)
(0.0596411 -0.824715 0)
(0.0637079 -0.84851 0)
(0.0659807 -0.875676 0)
(0.0656163 -0.906396 0)
(0.0650031 -0.940056 0)
(0.0592921 -0.976387 0)
(0.0671143 -1.01742 0)
(0.0541773 -1.08644 0)
(0.109769 -1.12564 0)
(0.031795 -0.956469 0)
(0.0466973 0.369506 0)
(-0.231534 0.921045 0)
(-0.371548 1.39121 0)
(-0.0279914 2.6275 0)
(0.260997 3.80163 0)
(0.898759 3.64007 0)
(0.00692661 -0.7442 0)
(0.0112153 -0.767404 0)
(0.0124485 -0.762535 0)
(0.0183354 -0.76996 0)
(0.022515 -0.780093 0)
(0.0257837 -0.792843 0)
(0.0279786 -0.808268 0)
(0.0287081 -0.826267 0)
(0.0282428 -0.846948 0)
(0.027307 -0.870575 0)
(0.0260389 -0.898264 0)
(0.0313019 -0.93029 0)
(0.0474713 -0.971103 0)
(0.0866938 -1.02228 0)
(0.140838 -1.1143 0)
(0.173296 -1.07804 0)
(0.126476 -0.961141 0)
(0.219964 0.392018 0)
(0.205358 1.19256 0)
(-0.0345575 1.49089 0)
(-0.00205438 2.22821 0)
(0.411498 3.10975 0)
(1.06278 2.89363 0)
(0.00492024 -0.751441 0)
(0.00169562 -0.764215 0)
(2.76342e-05 -0.7643 0)
(0.00108144 -0.771111 0)
(0.000774209 -0.780112 0)
(0.000889639 -0.791604 0)
(0.00047775 -0.805617 0)
(0.00103163 -0.822718 0)
(0.00392496 -0.84419 0)
(0.0155265 -0.870975 0)
(0.0390295 -0.907551 0)
(0.0883249 -0.964442 0)
(0.200217 -1.04614 0)
(0.337835 -1.14633 0)
(0.430539 -1.19487 0)
(0.27925 -1.02592 0)
(0.220875 -0.931532 0)
(0.222369 -0.163713 0)
(0.541359 1.30467 0)
(0.409207 1.74671 0)
(0.221584 2.06782 0)
(0.517092 2.49537 0)
(1.03225 2.30562 0)
(0.00444792 -0.75067 0)
(-0.0119202 -0.753712 0)
(-0.0114348 -0.760906 0)
(-0.0147944 -0.768035 0)
(-0.0097373 -0.779276 0)
(0.000283995 -0.79354 0)
(0.0119342 -0.811696 0)
(0.0385948 -0.837078 0)
(0.0759247 -0.874881 0)
(0.135727 -0.925266 0)
(0.220386 -0.994473 0)
(0.318621 -1.11464 0)
(0.442402 -1.21781 0)
(0.560321 -1.2712 0)
(0.58476 -1.08134 0)
(0.473696 -0.832105 0)
(0.270569 -0.831469 0)
(0.179583 -0.409024 0)
(0.507355 1.10065 0)
(0.681559 1.97526 0)
(0.450371 2.09432 0)
(0.550336 2.12949 0)
(0.871929 1.92587 0)
(0.00532885 -0.745666 0)
(-0.00264358 -0.751468 0)
(0.00693245 -0.763494 0)
(0.00951161 -0.774202 0)
(0.0183145 -0.792839 0)
(0.0332776 -0.815411 0)
(0.052657 -0.844591 0)
(0.0809192 -0.882436 0)
(0.120068 -0.940788 0)
(0.174587 -1.01244 0)
(0.245461 -1.10346 0)
(0.334495 -1.23327 0)
(0.449908 -1.34707 0)
(0.584822 -1.35608 0)
(0.636723 -1.11636 0)
(0.726497 -0.633753 0)
(0.387228 -0.545451 0)
(0.192109 -0.467807 0)
(0.325364 0.555448 0)
(0.605777 1.98765 0)
(0.439442 2.16808 0)
(0.456245 1.9754 0)
(0.646797 1.71772 0)
(-0.00129665 -0.75077 0)
(-0.00478372 -0.760264 0)
(-0.000742802 -0.772588 0)
(-0.00032132 -0.784956 0)
(0.00299305 -0.807029 0)
(0.00778837 -0.832893 0)
(0.017208 -0.868064 0)
(0.0334059 -0.917027 0)
(0.0549077 -0.983259 0)
(0.0833456 -1.06844 0)
(0.125704 -1.18485 0)
(0.186831 -1.3418 0)
(0.279205 -1.49357 0)
(0.389379 -1.49904 0)
(0.437697 -1.23402 0)
(0.584832 -0.65947 0)
(0.558964 -0.201881 0)
(0.149798 -0.324827 0)
(0.155941 0.556464 0)
(0.208626 2.05227 0)
(0.149402 2.16477 0)
(0.236269 1.87536 0)
(0.396936 1.58452 0)
(-0.00464373 -0.742651 0)
(-0.0119198 -0.757294 0)
(-0.0169736 -0.767913 0)
(-0.022817 -0.781915 0)
(-0.0285847 -0.803336 0)
(-0.0340662 -0.83231 0)
(-0.0376139 -0.871573 0)
(-0.0402655 -0.924109 0)
(-0.0421282 -0.993332 0)
(-0.0435491 -1.08577 0)
(-0.0422082 -1.21767 0)
(-0.0292597 -1.40204 0)
(-0.0065317 -1.58191 0)
(0.0107394 -1.58828 0)
(0.0282704 -1.28719 0)
(0.0654922 -0.735464 0)
(0.24894 -0.249176 0)
(-0.0884959 -0.115582 0)
(-0.196491 0.784055 0)
(-0.374461 2.05196 0)
(-0.234704 2.03784 0)
(-0.0301373 1.72444 0)
(0.146977 1.4476 0)
(-0.006172 -0.727486 0)
(-0.0187154 -0.746041 0)
(-0.0310652 -0.754567 0)
(-0.0432455 -0.769056 0)
(-0.0568507 -0.789881 0)
(-0.0715373 -0.818555 0)
(-0.0885368 -0.85661 0)
(-0.108874 -0.906792 0)
(-0.134576 -0.9718 0)
(-0.168539 -1.05869 0)
(-0.211388 -1.18697 0)
(-0.26636 -1.37014 0)
(-0.355902 -1.54502 0)
(-0.472441 -1.54387 0)
(-0.540697 -1.23326 0)
(-0.545381 -0.7182 0)
(-0.485094 -0.263291 0)
(-0.635774 0.280729 0)
(-0.893243 1.15158 0)
(-0.872659 1.88987 0)
(-0.559234 1.76376 0)
(-0.273873 1.4971 0)
(-0.0787533 1.27941 0)
(-0.00814014 -0.710299 0)
(-0.025445 -0.729369 0)
(-0.0431879 -0.736868 0)
(-0.06199 -0.750457 0)
(-0.082904 -0.769297 0)
(-0.106838 -0.794663 0)
(-0.135189 -0.82784 0)
(-0.170064 -0.870402 0)
(-0.214629 -0.924043 0)
(-0.273591 -0.993311 0)
(-0.353495 -1.09165 0)
(-0.473063 -1.23122 0)
(-0.665973 -1.36765 0)
(-0.912376 -1.3556 0)
(-1.1033 -1.05597 0)
(-1.21023 -0.574545 0)
(-1.33745 -0.085041 0)
(-1.43716 0.484827 0)
(-1.40742 1.19034 0)
(-1.12553 1.51469 0)
(-0.744189 1.38201 0)
(-0.44512 1.22279 0)
(-0.248196 1.08994 0)
(-0.0105404 -0.690548 0)
(-0.0320766 -0.707724 0)
(-0.0545785 -0.714566 0)
(-0.0790971 -0.725796 0)
(-0.106013 -0.741373 0)
(-0.136962 -0.761782 0)
(-0.17355 -0.787681 0)
(-0.218182 -0.819707 0)
(-0.274536 -0.858194 0)
(-0.347586 -0.90347 0)
(-0.444762 -0.959126 0)
(-0.587175 -1.03122 0)
(-0.809045 -1.10021 0)
(-1.10178 -1.08789 0)
(-1.38037 -0.903712 0)
(-1.56753 -0.527832 0)
(-1.65861 -0.0338773 0)
(-1.64092 0.466837 0)
(-1.45183 0.877907 0)
(-1.11282 1.04373 0)
(-0.780803 1.00668 0)
(-0.528796 0.958823 0)
(-0.349277 0.900274 0)
(-0.0121484 -0.665339 0)
(-0.0372731 -0.680574 0)
(-0.0636911 -0.686251 0)
(-0.0921779 -0.694756 0)
(-0.123445 -0.706435 0)
(-0.159036 -0.721242 0)
(-0.200549 -0.739235 0)
(-0.2502 -0.760169 0)
(-0.311289 -0.783355 0)
(-0.38761 -0.806763 0)
(-0.483294 -0.827401 0)
(-0.609262 -0.843473 0)
(-0.786141 -0.844666 0)
(-1.01708 -0.790868 0)
(-1.25506 -0.632014 0)
(-1.42569 -0.366499 0)
(-1.48172 -0.0432783 0)
(-1.41513 0.278995 0)
(-1.22401 0.534977 0)
(-0.966517 0.67568 0)
(-0.7349 0.726278 0)
(-0.546968 0.742976 0)
(-0.395509 0.730031 0)
(-0.0131379 -0.636266 0)
(-0.0411452 -0.650263 0)
(-0.0703184 -0.654217 0)
(-0.101353 -0.660055 0)
(-0.135359 -0.667727 0)
(-0.173505 -0.677032 0)
(-0.217165 -0.687542 0)
(-0.268074 -0.698452 0)
(-0.328677 -0.708444 0)
(-0.401464 -0.715092 0)
(-0.488064 -0.714205 0)
(-0.59128 -0.700498 0)
(-0.71776 -0.66702 0)
(-0.868633 -0.598991 0)
(-1.02068 -0.473906 0)
(-1.12922 -0.284805 0)
(-1.15898 -0.0608948 0)
(-1.10433 0.153646 0)
(-0.976926 0.333417 0)
(-0.820411 0.462038 0)
(-0.669065 0.540348 0)
(-0.530931 0.57896 0)
(-0.408023 0.588748 0)
(-0.0139975 -0.605475 0)
(-0.043856 -0.618334 0)
(-0.0746499 -0.620447 0)
(-0.107174 -0.623707 0)
(-0.142471 -0.627606 0)
(-0.181467 -0.631869 0)
(-0.225173 -0.635842 0)
(-0.274801 -0.6385 0)
(-0.331881 -0.638264 0)
(-0.397711 -0.632832 0)
(-0.472805 -0.618917 0)
(-0.557146 -0.591626 0)
(-0.650228 -0.543475 0)
(-0.748224 -0.465621 0)
(-0.838498 -0.353035 0)
(-0.900095 -0.210251 0)
(-0.91533 -0.0532783 0)
(-0.880461 0.0978279 0)
(-0.805843 0.2311 0)
(-0.709751 0.337548 0)
(-0.604882 0.411094 0)
(-0.500354 0.454467 0)
(-0.402154 0.475145 0)
(-0.0146783 -0.573054 0)
(-0.0452486 -0.584699 0)
(-0.0767025 -0.585231 0)
(-0.109758 -0.586168 0)
(-0.145133 -0.586834 0)
(-0.183625 -0.586859 0)
(-0.225893 -0.585551 0)
(-0.272706 -0.58189 0)
(-0.324917 -0.574392 0)
(-0.382997 -0.560964 0)
(-0.446776 -0.538973 0)
(-0.515681 -0.505433 0)
(-0.587816 -0.456589 0)
(-0.657593 -0.387408 0)
(-0.715261 -0.294416 0)
(-0.750636 -0.181345 0)
(-0.757475 -0.0596412 0)
(-0.734876 0.0582322 0)
(-0.687369 0.163174 0)
(-0.621546 0.249987 0)
(-0.544611 0.314497 0)
(-0.464378 0.358017 0)
(-0.38624 0.383866 0)
(-0.0149148 -0.54041 0)
(-0.0453978 -0.550775 0)
(-0.0767699 -0.550056 0)
(-0.109556 -0.549021 0)
(-0.144135 -0.547072 0)
(-0.181191 -0.543764 0)
(-0.221103 -0.538449 0)
(-0.264277 -0.530207 0)
(-0.311082 -0.517781 0)
(-0.361519 -0.499527 0)
(-0.414924 -0.473538 0)
(-0.47015 -0.437658 0)
(-0.525417 -0.389441 0)
(-0.577005 -0.326719 0)
(-0.618348 -0.249262 0)
(-0.642531 -0.160324 0)
(-0.646063 -0.06604 0)
(-0.629068 0.0265947 0)
(-0.59463 0.11108 0)
(-0.546525 0.183303 0)
(-0.488915 0.240322 0)
(-0.427045 0.282156 0)
(-0.364813 0.310065 0)
(-0.0146738 -0.50779 0)
(-0.0445012 -0.516924 0)
(-0.075187 -0.5152 0)
(-0.107049 -0.512583 0)
(-0.140232 -0.508624 0)
(-0.175265 -0.502857 0)
(-0.212339 -0.494703 0)
(-0.251605 -0.483398 0)
(-0.293102 -0.467953 0)
(-0.336578 -0.447127 0)
(-0.381306 -0.419588 0)
(-0.426097 -0.38405 0)
(-0.469115 -0.339266 0)
(-0.507465 -0.284195 0)
(-0.537209 -0.219013 0)
(-0.554402 -0.146315 0)
(-0.556827 -0.0705168 0)
(-0.544642 0.00387804 0)
(-0.519006 0.0725917 0)
(-0.48251 0.133092 0)
(-0.438597 0.183166 0)
(-0.390386 0.22212 0)
(-0.340667 0.250226 0)
(-0.0141182 -0.476093 0)
(-0.042904 -0.484105 0)
(-0.072425 -0.481563 0)
(-0.102877 -0.477741 0)
(-0.134265 -0.472309 0)
(-0.166941 -0.464833 0)
(-0.20097 -0.454816 0)
(-0.236342 -0.441644 0)
(-0.272911 -0.424571 0)
(-0.310297 -0.402728 0)
(-0.347766 -0.375223 0)
(-0.384236 -0.34125 0)
(-0.418217 -0.300171 0)
(-0.447606 -0.251763 0)
(-0.46979 -0.196649 0)
(-0.482379 -0.136642 0)
(-0.484063 -0.0745491 0)
(-0.474838 -0.0133863 0)
(-0.455456 0.0440757 0)
(-0.427642 0.0953091 0)
(-0.39367 0.139081 0)
(-0.355647 0.174608 0)
(-0.315697 0.201772 0)
(-0.0134113 -0.445737 0)
(-0.0408874 -0.452756 0)
(-0.068898 -0.449571 0)
(-0.0976115 -0.444884 0)
(-0.126952 -0.438432 0)
(-0.157108 -0.429844 0)
(-0.188068 -0.418717 0)
(-0.219725 -0.404571 0)
(-0.251839 -0.38686 0)
(-0.283992 -0.364995 0)
(-0.315522 -0.338413 0)
(-0.345503 -0.306671 0)
(-0.372733 -0.269507 0)
(-0.395709 -0.227001 0)
(-0.412748 -0.179838 0)
(-0.422349 -0.129445 0)
(-0.423626 -0.0777279 0)
(-0.416552 -0.0266309 0)
(-0.401721 0.0219423 0)
(-0.380218 0.0660043 0)
(-0.353574 0.104504 0)
(-0.32332 0.136729 0)
(-0.291023 0.162438 0)
(-0.0126383 -0.416972 0)
(-0.0386179 -0.423153 0)
(-0.0649044 -0.419513 0)
(-0.0916878 -0.414264 0)
(-0.118847 -0.407175 0)
(-0.146446 -0.397953 0)
(-0.174425 -0.386282 0)
(-0.202628 -0.371801 0)
(-0.230781 -0.354127 0)
(-0.258477 -0.332875 0)
(-0.285136 -0.307708 0)
(-0.310004 -0.278408 0)
(-0.332149 -0.244932 0)
(-0.350491 -0.207517 0)
(-0.363914 -0.166799 0)
(-0.371479 -0.123859 0)
(-0.372611 -0.0800809 0)
(-0.367218 -0.0368583 0)
(-0.355729 0.00456447 0)
(-0.338867 0.0428572 0)
(-0.31771 0.076948 0)
(-0.29345 0.106186 0)
(-0.267193 0.130283 0)
(-0.0118248 -0.389899 0)
(-0.0361765 -0.39541 0)
(-0.0606331 -0.391501 0)
(-0.0853967 -0.385944 0)
(-0.110334 -0.378526 0)
(-0.135424 -0.369038 0)
(-0.160581 -0.357238 0)
(-0.185626 -0.342865 0)
(-0.21029 -0.325661 0)
(-0.234199 -0.305389 0)
(-0.256863 -0.281867 0)
(-0.277676 -0.255021 0)
(-0.295929 -0.224927 0)
(-0.310844 -0.191868 0)
(-0.321664 -0.156403 0)
(-0.327782 -0.119367 0)
(-0.328841 -0.0817842 0)
(-0.32478 -0.0446983 0)
(-0.315843 -0.00900451 0)
(-0.302523 0.0244819 0)
(-0.285578 0.0548367 0)
(-0.265953 0.081399 0)
(-0.244489 0.103859 0)
(-0.0109796 -0.364602 0)
(-0.0336163 -0.369604 0)
(-0.0562087 -0.365587 0)
(-0.0789347 -0.359918 0)
(-0.101677 -0.352418 0)
(-0.124364 -0.342937 0)
(-0.146894 -0.331301 0)
(-0.169087 -0.317332 0)
(-0.190692 -0.300866 0)
(-0.211382 -0.281768 0)
(-0.23075 -0.25996 0)
(-0.248315 -0.235456 0)
(-0.263542 -0.208389 0)
(-0.275867 -0.17905 0)
(-0.284769 -0.147912 0)
(-0.28984 -0.115627 0)
(-0.290859 -0.082974 0)
(-0.287803 -0.0507534 0)
(-0.280838 -0.0196555 0)
(-0.270298 0.00977814 0)
(-0.256672 0.0369328 0)
(-0.240667 0.0611663 0)
(-0.223031 0.0820577 0)
(-0.0101125 -0.341151 0)
(-0.0309878 -0.345789 0)
(-0.0517233 -0.341786 0)
(-0.072442 -0.336155 0)
(-0.0930626 -0.328751 0)
(-0.113483 -0.319472 0)
(-0.133596 -0.308199 0)
(-0.153229 -0.29482 0)
(-0.172157 -0.279238 0)
(-0.190103 -0.261391 0)
(-0.206732 -0.241268 0)
(-0.221667 -0.218934 0)
(-0.2345 -0.194548 0)
(-0.244825 -0.168384 0)
(-0.252274 -0.140839 0)
(-0.256569 -0.11243 0)
(-0.257567 -0.0837528 0)
(-0.255275 -0.0554332 0)
(-0.249829 -0.0280368 0)
(-0.241467 -0.00198354 0)
(-0.230487 0.022376 0)
(-0.217381 0.0445437 0)
(-0.20282 0.0639954 0)
(-0.00923966 -0.319596 0)
(-0.0283426 -0.323988 0)
(-0.0472511 -0.320086 0)
(-0.0660253 -0.3146 0)
(-0.0846238 -0.307417 0)
(-0.102928 -0.298468 0)
(-0.120829 -0.287683 0)
(-0.13817 -0.274996 0)
(-0.154756 -0.260361 0)
(-0.17035 -0.243766 0)
(-0.184684 -0.225242 0)
(-0.19746 -0.20488 0)
(-0.208369 -0.182848 0)
(-0.217114 -0.159394 0)
(-0.223433 -0.134853 0)
(-0.227135 -0.109639 0)
(-0.228124 -0.0842167 0)
(-0.226415 -0.0590764 0)
(-0.222128 -0.0346787 0)
(-0.215452 -0.0113887 0)
(-0.206606 0.0105474 0)
(-0.195893 0.0308221 0)
(-0.183813 0.0489798 0)
(-0.00837907 -0.299947 0)
(-0.025726 -0.304183 0)
(-0.0428529 -0.300443 0)
(-0.0597656 -0.295173 0)
(-0.076453 -0.288288 0)
(-0.0927903 -0.279749 0)
(-0.108674 -0.269519 0)
(-0.123963 -0.257568 0)
(-0.13849 -0.243887 0)
(-0.152057 -0.228496 0)
(-0.164447 -0.211452 0)
(-0.175427 -0.19286 0)
(-0.184762 -0.172883 0)
(-0.192232 -0.151744 0)
(-0.19765 -0.129725 0)
(-0.200881 -0.107163 0)
(-0.201861 -0.0844301 0)
(-0.200609 -0.0619115 0)
(-0.197223 -0.0399813 0)
(-0.191864 -0.018961 0)
(-0.184712 0.000923448 0)
(-0.175958 0.0195004 0)
(-0.165934 0.0364624 0)
(-0.00754362 -0.282178 0)
(-0.0231718 -0.286321 0)
(-0.0385746 -0.28278 0)
(-0.0537186 -0.277769 0)
(-0.0686083 -0.271225 0)
(-0.0831227 -0.263136 0)
(-0.0971658 -0.253487 0)
(-0.110614 -0.242276 0)
(-0.123321 -0.229518 0)
(-0.135126 -0.215255 0)
(-0.145851 -0.199558 0)
(-0.155316 -0.182538 0)
(-0.16334 -0.164347 0)
(-0.16976 -0.145184 0)
(-0.174438 -0.125291 0)
(-0.177281 -0.104945 0)
(-0.178247 -0.0844476 0)
(-0.177354 -0.0641095 0)
(-0.174679 -0.0442341 0)
(-0.170355 -0.0250936 0)
(-0.164536 -0.00690036 0)
(-0.157377 0.0101992 0)
(-0.149091 0.0260204 0)
(-0.00673922 -0.266235 0)
(-0.0207022 -0.270327 0)
(-0.034448 -0.267004 0)
(-0.047918 -0.262269 0)
(-0.0611213 -0.256086 0)
(-0.0739482 -0.248457 0)
(-0.08631 -0.239386 0)
(-0.0980973 -0.22889 0)
(-0.109187 -0.217002 0)
(-0.119444 -0.203774 0)
(-0.128727 -0.189287 0)
(-0.136895 -0.17365 0)
(-0.143807 -0.157006 0)
(-0.149342 -0.139532 0)
(-0.153398 -0.121434 0)
(-0.15591 -0.102946 0)
(-0.15685 -0.0843159 0)
(-0.156235 -0.0657997 0)
(-0.154129 -0.0476459 0)
(-0.150635 -0.0300827 0)
(-0.145884 -0.0133032 0)
(-0.140013 0.00253843 0)
(-0.133181 0.0173175 0)
(-0.00596879 -0.252046 0)
(-0.0183308 -0.256114 0)
(-0.0304918 -0.25301 0)
(-0.0423802 -0.248555 0)
(-0.0540047 -0.242731 0)
(-0.065268 -0.235552 0)
(-0.0760881 -0.227035 0)
(-0.0863693 -0.217212 0)
(-0.0960075 -0.206123 0)
(-0.104893 -0.193831 0)
(-0.112911 -0.180418 0)
(-0.11995 -0.165991 0)
(-0.125903 -0.150682 0)
(-0.130675 -0.134648 0)
(-0.134195 -0.118069 0)
(-0.136413 -0.101141 0)
(-0.137314 -0.084076 0)
(-0.136914 -0.0670853 0)
(-0.135262 -0.0503773 0)
(-0.132443 -0.0341448 0)
(-0.128565 -0.0185566 0)
(-0.123741 -0.00375775 0)
(-0.118091 0.01013 0)
(-0.0052342 -0.239529 0)
(-0.0160646 -0.243586 0)
(-0.0267141 -0.240692 0)
(-0.03711 -0.236506 0)
(-0.0472565 -0.231025 0)
(-0.0570668 -0.224272 0)
(-0.0664661 -0.216274 0)
(-0.0753721 -0.207068 0)
(-0.0836981 -0.196703 0)
(-0.0913537 -0.185246 0)
(-0.0982473 -0.172778 0)
(-0.10429 -0.159402 0)
(-0.109398 -0.145239 0)
(-0.113501 -0.130431 0)
(-0.116545 -0.115133 0)
(-0.118495 -0.099518 0)
(-0.119342 -0.0837634 0)
(-0.119101 -0.0680503 0)
(-0.117813 -0.0525556 0)
(-0.115543 -0.0374448 0)
(-0.112378 -0.0228639 0)
(-0.108414 -0.00894091 0)
(-0.103762 0.00419165 0)
(-0.00453466 -0.228625 0)
(-0.0139033 -0.232672 0)
(-0.0231147 -0.229971 0)
(-0.0321029 -0.226032 0)
(-0.0408627 -0.220868 0)
(-0.0493173 -0.214504 0)
(-0.0574003 -0.206976 0)
(-0.0650421 -0.198324 0)
(-0.0721706 -0.188602 0)
(-0.0787117 -0.177877 0)
(-0.0845914 -0.166231 0)
(-0.0897392 -0.153759 0)
(-0.0940912 -0.140574 0)
(-0.0975938 -0.126803 0)
(-0.100206 -0.112585 0)
(-0.101905 -0.098069 0)
(-0.102683 -0.0834101 0)
(-0.102555 -0.0687644 0)
(-0.101556 -0.0542847 0)
(-0.099738 -0.0401155 0)
(-0.0971711 -0.0263858 0)
(-0.0939368 -0.0132099 0)
(-0.0901163 -0.000713999 0)
(-0.00386629 -0.219298 0)
(-0.0118402 -0.223334 0)
(-0.0196842 -0.220801 0)
(-0.0273414 -0.217081 0)
(-0.0347951 -0.212197 0)
(-0.0419789 -0.20618 0)
(-0.0488354 -0.199065 0)
(-0.0553065 -0.190898 0)
(-0.0613321 -0.181734 0)
(-0.0668513 -0.171639 0)
(-0.0718052 -0.160694 0)
(-0.0761384 -0.148988 0)
(-0.079802 -0.136626 0)
(-0.0827553 -0.123722 0)
(-0.0849681 -0.110403 0)
(-0.0864234 -0.0967996 0)
(-0.0871184 -0.083049 0)
(-0.0870663 -0.0692879 0)
(-0.0862951 -0.0556503 0)
(-0.0848477 -0.042264 0)
(-0.08278 -0.0292446 0)
(-0.0801583 -0.0166927 0)
(-0.0770518 -0.00471367 0)
(-0.00322413 -0.211391 0)
(-0.00986488 -0.21541 0)
(-0.0164079 -0.213023 0)
(-0.0228007 -0.209495 0)
(-0.0290182 -0.20486 0)
(-0.0350036 -0.199149 0)
(-0.0407089 -0.192399 0)
(-0.0460852 -0.184656 0)
(-0.0510829 -0.175975 0)
(-0.0556534 -0.166421 0)
(-0.0597502 -0.156071 0)
(-0.063331 -0.145009 0)
(-0.0663583 -0.133333 0)
(-0.0688013 -0.12115 0)
(-0.0706381 -0.108571 0)
(-0.0718564 -0.0957181 0)
(-0.0724558 -0.0827115 0)
(-0.0724478 -0.0696739 0)
(-0.0718559 -0.0567253 0)
(-0.0707148 -0.0439803 0)
(-0.0690697 -0.0315443 0)
(-0.0669732 -0.019509 0)
(-0.0644801 -0.00796505 0)
(-0.00259677 -0.204667 0)
(-0.00796177 -0.208657 0)
(-0.0132805 -0.206387 0)
(-0.0184727 -0.203022 0)
(-0.0235193 -0.198606 0)
(-0.0283708 -0.193166 0)
(-0.0329877 -0.186737 0)
(-0.0373298 -0.179365 0)
(-0.0413579 -0.171103 0)
(-0.0450342 -0.162016 0)
(-0.0483239 -0.152173 0)
(-0.0511953 -0.141658 0)
(-0.0536208 -0.130561 0)
(-0.0555781 -0.118979 0)
(-0.0570513 -0.107016 0)
(-0.0580326 -0.094782 0)
(-0.058523 -0.082386 0)
(-0.0585326 -0.0699395 0)
(-0.0580804 -0.0575514 0)
(-0.0571943 -0.0453261 0)
(-0.0559101 -0.0333611 0)
(-0.0542698 -0.0217416 0)
(-0.0523159 -0.0105493 0)
(-0.00195008 -0.199559 0)
(-0.00608587 -0.203459 0)
(-0.0102807 -0.201264 0)
(-0.0143388 -0.198017 0)
(-0.0182795 -0.193765 0)
(-0.0220581 -0.188528 0)
(-0.0256446 -0.182343 0)
(-0.029008 -0.175253 0)
(-0.0321185 -0.16731 0)
(-0.0349486 -0.158577 0)
(-0.0374729 -0.149123 0)
(-0.0396687 -0.139026 0)
(-0.0415165 -0.128372 0)
(-0.043001 -0.117254 0)
(-0.0441123 -0.105767 0)
(-0.0448465 -0.0940128 0)
(-0.0452064 -0.082093 0)
(-0.0452015 -0.0701092 0)
(-0.044848 -0.0581612 0)
(-0.0441681 -0.0463446 0)
(-0.04319 -0.0347492 0)
(-0.0419466 -0.0234551 0)
(-0.0404742 -0.0125351 0)
(-0.0012421 -0.196706 0)
(-0.00415778 -0.200272 0)
(-0.00730144 -0.198142 0)
(-0.0102604 -0.19499 0)
(-0.0131277 -0.190858 0)
(-0.0158655 -0.185766 0)
(-0.0184567 -0.179747 0)
(-0.020881 -0.172844 0)
(-0.0231182 -0.165112 0)
(-0.0251493 -0.156609 0)
(-0.0269559 -0.147405 0)
(-0.0285215 -0.137576 0)
(-0.029832 -0.127204 0)
(-0.0308765 -0.116377 0)
(-0.0316484 -0.105189 0)
(-0.0321461 -0.0937339 0)
(-0.032373 -0.0821102 0)
(-0.0323378 -0.0704146 0)
(-0.0320542 -0.0587418 0)
(-0.0315407 -0.0471825 0)
(-0.0308202 -0.0358219 0)
(-0.0299192 -0.0247362 0)
(-0.0288682 -0.0139928 0)
(-0.000510005 -0.194746 0)
(-0.00218507 -0.197502 0)
(-0.00424793 -0.195503 0)
(-0.00606667 -0.19249 0)
(-0.00781847 -0.188493 0)
(-0.00948006 -0.183543 0)
(-0.01105 -0.177678 0)
(-0.0125201 -0.170946 0)
(-0.0138803 -0.163399 0)
(-0.0151196 -0.1551 0)
(-0.0162265 -0.146113 0)
(-0.0171902 -0.136514 0)
(-0.0180004 -0.126379 0)
(-0.0186492 -0.115795 0)
(-0.0191308 -0.104847 0)
(-0.0194425 -0.0936277 0)
(-0.019585 -0.0822286 0)
(-0.0195624 -0.0707417 0)
(-0.0193827 -0.0592577 0)
(-0.0190574 -0.0478635 0)
(-0.0186025 -0.0366413 0)
(-0.0180374 -0.0256657 0)
(-0.0173876 -0.0150016 0)
(2.44489e-05 -0.193325 0)
(-0.000473376 -0.195131 0)
(-0.0013 -0.193293 0)
(-0.00190894 -0.190405 0)
(-0.00248409 -0.186502 0)
(-0.00302345 -0.181638 0)
(-0.00353236 -0.175862 0)
(-0.00401057 -0.169227 0)
(-0.00445598 -0.161789 0)
(-0.00486562 -0.15361 0)
(-0.0052361 -0.144756 0)
(-0.00556383 -0.135301 0)
(-0.00584537 -0.125322 0)
(-0.00607759 -0.114903 0)
(-0.00625792 -0.10413 0)
(-0.00638444 -0.0930913 0)
(-0.006456 -0.0818762 0)
(-0.00647244 -0.0705733 0)
(-0.00643464 -0.0592689 0)
(-0.00634488 -0.0480451 0)
(-0.00620714 -0.036978 0)
(-0.00602755 -0.0261354 0)
(-0.00581559 -0.0155712 0)
(0.0364364 1.91448 0)
(-1.75418 0.155032 0)
(-1.48407 0.0419563 0)
(-1.30484 -0.0329553 0)
(-0.267226 1.33359 0)
(-1.52703 0.491797 0)
(-1.31152 -0.157536 0)
(-1.16992 -0.521639 0)
(-0.314772 2.27301 0)
(-1.19579 0.887309 0)
(-0.855096 -0.246835 0)
(-0.734668 -0.798885 0)
(-0.0659637 3.28361 0)
(-0.38281 1.19268 0)
(-0.0817186 -0.222696 0)
(-0.0768469 -0.934892 0)
(0.542386 3.08044 0)
(0.737953 1.13046 0)
(0.723042 -0.197886 0)
(0.606868 -0.887458 0)
(1.09895 2.81593 0)
(1.37933 1.06272 0)
(1.29494 -0.146301 0)
(1.08089 -0.725886 0)
(1.4555 2.5042 0)
(1.7537 1.06135 0)
(1.65328 -0.0104204 0)
(1.30816 -0.445563 0)
(1.63276 1.95935 0)
(1.84688 0.885502 0)
(1.66178 0.196233 0)
(1.28258 -0.104627 0)
(1.45556 1.65328 0)
(1.56486 0.946201 0)
(1.38979 0.461757 0)
(1.10773 0.193406 0)
(1.12825 1.48895 0)
(1.18338 1.01006 0)
(1.07674 0.642247 0)
(0.906943 0.397908 0)
(0.80247 1.3826 0)
(0.849141 1.03122 0)
(0.806894 0.740698 0)
(0.717918 0.522956 0)
(0.517666 1.29816 0)
(0.57811 1.01991 0)
(0.58234 0.781518 0)
(0.547364 0.590323 0)
(0.271114 1.20564 0)
(0.355792 0.979543 0)
(0.393798 0.781538 0)
(0.396236 0.616813 0)
(0.0670872 1.09281 0)
(0.174527 0.912552 0)
(0.235967 0.751605 0)
(0.26513 0.61359 0)
(-0.0886725 0.961833 0)
(0.031425 0.825797 0)
(0.108271 0.700282 0)
(0.155216 0.588777 0)
(-0.195081 0.822824 0)
(-0.0751493 0.72937 0)
(0.00897452 0.636731 0)
(0.0665905 0.549843 0)
(-0.259625 0.690376 0)
(-0.148014 0.632468 0)
(-0.0645478 0.568319 0)
(-0.00278364 0.503683 0)
(-0.293747 0.574459 0)
(-0.19415 0.542198 0)
(-0.115789 0.500254 0)
(-0.055121 0.454346 0)
(-0.307596 0.476584 0)
(-0.221048 0.461761 0)
(-0.150043 0.436298 0)
(-0.092826 0.405004 0)
(-0.308388 0.394663 0)
(-0.23439 0.391641 0)
(-0.171457 0.378305 0)
(-0.11898 0.358432 0)
(-0.30092 0.326318 0)
(-0.238272 0.331229 0)
(-0.183283 0.326667 0)
(-0.136052 0.315541 0)
(-0.288329 0.269443 0)
(-0.235611 0.279543 0)
(-0.188022 0.281214 0)
(-0.146052 0.27664 0)
(-0.272772 0.222259 0)
(-0.228529 0.235567 0)
(-0.187597 0.241552 0)
(-0.15064 0.241789 0)
(-0.255711 0.183152 0)
(-0.218586 0.19829 0)
(-0.183502 0.207159 0)
(-0.151163 0.210862 0)
(-0.238052 0.150646 0)
(-0.206874 0.166713 0)
(-0.176857 0.177445 0)
(-0.148685 0.183599 0)
(-0.220356 0.123542 0)
(-0.194138 0.139948 0)
(-0.168483 0.151825 0)
(-0.144018 0.159682 0)
(-0.202974 0.100889 0)
(-0.180893 0.117248 0)
(-0.158976 0.129767 0)
(-0.137781 0.138775 0)
(-0.186105 0.0819106 0)
(-0.167484 0.0979817 0)
(-0.148767 0.110794 0)
(-0.130439 0.120555 0)
(-0.169852 0.0659787 0)
(-0.154134 0.0816198 0)
(-0.138158 0.0944907 0)
(-0.122339 0.104716 0)
(-0.154253 0.0525903 0)
(-0.140986 0.0677246 0)
(-0.127362 0.0804995 0)
(-0.113737 0.0909829 0)
(-0.139309 0.0413374 0)
(-0.128122 0.0559335 0)
(-0.116524 0.0685137 0)
(-0.104819 0.0791096 0)
(-0.125008 0.0318839 0)
(-0.115586 0.0459454 0)
(-0.10574 0.058273 0)
(-0.0957208 0.0688802 0)
(-0.111291 0.02397 0)
(-0.103393 0.0375115 0)
(-0.095071 0.0495565 0)
(-0.0865376 0.060107 0)
(-0.098145 0.017355 0)
(-0.0915531 0.0304198 0)
(-0.0845548 0.0421763 0)
(-0.0773355 0.0526283 0)
(-0.0854795 0.0118765 0)
(-0.0800258 0.0244978 0)
(-0.0742033 0.0359769 0)
(-0.068157 0.0463068 0)
(-0.0732661 0.00741606 0)
(-0.0688075 0.0196125 0)
(-0.0640228 0.0308297 0)
(-0.0590291 0.0410274 0)
(-0.0614384 0.00379041 0)
(-0.0578617 0.0156426 0)
(-0.0540056 0.0266251 0)
(-0.049965 0.0366939 0)
(-0.0499288 0.000899627 0)
(-0.0471423 0.0124715 0)
(-0.0441349 0.0232727 0)
(-0.0409666 0.0332284 0)
(-0.0386849 -0.0013135 0)
(-0.0365989 0.0100472 0)
(-0.0343657 0.0207118 0)
(-0.0320247 0.0305749 0)
(-0.0276162 -0.00291023 0)
(-0.0261825 0.00833671 0)
(-0.0246831 0.0189044 0)
(-0.0231328 0.0286957 0)
(-0.0166402 -0.00395391 0)
(-0.0158265 0.00729118 0)
(-0.0150451 0.0178504 0)
(-0.0142831 0.0275963 0)
(-0.00558725 -0.00454198 0)
(-0.00540964 0.00676751 0)
(-0.00523747 0.0173956 0)
(-0.00505598 0.0271 0)
(-0.74277 0.0942447 0)
(-0.252298 -0.0986199 0)
(-0.0772328 -0.125297 0)
(-0.0115332 -0.103199 0)
(0.021068 -0.0766214 0)
(0.0370701 -0.0537193 0)
(0.0434446 -0.0353449 0)
(0.0447324 -0.0206459 0)
(0.0432254 -0.00915286 0)
(0.0402252 -0.000236797 0)
(0.0364119 0.00661875 0)
(0.0322276 0.0118987 0)
(0.0278883 0.0159515 0)
(0.0235073 0.0190421 0)
(0.0191413 0.0213688 0)
(0.0148143 0.0230781 0)
(0.0105303 0.0242753 0)
(0.00628943 0.0250329 0)
(0.00206672 0.0249899 0)
(-0.714801 -0.477568 0)
(-0.239616 -0.321608 0)
(-0.0651974 -0.198611 0)
(0.00616494 -0.131755 0)
(0.0375189 -0.0893857 0)
(0.0510159 -0.0588651 0)
(0.0544147 -0.0362831 0)
(0.0532086 -0.0194608 0)
(0.0496731 -0.00693531 0)
(0.0451227 0.0024245 0)
(0.0401562 0.00948188 0)
(0.0350855 0.0148213 0)
(0.0300622 0.0188625 0)
(0.025148 0.0219098 0)
(0.0203594 0.0241837 0)
(0.0156898 0.0258426 0)
(0.0111191 0.0269984 0)
(0.00662921 0.027727 0)
(0.00217796 0.0276377 0)
(-0.463981 -0.739294 0)
(-0.139737 -0.470711 0)
(-0.00550963 -0.265901 0)
(0.0437833 -0.16051 0)
(0.0642653 -0.0998808 0)
(0.0694291 -0.0613687 0)
(0.0673557 -0.0350679 0)
(0.0625321 -0.0167247 0)
(0.0565162 -0.00362484 0)
(0.0502024 0.00593703 0)
(0.0439506 0.0129852 0)
(0.037935 0.0182278 0)
(0.0322031 0.0221435 0)
(0.026748 0.0250652 0)
(0.0215382 0.0272269 0)
(0.0165319 0.0287933 0)
(0.0116828 0.0298786 0)
(0.00695266 0.0305603 0)
(0.00228335 0.0304155 0)
(-0.0562513 -0.879432 0)
(0.0293849 -0.546504 0)
(0.0854706 -0.29891 0)
(0.0975523 -0.169738 0)
(0.0964459 -0.100638 0)
(0.0902073 -0.0585012 0)
(0.0814816 -0.0307957 0)
(0.0722996 -0.012104 0)
(0.063456 0.00105744 0)
(0.0552383 0.0103999 0)
(0.04765 0.0171682 0)
(0.0406746 0.0221318 0)
(0.0342382 0.0257964 0)
(0.0282551 0.0285043 0)
(0.0226404 0.0304918 0)
(0.0173147 0.0319222 0)
(0.0122045 0.0329081 0)
(0.00725139 0.0335248 0)
(0.0023807 0.0333169 0)
(0.366689 -0.843319 0)
(0.221689 -0.518704 0)
(0.185096 -0.283918 0)
(0.155251 -0.159809 0)
(0.130721 -0.0913465 0)
(0.111612 -0.0497993 0)
(0.0954655 -0.0230145 0)
(0.0818623 -0.0051646 0)
(0.0701967 0.0071902 0)
(0.0600118 0.0158484 0)
(0.0511034 0.0220426 0)
(0.0432013 0.0265339 0)
(0.0360963 0.0298164 0)
(0.0296194 0.0322203 0)
(0.0236309 0.0339708 0)
(0.018014 0.0352221 0)
(0.0126687 0.0360796 0)
(0.00751649 0.0366138 0)
(0.00246713 0.0363344 0)
(0.675738 -0.676689 0)
(0.386408 -0.411376 0)
(0.273684 -0.230869 0)
(0.207522 -0.130947 0)
(0.162227 -0.0721083 0)
(0.131361 -0.0355178 0)
(0.108471 -0.0118164 0)
(0.0906044 0.00400236 0)
(0.0762143 0.0147263 0)
(0.0642719 0.0222337 0)
(0.0541584 0.0275648 0)
(0.0454151 0.0313958 0)
(0.0377097 0.0341704 0)
(0.0307943 0.0361847 0)
(0.0244777 0.0376392 0)
(0.0186082 0.0386712 0)
(0.0130613 0.0393737 0)
(0.00774008 0.0398092 0)
(0.00254007 0.0394508 0)
(0.829381 -0.423116 0)
(0.493163 -0.265936 0)
(0.338267 -0.155558 0)
(0.247263 -0.0882034 0)
(0.187596 -0.0446445 0)
(0.147782 -0.0162727 0)
(0.11929 0.00236323 0)
(0.0979075 0.0149081 0)
(0.0812434 0.0234728 0)
(0.0678068 0.0294411 0)
(0.0566751 0.0336541 0)
(0.0472237 0.0366574 0)
(0.0390162 0.0388121 0)
(0.0317374 0.0403605 0)
(0.0251519 0.0414672 0)
(0.0190779 0.0422444 0)
(0.0133699 0.0427688 0)
(0.0079152 0.0430913 0)
(0.0025973 0.0426477 0)
(0.850072 -0.15701 0)
(0.540471 -0.116863 0)
(0.374258 -0.0720282 0)
(0.272058 -0.0375038 0)
(0.204773 -0.011641 0)
(0.159374 0.00637752 0)
(0.127165 0.0187456 0)
(0.103313 0.0272828 0)
(0.0849893 0.0331873 0)
(0.0704343 0.0373056 0)
(0.0585347 0.0401974 0)
(0.0485483 0.042238 0)
(0.0399627 0.0436819 0)
(0.0324126 0.0447026 0)
(0.0256287 0.0454189 0)
(0.0194065 0.0459128 0)
(0.0135839 0.0462399 0)
(0.00803592 0.046438 0)
(0.00263688 0.0459042 0)
(0.791711 0.0641279 0)
(0.539372 0.0172212 0)
(0.383299 0.0103276 0)
(0.281675 0.0154423 0)
(0.213041 0.0235774 0)
(0.16563 0.0308378 0)
(0.131691 0.0364617 0)
(0.106526 0.0406022 0)
(0.0872501 0.0435522 0)
(0.072022 0.0456206 0)
(0.0596488 0.0470551 0)
(0.0493293 0.04804 0)
(0.0405087 0.0487092 0)
(0.032792 0.049158 0)
(0.0258893 0.0494535 0)
(0.0195812 0.0496431 0)
(0.013695 0.0497593 0)
(0.00809762 0.0498244 0)
(0.00265734 0.0491974 0)
(0.696003 0.227991 0)
(0.504302 0.128535 0)
(0.370693 0.0849217 0)
(0.277956 0.0661213 0)
(0.21289 0.058528 0)
(0.16655 0.0556279 0)
(0.132749 0.0546114 0)
(0.107425 0.0543062 0)
(0.0879259 0.0542156 0)
(0.0724968 0.0541562 0)
(0.0599655 0.0540716 0)
(0.0495299 0.0539548 0)
(0.0406283 0.0538157 0)
(0.0328576 0.0536684 0)
(0.025921 0.0535261 0)
(0.0195934 0.0533996 0)
(0.0136978 0.053297 0)
(0.00809722 0.0532242 0)
(0.00265768 0.0525025 0)
(0.585792 0.341474 0)
(0.449006 0.215665 0)
(0.342625 0.148266 0)
(0.263536 0.111572 0)
(0.205436 0.0911725 0)
(0.162563 0.0794311 0)
(0.130493 0.0723524 0)
(0.106052 0.0678528 0)
(0.0870171 0.0648247 0)
(0.0718468 0.0626769 0)
(0.059471 0.0610861 0)
(0.0491382 0.0598691 0)
(0.040312 0.0589195 0)
(0.0326021 0.0581731 0)
(0.0257185 0.05759 0)
(0.0194396 0.0571451 0)
(0.0135899 0.0568218 0)
(0.00803332 0.0566101 0)
(0.00263744 0.0557943 0)
(0.473247 0.414454 0)
(0.383401 0.279579 0)
(0.30458 0.198805 0)
(0.241235 0.150033 0)
(0.19214 0.120071 0)
(0.154394 0.101212 0)
(0.125279 0.0889753 0)
(0.102583 0.0807611 0)
(0.0846122 0.0750534 0)
(0.0701167 0.0709593 0)
(0.0581883 0.0679421 0)
(0.0481661 0.0656716 0)
(0.0395662 0.0639395 0)
(0.0320292 0.0626112 0)
(0.025284 0.0615984 0)
(0.0191206 0.060842 0)
(0.0133717 0.0603025 0)
(0.00790625 0.0599544 0)
(0.00259674 0.059047 0)
(0.365398 0.455556 0)
(0.314461 0.322587 0)
(0.261095 0.23644 0)
(0.213744 0.180736 0)
(0.174564 0.14437 0)
(0.142925 0.120255 0)
(0.117601 0.103939 0)
(0.0972964 0.0926396 0)
(0.0808692 0.0846228 0)
(0.0673988 0.0788044 0)
(0.0561725 0.0744971 0)
(0.0466476 0.0712585 0)
(0.0384122 0.0687986 0)
(0.0311526 0.0669246 0)
(0.0246263 0.0655059 0)
(0.0186425 0.064454 0)
(0.0130469 0.0637085 0)
(0.00771803 0.0632304 0)
(0.0025362 0.0622358 0)
(0.266689 0.471722 0)
(0.246987 0.34761 0)
(0.215739 0.262015 0)
(0.18344 0.203648 0)
(0.15421 0.163709 0)
(0.129077 0.136143 0)
(0.108016 0.11688 0)
(0.0905294 0.103199 0)
(0.0759948 0.0933127 0)
(0.0638213 0.0860476 0)
(0.0535048 0.0806283 0)
(0.0446349 0.0765379 0)
(0.0368847 0.0734276 0)
(0.0299953 0.0710598 0)
(0.0237608 0.0692706 0)
(0.0180153 0.0679469 0)
(0.0126221 0.0670112 0)
(0.00747221 0.0664124 0)
(0.00245695 0.0653364 0)
(0.179954 0.468755 0)
(0.18414 0.357815 0)
(0.171183 0.27696 0)
(0.152289 0.219238 0)
(0.132417 0.178101 0)
(0.113731 0.14872 0)
(0.0970925 0.127599 0)
(0.0826471 0.112252 0)
(0.0702232 0.100966 0)
(0.0595361 0.0925633 0)
(0.050285 0.0862375 0)
(0.0421948 0.0814335 0)
(0.0350285 0.0777671 0)
(0.0285879 0.0749701 0)
(0.0227084 0.0728548 0)
(0.0172531 0.0712897 0)
(0.012106 0.0701838 0)
(0.00717375 0.0694766 0)
(0.00236057 0.0683267 0)
(0.106671 0.451974 0)
(0.127904 0.356296 0)
(0.129316 0.282941 0)
(0.121806 0.228298 0)
(0.110306 0.187842 0)
(0.0976769 0.158036 0)
(0.0853708 0.13604 0)
(0.0740126 0.119707 0)
(0.0637985 0.107487 0)
(0.0547075 0.0982657 0)
(0.0466245 0.0912524 0)
(0.0394033 0.0858863 0)
(0.0328962 0.0817689 0)
(0.0269669 0.0786164 0)
(0.0214942 0.0762263 0)
(0.0163728 0.0744553 0)
(0.0115097 0.073203 0)
(0.00682875 0.0724019 0)
(0.00224899 0.0711866 0)
(0.0464672 0.426122 0)
(0.0791668 0.34604 0)
(0.0914278 0.28167 0)
(0.0931128 0.231747 0)
(0.0887535 0.193403 0)
(0.0815812 0.164295 0)
(0.0733323 0.14226 0)
(0.0649661 0.125554 0)
(0.0569587 0.112837 0)
(0.0495017 0.103108 0)
(0.0426394 0.0956272 0)
(0.0363419 0.0898549 0)
(0.030545 0.0853974 0)
(0.0251723 0.0819681 0)
(0.0201464 0.0793591 0)
(0.0153937 0.0774211 0)
(0.0108456 0.0760486 0)
(0.00644419 0.0751698 0)
(0.00212444 0.0738984 0)
(-0.00213805 0.395362 0)
(0.0381196 0.329868 0)
(0.058159 0.274989 0)
(0.066955 0.23056 0)
(0.0684424 0.195333 0)
(0.0659762 0.167786 0)
(0.0613833 0.146405 0)
(0.0558118 0.129847 0)
(0.0499251 0.117026 0)
(0.0440781 0.107078 0)
(0.0384446 0.0993402 0)
(0.0330932 0.0933151 0)
(0.0280342 0.0886289 0)
(0.0232468 0.0850034 0)
(0.0186949 0.0822335 0)
(0.0143365 0.0801695 0)
(0.0101273 0.0787046 0)
(0.00602771 0.0777652 0)
(0.00198938 0.0764477 0)
(-0.0398073 0.362234 0)
(0.00423861 0.3102 0)
(0.0296277 0.264511 0)
(0.0436436 0.225825 0)
(0.0498316 0.19428 0)
(0.0512818 0.168871 0)
(0.0498595 0.148655 0)
(0.0468059 0.132693 0)
(0.0428943 0.120103 0)
(0.038584 0.110191 0)
(0.0341487 0.102392 0)
(0.0297371 0.0962588 0)
(0.0254225 0.0914515 0)
(0.0212329 0.0877094 0)
(0.0171705 0.0848363 0)
(0.0132228 0.0826876 0)
(0.00936875 0.0811586 0)
(0.00558728 0.0801763 0)
(0.00184635 0.078823 0)
(-0.0679545 0.328406 0)
(-0.0228394 0.288557 0)
(0.00564273 0.251429 0)
(0.0233423 0.21858 0)
(0.0331426 0.190851 0)
(0.0377446 0.167961 0)
(0.039013 0.149252 0)
(0.0381698 0.134208 0)
(0.0360319 0.122142 0)
(0.0331491 0.11249 0)
(0.0298515 0.1048 0)
(0.0263486 0.0986919 0)
(0.022766 0.0938643 0)
(0.0191722 0.0900811 0)
(0.0156034 0.0871608 0)
(0.0120738 0.0849679 0)
(0.00858422 0.0834027 0)
(0.00513097 0.082395 0)
(0.00169797 0.081016 0)
(-0.0882335 0.295573 0)
(-0.0438418 0.266024 0)
(-0.0139581 0.236703 0)
(0.00602262 0.20954 0)
(0.0184561 0.185653 0)
(0.0255468 0.165407 0)
(0.0289983 0.148487 0)
(0.0300616 0.134575 0)
(0.0294887 0.123228 0)
(0.0278848 0.114028 0)
(0.0256401 0.1066 0)
(0.0229962 0.100632 0)
(0.0201168 0.0958756 0)
(0.017104 0.0921211 0)
(0.0140225 0.0892062 0)
(0.0109103 0.0870074 0)
(0.00778749 0.0854329 0)
(0.00466665 0.0844167 0)
(0.00154677 0.0830219 0)
(-0.102091 0.264554 0)
(-0.059632 0.243614 0)
(-0.0295533 0.221138 0)
(-0.00836921 0.199232 0)
(0.00578775 0.179199 0)
(0.0147488 0.161579 0)
(0.0199621 0.146607 0)
(0.0225753 0.133983 0)
(0.0233532 0.123494 0)
(0.022892 0.114872 0)
(0.0215915 0.107826 0)
(0.0197387 0.102107 0)
(0.017522 0.0975017 0)
(0.0150643 0.0938385 0)
(0.0124548 0.0909768 0)
(0.00975155 0.0888078 0)
(0.00699163 0.0872487 0)
(0.00420184 0.0862401 0)
(0.00139514 0.0848385 0)
(-0.110794 0.235799 0)
(-0.071011 0.221951 0)
(-0.04161 0.20539 0)
(-0.0200284 0.188202 0)
(-0.00487839 0.171811 0)
(0.0053828 0.156873 0)
(0.0119481 0.143797 0)
(0.0157948 0.132587 0)
(0.0176995 0.123075 0)
(0.0182228 0.11512 0)
(0.0177699 0.10854 0)
(0.0166326 0.103146 0)
(0.015022 0.0987645 0)
(0.0130849 0.0952481 0)
(0.0109246 0.0924819 0)
(0.00861541 0.0903742 0)
(0.00620872 0.0888533 0)
(0.00374346 0.087867 0)
(0.00124527 0.0864669 0)
(-0.115425 0.209535 0)
(-0.078714 0.201442 0)
(-0.050584 0.18991 0)
(-0.0292216 0.176904 0)
(-0.0136232 0.163838 0)
(-0.002578 0.151508 0)
(0.00495921 0.140326 0)
(0.0097857 0.130515 0)
(0.0125796 0.122064 0)
(0.0139314 0.114865 0)
(0.0142111 0.108819 0)
(0.0137136 0.103799 0)
(0.0126552 0.09969 0)
(0.011194 0.0963651 0)
(0.00945305 0.0937348 0)
(0.00751754 0.0917157 0)
(0.00544972 0.0902529 0)
(0.00329771 0.0893023 0)
(0.00109899 0.0879105 0)
(-0.116879 0.185804 0)
(-0.0833929 0.182328 0)
(-0.0569131 0.175016 0)
(-0.0362175 0.165659 0)
(-0.0206087 0.155598 0)
(-0.00915617 0.145672 0)
(-0.00101728 0.136384 0)
(0.00452564 0.127949 0)
(0.00804821 0.120563 0)
(0.010059 0.114173 0)
(0.0109505 0.108715 0)
(0.0110073 0.104119 0)
(0.0104419 0.100321 0)
(0.00941581 0.0972142 0)
(0.00806057 0.0947496 0)
(0.00647123 0.0928421 0)
(0.00472424 0.091456 0)
(0.00286993 0.090554 0)
(0.0009577 0.0891746 0)
(-0.115878 0.164537 0)
(-0.0856091 0.164727 0)
(-0.0610001 0.16092 0)
(-0.0412828 0.154707 0)
(-0.0260001 0.147325 0)
(-0.0144562 0.139601 0)
(-0.00598452 0.132076 0)
(2.47343e-05 0.125047 0)
(0.00408579 0.118694 0)
(0.00662962 0.113123 0)
(0.00801621 0.108281 0)
(0.00854238 0.104149 0)
(0.00840168 0.100689 0)
(0.00776154 0.0978295 0)
(0.00675971 0.0955459 0)
(0.00548883 0.0937682 0)
(0.00404198 0.0924735 0)
(0.00246441 0.0916291 0)
(0.000821695 0.090268 0)
(-0.113 0.1456 0)
(-0.085837 0.148672 0)
(-0.0632041 0.147749 0)
(-0.0446706 0.14422 0)
(-0.029964 0.139196 0)
(-0.018581 0.133467 0)
(-0.0100019 0.127578 0)
(-0.00372868 0.121877 0)
(0.000697625 0.116571 0)
(0.00364246 0.111788 0)
(0.00542167 0.107577 0)
(0.00633082 0.103928 0)
(0.0065496 0.100818 0)
(0.00624794 0.0982391 0)
(0.00555895 0.0961469 0)
(0.00457872 0.0945157 0)
(0.00340862 0.0933182 0)
(0.00208463 0.0925445 0)
(0.000692308 0.0911953 0)
(-0.108697 0.128824 0)
(-0.0844723 0.134142 0)
(-0.0638395 0.135576 0)
(-0.0466147 0.134318 0)
(-0.0326634 0.131349 0)
(-0.0216367 0.127404 0)
(-0.0131378 0.123017 0)
(-0.00676306 0.118553 0)
(-0.00213265 0.114255 0)
(0.00108823 0.110252 0)
(0.00317491 0.106657 0)
(0.00437909 0.103495 0)
(0.0048977 0.100755 0)
(0.00488485 0.0984615 0)
(0.00446635 0.0965746 0)
(0.00374657 0.0951 0)
(0.00282566 0.0940076 0)
(0.00173568 0.0933137 0)
(0.000573319 0.0919694 0)
(-0.103329 0.114031 0)
(-0.0818411 0.121082 0)
(-0.0631775 0.124428 0)
(-0.0473263 0.125076 0)
(-0.0342537 0.123883 0)
(-0.0237312 0.12152 0)
(-0.015464 0.118493 0)
(-0.00913094 0.115172 0)
(-0.00441802 0.111812 0)
(-0.00103784 0.108579 0)
(0.00126015 0.105581 0)
(0.00269544 0.102894 0)
(0.00344983 0.100533 0)
(0.00367367 0.0985219 0)
(0.00348868 0.0968532 0)
(0.0029977 0.0955357 0)
(0.00229586 0.0945591 0)
(0.00141924 0.0939461 0)
(0.000468176 0.0926073 0)
(-0.0971703 0.10104 0)
(-0.0782098 0.109418 0)
(-0.0614492 0.114302 0)
(-0.0469933 0.11654 0)
(-0.0348792 0.11687 0)
(-0.0249706 0.115894 0)
(-0.0170548 0.114088 0)
(-0.0108816 0.11181 0)
(-0.00619435 0.109323 0)
(-0.00274934 0.106811 0)
(-0.000326181 0.104398 0)
(0.0012705 0.102171 0)
(0.00220546 0.100179 0)
(0.00261867 0.098452 0)
(0.00262733 0.0970034 0)
(0.00233362 0.0958449 0)
(0.00182232 0.0949823 0)
(0.00113591 0.094455 0)
(0.00037643 0.0931238 0)
(-0.0904361 0.0896824 0)
(-0.0737941 0.0990619 0)
(-0.0588498 0.105178 0)
(-0.045781 0.108733 0)
(-0.0346722 0.110358 0)
(-0.0254557 0.110591 0)
(-0.0179845 0.109868 0)
(-0.0120674 0.108533 0)
(-0.00749752 0.106849 0)
(-0.00407066 0.105007 0)
(-0.00159656 0.103146 0)
(9.71865e-05 0.101364 0)
(0.00115961 0.0997253 0)
(0.00171839 0.0982773 0)
(0.00188331 0.0970447 0)
(0.00175286 0.096046 0)
(0.00140497 0.0952934 0)
(0.000887424 0.0948531 0)
(0.000296677 0.0935331 0)
(-0.0832898 0.0797983 0)
(-0.0687683 0.0899266 0)
(-0.0555431 0.0970211 0)
(-0.0438331 0.101659 0)
(-0.0337519 0.104379 0)
(-0.0252813 0.105654 0)
(-0.0183256 0.105884 0)
(-0.012742 0.105394 0)
(-0.00836612 0.104438 0)
(-0.00502913 0.103212 0)
(-0.00256881 0.101865 0)
(-0.000835425 0.100503 0)
(0.000305011 0.0992034 0)
(0.000968064 0.0980217 0)
(0.00125344 0.0969978 0)
(0.00125493 0.0961556 0)
(0.00104422 0.0955102 0)
(0.000672597 0.0951529 0)
(0.000228136 0.0938498 0)
(-0.0758557 0.0712453 0)
(-0.0632716 0.0819248 0)
(-0.0516659 0.08979 0)
(-0.0412742 0.0953134 0)
(-0.0322253 0.0989511 0)
(-0.0245355 0.101119 0)
(-0.0181478 0.102179 0)
(-0.0129589 0.102434 0)
(-0.00884033 0.102132 0)
(-0.00565427 0.101467 0)
(-0.0032642 0.100591 0)
(-0.00154128 0.0996198 0)
(-0.000368198 0.0986382 0)
(0.000360405 0.0977095 0)
(0.000734379 0.0968816 0)
(0.000836481 0.09619 0)
(0.000737654 0.0956487 0)
(0.00049111 0.0953679 0)
(0.000170352 0.0940876 0)
(-0.0682269 0.0638961 0)
(-0.0574155 0.0749745 0)
(-0.047332 0.0834414 0)
(-0.0382115 0.0896819 0)
(-0.0301877 0.094082 0)
(-0.0232988 0.0970062 0)
(-0.0175173 0.0987817 0)
(-0.0127708 0.0996902 0)
(-0.008961 0.0999674 0)
(-0.00597714 0.0998052 0)
(-0.0037059 0.0993566 0)
(-0.00203781 0.0987417 0)
(-0.000871094 0.0980529 0)
(-0.000113421 0.0973607 0)
(0.000318046 0.0967167 0)
(0.000495372 0.0961634 0)
(0.000484008 0.0957253 0)
(0.000340313 0.0955115 0)
(0.000122583 0.0942594 0)
(-0.0604722 0.0576402 0)
(-0.0512882 0.0690006 0)
(-0.042636 0.0779317 0)
(-0.0347374 0.0847467 0)
(-0.0277234 0.0897735 0)
(-0.0216452 0.0933316 0)
(-0.0164962 0.0957163 0)
(-0.0122286 0.0971887 0)
(-0.00876891 0.0979724 0)
(-0.00602976 0.0982542 0)
(-0.00391859 0.0981869 0)
(-0.00234377 0.0978931 0)
(-0.00121837 0.0974699 0)
(-0.000462251 0.0969929 0)
(-2.70617e-06 0.0965199 0)
(0.000225587 0.0960943 0)
(0.000280324 0.0957508 0)
(0.000217834 0.0955962 0)
(8.42836e-05 0.0943772 0)
(-0.0526416 0.0523829 0)
(-0.0449599 0.0639364 0)
(-0.0376564 0.0732194 0)
(-0.0309315 0.0804881 0)
(-0.0249075 0.0860223 0)
(-0.019642 0.0901038 0)
(-0.0151429 0.0929994 0)
(-0.0113813 0.094951 0)
(-0.00830431 0.0961703 0)
(-0.00584453 0.0968379 0)
(-0.00392791 0.097105 0)
(-0.00247915 0.0970951 0)
(-0.0014254 0.0969084 0)
(-0.000698331 0.0966241 0)
(-0.000235148 0.0963045 0)
(2.12873e-05 0.0959968 0)
(0.000121629 0.0957378 0)
(0.000122037 0.0956355 0)
(5.46417e-05 0.0944512 0)
(-0.0447707 0.0480448 0)
(-0.0384862 0.059724 0)
(-0.0324589 0.0692667 0)
(-0.0268624 0.0768855 0)
(-0.0218067 0.0828221 0)
(-0.0173507 0.087327 0)
(-0.0135118 0.0906426 0)
(-0.0102758 0.0929933 0)
(-0.00760659 0.0945796 0)
(-0.00545389 0.0955756 0)
(-0.00376008 0.0961297 0)
(-0.00246482 0.0963656 0)
(-0.00150849 0.0963849 0)
(-0.000834204 0.0962697 0)
(-0.000388955 0.0960851 0)
(-0.000123915 0.0958817 0)
(4.38779e-06 0.0956984 0)
(4.91195e-05 0.0956395 0)
(3.12561e-05 0.0944919 0)
(-0.0368834 0.0445614 0)
(-0.0319115 0.0563146 0)
(-0.0270992 0.0660401 0)
(-0.0225904 0.0739193 0)
(-0.0184809 0.0801649 0)
(-0.0148276 0.0850022 0)
(-0.011654 0.0886533 0)
(-0.00895693 0.0913274 0)
(-0.00671407 0.0932146 0)
(-0.00488997 0.0944826 0)
(-0.00344157 0.0952765 0)
(-0.00232222 0.0957194 0)
(-0.0014847 0.0959134 0)
(-0.000883151 0.0959425 0)
(-0.000474231 0.0958738 0)
(-0.000217495 0.0957601 0)
(-7.69924e-05 0.0956421 0)
(-3.19776e-06 0.0956166 0)
(1.43052e-05 0.0945092 0)
(-0.0289955 0.0418836 0)
(-0.0252722 0.0536691 0)
(-0.021625 0.0635113 0)
(-0.0181686 0.0715716 0)
(-0.0149841 0.078042 0)
(-0.0121246 0.0831283 0)
(-0.00961717 0.0870362 0)
(-0.00746728 0.0899619 0)
(-0.00566393 0.0920862 0)
(-0.00418449 0.093571 0)
(-0.0029989 0.0945581 0)
(-0.00207311 0.0951689 0)
(-0.00137157 0.0955058 0)
(-0.000859033 0.0956536 0)
(-0.000501627 0.0956808 0)
(-0.000267331 0.0956415 0)
(-0.000127899 0.0955779 0)
(-3.82151e-05 0.0955766 0)
(2.58606e-06 0.0945092 0)
(-0.02112 0.0399747 0)
(-0.0185996 0.0517542 0)
(-0.0160782 0.061653 0)
(-0.0136439 0.0698224 0)
(-0.0113645 0.0764405 0)
(-0.00928854 0.0816985 0)
(-0.0074451 0.0857893 0)
(-0.00584637 0.0888985 0)
(-0.00449097 0.091199 0)
(-0.00336744 0.0928472 0)
(-0.00245747 0.0939815 0)
(-0.00173861 0.0947217 0)
(-0.00118634 0.0951697 0)
(-0.000775602 0.0954103 0)
(-0.000481815 0.0955129 0)
(-0.000281339 0.0955326 0)
(-0.000153737 0.0955122 0)
(-5.94764e-05 0.0955264 0)
(-5.34455e-06 0.0944972 0)
(-0.0132812 0.0388368 0)
(-0.0119455 0.0505746 0)
(-0.0105289 0.0604756 0)
(-0.00909786 0.0686879 0)
(-0.00770851 0.0753815 0)
(-0.00640536 0.0807375 0)
(-0.00521942 0.0849393 0)
(-0.00416903 0.0881646 0)
(-0.00326171 0.0905797 0)
(-0.00249648 0.0923366 0)
(-0.00186614 0.0935704 0)
(-0.00135928 0.0943992 0)
(-0.000961974 0.0949239 0)
(-0.000659048 0.0952293 0)
(-0.000434983 0.0953849 0)
(-0.000274388 0.0954463 0)
(-0.000164605 0.0954566 0)
(-7.32961e-05 0.095479 0)
(-1.18169e-05 0.0944812 0)
(-0.0048381 0.0382825 0)
(-0.00449431 0.0499434 0)
(-0.00408177 0.0597973 0)
(-0.00362654 0.0679947 0)
(-0.00315366 0.0747023 0)
(-0.00268581 0.0800957 0)
(-0.00224121 0.0843516 0)
(-0.00183297 0.0876412 0)
(-0.00146926 0.0901255 0)
(-0.00115393 0.0919518 0)
(-0.000887414 0.0932521 0)
(-0.000667564 0.094142 0)
(-0.000490474 0.0947211 0)
(-0.000351132 0.0950732 0)
(-0.000243941 0.0952677 0)
(-0.000162978 0.0953601 0)
(-0.000103827 0.0953935 0)
(-5.00695e-05 0.0954172 0)
(-9.93714e-06 0.0944513 0)
)
;

boundaryField
{
    leftWall
    {
        type            noSlip;
    }
    rightWall
    {
        type            noSlip;
    }
    lowerWall
    {
        type            noSlip;
    }
    atmosphere
    {
        type            pressureInletOutletVelocity;
        value           nonuniform List<vector> 
46
(
(0 -0.193325 0)
(0 -0.195131 0)
(0 -0.193293 0)
(0 -0.190405 0)
(0 -0.186502 0)
(0 -0.181638 0)
(0 -0.175862 0)
(0 -0.169227 0)
(0 -0.161789 0)
(0 -0.15361 0)
(0 -0.144756 0)
(0 -0.135301 0)
(0 -0.125322 0)
(0 -0.114903 0)
(0 -0.10413 0)
(0 -0.0930913 0)
(0 -0.0818762 0)
(0 -0.0705733 0)
(0 -0.0592689 0)
(0 -0.0480451 0)
(0 -0.036978 0)
(0 -0.0261354 0)
(0 -0.0155712 0)
(0 -0.00454198 0)
(-0.00540964 0.00676751 0)
(-0.00523747 0.0173956 0)
(-0.00505598 0.0271 0)
(-0.0048381 0.0382825 0)
(-0.00449431 0.0499434 0)
(-0.00408177 0.0597973 0)
(-0.00362654 0.0679947 0)
(-0.00315366 0.0747023 0)
(-0.00268581 0.0800957 0)
(-0.00224121 0.0843516 0)
(-0.00183297 0.0876412 0)
(-0.00146926 0.0901255 0)
(-0.00115393 0.0919518 0)
(-0.000887414 0.0932521 0)
(-0.000667564 0.094142 0)
(-0.000490474 0.0947211 0)
(-0.000351132 0.0950732 0)
(-0.000243941 0.0952677 0)
(-0.000162978 0.0953601 0)
(-0.000103827 0.0953935 0)
(-5.00695e-05 0.0954172 0)
(-9.93714e-06 0.0944513 0)
)
;
    }
    defaultFaces
    {
        type            empty;
    }
}


// ************************************************************************* //
