/*--------------------------------*- C++ -*----------------------------------*\
| =========                 |                                                 |
| \\      /  F ield         | OpenFOAM: The Open Source CFD Toolbox           |
|  \\    /   O peration     | Version:  2206                                  |
|   \\  /    A nd           | Website:  www.openfoam.com                      |
|    \\/     M anipulation  |                                                 |
\*---------------------------------------------------------------------------*/
FoamFile
{
    version     2.0;
    format      ascii;
    arch        "LSB;label=32;scalar=64";
    class       surfaceScalarField;
    location    "0.25";
    object      phi;
}
// * * * * * * * * * * * * * * * * * * * * * * * * * * * * * * * * * * * * * //

dimensions      [0 3 -1 0 0 0 0];

oriented        oriented;

internalField   nonuniform List<scalar> 
4432
(
7.69841e-07
-7.69841e-07
2.32395e-06
-1.55411e-06
3.93749e-06
-1.61353e-06
5.39817e-06
-1.46069e-06
6.71754e-06
-1.31937e-06
7.94167e-06
-1.22413e-06
9.09297e-06
-1.15129e-06
1.017e-05
-1.07699e-06
1.11579e-05
-9.87952e-07
1.20356e-05
-8.77632e-07
1.27767e-05
-7.41165e-07
1.33461e-05
-5.69335e-07
1.36947e-05
-3.48682e-07
1.3758e-05
-6.32436e-08
1.34117e-05
3.46311e-07
1.25557e-05
8.55954e-07
1.11357e-05
1.41998e-06
9.17375e-06
1.96198e-06
6.82608e-06
2.34767e-06
4.40243e-06
2.42365e-06
2.26569e-06
2.13674e-06
7.85955e-07
1.47974e-06
7.85953e-07
7.68826e-07
-1.53866e-06
2.33724e-06
-3.12252e-06
3.9778e-06
-3.25409e-06
5.46713e-06
-2.95002e-06
6.81068e-06
-2.66293e-06
8.05583e-06
-2.46928e-06
9.22834e-06
-2.3238e-06
1.0329e-05
-2.17762e-06
1.13443e-05
-2.00324e-06
1.22543e-05
-1.7877e-06
1.3036e-05
-1.52281e-06
1.36672e-05
-1.20053e-06
1.41315e-05
-8.13045e-07
1.44173e-05
-3.49039e-07
1.45365e-05
2.27118e-07
1.44838e-05
9.08662e-07
1.41484e-05
1.75535e-06
1.33588e-05
2.75158e-06
1.19107e-05
3.79584e-06
9.66875e-06
4.66557e-06
6.71621e-06
5.08927e-06
3.35095e-06
4.845e-06
4.1369e-06
7.54135e-07
-2.2928e-06
2.33445e-06
-4.70283e-06
4.00681e-06
-4.92645e-06
5.52979e-06
-4.473e-06
6.90026e-06
-4.03339e-06
8.16747e-06
-3.73648e-06
9.3624e-06
-3.51873e-06
1.04898e-05
-3.30506e-06
1.15387e-05
-3.05206e-06
1.24906e-05
-2.73962e-06
1.33241e-05
-2.35632e-06
1.40147e-05
-1.89114e-06
1.45316e-05
-1.32996e-06
1.48379e-05
-6.5532e-07
1.49205e-05
1.4452e-07
1.47505e-05
1.07865e-06
1.43391e-05
2.16681e-06
1.36606e-05
3.43009e-06
1.25941e-05
4.86225e-06
1.08771e-05
6.38258e-06
8.20999e-06
7.75641e-06
4.47386e-06
8.58112e-06
8.61076e-06
7.33039e-07
-3.02583e-06
2.33302e-06
-6.3028e-06
4.05261e-06
-6.64603e-06
5.62473e-06
-6.04513e-06
7.03492e-06
-5.44359e-06
8.33508e-06
-5.03664e-06
9.56336e-06
-4.74699e-06
1.07302e-05
-4.47191e-06
1.18277e-05
-4.14955e-06
1.28393e-05
-3.7512e-06
1.37444e-05
-3.26145e-06
1.45193e-05
-2.66606e-06
1.51368e-05
-1.94743e-06
1.55662e-05
-1.0848e-06
1.57597e-05
-4.89464e-08
1.56708e-05
1.16752e-06
1.52417e-05
2.59591e-06
1.44312e-05
4.24063e-06
1.31884e-05
6.10501e-06
1.13829e-05
8.18813e-06
8.72552e-06
1.04138e-05
4.87433e-06
1.24323e-05
1.34851e-05
7.08755e-07
-3.73458e-06
2.33419e-06
-7.92824e-06
4.11241e-06
-8.42425e-06
5.74604e-06
-7.67876e-06
7.20715e-06
-6.90469e-06
8.55053e-06
-6.38002e-06
9.82268e-06
-6.01914e-06
1.1041e-05
-5.69022e-06
1.22016e-05
-5.31018e-06
1.32903e-05
-4.83983e-06
1.4288e-05
-4.2592e-06
1.51729e-05
-3.55097e-06
1.59191e-05
-2.69364e-06
1.64943e-05
-1.65999e-06
1.68614e-05
-4.16e-07
1.69575e-05
1.07142e-06
1.6707e-05
2.84634e-06
1.60023e-05
4.94533e-06
1.47202e-05
7.3872e-06
1.2732e-05
1.01763e-05
9.84238e-06
1.33034e-05
5.66707e-06
1.66076e-05
1.91522e-05
6.83219e-07
-4.4178e-06
2.33935e-06
-9.58437e-06
4.1841e-06
-1.0269e-05
5.88716e-06
-9.38183e-06
7.40729e-06
-8.42482e-06
8.80264e-06
-7.77537e-06
1.01285e-05
-7.34497e-06
1.14097e-05
-6.97146e-06
1.26473e-05
-6.54776e-06
1.38299e-05
-6.02241e-06
1.4941e-05
-5.3703e-06
1.59612e-05
-4.5712e-06
1.68675e-05
-3.59996e-06
1.7631e-05
-2.42345e-06
1.82138e-05
-9.98826e-07
1.85602e-05
7.25056e-07
1.85958e-05
2.81065e-06
1.81905e-05
5.35065e-06
1.71451e-05
8.43261e-06
1.51893e-05
1.21321e-05
1.1971e-05
1.65217e-05
6.99543e-06
2.15832e-05
2.61476e-05
6.55164e-07
-5.07296e-06
2.3484e-06
-1.12776e-05
4.26513e-06
-1.21857e-05
6.04063e-06
-1.11573e-05
7.62349e-06
-1.00077e-05
9.07657e-06
-9.22845e-06
1.04638e-05
-8.73219e-06
1.18174e-05
-8.32502e-06
1.31432e-05
-7.87361e-06
1.44338e-05
-7.31296e-06
1.56762e-05
-6.61272e-06
1.68555e-05
-5.75046e-06
1.7954e-05
-4.69846e-06
1.89497e-05
-3.41919e-06
1.98128e-05
-1.86191e-06
2.04848e-05
5.30778e-08
2.0917e-05
2.37839e-06
2.09829e-05
5.28478e-06
2.04745e-05
8.94104e-06
1.9094e-05
1.35126e-05
1.62289e-05
1.93868e-05
1.13521e-05
2.646e-05
3.74997e-05
6.33054e-07
-5.70602e-06
2.36861e-06
-1.30132e-05
4.35621e-06
-1.41733e-05
6.20032e-06
-1.30014e-05
7.84501e-06
-1.16524e-05
9.35927e-06
-1.07427e-05
1.08142e-05
-1.01872e-05
1.22478e-05
-9.75861e-06
1.36704e-05
-9.29618e-06
1.50784e-05
-8.721e-06
1.64639e-05
-7.99821e-06
1.78181e-05
-7.10464e-06
1.91317e-05
-6.01211e-06
2.03929e-05
-4.68032e-06
2.15828e-05
-3.0518e-06
2.26849e-05
-1.04909e-06
2.36355e-05
1.42783e-06
2.43542e-05
4.56608e-06
2.46116e-05
8.6836e-06
2.40066e-05
1.41176e-05
2.1374e-05
2.20193e-05
1.51757e-05
3.26583e-05
5.26754e-05
2.5795e-05
-2.5795e-05
3.04929e-05
-4.69778e-06
-2.4958e-05
5.5451e-05
-0.000126028
0.00010107
-0.000195871
6.98429e-05
-0.000153077
-4.27937e-05
-7.58375e-05
-7.72394e-05
1.93919e-05
-9.52294e-05
9.69274e-05
-7.75355e-05
0.000145981
-4.90533e-05
0.000176913
-3.09322e-05
0.000198047
-2.11343e-05
0.000212879
-1.48318e-05
0.000215601
-2.72232e-06
0.000183928
3.16729e-05
0.000104356
7.95723e-05
1.0509e-05
9.38471e-05
-8.96972e-05
0.000100206
-8.96971e-05
-7.914e-06
-1.78811e-05
-3.62899e-05
2.36781e-05
-8.83183e-05
0.000107479
-0.00013775
0.000150502
-6.56524e-05
-2.25487e-06
-1.08901e-05
-9.7556e-05
3.60249e-05
-0.000124154
0.000113748
-0.000172952
0.000157946
-0.000121734
0.000182771
-7.3878e-05
0.000197549
-4.57102e-05
0.000206676
-3.02612e-05
0.000210265
-1.84209e-05
0.000212691
-5.14786e-06
0.000218657
2.57066e-05
0.000211969
8.62598e-05
0.000163779
0.000142038
7.53701e-05
0.000188615
-1.43271e-05
-4.12108e-05
2.33297e-05
-7.58427e-05
5.831e-05
-7.91193e-05
0.000110756
4.52092e-06
6.68613e-05
7.63524e-05
-7.40864e-05
9.99559e-05
-0.00012116
0.000141001
-0.000165199
0.000153323
-0.000185274
0.000172912
-0.000141323
0.000190025
-9.09911e-05
0.000201495
-5.71809e-05
0.000208412
-3.71774e-05
0.000212012
-2.20214e-05
0.000212616
-5.75166e-06
0.00021393
2.43929e-05
0.000219525
8.0664e-05
0.000211024
0.000150539
0.000161477
0.000238162
0.00014715
-4.61673e-05
6.9497e-05
-6.23059e-05
7.44487e-05
4.32836e-07
4.80171e-05
9.50271e-05
-2.77331e-05
0.000123018
-0.000102077
0.000148077
-0.000146218
0.000162164
-0.000179286
0.000166784
-0.000189895
0.000180163
-0.000154702
0.000193783
-0.00010461
0.000202245
-6.5643e-05
0.000207032
-4.19643e-05
0.000209672
-2.46619e-05
0.000211408
-7.48703e-06
0.000212102
2.36987e-05
0.000213748
7.90181e-05
0.000214474
0.000149813
0.000180283
0.000272353
0.000327432
-3.35189e-05
0.000103016
-8.4544e-06
4.93843e-05
6.16242e-05
-2.20615e-05
0.000117175
-8.3284e-05
0.000144021
-0.000128923
0.000162421
-0.000164619
0.00017069
-0.000187555
0.000174802
-0.000194007
0.000184478
-0.000164378
0.000193628
-0.00011376
0.000197991
-7.00065e-05
0.0001994
-4.33732e-05
0.000199145
-2.44062e-05
0.000200126
-8.46806e-06
0.000202319
2.15055e-05
0.000199503
8.18344e-05
0.000188919
0.000160397
0.000169097
0.000292175
0.000496529
-6.78505e-06
0.000109801
6.04952e-05
-1.7896e-05
0.000107587
-6.91535e-05
0.000138376
-0.000114073
0.00015879
-0.000149337
0.000169526
-0.000175355
0.000174763
-0.000192791
0.000178278
-0.000197522
0.000183699
-0.000169798
0.000186863
-0.000116925
0.00018456
-6.77027e-05
0.00017945
-3.82634e-05
0.000169446
-1.44028e-05
0.000159827
1.15117e-06
0.000159597
2.17364e-05
0.000161873
7.95584e-05
0.000142044
0.000180226
0.00012965
0.000304569
0.000626179
7.38173e-05
3.59837e-05
0.000104749
-4.8828e-05
0.00013412
-9.85238e-05
0.000154159
-0.000134112
0.000165485
-0.000160663
0.000171735
-0.000181605
0.000175618
-0.000196674
0.000177192
-0.000199096
0.000175937
-0.000168544
0.000170336
-0.000111324
0.000156541
-5.3908e-05
0.000139082
-2.08039e-05
0.000134252
-9.57284e-06
0.000133237
2.16609e-06
0.000136227
1.87468e-05
0.000130258
8.55272e-05
9.82322e-05
0.000212252
8.26118e-05
0.000320189
0.000708791
9.16274e-05
-5.56437e-05
0.000129535
-8.67353e-05
0.00014915
-0.000118139
0.000159897
-0.000144859
0.000166343
-0.000167109
0.000171069
-0.000186331
0.0001733
-0.000198905
0.000169406
-0.000195203
0.00015874
-0.000157878
0.000140109
-9.2693e-05
0.000119141
-3.29405e-05
0.000110027
-1.169e-05
0.000106241
-5.78592e-06
0.000102861
5.54586e-06
0.000108782
1.28252e-05
0.000100529
9.3781e-05
5.60221e-05
0.000256758
4.48272e-05
0.000331384
0.000753618
1.36351e-06
-7.06952e-06
5.23624e-06
-1.68859e-05
9.64831e-06
-1.85854e-05
1.37351e-05
-1.70882e-05
1.74075e-05
-1.53248e-05
2.08337e-05
-1.41689e-05
2.41735e-05
-1.3527e-05
2.75131e-05
-1.30982e-05
3.08821e-05
-1.26651e-05
3.42844e-05
-1.21234e-05
3.772e-05
-1.14338e-05
4.11937e-05
-1.05784e-05
4.47195e-05
-9.53788e-06
4.83222e-05
-8.28309e-06
5.20432e-05
-6.77271e-06
5.59466e-05
-4.95251e-06
6.01361e-05
-2.76173e-06
6.48969e-05
-1.94722e-07
7.0501e-05
3.07953e-06
7.78101e-05
6.80853e-06
8.83846e-05
1.14448e-05
0.000106001
1.50424e-05
2.54205e-05
0.000133255
1.54481e-06
-8.61433e-06
5.64128e-06
-2.09824e-05
1.02177e-05
-2.31618e-05
1.4444e-05
-2.13145e-05
1.83064e-05
-1.91872e-05
2.2005e-05
-1.78675e-05
2.56934e-05
-1.72154e-05
2.94448e-05
-1.68496e-05
3.32859e-05
-1.65062e-05
3.72306e-05
-1.60681e-05
4.12977e-05
-1.55008e-05
4.55182e-05
-1.47989e-05
4.99397e-05
-1.39593e-05
5.46307e-05
-1.29741e-05
5.96892e-05
-1.18312e-05
6.52559e-05
-1.05192e-05
7.15245e-05
-9.03031e-06
7.87031e-05
-7.37326e-06
8.73077e-05
-5.52515e-06
9.77135e-05
-3.59722e-06
0.000110464
-1.30586e-06
0.000125435
7.12957e-08
4.57505e-06
0.000146281
1.90272e-06
-1.0517e-05
6.22658e-06
-2.53062e-05
1.08235e-05
-2.77588e-05
1.50318e-05
-2.55229e-05
1.89806e-05
-2.31359e-05
2.28959e-05
-2.17828e-05
2.6893e-05
-2.12125e-05
3.10038e-05
-2.09604e-05
3.52359e-05
-2.07384e-05
3.9603e-05
-2.04352e-05
4.41328e-05
-2.00306e-05
4.88661e-05
-1.95322e-05
5.3856e-05
-1.89492e-05
5.91684e-05
-1.82865e-05
6.48841e-05
-1.7547e-05
7.11008e-05
-1.67359e-05
7.79344e-05
-1.58639e-05
8.55148e-05
-1.49537e-05
9.40242e-05
-1.40346e-05
0.000103613
-1.31864e-05
0.000114748
-1.244e-05
0.00012704
-1.2221e-05
-1.1905e-05
0.00014352
2.4201e-06
-1.29371e-05
6.93694e-06
-2.98231e-05
1.1411e-05
-3.22328e-05
1.54784e-05
-2.95903e-05
1.94408e-05
-2.70984e-05
2.352e-05
-2.5862e-05
2.77608e-05
-2.54533e-05
3.21406e-05
-2.53401e-05
3.66454e-05
-2.52432e-05
4.12882e-05
-2.5078e-05
4.61015e-05
-2.48439e-05
5.11283e-05
-2.4559e-05
5.64176e-05
-2.42385e-05
6.20239e-05
-2.38927e-05
6.80077e-05
-2.35308e-05
7.44368e-05
-2.3165e-05
8.13853e-05
-2.28124e-05
8.89299e-05
-2.24983e-05
9.71514e-05
-2.22561e-05
0.000106102
-2.2137e-05
0.00011584
-2.2178e-05
0.000126145
-2.2526e-05
-2.29617e-05
0.000137202
3.01857e-06
-1.59557e-05
7.66685e-06
-3.44713e-05
1.19177e-05
-3.64837e-05
1.57858e-05
-3.34584e-05
1.97308e-05
-3.10434e-05
2.39248e-05
-3.00559e-05
2.83238e-05
-2.98523e-05
3.28576e-05
-2.9874e-05
3.75024e-05
-2.98879e-05
4.22751e-05
-2.98507e-05
4.72111e-05
-2.97799e-05
5.23506e-05
-2.96985e-05
5.77335e-05
-2.96215e-05
6.34005e-05
-2.95596e-05
6.93924e-05
-2.95228e-05
7.57507e-05
-2.95233e-05
8.25149e-05
-2.95765e-05
8.972e-05
-2.97034e-05
9.73931e-05
-2.99292e-05
0.000105533
-3.0277e-05
0.000114137
-3.07818e-05
0.000123079
-3.14681e-05
-3.23638e-05
0.000132481
3.61485e-06
-1.95706e-05
8.3194e-06
-3.91759e-05
1.22995e-05
-4.04638e-05
1.59643e-05
-3.71231e-05
1.98902e-05
-3.49693e-05
2.41522e-05
-3.43179e-05
2.86174e-05
-3.43175e-05
3.31904e-05
-3.4447e-05
3.78536e-05
-3.45511e-05
4.26312e-05
-3.46283e-05
4.75571e-05
-3.47059e-05
5.26629e-05
-3.48043e-05
5.79776e-05
-3.49361e-05
6.35277e-05
-3.51098e-05
6.93379e-05
-3.5333e-05
7.54313e-05
-3.56166e-05
8.18321e-05
-3.59774e-05
8.85661e-05
-3.64373e-05
9.56583e-05
-3.70215e-05
0.000103121
-3.77401e-05
0.000110997
-3.8657e-05
0.000119333
-3.98048e-05
-4.13977e-05
0.000128367
4.15317e-06
-2.37237e-05
8.83682e-06
-4.38596e-05
1.25003e-05
-4.41274e-05
1.59798e-05
-4.06025e-05
1.98978e-05
-3.88874e-05
2.41759e-05
-3.8596e-05
2.86102e-05
-3.87517e-05
3.31109e-05
-3.89477e-05
3.76783e-05
-3.91185e-05
4.23412e-05
-3.92913e-05
4.7125e-05
-3.94897e-05
5.20482e-05
-3.97274e-05
5.71289e-05
-4.00169e-05
6.23842e-05
-4.0365e-05
6.78281e-05
-4.07769e-05
7.34828e-05
-4.12714e-05
7.9381e-05
-4.18756e-05
8.55554e-05
-4.26117e-05
9.2052e-05
-4.35181e-05
9.89408e-05
-4.46289e-05
0.000106286
-4.60025e-05
0.000114155
-4.76732e-05
-5.01862e-05
0.000122943
5.02688e-06
-2.87506e-05
9.54164e-06
-4.83743e-05
1.25052e-05
-4.70909e-05
1.57389e-05
-4.38362e-05
1.96287e-05
-4.27772e-05
2.38248e-05
-4.2792e-05
2.80946e-05
-4.30216e-05
3.23865e-05
-4.32395e-05
3.67228e-05
-4.34549e-05
4.11299e-05
-4.36984e-05
4.56207e-05
-4.39805e-05
5.01962e-05
-4.4303e-05
5.4883e-05
-4.47036e-05
5.97309e-05
-4.5213e-05
6.47577e-05
-4.58037e-05
6.99468e-05
-4.64605e-05
7.53621e-05
-4.72909e-05
8.10764e-05
-4.83259e-05
8.72429e-05
-4.96847e-05
9.41226e-05
-5.15086e-05
0.000101014
-5.28942e-05
0.000107059
-5.37181e-05
-5.8914e-05
0.000115787
8.90657e-06
-3.76572e-05
1.15204e-05
-5.09881e-05
1.19052e-05
-4.74758e-05
1.46811e-05
-4.66121e-05
1.84829e-05
-4.6579e-05
2.24156e-05
-4.67247e-05
2.63074e-05
-4.69134e-05
3.01785e-05
-4.71107e-05
3.40747e-05
-4.73511e-05
3.80329e-05
-4.76566e-05
4.20739e-05
-4.80215e-05
4.61818e-05
-4.84109e-05
5.04394e-05
-4.89612e-05
5.50235e-05
-4.97971e-05
5.98259e-05
-5.06061e-05
6.47507e-05
-5.13853e-05
7.01434e-05
-5.26836e-05
7.59765e-05
-5.4159e-05
8.26625e-05
-5.63707e-05
9.13917e-05
-6.02379e-05
9.35496e-05
-5.50521e-05
9.58914e-05
-5.60599e-05
-5.6208e-05
9.31854e-05
1.79316e-05
-5.55888e-05
1.27658e-05
-4.58223e-05
9.15939e-06
-4.38694e-05
1.18823e-05
-4.9335e-05
1.52877e-05
-4.99844e-05
1.85412e-05
-4.99782e-05
2.17009e-05
-5.00731e-05
2.4855e-05
-5.02648e-05
2.80514e-05
-5.05475e-05
3.13914e-05
-5.09965e-05
3.49429e-05
-5.1573e-05
3.87251e-05
-5.21932e-05
4.28617e-05
-5.30978e-05
4.72033e-05
-5.41387e-05
5.07902e-05
-5.4193e-05
5.49393e-05
-5.55344e-05
5.94672e-05
-5.72115e-05
6.40958e-05
-5.87876e-05
6.79634e-05
-6.02381e-05
6.94211e-05
-6.16956e-05
7.73157e-05
-6.29469e-05
8.4549e-05
-6.32935e-05
-6.27694e-05
9.11102e-05
9.93001e-06
-6.55188e-05
9.48293e-06
-4.53753e-05
7.11472e-06
-4.15013e-05
7.72099e-06
-4.99413e-05
9.27339e-06
-5.15368e-05
1.0707e-05
-5.14118e-05
1.26643e-05
-5.20303e-05
1.46864e-05
-5.22869e-05
1.70393e-05
-5.29003e-05
1.98434e-05
-5.38005e-05
2.30932e-05
-5.48229e-05
2.65184e-05
-5.56183e-05
3.00133e-05
-5.65926e-05
3.3864e-05
-5.79894e-05
3.90914e-05
-5.94202e-05
4.45089e-05
-6.09518e-05
4.99904e-05
-6.26929e-05
5.59385e-05
-6.47356e-05
6.26817e-05
-6.69814e-05
7.00837e-05
-6.90975e-05
7.74943e-05
-7.03577e-05
8.39339e-05
-6.97332e-05
-6.87783e-05
8.99427e-05
-9.04134e-06
-5.64774e-05
-7.05995e-06
-4.73565e-05
1.83463e-06
-5.03958e-05
4.85324e-06
-5.29599e-05
6.59326e-06
-5.32769e-05
8.59592e-06
-5.34144e-05
1.03673e-05
-5.38016e-05
1.25941e-05
-5.45137e-05
1.50698e-05
-5.5376e-05
1.76352e-05
-5.63658e-05
2.03423e-05
-5.753e-05
2.35432e-05
-5.88192e-05
2.71331e-05
-6.01824e-05
3.0866e-05
-6.17222e-05
3.49346e-05
-6.34889e-05
3.9544e-05
-6.55613e-05
4.50033e-05
-6.81521e-05
5.1598e-05
-7.13301e-05
5.91058e-05
-7.44894e-05
6.63715e-05
-7.63635e-05
7.16652e-05
-7.56515e-05
7.32155e-05
-7.12836e-05
-6.78731e-05
7.23103e-05
-7.06967e-06
-4.94078e-05
-1.13817e-06
-5.32881e-05
2.88511e-06
-5.44191e-05
4.14951e-06
-5.42242e-05
5.40822e-06
-5.45355e-05
6.84746e-06
-5.48535e-05
8.51726e-06
-5.54714e-05
1.02627e-05
-5.6259e-05
1.20573e-05
-5.71707e-05
1.39754e-05
-5.8284e-05
1.59903e-05
-5.95448e-05
1.81778e-05
-6.10066e-05
2.05588e-05
-6.25634e-05
2.314e-05
-6.43034e-05
2.60946e-05
-6.64435e-05
2.98819e-05
-6.93487e-05
3.49849e-05
-7.32552e-05
4.12531e-05
-7.75984e-05
4.74733e-05
-8.07097e-05
5.15267e-05
-8.04171e-05
5.13451e-05
-7.547e-05
4.62242e-05
-6.61627e-05
-6.46106e-05
4.29618e-05
-1.02593e-06
-4.83819e-05
7.06349e-07
-5.50205e-05
1.31973e-06
-5.50325e-05
1.88967e-06
-5.47942e-05
2.4854e-06
-5.51313e-05
3.23934e-06
-5.56074e-05
3.99211e-06
-5.62239e-05
4.76724e-06
-5.7034e-05
5.5975e-06
-5.80008e-05
6.45059e-06
-5.9137e-05
7.37815e-06
-6.04723e-05
8.34726e-06
-6.19756e-05
9.45441e-06
-6.36704e-05
1.08799e-05
-6.5729e-05
1.30377e-05
-6.86014e-05
1.64531e-05
-7.2764e-05
2.11953e-05
-7.79973e-05
2.63263e-05
-8.27294e-05
3.00009e-05
-8.43844e-05
3.02704e-05
-8.06867e-05
2.62861e-05
-7.14856e-05
2.01524e-05
-6.00288e-05
-6.46806e-05
2.02224e-05
-1.04308e-07
-4.82775e-05
-6.14565e-07
-5.451e-05
-1.07772e-06
-5.45692e-05
-1.18425e-06
-5.46876e-05
-1.30323e-06
-5.50123e-05
-1.4242e-06
-5.54865e-05
-1.54088e-06
-5.61073e-05
-1.67443e-06
-5.69006e-05
-1.79396e-06
-5.78813e-05
-1.87491e-06
-5.90561e-05
-1.92665e-06
-6.04205e-05
-1.90587e-06
-6.19963e-05
-1.72336e-06
-6.38529e-05
-1.14312e-06
-6.63094e-05
2.0303e-07
-6.99477e-05
2.50965e-06
-7.50707e-05
5.35854e-06
-8.08462e-05
7.68273e-06
-8.50536e-05
8.31214e-06
-8.50138e-05
6.8031e-06
-7.91775e-05
4.21303e-06
-6.88954e-05
3.86215e-06
-5.96779e-05
-6.52701e-05
4.45163e-06
-6.27753e-07
-4.76498e-05
-1.69697e-06
-5.34408e-05
-2.69783e-06
-5.35683e-05
-3.56896e-06
-5.38163e-05
-4.42605e-06
-5.4155e-05
-5.28391e-06
-5.46283e-05
-6.15175e-06
-5.52393e-05
-7.04384e-06
-5.60084e-05
-7.97452e-06
-5.69506e-05
-8.94679e-06
-5.80837e-05
-9.96222e-06
-5.94049e-05
-1.10246e-05
-6.09338e-05
-1.20688e-05
-6.28087e-05
-1.2946e-05
-6.54321e-05
-1.35624e-05
-6.93313e-05
-1.40633e-05
-7.45697e-05
-1.48208e-05
-8.00886e-05
-1.61309e-05
-8.37435e-05
-1.77925e-05
-8.33521e-05
-1.88056e-05
-7.81642e-05
-1.79969e-05
-6.97039e-05
-1.53279e-05
-6.23468e-05
-6.20245e-05
-1.85736e-05
-1.05989e-06
-4.65898e-05
-2.48145e-06
-5.20192e-05
-3.89067e-06
-5.21591e-05
-5.30347e-06
-5.24034e-05
-6.72923e-06
-5.27292e-05
-8.19197e-06
-5.31656e-05
-9.71494e-06
-5.37164e-05
-1.13268e-05
-5.43965e-05
-1.30567e-05
-5.52208e-05
-1.49429e-05
-5.61976e-05
-1.70183e-05
-5.73295e-05
-1.93106e-05
-5.86416e-05
-2.18339e-05
-6.02856e-05
-2.46641e-05
-6.2602e-05
-2.80135e-05
-6.59821e-05
-3.21347e-05
-7.04486e-05
-3.70341e-05
-7.51891e-05
-4.22005e-05
-7.85772e-05
-4.66031e-05
-7.89497e-05
-4.91885e-05
-7.55789e-05
-4.96053e-05
-6.92872e-05
-4.93414e-05
-6.26108e-05
-5.66943e-05
-5.46717e-05
-1.37997e-06
-4.52097e-05
-3.1117e-06
-5.02874e-05
-4.88062e-06
-5.039e-05
-6.69996e-06
-5.0584e-05
-8.5775e-06
-5.08515e-05
-1.05441e-05
-5.11991e-05
-1.26241e-05
-5.16363e-05
-1.4854e-05
-5.21666e-05
-1.72785e-05
-5.27962e-05
-1.99494e-05
-5.35263e-05
-2.29243e-05
-5.43544e-05
-2.626e-05
-5.53057e-05
-3.00587e-05
-5.64868e-05
-3.45549e-05
-5.81057e-05
-4.01369e-05
-6.03999e-05
-4.71395e-05
-6.34458e-05
-5.54812e-05
-6.68474e-05
-6.44832e-05
-6.95752e-05
-7.31018e-05
-7.03311e-05
-8.03907e-05
-6.82899e-05
-8.59896e-05
-6.36884e-05
-9.09256e-05
-5.76748e-05
-5.07228e-05
-9.68971e-05
-1.67042e-06
-4.35393e-05
-3.68254e-06
-4.82754e-05
-5.7508e-06
-4.83219e-05
-7.88663e-06
-4.84482e-05
-1.01077e-05
-4.86306e-05
-1.24403e-05
-4.88666e-05
-1.49161e-05
-4.91606e-05
-1.7571e-05
-4.95119e-05
-2.045e-05
-4.99175e-05
-2.36066e-05
-5.03699e-05
-2.71016e-05
-5.08595e-05
-3.10089e-05
-5.13986e-05
-3.54496e-05
-5.20462e-05
-4.06665e-05
-5.28889e-05
-4.7062e-05
-5.40047e-05
-5.50631e-05
-5.54449e-05
-6.47978e-05
-5.71129e-05
-7.58387e-05
-5.85346e-05
-8.7275e-05
-5.88948e-05
-9.80563e-05
-5.75087e-05
-0.000107486
-5.42588e-05
-0.000115675
-4.94865e-05
-4.34828e-05
-0.000122914
-1.91882e-06
-4.16205e-05
-4.14987e-06
-4.60445e-05
-6.43635e-06
-4.60355e-05
-8.78977e-06
-4.60946e-05
-1.12325e-05
-4.61878e-05
-1.37867e-05
-4.63121e-05
-1.64826e-05
-4.64646e-05
-1.93529e-05
-4.66415e-05
-2.24346e-05
-4.68354e-05
-2.57706e-05
-4.70335e-05
-2.941e-05
-4.72198e-05
-3.34134e-05
-4.7395e-05
-3.78676e-05
-4.75918e-05
-4.29163e-05
-4.78401e-05
-4.88063e-05
-4.81146e-05
-5.58825e-05
-4.83688e-05
-6.4413e-05
-4.85824e-05
-7.42998e-05
-4.86478e-05
-8.49607e-05
-4.8234e-05
-9.55434e-05
-4.69262e-05
-0.000105279
-4.45233e-05
-0.00011367
-4.10953e-05
-3.67483e-05
-0.000120405
-2.09776e-06
-3.95229e-05
-4.4675e-06
-4.36749e-05
-6.88374e-06
-4.36193e-05
-9.35719e-06
-4.36214e-05
-1.19097e-05
-4.36354e-05
-1.45619e-05
-4.366e-05
-1.73374e-05
-4.36894e-05
-2.02616e-05
-4.37176e-05
-2.33617e-05
-4.37354e-05
-2.66663e-05
-4.3729e-05
-3.02062e-05
-4.36801e-05
-3.40221e-05
-4.35793e-05
-3.81677e-05
-4.34464e-05
-4.26993e-05
-4.33086e-05
-4.76775e-05
-4.31365e-05
-5.32147e-05
-4.28317e-05
-5.94883e-05
-4.23089e-05
-6.65982e-05
-4.1538e-05
-7.43633e-05
-4.0469e-05
-8.23019e-05
-3.89877e-05
-8.98248e-05
-3.70003e-05
-9.64344e-05
-3.44857e-05
-3.13838e-05
-0.000101799
-2.20655e-06
-3.73164e-05
-4.64214e-06
-4.12392e-05
-7.10964e-06
-4.11515e-05
-9.62166e-06
-4.11092e-05
-1.21952e-05
-4.10616e-05
-1.48487e-05
-4.10064e-05
-1.75993e-05
-4.09386e-05
-2.0465e-05
-4.08517e-05
-2.34633e-05
-4.0737e-05
-2.66102e-05
-4.05821e-05
-2.99211e-05
-4.03691e-05
-3.34181e-05
-4.00824e-05
-3.71376e-05
-3.9727e-05
-4.11144e-05
-3.9332e-05
-4.53428e-05
-3.89082e-05
-4.97796e-05
-3.83951e-05
-5.441e-05
-3.76787e-05
-5.92764e-05
-3.66716e-05
-6.43886e-05
-3.53569e-05
-6.96095e-05
-3.3767e-05
-7.46596e-05
-3.19502e-05
-7.92257e-05
-2.99197e-05
-2.75774e-05
-8.30323e-05
-2.25428e-06
-3.50623e-05
-4.69361e-06
-3.87999e-05
-7.14632e-06
-3.8699e-05
-9.62981e-06
-3.86257e-05
-1.21564e-05
-3.85351e-05
-1.47391e-05
-3.84238e-05
-1.73903e-05
-3.82874e-05
-2.01217e-05
-3.81204e-05
-2.29435e-05
-3.79153e-05
-2.58636e-05
-3.76619e-05
-2.88861e-05
-3.73465e-05
-3.20158e-05
-3.69528e-05
-3.52687e-05
-3.64741e-05
-3.86742e-05
-3.59266e-05
-4.22434e-05
-3.5339e-05
-4.59294e-05
-3.47091e-05
-4.96359e-05
-3.39723e-05
-5.32775e-05
-3.303e-05
-5.68183e-05
-3.18161e-05
-6.02436e-05
-3.0342e-05
-6.35114e-05
-2.86824e-05
-6.65353e-05
-2.68958e-05
-2.4943e-05
-6.91699e-05
-2.24015e-06
-3.2822e-05
-4.62655e-06
-3.64132e-05
-7.0103e-06
-3.63149e-05
-9.41113e-06
-3.62247e-05
-1.18388e-05
-3.61074e-05
-1.43015e-05
-3.5961e-05
-1.68074e-05
-3.57817e-05
-1.93629e-05
-3.5565e-05
-2.19737e-05
-3.53045e-05
-2.4643e-05
-3.49927e-05
-2.73698e-05
-3.46199e-05
-3.01487e-05
-3.41741e-05
-3.2978e-05
-3.36451e-05
-3.5869e-05
-3.30357e-05
-3.88414e-05
-3.23667e-05
-4.18925e-05
-3.1658e-05
-4.49691e-05
-3.08956e-05
-4.79774e-05
-3.00218e-05
-5.08241e-05
-2.89695e-05
-5.34541e-05
-2.77123e-05
-5.58559e-05
-2.62807e-05
-5.80293e-05
-2.47223e-05
-2.30495e-05
-5.99228e-05
-2.1619e-06
-3.066e-05
-4.44528e-06
-3.41298e-05
-6.71909e-06
-3.4041e-05
-8.9995e-06
-3.39443e-05
-1.12931e-05
-3.38136e-05
-1.36058e-05
-3.36483e-05
-1.59417e-05
-3.34457e-05
-1.83042e-05
-3.32023e-05
-2.06957e-05
-3.29128e-05
-2.31167e-05
-3.25717e-05
-2.55643e-05
-3.21723e-05
-2.80318e-05
-3.17068e-05
-3.05106e-05
-3.11664e-05
-3.29981e-05
-3.05483e-05
-3.55024e-05
-2.98624e-05
-3.80315e-05
-2.91291e-05
-4.05692e-05
-2.8358e-05
-4.30639e-05
-2.75271e-05
-4.5445e-05
-2.65884e-05
-4.76545e-05
-2.5503e-05
-4.96636e-05
-2.42715e-05
-5.14589e-05
-2.29268e-05
-2.14989e-05
-5.30096e-05
-2.03559e-06
-2.86243e-05
-4.17999e-06
-3.19851e-05
-6.31257e-06
-3.19085e-05
-8.44576e-06
-3.1811e-05
-1.05834e-05
-3.1676e-05
-1.27287e-05
-3.15032e-05
-1.48835e-05
-3.1291e-05
-1.70492e-05
-3.10365e-05
-1.92261e-05
-3.0736e-05
-2.14125e-05
-3.03853e-05
-2.36052e-05
-2.99798e-05
-2.57978e-05
-2.95144e-05
-2.79813e-05
-2.8983e-05
-3.01484e-05
-2.83812e-05
-3.2299e-05
-2.77119e-05
-3.44385e-05
-2.69898e-05
-3.65628e-05
-2.62338e-05
-3.86428e-05
-2.5447e-05
-4.06282e-05
-2.4603e-05
-4.24728e-05
-2.36585e-05
-4.41544e-05
-2.25898e-05
-4.56668e-05
-2.14143e-05
-2.01714e-05
-4.69945e-05
-1.88143e-06
-2.67428e-05
-3.86655e-06
-2.99998e-05
-5.83747e-06
-2.99375e-05
-7.80673e-06
-2.98415e-05
-9.77601e-06
-2.97068e-05
-1.17458e-05
-2.95333e-05
-1.37169e-05
-2.93198e-05
-1.56894e-05
-2.9064e-05
-1.7662e-05
-2.87635e-05
-1.96321e-05
-2.84152e-05
-2.15961e-05
-2.8016e-05
-2.3548e-05
-2.75627e-05
-2.54794e-05
-2.70517e-05
-2.73813e-05
-2.64794e-05
-2.92484e-05
-2.58448e-05
-3.10834e-05
-2.51548e-05
-3.28905e-05
-2.44268e-05
-3.46593e-05
-2.36781e-05
-3.63568e-05
-2.29054e-05
-3.79407e-05
-2.20748e-05
-3.93841e-05
-2.11462e-05
-4.06829e-05
-2.01154e-05
-1.90188e-05
-4.18356e-05
-1.712e-06
-2.50307e-05
-3.52837e-06
-2.81837e-05
-5.33068e-06
-2.81352e-05
-7.1314e-06
-2.8041e-05
-8.92938e-06
-2.7909e-05
-1.07244e-05
-2.77382e-05
-1.25162e-05
-2.75279e-05
-1.43036e-05
-2.72766e-05
-1.60846e-05
-2.69824e-05
-1.78565e-05
-2.66432e-05
-1.96155e-05
-2.6257e-05
-2.13562e-05
-2.58219e-05
-2.30718e-05
-2.53361e-05
-2.47537e-05
-2.47975e-05
-2.63943e-05
-2.42042e-05
-2.79918e-05
-2.35574e-05
-2.95507e-05
-2.2868e-05
-3.10726e-05
-2.21563e-05
-3.25416e-05
-2.14363e-05
-3.39245e-05
-2.06919e-05
-3.51911e-05
-1.98795e-05
-3.63326e-05
-1.89737e-05
-1.79986e-05
-3.73528e-05
-1.54465e-06
-2.3486e-05
-3.19043e-06
-2.65378e-05
-4.82592e-06
-2.64996e-05
-6.45973e-06
-2.64073e-05
-8.09e-06
-2.62786e-05
-9.71602e-06
-2.61123e-05
-1.13365e-05
-2.59075e-05
-1.29495e-05
-2.56636e-05
-1.45528e-05
-2.53791e-05
-1.61434e-05
-2.50526e-05
-1.77177e-05
-2.46828e-05
-1.9271e-05
-2.42688e-05
-2.07975e-05
-2.38096e-05
-2.22905e-05
-2.33045e-05
-2.37423e-05
-2.27522e-05
-2.51482e-05
-2.21516e-05
-2.65092e-05
-2.1507e-05
-2.78305e-05
-2.08348e-05
-2.91094e-05
-2.01574e-05
-3.03247e-05
-1.94766e-05
-3.14475e-05
-1.87566e-05
-3.24641e-05
-1.7957e-05
-1.70844e-05
-3.33782e-05
-1.38896e-06
-2.20972e-05
-2.87112e-06
-2.50555e-05
-4.34612e-06
-2.50246e-05
-5.81847e-06
-2.49347e-05
-7.28781e-06
-2.48091e-05
-8.75238e-06
-2.46476e-05
-1.02102e-05
-2.44495e-05
-1.16594e-05
-2.42142e-05
-1.30974e-05
-2.3941e-05
-1.45213e-05
-2.36288e-05
-1.59273e-05
-2.32769e-05
-1.73115e-05
-2.28847e-05
-1.86692e-05
-2.2452e-05
-1.99951e-05
-2.19787e-05
-2.1283e-05
-2.14642e-05
-2.25273e-05
-2.09073e-05
-2.37261e-05
-2.03083e-05
-2.48835e-05
-1.96774e-05
-2.60032e-05
-1.90376e-05
-2.7075e-05
-1.84048e-05
-2.80744e-05
-1.7757e-05
-2.89839e-05
-1.70474e-05
-1.62633e-05
-2.98048e-05
-1.242e-06
-2.08551e-05
-2.57098e-06
-2.37266e-05
-3.89281e-06
-2.37028e-05
-5.21262e-06
-2.36149e-05
-6.52938e-06
-2.34925e-05
-7.84097e-06
-2.3336e-05
-9.14536e-06
-2.3145e-05
-1.04407e-05
-2.29189e-05
-1.17245e-05
-2.26572e-05
-1.29937e-05
-2.23596e-05
-1.42452e-05
-2.20254e-05
-1.54755e-05
-2.16545e-05
-1.66808e-05
-2.12468e-05
-1.78569e-05
-2.08025e-05
-1.89994e-05
-2.03217e-05
-2.0103e-05
-1.98037e-05
-2.1164e-05
-1.92475e-05
-2.21834e-05
-1.8658e-05
-2.31666e-05
-1.80543e-05
-2.41116e-05
-1.74597e-05
-2.50008e-05
-1.68677e-05
-2.58153e-05
-1.62328e-05
-1.55255e-05
-2.6553e-05
-1.1022e-06
-1.97527e-05
-2.28649e-06
-2.2542e-05
-3.46245e-06
-2.25265e-05
-4.63819e-06
-2.24392e-05
-5.81041e-06
-2.23202e-05
-6.97749e-06
-2.21688e-05
-8.13767e-06
-2.19848e-05
-9.28891e-06
-2.17678e-05
-1.04289e-05
-2.15174e-05
-1.15549e-05
-2.12336e-05
-1.26641e-05
-2.09161e-05
-1.37536e-05
-2.05649e-05
-1.48203e-05
-2.01801e-05
-1.58607e-05
-1.9762e-05
-1.68714e-05
-1.93109e-05
-1.78482e-05
-1.88268e-05
-1.87871e-05
-1.83087e-05
-1.96868e-05
-1.77583e-05
-2.05514e-05
-1.71896e-05
-2.13833e-05
-1.66278e-05
-2.21721e-05
-1.60788e-05
-2.28999e-05
-1.5505e-05
-1.48639e-05
-2.35615e-05
-9.72896e-07
-1.87799e-05
-2.01952e-06
-2.14952e-05
-3.05846e-06
-2.14875e-05
-4.09709e-06
-2.14004e-05
-5.13261e-06
-2.12844e-05
-6.16354e-06
-2.11377e-05
-7.18825e-06
-2.09601e-05
-8.2046e-06
-2.07515e-05
-9.21033e-06
-2.05117e-05
-1.02031e-05
-2.02407e-05
-1.11806e-05
-1.99385e-05
-1.21403e-05
-1.96052e-05
-1.30793e-05
-1.9241e-05
-1.39949e-05
-1.88463e-05
-1.48842e-05
-1.84217e-05
-1.57438e-05
-1.79672e-05
-1.65701e-05
-1.74824e-05
-1.73609e-05
-1.69675e-05
-1.81186e-05
-1.64318e-05
-1.88479e-05
-1.58985e-05
-1.9544e-05
-1.53827e-05
-2.01919e-05
-1.48572e-05
-1.42724e-05
-2.07834e-05
-8.58214e-07
-1.79215e-05
-1.77477e-06
-2.05787e-05
-2.68545e-06
-2.0577e-05
-3.59479e-06
-2.0491e-05
-4.50198e-06
-2.03772e-05
-5.40517e-06
-2.02345e-05
-6.3027e-06
-2.00626e-05
-7.19256e-06
-1.98617e-05
-8.07259e-06
-1.96317e-05
-8.94066e-06
-1.93726e-05
-9.79472e-06
-1.90843e-05
-1.06327e-05
-1.87671e-05
-1.14523e-05
-1.84214e-05
-1.2251e-05
-1.80476e-05
-1.30263e-05
-1.76464e-05
-1.37755e-05
-1.7218e-05
-1.44954e-05
-1.67624e-05
-1.51836e-05
-1.62793e-05
-1.58414e-05
-1.57739e-05
-1.64746e-05
-1.52653e-05
-1.70835e-05
-1.47738e-05
-1.76563e-05
-1.42845e-05
-1.37464e-05
-1.81824e-05
-7.5695e-07
-1.71645e-05
-1.55165e-06
-1.97839e-05
-2.34084e-06
-1.97877e-05
-3.12928e-06
-1.97025e-05
-3.91604e-06
-1.95904e-05
-4.69931e-06
-1.94512e-05
-5.47733e-06
-1.92847e-05
-6.24825e-06
-1.90909e-05
-7.01006e-06
-1.887e-05
-7.76084e-06
-1.86218e-05
-8.49877e-06
-1.83463e-05
-9.22209e-06
-1.80437e-05
-9.92891e-06
-1.77146e-05
-1.06171e-05
-1.73595e-05
-1.12846e-05
-1.69789e-05
-1.19292e-05
-1.65735e-05
-1.25481e-05
-1.61435e-05
-1.31388e-05
-1.56885e-05
-1.37019e-05
-1.52108e-05
-1.42434e-05
-1.47239e-05
-1.4768e-05
-1.42492e-05
-1.52683e-05
-1.37842e-05
-1.3283e-05
-1.57318e-05
-6.53225e-07
-1.65114e-05
-1.33432e-06
-1.91029e-05
-2.00929e-06
-1.91128e-05
-2.68506e-06
-1.90269e-05
-3.35926e-06
-1.89161e-05
-4.03047e-06
-1.87799e-05
-4.69683e-06
-1.86183e-05
-5.35641e-06
-1.84314e-05
-6.00741e-06
-1.8219e-05
-6.64818e-06
-1.7981e-05
-7.27721e-06
-1.77172e-05
-7.89294e-06
-1.7428e-05
-8.49374e-06
-1.71139e-05
-9.07785e-06
-1.67755e-05
-9.64351e-06
-1.64133e-05
-1.0189e-05
-1.6028e-05
-1.07123e-05
-1.56201e-05
-1.12113e-05
-1.51895e-05
-1.16852e-05
-1.47369e-05
-1.21394e-05
-1.42698e-05
-1.25816e-05
-1.3807e-05
-1.30101e-05
-1.33559e-05
-1.28813e-05
-1.34118e-05
-5.19425e-07
-1.59919e-05
-1.09345e-06
-1.8529e-05
-1.66458e-06
-1.85419e-05
-2.23707e-06
-1.84545e-05
-2.80818e-06
-1.8345e-05
-3.3763e-06
-1.82118e-05
-3.93952e-06
-1.80552e-05
-4.49595e-06
-1.7875e-05
-5.04413e-06
-1.76709e-05
-5.58278e-06
-1.74423e-05
-6.11066e-06
-1.71893e-05
-6.62641e-06
-1.69123e-05
-7.1286e-06
-1.66118e-05
-7.61579e-06
-1.62883e-05
-8.08659e-06
-1.59425e-05
-8.53974e-06
-1.55748e-05
-8.97388e-06
-1.51859e-05
-9.3873e-06
-1.47761e-05
-9.77879e-06
-1.43454e-05
-1.01515e-05
-1.38973e-05
-1.05139e-05
-1.34446e-05
-1.08698e-05
-1.3e-05
-1.25422e-05
-1.1209e-05
-3.28964e-07
-1.56629e-05
-7.99207e-07
-1.80588e-05
-1.28014e-06
-1.8061e-05
-1.75987e-06
-1.79746e-05
-2.23643e-06
-1.78684e-05
-2.70835e-06
-1.77401e-05
-3.17439e-06
-1.75893e-05
-3.63353e-06
-1.74159e-05
-4.08497e-06
-1.72194e-05
-4.52788e-06
-1.69993e-05
-4.96129e-06
-1.67559e-05
-5.38409e-06
-1.64895e-05
-5.79514e-06
-1.62007e-05
-6.19336e-06
-1.58901e-05
-6.57768e-06
-1.55581e-05
-6.94713e-06
-1.52054e-05
-7.30067e-06
-1.48324e-05
-7.63707e-06
-1.44398e-05
-7.95495e-06
-1.40276e-05
-8.25509e-06
-1.35972e-05
-8.54412e-06
-1.31556e-05
-8.82945e-06
-1.27147e-05
-1.22659e-05
-9.10565e-06
-9.5117e-08
-1.55679e-05
-4.59962e-07
-1.76941e-05
-8.58976e-07
-1.76618e-05
-1.24926e-06
-1.75842e-05
-1.63198e-06
-1.74858e-05
-2.00744e-06
-1.73647e-05
-2.37584e-06
-1.72209e-05
-2.73733e-06
-1.70543e-05
-3.09191e-06
-1.68647e-05
-3.4393e-06
-1.66519e-05
-3.77898e-06
-1.64163e-05
-4.11033e-06
-1.61583e-05
-4.43272e-06
-1.58784e-05
-4.74552e-06
-1.55773e-05
-5.04811e-06
-1.52556e-05
-5.33976e-06
-1.49138e-05
-5.61963e-06
-1.45526e-05
-5.88679e-06
-1.41727e-05
-6.13995e-06
-1.37746e-05
-6.37841e-06
-1.33588e-05
-6.60539e-06
-1.29286e-05
-6.82848e-06
-1.24915e-05
-1.20469e-05
-7.04736e-06
1.13516e-07
-1.56814e-05
-1.48004e-07
-1.74325e-05
-4.55672e-07
-1.73542e-05
-7.5072e-07
-1.72893e-05
-1.03565e-06
-1.7201e-05
-1.31125e-06
-1.70891e-05
-1.57849e-06
-1.69535e-05
-1.83832e-06
-1.67943e-05
-2.09146e-06
-1.66115e-05
-2.3383e-06
-1.64052e-05
-2.57899e-06
-1.61758e-05
-2.8136e-06
-1.59238e-05
-3.04213e-06
-1.56499e-05
-3.26457e-06
-1.53548e-05
-3.48081e-06
-1.50393e-05
-3.69057e-06
-1.47041e-05
-3.89342e-06
-1.43499e-05
-4.08881e-06
-1.39774e-05
-4.27603e-06
-1.35874e-05
-4.45426e-06
-1.31806e-05
-4.62432e-06
-1.27585e-05
-4.7912e-06
-1.23246e-05
-1.188e-05
-4.95806e-06
2.4613e-07
-1.59275e-05
6.69179e-08
-1.72533e-05
-1.49093e-07
-1.71382e-05
-3.49083e-07
-1.70893e-05
-5.34746e-07
-1.70152e-05
-7.08335e-07
-1.69153e-05
-8.72332e-07
-1.67894e-05
-1.02878e-06
-1.66379e-05
-1.17907e-06
-1.64614e-05
-1.32406e-06
-1.62603e-05
-1.46434e-06
-1.60356e-05
-1.60031e-06
-1.57878e-05
-1.73232e-06
-1.55178e-05
-1.86065e-06
-1.52264e-05
-1.98549e-06
-1.49145e-05
-2.10692e-06
-1.45827e-05
-2.22493e-06
-1.42319e-05
-2.33942e-06
-1.38629e-05
-2.45033e-06
-1.34765e-05
-2.55752e-06
-1.30734e-05
-2.6613e-06
-1.26547e-05
-2.76434e-06
-1.22215e-05
-1.1774e-05
-2.87037e-06
2.60706e-07
1.04621e-07
-6.30603e-09
-9.03558e-08
-1.6116e-07
-2.23402e-07
-2.80123e-07
-3.33025e-07
-3.83053e-07
-4.30752e-07
-4.76454e-07
-5.20366e-07
-5.62619e-07
-6.03319e-07
-6.42573e-07
-6.80473e-07
-7.17069e-07
-7.52396e-07
-7.86535e-07
-8.19624e-07
-8.519e-07
-8.8422e-07
-9.1764e-07
0.000135109
-1.85343e-06
0.000173464
-3.83556e-05
0.000211339
-3.78748e-05
-5.26386e-05
0.000263978
0.000175288
-3.08606e-05
0.000202176
-6.52439e-05
0.000236398
-7.20968e-05
-8.47625e-05
0.000268522
0.00017417
-6.15105e-05
0.000197038
-8.81116e-05
0.000225604
-0.000100664
-0.000112938
0.00025378
0.000167192
-9.15014e-05
0.000192787
-0.000113706
0.000220566
-0.000128443
-0.000136717
0.000244345
0.000162475
-0.000121495
0.000188447
-0.000139678
0.00021076
-0.000150755
-0.000147644
0.000221686
0.000155586
-0.000148714
0.000175813
-0.000159906
0.000185785
-0.000160726
-0.000141143
0.000179284
0.000142755
-0.000168526
0.000154532
-0.000171682
0.000143692
-0.000149887
-0.000149278
0.000151827
0.000122421
-0.00017516
0.000125784
-0.000175045
0.000142258
-0.000166362
-0.000146984
0.000139965
0.000107881
-0.000189855
0.000123382
-0.000190547
0.000114428
-0.000157407
-0.000105371
7.28142e-05
0.000100456
-0.000199201
9.49743e-05
-0.000185065
4.72584e-05
-0.000109691
-4.40631e-05
-1.40496e-05
8.21063e-05
-0.000191365
5.43992e-05
-0.000157358
-1.09823e-05
-4.43098e-05
-2.10874e-06
-5.29366e-05
5.20906e-05
-0.000171145
2.43264e-05
-0.000129594
-3.22987e-05
1.23151e-05
2.22685e-05
-5.66757e-05
3.05362e-05
-0.00015872
1.16285e-05
-0.000110686
-3.51045e-05
5.9048e-05
4.16724e-05
-5.45083e-05
1.96961e-05
-0.000158193
-2.27213e-06
-8.87176e-05
-4.03612e-05
9.71371e-05
5.4939e-05
-5.36278e-05
3.71117e-06
-0.000157453
-2.54723e-05
-5.95341e-05
-5.03089e-05
0.000121974
6.13052e-05
-5.6675e-05
-2.62075e-05
-0.000149819
-5.91852e-05
-2.65564e-05
-6.49813e-05
0.00012777
5.88384e-05
-6.25144e-05
-7.19755e-05
-0.000132515
-9.75901e-05
-9.41805e-07
-8.11526e-05
0.000111332
4.65018e-05
-6.8816e-05
-0.00011897
-0.000110442
-0.000123263
3.35083e-06
-9.09516e-05
7.90212e-05
2.86773e-05
-7.3127e-05
-0.000137709
-9.56471e-05
-0.000129593
-4.76499e-06
-9.1403e-05
4.08311e-05
1.18666e-05
-7.45922e-05
-0.000130705
-8.53467e-05
-0.000116745
-1.87249e-05
-8.49581e-05
9.04455e-06
3.92634e-07
-7.34842e-05
-0.00010927
-7.78757e-05
-9.70533e-05
-3.09416e-05
-7.66197e-05
-1.1389e-05
-5.87114e-06
-7.0356e-05
-8.82465e-05
-7.26616e-05
-8.02526e-05
-3.89355e-05
-6.96611e-05
-2.19806e-05
-9.22639e-06
-6.63059e-05
-7.31095e-05
-6.87219e-05
-6.91565e-05
-4.28884e-05
-6.43191e-05
-2.68181e-05
-1.1662e-05
-6.18834e-05
-6.3227e-05
-6.54176e-05
-6.16659e-05
-4.44495e-05
-5.95147e-05
-2.89694e-05
-1.38621e-05
-5.73144e-05
-5.59983e-05
-6.24288e-05
-5.56817e-05
-4.47661e-05
-5.46323e-05
-3.00189e-05
-1.57127e-05
-5.27816e-05
-4.98764e-05
-5.95469e-05
-5.03654e-05
-4.42771e-05
-4.99023e-05
-3.04821e-05
-1.71145e-05
-4.85006e-05
-4.45715e-05
-5.6811e-05
-4.55303e-05
-4.33183e-05
-4.54661e-05
-3.05463e-05
-1.81104e-05
-4.44704e-05
-3.99161e-05
-5.42476e-05
-4.11055e-05
-4.21288e-05
-4.13192e-05
-3.03325e-05
-1.8761e-05
-4.06689e-05
-3.57639e-05
-5.18619e-05
-3.70454e-05
-4.08472e-05
-3.74421e-05
-2.99357e-05
-1.91365e-05
-3.70668e-05
-3.20072e-05
-4.96595e-05
-3.33027e-05
-3.95516e-05
-3.38193e-05
-2.94191e-05
-1.93039e-05
-3.36521e-05
-2.8571e-05
-4.76417e-05
-2.98341e-05
-3.82885e-05
-3.04228e-05
-2.88305e-05
-1.93196e-05
-3.04073e-05
-2.53981e-05
-4.58054e-05
-2.66013e-05
-3.70852e-05
-2.72246e-05
-2.82074e-05
-1.92259e-05
-2.73183e-05
-2.24427e-05
-4.41462e-05
-2.35676e-05
-3.59601e-05
-2.41972e-05
-2.75779e-05
-1.90574e-05
-2.43656e-05
-1.96698e-05
-4.26589e-05
-2.07045e-05
-3.49252e-05
-2.13185e-05
-2.6964e-05
-1.88397e-05
-2.1536e-05
-1.70512e-05
-4.13396e-05
-1.79865e-05
-3.39899e-05
-1.8567e-05
-2.63836e-05
-1.85935e-05
-1.88132e-05
-1.45625e-05
-4.0189e-05
-1.53903e-05
-3.31622e-05
-1.59237e-05
-2.58504e-05
-1.83359e-05
-1.61815e-05
-1.21844e-05
-3.92136e-05
-1.28954e-05
-3.24512e-05
-1.33695e-05
-2.53763e-05
-1.80813e-05
-1.36241e-05
-9.90589e-06
-3.84134e-05
-1.04898e-05
-3.18671e-05
-1.08887e-05
-2.49773e-05
-1.78448e-05
-1.11253e-05
-7.69423e-06
-3.77664e-05
-8.15667e-06
-3.14045e-05
-8.47083e-06
-2.46631e-05
-1.76447e-05
-8.67087e-06
-5.46586e-06
-3.72586e-05
-5.83325e-06
-3.10371e-05
-6.08211e-06
-2.44143e-05
-1.74825e-05
-6.24435e-06
-3.20216e-06
-3.69269e-05
-3.4622e-06
-3.0777e-05
-3.65656e-06
-2.422e-05
-1.73404e-05
-3.79864e-06
-1.02493e-06
-1.11633e-06
-1.19925e-06
-1.28337e-06
0.000287493
-7.91591e-05
0.000309648
-0.00010889
0.000325025
-0.000133516
0.000336751
-0.000156585
0.000346122
-0.00017648
0.000349665
-0.000189875
0.000338287
-0.000187527
0.000304083
-0.000160998
0.000250418
-0.000104212
0.000178411
-2.06865e-05
0.000145314
1.56362e-07
0.000131103
2.52089e-06
0.000116933
8.38435e-06
0.000122973
-4.94183e-07
0.000154978
-1.91795e-05
0.0001652
8.35596e-05
0.000112207
0.000309751
4.55057e-05
0.000398086
0.000799124
0.000285671
-9.63084e-05
0.000299852
-0.00012307
0.000313714
-0.000147379
0.000323075
-0.000165947
0.000323402
-0.000176806
0.00030548
-0.000171953
0.000263333
-0.00014538
0.00018711
-8.47754e-05
0.00013007
-4.71719e-05
9.84307e-05
1.09527e-05
7.08547e-05
2.77324e-05
4.57879e-05
2.75875e-05
4.12059e-05
1.29667e-05
6.24922e-05
-2.17804e-05
0.000104569
-6.1257e-05
0.000162183
2.59463e-05
0.000179318
0.000292616
4.93637e-05
0.00052804
0.000848487
0.000272909
-0.000115437
0.000286887
-0.000137048
0.000295765
-0.000156257
0.000288707
-0.000158888
0.000265837
-0.000153935
0.000203345
-0.000109462
0.000143922
-8.59572e-05
0.000103815
-4.46684e-05
5.69834e-05
-3.4006e-07
2.87034e-05
3.92328e-05
7.56109e-06
4.8875e-05
5.74531e-07
3.45737e-05
9.89477e-06
3.64611e-06
3.78892e-05
-4.97747e-05
8.73319e-05
-0.0001107
0.000169272
-5.59937e-05
0.000203947
0.000257941
1.07847e-05
0.000721203
0.000859272
0.000258533
-0.000129625
0.000260537
-0.000139052
0.00024991
-0.000145631
0.000211223
-0.000120201
0.0001594
-0.000102112
0.000128741
-7.88021e-05
9.11778e-05
-4.83943e-05
4.8182e-05
-1.67236e-06
4.6478e-06
4.31938e-05
-1.86969e-05
6.25775e-05
-2.47916e-05
5.49698e-05
-2.19661e-05
3.17481e-05
-1.22767e-05
-6.04339e-06
9.6951e-06
-7.17466e-05
3.68951e-05
-0.0001379
0.000119246
-0.000138344
0.000130124
0.000247062
-2.22939e-06
0.000853556
0.000857043
0.000220775
-0.000128714
0.000200144
-0.000118421
0.000163784
-0.000109271
0.000141987
-9.84047e-05
0.000119974
-8.00985e-05
8.91844e-05
-4.8013e-05
4.18212e-05
-1.03117e-06
-6.39819e-06
4.65474e-05
-3.37462e-05
7.05416e-05
-4.05878e-05
6.94189e-05
-3.8855e-05
5.32374e-05
-3.5733e-05
2.86257e-05
-3.48196e-05
-6.95686e-06
-3.90438e-05
-6.75223e-05
-2.78185e-05
-0.000149125
-2.18488e-05
-0.000144314
-1.09679e-05
0.000236181
-2.28155e-05
0.000865404
0.000834227
0.000161117
-0.000110547
0.00015431
-0.000111614
0.00014808
-0.00010304
0.000128378
-7.87031e-05
8.79599e-05
-3.96796e-05
3.53925e-05
4.55448e-06
-1.45373e-05
4.88986e-05
-4.28382e-05
7.48486e-05
-5.11625e-05
7.8866e-05
-4.94087e-05
6.7665e-05
-4.71236e-05
5.09528e-05
-4.82667e-05
2.97689e-05
-5.57264e-05
5.02688e-07
-7.64128e-05
-4.6836e-05
-0.000109219
-0.00011632
-0.000149568
-0.000103965
-0.000118114
0.000204727
-3.50022e-05
0.000782293
0.000799225
0.000158496
-0.000117216
0.000148376
-0.000101494
0.000118442
-7.31072e-05
6.89687e-05
-2.92297e-05
1.55945e-05
1.36949e-05
-2.7871e-05
4.80199e-05
-5.21577e-05
7.31853e-05
-5.9691e-05
8.23821e-05
-5.73243e-05
7.64993e-05
-5.40618e-05
6.44028e-05
-5.41427e-05
5.10333e-05
-5.92944e-05
3.49205e-05
-7.27001e-05
1.39084e-05
-0.000102855
-1.66808e-05
-0.000161123
-5.80525e-05
-0.000223967
-4.11202e-05
-0.000210959
0.000191718
-7.67689e-05
0.000648103
0.000722456
0.000119299
-9.655e-05
7.63981e-05
-5.85932e-05
2.5513e-05
-2.2222e-05
-1.88986e-05
1.51816e-05
-4.77541e-05
4.25507e-05
-6.46923e-05
6.4958e-05
-6.90357e-05
7.75286e-05
-6.5035e-05
7.83815e-05
-5.98712e-05
7.13353e-05
-5.80155e-05
6.25473e-05
-6.02902e-05
5.33083e-05
-6.78432e-05
4.24735e-05
-8.3709e-05
2.97741e-05
-0.000115166
1.47768e-05
-0.000175088
1.86917e-06
-0.000247893
3.16849e-05
-0.000256652
0.000200477
-0.000134826
0.000526277
0.00058763
2.25235e-05
-4.62593e-05
-2.07211e-05
-1.53486e-05
-5.15148e-05
8.57193e-06
-6.85131e-05
3.21797e-05
-7.76327e-05
5.16704e-05
-7.8253e-05
6.55783e-05
-7.28266e-05
7.21021e-05
-6.59652e-05
7.15202e-05
-6.18232e-05
6.71936e-05
-6.14645e-05
6.21884e-05
-6.48359e-05
5.66798e-05
-7.30422e-05
5.06799e-05
-8.84419e-05
4.51736e-05
-0.000115706
4.20409e-05
-0.000162426
4.85892e-05
-0.000223317
9.25753e-05
-0.000245178
0.000222339
-0.000149163
0.000430262
0.000438467
-4.97257e-05
-1.05832e-05
-6.78171e-05
2.7427e-06
-7.99082e-05
2.06631e-05
-8.50994e-05
3.73708e-05
-8.40773e-05
5.06484e-05
-7.8605e-05
6.01061e-05
-7.15541e-05
6.50515e-05
-6.59615e-05
6.59274e-05
-6.33982e-05
6.46305e-05
-6.38195e-05
6.26099e-05
-6.73727e-05
6.0233e-05
-7.50038e-05
5.83109e-05
-8.82209e-05
5.83905e-05
-0.000109292
6.31122e-05
-0.000140126
7.94232e-05
-0.00017398
0.000126429
-0.000179782
0.000228142
-0.000108761
0.000359241
0.000329706
-6.76625e-05
4.14258e-06
-7.85893e-05
1.36695e-05
-8.38543e-05
2.59281e-05
-8.37562e-05
3.72727e-05
-8.01608e-05
4.70529e-05
-7.47683e-05
5.47134e-05
-6.94563e-05
5.97397e-05
-6.57323e-05
6.22034e-05
-6.41714e-05
6.30692e-05
-6.48135e-05
6.32522e-05
-6.80119e-05
6.34314e-05
-7.44097e-05
6.47087e-05
-8.4752e-05
6.87326e-05
-9.97107e-05
7.80709e-05
-0.00011825
9.79625e-05
-0.000132047
0.000140226
-0.000120983
0.000217078
-6.5372e-05
0.000303629
0.000264334
-6.82198e-05
1.56865e-05
-7.53036e-05
2.07534e-05
-7.79476e-05
2.8572e-05
-7.72286e-05
3.65537e-05
-7.45648e-05
4.43889e-05
-7.09976e-05
5.11461e-05
-6.75571e-05
5.6299e-05
-6.50746e-05
5.9721e-05
-6.39929e-05
6.19874e-05
-6.45655e-05
6.38248e-05
-6.71394e-05
6.60053e-05
-7.20503e-05
6.96195e-05
-7.94877e-05
7.61699e-05
-8.92052e-05
8.77882e-05
-9.92138e-05
0.000107971
-0.000102274
0.000143286
-8.49878e-05
0.000199791
-4.06457e-05
0.000259287
0.000223689
-6.36514e-05
2.48294e-05
-6.94171e-05
2.65192e-05
-7.16019e-05
3.07567e-05
-7.16334e-05
3.65853e-05
-7.02325e-05
4.29879e-05
-6.8038e-05
4.89516e-05
-6.57112e-05
5.39722e-05
-6.38826e-05
5.78923e-05
-6.29967e-05
6.11016e-05
-6.33524e-05
6.41805e-05
-6.51873e-05
6.78402e-05
-6.86027e-05
7.30347e-05
-7.34425e-05
8.10096e-05
-7.9019e-05
9.33645e-05
-8.32751e-05
0.000112227
-8.09071e-05
0.000140918
-6.34556e-05
0.00018234
-2.87805e-05
0.000224612
0.000194908
-6.10128e-05
3.22143e-05
-6.56275e-05
3.11341e-05
-6.75553e-05
3.26844e-05
-6.79533e-05
3.69834e-05
-6.71116e-05
4.21462e-05
-6.55455e-05
4.73852e-05
-6.37525e-05
5.21794e-05
-6.22452e-05
5.63849e-05
-6.1399e-05
6.02554e-05
-6.14529e-05
6.42343e-05
-6.25286e-05
6.89159e-05
-6.45737e-05
7.50795e-05
-6.72533e-05
8.3689e-05
-6.97368e-05
9.5848e-05
-7.02332e-05
0.000112723
-6.51101e-05
0.000135795
-4.92447e-05
0.000166474
-2.21226e-05
0.00019749
0.000172785
-6.14092e-05
3.69486e-05
-6.41631e-05
3.38881e-05
-6.53394e-05
3.38606e-05
-6.5447e-05
3.70911e-05
-6.46134e-05
4.13127e-05
-6.32347e-05
4.60062e-05
-6.16706e-05
5.06154e-05
-6.02983e-05
5.50127e-05
-5.93879e-05
5.93449e-05
-5.90953e-05
6.39418e-05
-5.94532e-05
6.92737e-05
-6.03189e-05
7.59452e-05
-6.12877e-05
8.46577e-05
-6.15551e-05
9.61155e-05
-5.96891e-05
0.000110857
-5.32745e-05
0.00012938
-3.92624e-05
0.000152462
-1.77069e-05
0.000175935
0.000155078
-6.35752e-05
3.80094e-05
-6.39789e-05
3.4292e-05
-6.40188e-05
3.39004e-05
-6.34752e-05
3.65475e-05
-6.24041e-05
4.02417e-05
-6.10057e-05
4.46076e-05
-5.95066e-05
4.91162e-05
-5.81491e-05
5.36552e-05
-5.71045e-05
5.83003e-05
-5.64554e-05
6.32926e-05
-5.61721e-05
6.89905e-05
-5.60678e-05
7.58408e-05
-5.57352e-05
8.4325e-05
-5.44707e-05
9.4851e-05
-5.11862e-05
0.000107573
-4.4307e-05
0.000122501
-3.2028e-05
0.000140183
-1.45654e-05
0.000158472
0.000140513
-6.60589e-05
3.52523e-05
-6.4178e-05
3.24113e-05
-6.29957e-05
3.27178e-05
-6.1733e-05
3.52848e-05
-6.03434e-05
3.88519e-05
-5.88256e-05
4.30898e-05
-5.72916e-05
4.7582e-05
-5.587e-05
5.22337e-05
-5.46525e-05
5.70829e-05
-5.36642e-05
6.23044e-05
-5.28346e-05
6.81608e-05
-5.19617e-05
7.4968e-05
-5.06726e-05
8.30358e-05
-4.8387e-05
9.25654e-05
-4.4306e-05
0.000103492
-3.74156e-05
0.00011561
-2.66493e-05
0.000129417
-1.22308e-05
0.000144054
0.000128282
-6.77633e-05
2.98886e-05
-6.41677e-05
2.88158e-05
-6.19367e-05
3.04868e-05
-6.00528e-05
3.3401e-05
-5.83417e-05
3.71406e-05
-5.66631e-05
4.14113e-05
-5.50384e-05
4.59573e-05
-5.35099e-05
5.07052e-05
-5.21085e-05
5.56815e-05
-5.08162e-05
6.10121e-05
-4.95388e-05
6.68833e-05
-4.80783e-05
7.35076e-05
-4.61105e-05
8.1068e-05
-4.31745e-05
8.96294e-05
-3.86983e-05
9.90156e-05
-3.20354e-05
0.000108947
-2.25541e-05
0.000119936
-1.04348e-05
0.000131934
0.000117847
-6.81057e-05
2.34023e-05
-6.35843e-05
2.42946e-05
-6.06346e-05
2.75371e-05
-5.83047e-05
3.10713e-05
-5.63211e-05
3.5157e-05
-5.44845e-05
3.95745e-05
-5.27503e-05
4.4223e-05
-5.11021e-05
4.90571e-05
-4.95269e-05
5.41061e-05
-4.79765e-05
5.94619e-05
-4.63461e-05
6.52528e-05
-4.44524e-05
7.16137e-05
-4.2023e-05
7.86387e-05
-3.87018e-05
8.63082e-05
-3.40851e-05
9.43989e-05
-2.77656e-05
0.000102628
-1.93668e-05
0.000111537
-9.01682e-06
0.000121584
0.000108831
-6.69414e-05
1.68597e-05
-6.22705e-05
1.96237e-05
-5.89717e-05
2.42385e-05
-5.63959e-05
2.84953e-05
-5.42232e-05
3.29844e-05
-5.2262e-05
3.76132e-05
-5.04275e-05
4.23882e-05
-4.86687e-05
4.72985e-05
-4.69438e-05
5.23809e-05
-4.51868e-05
5.77049e-05
-4.32903e-05
6.33564e-05
-4.10915e-05
6.94148e-05
-3.83671e-05
7.59145e-05
-3.48464e-05
8.27876e-05
-3.02489e-05
8.98013e-05
-2.4321e-05
9.67001e-05
-1.68353e-05
0.000104051
-7.87374e-06
0.000112623
0.000100957
-6.45472e-05
1.1051e-05
-6.02376e-05
1.53139e-05
-5.69248e-05
2.09259e-05
-5.42803e-05
2.58505e-05
-5.2016e-05
3.072e-05
-4.998e-05
3.55772e-05
-4.80719e-05
4.04798e-05
-4.62258e-05
4.54527e-05
-4.43836e-05
5.05387e-05
-4.24715e-05
5.57927e-05
-4.03862e-05
6.12713e-05
-3.79866e-05
6.70154e-05
-3.5093e-05
7.30209e-05
-3.15026e-05
7.91972e-05
-2.70221e-05
8.53206e-05
-2.14968e-05
9.11747e-05
-1.47861e-05
9.73402e-05
-6.9352e-06
0.000104772
9.40215e-05
-6.13888e-05
6.134e-06
-5.76299e-05
1.15549e-05
-5.4541e-05
1.78371e-05
-5.1956e-05
2.32655e-05
-4.96922e-05
2.84562e-05
-4.76342e-05
3.35194e-05
-4.56879e-05
3.85334e-05
-4.37853e-05
4.35502e-05
-4.18622e-05
4.86158e-05
-3.98443e-05
5.37748e-05
-3.76368e-05
5.9064e-05
-3.51199e-05
6.44986e-05
-3.21513e-05
7.00523e-05
-2.85803e-05
7.56261e-05
-2.42756e-05
8.10158e-05
-1.91447e-05
8.60438e-05
-1.30979e-05
9.12934e-05
-6.1516e-06
9.78254e-05
8.78699e-05
-5.78128e-05
2.06356e-06
-5.46605e-05
8.40266e-06
-5.18942e-05
1.50708e-05
-4.94537e-05
2.08251e-05
-4.72628e-05
2.62652e-05
-4.52305e-05
3.14873e-05
-4.32828e-05
3.65858e-05
-4.13565e-05
4.1624e-05
-3.93893e-05
4.66486e-05
-3.7311e-05
5.16966e-05
-3.5038e-05
5.6791e-05
-3.24704e-05
6.1931e-05
-2.94966e-05
6.70785e-05
-2.60056e-05
7.2135e-05
-2.19098e-05
7.692e-05
-1.71561e-05
8.12901e-05
-1.16838e-05
8.5821e-05
-5.48733e-06
9.16289e-05
8.23826e-05
-5.40853e-05
-1.16552e-06
-5.15027e-05
5.82022e-06
-4.90643e-05
1.26323e-05
-4.68222e-05
1.85833e-05
-4.47497e-05
2.41927e-05
-4.27818e-05
2.95196e-05
-4.0866e-05
3.467e-05
-3.89477e-05
3.97056e-05
-3.69708e-05
4.46717e-05
-3.48727e-05
4.95986e-05
-3.25814e-05
5.44999e-05
-3.00153e-05
5.9365e-05
-2.70877e-05
6.4151e-05
-2.37177e-05
6.87652e-05
-1.98482e-05
7.30505e-05
-1.54509e-05
7.68927e-05
-1.0481e-05
8.08511e-05
-4.91645e-06
8.60644e-05
7.74661e-05
-5.0399e-05
-3.54819e-06
-4.82624e-05
3.68376e-06
-4.61307e-05
1.05004e-05
-4.41102e-05
1.6563e-05
-4.21802e-05
2.22626e-05
-4.03053e-05
2.76447e-05
-3.84486e-05
3.28133e-05
-3.65661e-05
3.78231e-05
-3.46101e-05
4.27158e-05
-3.2527e-05
4.75156e-05
-3.02563e-05
5.22293e-05
-2.77324e-05
5.68412e-05
-2.48886e-05
6.13073e-05
-2.16669e-05
6.55435e-05
-1.80312e-05
6.94147e-05
-1.39687e-05
7.28301e-05
-9.44305e-06
7.63255e-05
-4.41974e-06
8.10411e-05
7.30464e-05
-4.67491e-05
-5.29981e-06
-4.49919e-05
1.9266e-06
-4.31559e-05
8.66421e-06
-4.13567e-05
1.47639e-05
-3.95811e-05
2.0487e-05
-3.78179e-05
2.58816e-05
-3.60415e-05
3.10369e-05
-3.42182e-05
3.59999e-05
-3.23093e-05
4.0807e-05
-3.027e-05
4.54765e-05
-2.80513e-05
5.00106e-05
-2.56008e-05
5.43908e-05
-2.28683e-05
5.85747e-05
-1.98125e-05
6.24876e-05
-1.6412e-05
6.60141e-05
-1.26637e-05
6.90819e-05
-8.53535e-06
7.21971e-05
-3.98269e-06
7.64885e-05
6.90638e-05
-4.318e-05
-6.59014e-06
-4.17395e-05
4.85955e-07
-4.01802e-05
7.10492e-06
-3.85913e-05
1.31751e-05
-3.69752e-05
1.88711e-05
-3.53352e-05
2.42417e-05
-3.36547e-05
2.93565e-05
-3.19096e-05
3.42549e-05
-3.00691e-05
3.89666e-05
-2.80975e-05
4.3505e-05
-2.59555e-05
4.78685e-05
-2.36024e-05
5.20377e-05
-2.10005e-05
5.59727e-05
-1.81214e-05
5.96085e-05
-1.4954e-05
6.28467e-05
-1.1501e-05
6.56289e-05
-7.73155e-06
6.84278e-05
-3.59414e-06
7.23511e-05
6.54696e-05
-3.97182e-05
-7.54058e-06
-3.85416e-05
-6.9084e-07
-3.72307e-05
5.79421e-06
-3.58379e-05
1.17823e-05
-3.43809e-05
1.74142e-05
-3.28701e-05
2.27309e-05
-3.12968e-05
2.77832e-05
-2.96445e-05
3.26026e-05
-2.789e-05
3.72119e-05
-2.6005e-05
4.162e-05
-2.3959e-05
4.58225e-05
-2.1721e-05
4.97996e-05
-1.92634e-05
5.35151e-05
-1.65672e-05
5.69124e-05
-1.36285e-05
5.9908e-05
-1.04534e-05
6.24539e-05
-7.01153e-06
6.49859e-05
-3.24546e-06
6.8585e-05
6.22241e-05
-3.63653e-05
-8.24181e-06
-3.54353e-05
-1.62119e-06
-3.43294e-05
4.68852e-06
-3.31155e-05
1.05682e-05
-3.18126e-05
1.61115e-05
-3.04334e-05
2.13516e-05
-2.89749e-05
2.63246e-05
-2.74265e-05
3.10542e-05
-2.57713e-05
3.55565e-05
-2.39878e-05
3.98365e-05
-2.20527e-05
4.38874e-05
-1.99429e-05
4.76899e-05
-1.76387e-05
5.12111e-05
-1.51284e-05
5.44022e-05
-1.24127e-05
5.71924e-05
-9.49994e-06
5.95412e-05
-6.35969e-06
6.18457e-05
-2.92982e-06
6.51551e-05
5.92943e-05
-3.31448e-05
-8.74908e-06
-3.24091e-05
-2.35717e-06
-3.14876e-05
3.76712e-06
-3.04374e-05
9.51792e-06
-2.92816e-05
1.49556e-05
-2.80335e-05
2.01036e-05
-2.66945e-05
2.49855e-05
-2.5258e-05
2.96178e-05
-2.37123e-05
3.40108e-05
-2.20415e-05
3.81657e-05
-2.02283e-05
4.20743e-05
-1.82561e-05
4.57177e-05
-1.61113e-05
4.90665e-05
-1.37874e-05
5.20784e-05
-1.12885e-05
5.46936e-05
-8.62409e-06
5.68767e-05
-5.76386e-06
5.89854e-05
-2.6417e-06
6.20329e-05
5.66525e-05
-3.00532e-05
-9.10311e-06
-2.94765e-05
-2.93402e-06
-2.87138e-05
3.00437e-06
-2.78126e-05
8.61679e-06
-2.6796e-05
1.39391e-05
-2.56772e-05
1.8985e-05
-2.446e-05
2.37682e-05
-2.31409e-05
2.82989e-05
-2.1712e-05
3.2582e-05
-2.01621e-05
3.66158e-05
-1.84787e-05
4.0391e-05
-1.66503e-05
4.38894e-05
-1.46682e-05
4.70845e-05
-1.25298e-05
4.994e-05
-1.02413e-05
5.24051e-05
-7.81273e-06
5.44482e-05
-5.21437e-06
5.6387e-05
-2.37654e-06
5.9195e-05
5.42759e-05
-2.70805e-05
-9.34083e-06
-2.66369e-05
-3.37758e-06
-2.60122e-05
2.37965e-06
-2.52465e-05
7.85124e-06
-2.43613e-05
1.3054e-05
-2.3369e-05
1.79929e-05
-2.22744e-05
2.26736e-05
-2.10761e-05
2.71007e-05
-1.97691e-05
3.12749e-05
-1.83456e-05
3.51924e-05
-1.67974e-05
3.88427e-05
-1.51168e-05
4.22088e-05
-1.32989e-05
4.52667e-05
-1.13438e-05
4.7985e-05
-9.25919e-06
5.03206e-05
-7.05542e-06
5.22444e-05
-4.70355e-06
5.40351e-05
-2.13057e-06
5.6622e-05
5.21453e-05
-2.42202e-05
-9.48622e-06
-2.38898e-05
-3.70782e-06
-2.33835e-05
1.87333e-06
-2.27413e-05
7.20915e-06
-2.19806e-05
1.22933e-05
-2.11118e-05
1.71241e-05
-2.01395e-05
2.17014e-05
-1.90639e-05
2.6025e-05
-1.78818e-05
3.00928e-05
-1.65885e-05
3.3899e-05
-1.51787e-05
3.74329e-05
-1.36479e-05
4.0678e-05
-1.19942e-05
4.3613e-05
-1.02196e-05
4.62105e-05
-8.33265e-06
4.84337e-05
-6.34379e-06
5.02556e-05
-4.22524e-06
5.19165e-05
-1.9007e-06
5.42973e-05
5.02445e-05
-2.14653e-05
-9.55702e-06
-2.12237e-05
-3.94941e-06
-2.08248e-05
1.47436e-06
-2.02972e-05
6.68153e-06
-1.9655e-05
1.16511e-05
-1.89066e-05
1.63757e-05
-1.8056e-05
2.08507e-05
-1.71037e-05
2.50727e-05
-1.60483e-05
2.90374e-05
-1.48872e-05
3.27379e-05
-1.36174e-05
3.61631e-05
-1.22372e-05
3.92979e-05
-1.07466e-05
4.21226e-05
-9.14922e-06
4.46132e-05
-7.45386e-06
4.67384e-05
-5.67106e-06
4.84728e-05
-3.77446e-06
5.00199e-05
-1.68441e-06
5.22072e-05
4.85601e-05
-1.87997e-05
-9.57066e-06
-1.86346e-05
-4.11463e-06
-1.83323e-05
1.17197e-06
-1.79121e-05
6.26127e-06
-1.7384e-05
1.11228e-05
-1.67535e-05
1.57451e-05
-1.60233e-05
2.01205e-05
-1.51944e-05
2.42437e-05
-1.42664e-05
2.81093e-05
-1.32381e-05
3.17097e-05
-1.2109e-05
3.5034e-05
-1.08788e-05
3.80679e-05
-9.5496e-06
4.07934e-05
-8.12578e-06
4.31895e-05
-6.61634e-06
4.5229e-05
-5.03166e-06
4.68881e-05
-3.34717e-06
4.83353e-05
-1.47963e-06
5.03395e-05
4.70804e-05
-1.62116e-05
-9.54058e-06
-1.61131e-05
-4.21333e-06
-1.59003e-05
9.59152e-07
-1.55828e-05
5.94369e-06
-1.51656e-05
1.07057e-05
-1.46511e-05
1.52306e-05
-1.40404e-05
1.95099e-05
-1.33344e-05
2.35377e-05
-1.25335e-05
2.73085e-05
-1.16381e-05
3.08143e-05
-1.0649e-05
3.4045e-05
-9.56779e-06
3.69867e-05
-8.39757e-06
3.96232e-05
-7.14359e-06
4.19355e-05
-5.81467e-06
4.39001e-05
-4.42099e-06
4.54944e-05
-2.94002e-06
4.68543e-05
-1.28473e-06
4.86841e-05
4.57956e-05
-1.3689e-05
-9.4757e-06
-1.36486e-05
-4.25372e-06
-1.35212e-05
8.31842e-07
-1.33044e-05
5.72681e-06
-1.29969e-05
1.03983e-05
-1.25974e-05
1.48311e-05
-1.21054e-05
1.90179e-05
-1.15215e-05
2.29539e-05
-1.08471e-05
2.6634e-05
-1.00837e-05
3.0051e-05
-9.23352e-06
3.31948e-05
-8.29948e-06
3.60527e-05
-7.28561e-06
3.86094e-05
-6.19767e-06
4.08476e-05
-5.04422e-06
4.27467e-05
-3.83515e-06
4.42853e-05
-2.55026e-06
4.55693e-05
-1.09849e-06
4.72323e-05
4.46971e-05
-1.12126e-05
-9.38828e-06
-1.12289e-05
-4.23736e-06
-1.11867e-05
7.89788e-07
-1.10716e-05
5.6117e-06
-1.08746e-05
1.02013e-05
-1.05901e-05
1.45465e-05
-1.02161e-05
1.86439e-05
-9.75349e-06
2.24913e-05
-9.20436e-06
2.60849e-05
-8.57163e-06
2.94182e-05
-7.85871e-06
3.24818e-05
-7.06962e-06
3.52636e-05
-6.20922e-06
3.7749e-05
-5.28357e-06
3.9922e-05
-4.30091e-06
4.1764e-05
-3.27072e-06
4.32552e-05
-2.17548e-06
4.44741e-05
-9.20169e-07
4.59769e-05
4.37768e-05
-8.76987e-06
-9.28918e-06
-8.84102e-06
-4.16622e-06
-8.88763e-06
8.36518e-07
-8.8794e-06
5.6034e-06
-8.79595e-06
1.01179e-05
-8.6274e-06
1.43779e-05
-8.37116e-06
1.83876e-05
-8.02873e-06
2.21488e-05
-7.60352e-06
2.56596e-05
-7.09974e-06
2.89144e-05
-6.52203e-06
3.19041e-05
-5.87541e-06
3.4617e-05
-5.16539e-06
3.7039e-05
-4.39827e-06
3.9155e-05
-3.58193e-06
4.09478e-05
-2.72534e-06
4.23986e-05
-1.81394e-06
4.35626e-05
-7.49682e-07
4.49126e-05
4.30271e-05
-6.34258e-06
-9.19088e-06
-6.46623e-06
-4.04262e-06
-6.61367e-06
9.83989e-07
-6.72132e-06
5.71097e-06
-6.75453e-06
1.0151e-05
-6.70127e-06
1.43246e-05
-6.56029e-06
1.82465e-05
-6.33505e-06
2.19235e-05
-6.03078e-06
2.53553e-05
-5.65326e-06
2.85369e-05
-5.20835e-06
3.14592e-05
-4.70194e-06
3.41106e-05
-4.14005e-06
3.64772e-05
-3.52906e-06
3.85441e-05
-2.87639e-06
4.02952e-05
-2.19033e-06
4.17126e-05
-1.45939e-06
4.28317e-05
-5.86644e-07
4.40398e-05
4.24405e-05
-3.90143e-06
-9.08806e-06
-4.0845e-06
-3.85962e-06
-4.37392e-06
1.27339e-06
-4.63718e-06
5.97415e-06
-4.81527e-06
1.0329e-05
-4.89623e-06
1.44055e-05
-4.8818e-06
1.82321e-05
-4.77872e-06
2.18204e-05
-4.59524e-06
2.51718e-05
-4.33968e-06
2.82813e-05
-4.01995e-06
3.11395e-05
-3.64343e-06
3.37342e-05
-3.21713e-06
3.6051e-05
-2.74787e-06
3.80749e-05
-2.24309e-06
3.97905e-05
-1.7112e-06
4.11807e-05
-1.1414e-06
4.22619e-05
-4.44626e-07
4.33429e-05
4.19958e-05
-1.36567e-06
-1.50976e-06
-1.74147e-06
-1.98421e-06
-2.1911e-06
-2.34209e-06
-2.43019e-06
-2.45521e-06
-2.42047e-06
-2.33098e-06
-2.19243e-06
-2.01066e-06
-1.79144e-06
-1.54047e-06
-1.26368e-06
-9.68378e-07
-6.45045e-07
-2.49194e-07
)
;

boundaryField
{
    leftWall
    {
        type            calculated;
        value           uniform 0;
    }
    rightWall
    {
        type            calculated;
        value           uniform 0;
    }
    lowerWall
    {
        type            calculated;
        value           uniform 0;
    }
    atmosphere
    {
        type            calculated;
        value           nonuniform List<scalar> 
46
(
-1.61884e-05
-1.70973e-05
-1.70273e-05
-1.70052e-05
-1.69444e-05
-1.68531e-05
-1.67327e-05
-1.65851e-05
-1.64113e-05
-1.62126e-05
-1.59898e-05
-1.57438e-05
-1.54755e-05
-1.51857e-05
-1.48752e-05
-1.45448e-05
-1.41953e-05
-1.38276e-05
-1.34424e-05
-1.30404e-05
-1.26224e-05
-1.21892e-05
-1.17405e-05
-3.68197e-05
-3.06856e-05
-2.41371e-05
-1.72564e-05
-9.00575e-06
-3.71558e-06
1.50507e-06
6.21684e-06
1.05359e-05
1.45564e-05
1.83202e-05
2.18454e-05
2.51371e-05
2.81919e-05
3.1001e-05
3.35524e-05
3.58318e-05
3.7824e-05
3.95137e-05
4.08854e-05
4.19385e-05
4.29471e-05
4.17466e-05
)
;
    }
    defaultFaces
    {
        type            empty;
        value           nonuniform List<scalar> 0();
    }
}


// ************************************************************************* //
