/*--------------------------------*- C++ -*----------------------------------*\
| =========                 |                                                 |
| \\      /  F ield         | OpenFOAM: The Open Source CFD Toolbox           |
|  \\    /   O peration     | Version:  2206                                  |
|   \\  /    A nd           | Website:  www.openfoam.com                      |
|    \\/     M anipulation  |                                                 |
\*---------------------------------------------------------------------------*/
FoamFile
{
    version     2.0;
    format      ascii;
    arch        "LSB;label=32;scalar=64";
    class       volVectorField;
    location    "0.25";
    object      U;
}
// * * * * * * * * * * * * * * * * * * * * * * * * * * * * * * * * * * * * * //

dimensions      [0 1 -1 0 0 0 0];

internalField   nonuniform List<vector> 
2268
(
(0.0028804 -0.00412818 0)
(0.0163951 -0.00832359 0)
(0.0355027 -0.00862185 0)
(0.0534809 -0.00778895 0)
(0.0693741 -0.00703058 0)
(0.083788 -0.00652254 0)
(0.0973032 -0.00613042 0)
(0.110053 -0.00572606 0)
(0.121891 -0.0052403 0)
(0.132595 -0.00463883 0)
(0.141896 -0.00389634 0)
(0.149478 -0.0029626 0)
(0.154812 -0.0017506 0)
(0.157668 8.97431e-05 0)
(0.156472 0.00284148 0)
(0.149897 0.00640444 0)
(0.137102 0.0103201 0)
(0.117757 0.0137816 0)
(0.09262 0.0156844 0)
(0.0643956 0.0148843 0)
(0.0372241 0.0104603 0)
(0.0158355 0.00341486 0)
(0.00340537 -0.00266003 0)
(0.00277707 -0.0124546 0)
(0.016442 -0.0251903 0)
(0.0358753 -0.0261866 0)
(0.0541565 -0.0237146 0)
(0.0703199 -0.0214156 0)
(0.0849847 -0.0198684 0)
(0.0987405 -0.0186904 0)
(0.111742 -0.0174911 0)
(0.123867 -0.0160552 0)
(0.13491 -0.0142791 0)
(0.144634 -0.0120926 0)
(0.152765 -0.00940164 0)
(0.159134 -0.00606902 0)
(0.163199 -0.00181389 0)
(0.165558 0.00360244 0)
(0.166272 0.0103588 0)
(0.164592 0.0183223 0)
(0.158883 0.0268721 0)
(0.146753 0.0346662 0)
(0.125984 0.0396532 0)
(0.0960206 0.0392497 0)
(0.0590765 0.0323771 0)
(0.019722 0.0228348 0)
(0.00257133 -0.0206798 0)
(0.0162762 -0.0421421 0)
(0.036079 -0.043998 0)
(0.0547276 -0.0399077 0)
(0.0712089 -0.03601 0)
(0.0861449 -0.0333802 0)
(0.100151 -0.0314196 0)
(0.113426 -0.0294632 0)
(0.12589 -0.0271343 0)
(0.13736 -0.0242577 0)
(0.14761 -0.0207272 0)
(0.156381 -0.0164382 0)
(0.163366 -0.0112661 0)
(0.168193 -0.00516367 0)
(0.170494 0.00196897 0)
(0.170047 0.0104766 0)
(0.166771 0.0207683 0)
(0.16072 0.0329776 0)
(0.151388 0.0465483 0)
(0.136666 0.0597777 0)
(0.112889 0.0695429 0)
(0.0766342 0.0722339 0)
(0.0282543 0.0678902 0)
(0.00228667 -0.0286984 0)
(0.0160479 -0.0592585 0)
(0.0363719 -0.062234 0)
(0.055575 -0.0565422 0)
(0.0725425 -0.0509559 0)
(0.0878832 -0.0471802 0)
(0.102258 -0.0444413 0)
(0.115939 -0.0417846 0)
(0.128899 -0.0386499 0)
(0.140983 -0.0347786 0)
(0.151979 -0.0300275 0)
(0.161638 -0.0242603 0)
(0.169673 -0.0173099 0)
(0.175757 -0.0089754 0)
(0.179471 0.000989311 0)
(0.18028 0.0127248 0)
(0.177534 0.0263018 0)
(0.170597 0.0418079 0)
(0.15906 0.0593631 0)
(0.142316 0.0787854 0)
(0.118337 0.0984606 0)
(0.0826519 0.114183 0)
(0.0314758 0.120698 0)
(0.0019541 -0.0364746 0)
(0.0157975 -0.0766664 0)
(0.0367473 -0.0810939 0)
(0.0566476 -0.0738138 0)
(0.074242 -0.0664196 0)
(0.0901088 -0.0614139 0)
(0.104968 -0.0578987 0)
(0.11918 -0.0546123 0)
(0.132786 -0.050781 0)
(0.145666 -0.0460434 0)
(0.157627 -0.0402102 0)
(0.168438 -0.0331106 0)
(0.177831 -0.0245329 0)
(0.185482 -0.0142166 0)
(0.191004 -0.00188224 0)
(0.19387 0.0128279 0)
(0.193314 0.0302119 0)
(0.188265 0.0504569 0)
(0.177346 0.0735814 0)
(0.159095 0.0995992 0)
(0.132209 0.128288 0)
(0.0933349 0.156314 0)
(0.0377025 0.174455 0)
(0.00159948 -0.0440388 0)
(0.0155473 -0.0944181 0)
(0.037205 -0.10069 0)
(0.0578985 -0.0918668 0)
(0.0762132 -0.0825553 0)
(0.0926998 -0.0762438 0)
(0.108146 -0.0719729 0)
(0.123009 -0.0681582 0)
(0.137405 -0.0637811 0)
(0.151254 -0.0583571 0)
(0.164394 -0.0516433 0)
(0.176618 -0.0434341 0)
(0.187691 -0.0334729 0)
(0.197326 -0.0214283 0)
(0.205157 -0.0068829 0)
(0.210671 0.0106581 0)
(0.21317 0.0317177 0)
(0.211565 0.0569594 0)
(0.204042 0.0869255 0)
(0.187885 0.12199 0)
(0.159516 0.162586 0)
(0.114599 0.20938 0)
(0.0426095 0.252591 0)
(0.00121253 -0.051231 0)
(0.0152935 -0.112385 0)
(0.0377273 -0.120909 0)
(0.0592717 -0.110591 0)
(0.0783473 -0.0992586 0)
(0.0955023 -0.0915719 0)
(0.111611 -0.086572 0)
(0.127224 -0.0823399 0)
(0.142526 -0.0775844 0)
(0.157488 -0.0716816 0)
(0.171984 -0.0643332 0)
(0.185856 -0.0553072 0)
(0.198922 -0.0443148 0)
(0.210965 -0.030971 0)
(0.221717 -0.0147653 0)
(0.230691 0.00489149 0)
(0.237304 0.0290355 0)
(0.240634 0.0587503 0)
(0.239036 0.0954393 0)
(0.229465 0.140059 0)
(0.207908 0.194033 0)
(0.16475 0.253128 0)
(0.0827352 0.324731 0)
(0.000858388 -0.057991 0)
(0.0151714 -0.130694 0)
(0.0383609 -0.141803 0)
(0.0607255 -0.129956 0)
(0.0805416 -0.116482 0)
(0.0983788 -0.107346 0)
(0.115205 -0.101628 0)
(0.131651 -0.0970623 0)
(0.147953 -0.0920603 0)
(0.164128 -0.0858439 0)
(0.1801 -0.0780578 0)
(0.195771 -0.0684507 0)
(0.211042 -0.0567141 0)
(0.22581 -0.0424186 0)
(0.239915 -0.0249723 0)
(0.253184 -0.00361288 0)
(0.265164 0.0228416 0)
(0.275235 0.0561164 0)
(0.281635 0.0993433 0)
(0.282348 0.156085 0)
(0.265958 0.23538 0)
(0.239895 0.345076 0)
(0.071155 0.524277 0)
(0.149888 -0.0952047 0)
(0.348349 -0.0963743 0)
(0.50948 0.0119311 0)
(-0.913751 0.0997941 0)
(-2.35322 -0.0307673 0)
(-2.36386 -0.218853 0)
(-1.42689 -0.310176 0)
(-0.0654841 -0.290354 0)
(0.674612 -0.220029 0)
(1.34047 -0.144012 0)
(1.85025 -0.0969742 0)
(2.18188 -0.0679319 0)
(2.36795 -0.0515319 0)
(2.51229 -0.0143996 0)
(2.43388 0.0987974 0)
(1.79565 0.25756 0)
(0.651382 0.23733 0)
(-0.744365 0.199531 0)
(-0.440965 -0.652016 0)
(-0.0393813 -0.11228 0)
(-0.202609 0.0361479 0)
(-0.424248 0.341176 0)
(-1.53109 0.477895 0)
(-1.97527 0.302152 0)
(-0.0839005 -0.222353 0)
(-0.0198371 -0.32582 0)
(1.18581 -0.556609 0)
(1.59797 -0.428797 0)
(1.91676 -0.261505 0)
(2.17737 -0.157996 0)
(2.33181 -0.104253 0)
(2.40856 -0.0691564 0)
(2.39605 -0.0226823 0)
(2.46181 0.0772199 0)
(2.53857 0.259303 0)
(2.3151 0.407597 0)
(1.40629 0.528441 0)
(0.760829 -0.316271 0)
(-0.288861 0.00564951 0)
(-0.700544 0.179666 0)
(-0.844351 0.475589 0)
(-0.776535 0.513188 0)
(0.634994 -0.246714 0)
(1.04115 -0.407326 0)
(1.497 -0.567669 0)
(1.7486 -0.678048 0)
(1.85557 -0.505861 0)
(2.04142 -0.309273 0)
(2.23733 -0.187414 0)
(2.36157 -0.121447 0)
(2.4149 -0.0704779 0)
(2.43359 -0.0116267 0)
(2.41936 0.0889418 0)
(2.44333 0.274115 0)
(2.57299 0.502033 0)
(2.29046 0.739058 0)
(1.68549 0.426305 0)
(-0.375894 0.175871 0)
(-0.702016 0.264893 0)
(-0.505431 0.33563 0)
(0.644292 0.0330929 0)
(1.22357 -0.305166 0)
(1.56727 -0.491335 0)
(1.81048 -0.642633 0)
(1.89923 -0.698257 0)
(1.97005 -0.551915 0)
(2.11517 -0.366265 0)
(2.26335 -0.233025 0)
(2.35246 -0.154932 0)
(2.38856 -0.100952 0)
(2.40008 -0.0459767 0)
(2.41635 0.0524122 0)
(2.39007 0.23984 0)
(2.45799 0.507072 0)
(2.44685 0.897925 0)
(1.97689 0.87049 0)
(-0.341732 0.314654 0)
(-0.443392 0.245311 0)
(0.346356 0.00735471 0)
(1.07164 -0.235078 0)
(1.4968 -0.426351 0)
(1.77995 -0.58098 0)
(1.9226 -0.684838 0)
(1.982 -0.714359 0)
(2.04579 -0.595189 0)
(2.14662 -0.414025 0)
(2.23597 -0.269577 0)
(2.28113 -0.179699 0)
(2.28488 -0.107428 0)
(2.27147 -0.0305924 0)
(2.28488 0.079599 0)
(2.26993 0.262086 0)
(2.17526 0.507372 0)
(2.25801 1.03552 0)
(1.95625 1.39053 0)
(-0.470746 0.427992 0)
(0.359841 0.0131881 0)
(0.992699 -0.182529 0)
(1.42733 -0.367963 0)
(1.72568 -0.52147 0)
(1.89417 -0.635727 0)
(1.97478 -0.707942 0)
(2.02362 -0.727515 0)
(2.06732 -0.626636 0)
(2.10367 -0.453068 0)
(2.11945 -0.295522 0)
(2.08352 -0.175394 0)
(2.00347 -0.0856283 0)
(1.88749 -0.019717 0)
(1.75867 0.0907192 0)
(1.80554 0.372302 0)
(1.65877 0.667995 0)
(1.64034 1.12882 0)
(1.7876 2.02386 0)
(0.374602 0.387456 0)
(0.985713 -0.075882 0)
(1.38918 -0.308581 0)
(1.67324 -0.468923 0)
(1.84341 -0.582721 0)
(1.93252 -0.665704 0)
(1.98848 -0.724213 0)
(2.03051 -0.740173 0)
(2.01964 -0.644933 0)
(1.96155 -0.463347 0)
(1.87231 -0.265317 0)
(1.67928 -0.117366 0)
(1.55144 -0.01589 0)
(1.52949 0.0292155 0)
(1.47859 0.109984 0)
(1.51741 0.348838 0)
(1.15476 0.774476 0)
(0.827851 1.13327 0)
(1.62233 2.54819 0)
(0.752609 -0.162927 0)
(1.33445 -0.294461 0)
(1.62519 -0.415311 0)
(1.78013 -0.522899 0)
(1.8682 -0.610454 0)
(1.92826 -0.685445 0)
(1.97852 -0.740255 0)
(1.98521 -0.743431 0)
(1.87311 -0.623069 0)
(1.69431 -0.403812 0)
(1.46068 -0.152753 0)
(1.31798 -0.0301606 0)
(1.2542 -0.0339198 0)
(1.19469 0.00266878 0)
(1.10949 0.0642343 0)
(1.26079 0.331574 0)
(0.924985 0.896622 0)
(-0.0105279 1.19241 0)
(1.50111 2.81659 0)
(0.000684384 -0.0686901 0)
(0.0157108 -0.160813 0)
(0.0398287 -0.176213 0)
(0.0631389 -0.161831 0)
(0.0838907 -0.144979 0)
(0.102752 -0.133719 0)
(0.120785 -0.127128 0)
(0.138665 -0.122368 0)
(0.156662 -0.11739 0)
(0.174838 -0.111187 0)
(0.193195 -0.103346 0)
(0.211746 -0.0936288 0)
(0.230539 -0.0817597 0)
(0.24969 -0.0673334 0)
(0.269368 -0.0497698 0)
(0.289942 -0.0282491 0)
(0.31173 -0.00168233 0)
(0.336315 0.0313069 0)
(0.363693 0.0732006 0)
(0.402623 0.125723 0)
(0.443086 0.200236 0)
(0.545182 0.278761 0)
(0.583111 0.485517 0)
(0.000972834 -0.0839655 0)
(0.0174797 -0.203673 0)
(0.0425497 -0.224943 0)
(0.066562 -0.206993 0)
(0.0881328 -0.185786 0)
(0.108225 -0.172118 0)
(0.127939 -0.164882 0)
(0.147872 -0.160421 0)
(0.168238 -0.156101 0)
(0.189123 -0.150681 0)
(0.210608 -0.143737 0)
(0.232827 -0.135135 0)
(0.25599 -0.124751 0)
(0.280406 -0.112391 0)
(0.30652 -0.0977706 0)
(0.334962 -0.0805493 0)
(0.366614 -0.0603335 0)
(0.402633 -0.0368975 0)
(0.444538 -0.00962888 0)
(0.494944 0.0202055 0)
(0.555844 0.0569781 0)
(0.627491 0.0767056 0)
(0.728398 0.14708 0)
(0.00199392 -0.102323 0)
(0.0204564 -0.249352 0)
(0.0458955 -0.27505 0)
(0.0697226 -0.253109 0)
(0.0913914 -0.228382 0)
(0.112305 -0.213539 0)
(0.133477 -0.206678 0)
(0.155238 -0.20323 0)
(0.177627 -0.200143 0)
(0.200687 -0.196121 0)
(0.224534 -0.190843 0)
(0.249355 -0.184323 0)
(0.275402 -0.176605 0)
(0.302995 -0.16769 0)
(0.332525 -0.157555 0)
(0.364464 -0.1462 0)
(0.399396 -0.133706 0)
(0.437947 -0.120333 0)
(0.481054 -0.106427 0)
(0.529286 -0.0931482 0)
(0.585102 -0.0808204 0)
(0.64622 -0.0745947 0)
(0.723416 -0.0640496 0)
(0.00379629 -0.125405 0)
(0.0243544 -0.297245 0)
(0.0495358 -0.324411 0)
(0.0724085 -0.298082 0)
(0.093658 -0.271266 0)
(0.115092 -0.256865 0)
(0.137432 -0.251384 0)
(0.160609 -0.249375 0)
(0.18446 -0.247671 0)
(0.208985 -0.245162 0)
(0.234324 -0.241722 0)
(0.260688 -0.237501 0)
(0.288326 -0.232646 0)
(0.317515 -0.227254 0)
(0.348562 -0.221405 0)
(0.38181 -0.215214 0)
(0.417642 -0.208854 0)
(0.456458 -0.20261 0)
(0.498697 -0.196858 0)
(0.544665 -0.192303 0)
(0.594837 -0.189363 0)
(0.64824 -0.190749 0)
(0.706288 -0.192695 0)
(0.00613866 -0.15468 0)
(0.0285277 -0.346856 0)
(0.0529935 -0.371647 0)
(0.0744551 -0.34095 0)
(0.0950881 -0.313965 0)
(0.116869 -0.301648 0)
(0.140019 -0.298283 0)
(0.164061 -0.297836 0)
(0.188697 -0.297441 0)
(0.213939 -0.296383 0)
(0.239954 -0.294767 0)
(0.266952 -0.292835 0)
(0.295151 -0.290762 0)
(0.324764 -0.288669 0)
(0.35601 -0.28667 0)
(0.38911 -0.284906 0)
(0.424284 -0.283563 0)
(0.461728 -0.282887 0)
(0.501625 -0.283197 0)
(0.544025 -0.284888 0)
(0.58898 -0.288317 0)
(0.635975 -0.294236 0)
(0.685297 -0.301688 0)
(0.00867109 -0.190597 0)
(0.0323414 -0.397533 0)
(0.0559248 -0.41616 0)
(0.0757718 -0.381624 0)
(0.0958384 -0.356527 0)
(0.117883 -0.347529 0)
(0.141449 -0.346495 0)
(0.165772 -0.347409 0)
(0.19055 -0.348106 0)
(0.21585 -0.348361 0)
(0.241856 -0.348449 0)
(0.268746 -0.348621 0)
(0.296683 -0.349028 0)
(0.325814 -0.349773 0)
(0.356274 -0.350955 0)
(0.388192 -0.352697 0)
(0.421687 -0.355142 0)
(0.456905 -0.358473 0)
(0.493972 -0.362922 0)
(0.533007 -0.368636 0)
(0.574126 -0.376077 0)
(0.617279 -0.385194 0)
(0.664245 -0.397685 0)
(0.0107633 -0.232217 0)
(0.0356354 -0.448412 0)
(0.0579817 -0.457758 0)
(0.0761586 -0.420119 0)
(0.0957724 -0.398684 0)
(0.118007 -0.393584 0)
(0.14156 -0.394568 0)
(0.165579 -0.396416 0)
(0.189887 -0.397935 0)
(0.214627 -0.399314 0)
(0.239957 -0.400858 0)
(0.265994 -0.402753 0)
(0.292821 -0.405117 0)
(0.320545 -0.408023 0)
(0.349239 -0.411539 0)
(0.379005 -0.415789 0)
(0.409967 -0.421045 0)
(0.442331 -0.427626 0)
(0.476211 -0.435924 0)
(0.512099 -0.446091 0)
(0.550162 -0.45901 0)
(0.59043 -0.476154 0)
(0.635213 -0.501013 0)
(0.013613 -0.281824 0)
(0.0424392 -0.498751 0)
(0.0588208 -0.494971 0)
(0.0751064 -0.456272 0)
(0.0944259 -0.440514 0)
(0.116436 -0.439318 0)
(0.139308 -0.441727 0)
(0.162299 -0.444137 0)
(0.185408 -0.446341 0)
(0.208852 -0.448756 0)
(0.232737 -0.451584 0)
(0.257066 -0.454952 0)
(0.28187 -0.459052 0)
(0.307386 -0.46398 0)
(0.333832 -0.469742 0)
(0.361264 -0.476688 0)
(0.389598 -0.485369 0)
(0.419296 -0.496097 0)
(0.450776 -0.509452 0)
(0.485618 -0.525787 0)
(0.522485 -0.54568 0)
(0.558209 -0.56799 0)
(0.592126 -0.596991 0)
(0.0298628 -0.34874 0)
(0.0664588 -0.543866 0)
(0.0571863 -0.521491 0)
(0.069259 -0.491782 0)
(0.0889971 -0.485346 0)
(0.10979 -0.487135 0)
(0.130796 -0.489928 0)
(0.151583 -0.492526 0)
(0.172371 -0.495322 0)
(0.193404 -0.498621 0)
(0.214865 -0.502486 0)
(0.236699 -0.506896 0)
(0.259004 -0.512454 0)
(0.282481 -0.519678 0)
(0.307468 -0.528415 0)
(0.333608 -0.538081 0)
(0.361244 -0.549455 0)
(0.391196 -0.562692 0)
(0.424042 -0.579408 0)
(0.461236 -0.60315 0)
(0.492925 -0.619104 0)
(0.513292 -0.608029 0)
(0.524502 -0.635082 0)
(0.0600842 -0.457905 0)
(0.106886 -0.569207 0)
(0.0451197 -0.514377 0)
(0.0538116 -0.523278 0)
(0.0732954 -0.528635 0)
(0.0908714 -0.530182 0)
(0.108047 -0.531847 0)
(0.124828 -0.534007 0)
(0.141778 -0.537103 0)
(0.159204 -0.541138 0)
(0.177528 -0.545916 0)
(0.197214 -0.550597 0)
(0.218196 -0.557592 0)
(0.238441 -0.569625 0)
(0.255496 -0.580722 0)
(0.285526 -0.584275 0)
(0.3162 -0.593975 0)
(0.340143 -0.604329 0)
(0.361485 -0.620431 0)
(0.373826 -0.655015 0)
(0.396799 -0.592626 0)
(0.431926 -0.590336 0)
(0.471034 -0.597855 0)
(0.0105305 -0.742414 0)
(0.0793953 -0.526214 0)
(0.0342417 -0.432331 0)
(0.0440231 -0.536411 0)
(0.0456173 -0.551364 0)
(0.0527868 -0.549374 0)
(0.0625402 -0.550096 0)
(0.073119 -0.551334 0)
(0.0851537 -0.55399 0)
(0.0992163 -0.55888 0)
(0.115215 -0.565104 0)
(0.133787 -0.570454 0)
(0.1531 -0.578606 0)
(0.17216 -0.5883 0)
(0.19625 -0.5861 0)
(0.225026 -0.604101 0)
(0.253933 -0.626596 0)
(0.283824 -0.649137 0)
(0.317355 -0.672535 0)
(0.355371 -0.69458 0)
(0.397214 -0.710268 0)
(0.434641 -0.72117 0)
(0.472365 -0.73811 0)
(-0.0460024 -0.681961 0)
(-0.0529147 -0.377809 0)
(-0.00726968 -0.474373 0)
(0.0198621 -0.547619 0)
(0.0312416 -0.555928 0)
(0.0401728 -0.554481 0)
(0.0507512 -0.561684 0)
(0.0612876 -0.566694 0)
(0.0741089 -0.574989 0)
(0.0876538 -0.586796 0)
(0.101809 -0.600708 0)
(0.117526 -0.613563 0)
(0.135773 -0.628271 0)
(0.155711 -0.646235 0)
(0.176503 -0.665077 0)
(0.199219 -0.685728 0)
(0.225613 -0.709167 0)
(0.257851 -0.737178 0)
(0.295994 -0.767835 0)
(0.337781 -0.794073 0)
(0.373392 -0.80465 0)
(0.393621 -0.785559 0)
(0.394574 -0.755611 0)
(-0.0342342 -0.551317 0)
(-0.030018 -0.549252 0)
(0.0133155 -0.575222 0)
(0.0177182 -0.57958 0)
(0.0254563 -0.581646 0)
(0.0327786 -0.585159 0)
(0.0411247 -0.590975 0)
(0.0503045 -0.599891 0)
(0.0598598 -0.610306 0)
(0.0698254 -0.622084 0)
(0.0803347 -0.635524 0)
(0.0916368 -0.651059 0)
(0.1039 -0.667413 0)
(0.117111 -0.684677 0)
(0.131594 -0.704341 0)
(0.149074 -0.729118 0)
(0.172535 -0.762502 0)
(0.203727 -0.803642 0)
(0.238384 -0.841596 0)
(0.269619 -0.856129 0)
(0.279217 -0.829965 0)
(0.268881 -0.753953 0)
(0.233142 -0.711542 0)
(-0.00779724 -0.527416 0)
(-0.00129064 -0.595686 0)
(0.00786556 -0.594464 0)
(0.00770337 -0.590069 0)
(0.0116985 -0.593538 0)
(0.0153693 -0.598172 0)
(0.0194474 -0.605219 0)
(0.0235622 -0.613937 0)
(0.0278189 -0.624108 0)
(0.0324127 -0.636322 0)
(0.0372079 -0.650508 0)
(0.0422293 -0.66644 0)
(0.0477428 -0.683913 0)
(0.0542398 -0.704083 0)
(0.0632358 -0.730406 0)
(0.0778038 -0.768106 0)
(0.100129 -0.81887 0)
(0.127766 -0.871371 0)
(0.152665 -0.900365 0)
(0.165942 -0.878563 0)
(0.15054 -0.796293 0)
(0.133337 -0.668769 0)
(0.0969452 -0.688544 0)
(0.000423402 -0.523713 0)
(-0.00139851 -0.591742 0)
(-0.00518958 -0.592406 0)
(-0.00617619 -0.592839 0)
(-0.00666092 -0.59634 0)
(-0.00723105 -0.601602 0)
(-0.00791764 -0.608209 0)
(-0.00856358 -0.616894 0)
(-0.00921742 -0.627648 0)
(-0.00976796 -0.640351 0)
(-0.01012 -0.655033 0)
(-0.0102271 -0.671978 0)
(-0.0098842 -0.691462 0)
(-0.00825374 -0.71612 0)
(-0.00335677 -0.752192 0)
(0.00689251 -0.804715 0)
(0.0215357 -0.867548 0)
(0.0357571 -0.917926 0)
(0.043592 -0.924891 0)
(0.0395652 -0.866861 0)
(0.0225915 -0.750919 0)
(0.0368396 -0.628836 0)
(0.0116682 -0.703289 0)
(-0.000459093 -0.519507 0)
(-0.00621547 -0.583202 0)
(-0.0120752 -0.584614 0)
(-0.0167453 -0.587109 0)
(-0.02147 -0.590735 0)
(-0.0259575 -0.595834 0)
(-0.030563 -0.602631 0)
(-0.0352436 -0.611218 0)
(-0.0400975 -0.62179 0)
(-0.0451804 -0.634563 0)
(-0.0504564 -0.649476 0)
(-0.0560286 -0.666707 0)
(-0.0617481 -0.687482 0)
(-0.0668235 -0.716171 0)
(-0.0703877 -0.759205 0)
(-0.0727929 -0.818196 0)
(-0.0761103 -0.881299 0)
(-0.0827255 -0.92331 0)
(-0.0939331 -0.917775 0)
(-0.107031 -0.853883 0)
(-0.101744 -0.750312 0)
(-0.0654231 -0.671722 0)
(-0.106366 -0.694286 0)
(-0.00178532 -0.509441 0)
(-0.00954861 -0.569651 0)
(-0.0171136 -0.571298 0)
(-0.0245919 -0.574108 0)
(-0.0322153 -0.577817 0)
(-0.0399161 -0.582893 0)
(-0.0478559 -0.589298 0)
(-0.0562088 -0.597295 0)
(-0.0651149 -0.607045 0)
(-0.0747317 -0.618679 0)
(-0.0852842 -0.632278 0)
(-0.0969533 -0.647998 0)
(-0.10971 -0.667683 0)
(-0.123583 -0.695662 0)
(-0.139382 -0.736943 0)
(-0.158864 -0.791364 0)
(-0.183431 -0.8479 0)
(-0.212986 -0.885963 0)
(-0.244263 -0.885622 0)
(-0.265481 -0.840298 0)
(-0.260652 -0.764723 0)
(-0.248846 -0.694328 0)
(-0.29268 -0.650699 0)
(-0.00275108 -0.495882 0)
(-0.0120358 -0.552582 0)
(-0.0213738 -0.553975 0)
(-0.0309938 -0.556395 0)
(-0.0408331 -0.559683 0)
(-0.0511339 -0.563984 0)
(-0.0619255 -0.569421 0)
(-0.0734209 -0.576042 0)
(-0.0858193 -0.58399 0)
(-0.0993951 -0.593319 0)
(-0.114457 -0.604004 0)
(-0.131263 -0.616394 0)
(-0.150096 -0.631928 0)
(-0.171723 -0.653613 0)
(-0.197881 -0.684841 0)
(-0.230922 -0.72616 0)
(-0.272572 -0.771101 0)
(-0.321978 -0.80522 0)
(-0.373252 -0.812233 0)
(-0.416055 -0.783536 0)
(-0.444438 -0.724668 0)
(-0.470031 -0.65368 0)
(-0.513725 -0.582524 0)
(-0.00370871 -0.479377 0)
(-0.0143452 -0.532317 0)
(-0.0251567 -0.533138 0)
(-0.0365109 -0.534863 0)
(-0.0481058 -0.537317 0)
(-0.0602953 -0.540473 0)
(-0.0731491 -0.544421 0)
(-0.0868489 -0.549184 0)
(-0.101621 -0.554754 0)
(-0.117731 -0.56109 0)
(-0.135483 -0.568132 0)
(-0.155199 -0.576068 0)
(-0.177325 -0.585738 0)
(-0.202742 -0.598578 0)
(-0.23307 -0.61624 0)
(-0.270797 -0.639737 0)
(-0.318523 -0.666889 0)
(-0.376328 -0.689675 0)
(-0.439296 -0.696349 0)
(-0.499198 -0.678265 0)
(-0.551278 -0.634978 0)
(-0.599953 -0.572888 0)
(-0.649968 -0.49841 0)
(-0.00444116 -0.459951 0)
(-0.0163031 -0.509246 0)
(-0.0282429 -0.509441 0)
(-0.0407556 -0.510423 0)
(-0.0535768 -0.511892 0)
(-0.0669332 -0.513815 0)
(-0.0809819 -0.516182 0)
(-0.095866 -0.518963 0)
(-0.111779 -0.522106 0)
(-0.128939 -0.525482 0)
(-0.147579 -0.528949 0)
(-0.16797 -0.532577 0)
(-0.190511 -0.536801 0)
(-0.215778 -0.542038 0)
(-0.244613 -0.548309 0)
(-0.278618 -0.555686 0)
(-0.320244 -0.564179 0)
(-0.370825 -0.571481 0)
(-0.427698 -0.571715 0)
(-0.484816 -0.558561 0)
(-0.538138 -0.529539 0)
(-0.589413 -0.486304 0)
(-0.63836 -0.431194 0)
(-0.00488243 -0.438093 0)
(-0.0176678 -0.484213 0)
(-0.0303569 -0.483832 0)
(-0.0434704 -0.484138 0)
(-0.0569402 -0.484669 0)
(-0.0708655 -0.485421 0)
(-0.0853949 -0.486337 0)
(-0.10065 -0.487355 0)
(-0.116776 -0.488377 0)
(-0.133924 -0.489256 0)
(-0.152241 -0.489803 0)
(-0.1719 -0.48997 0)
(-0.193185 -0.490045 0)
(-0.216425 -0.490264 0)
(-0.24181 -0.490104 0)
(-0.269656 -0.488528 0)
(-0.30107 -0.485102 0)
(-0.33743 -0.479787 0)
(-0.378189 -0.471254 0)
(-0.420115 -0.456742 0)
(-0.460708 -0.434193 0)
(-0.501201 -0.403323 0)
(-0.540218 -0.364077 0)
(-0.00518135 -0.414638 0)
(-0.0184462 -0.458104 0)
(-0.0314717 -0.457275 0)
(-0.0448116 -0.457019 0)
(-0.0584373 -0.456787 0)
(-0.0724401 -0.456561 0)
(-0.0869158 -0.456279 0)
(-0.101958 -0.455873 0)
(-0.117668 -0.45524 0)
(-0.134138 -0.454234 0)
(-0.151442 -0.452651 0)
(-0.169664 -0.450343 0)
(-0.188972 -0.447449 0)
(-0.209607 -0.444331 0)
(-0.231648 -0.440902 0)
(-0.254891 -0.436128 0)
(-0.279224 -0.428655 0)
(-0.304914 -0.417912 0)
(-0.331891 -0.404144 0)
(-0.359129 -0.387617 0)
(-0.386054 -0.368268 0)
(-0.413879 -0.345611 0)
(-0.441065 -0.318114 0)
(-0.00540729 -0.390375 0)
(-0.0187452 -0.431632 0)
(-0.0317103 -0.430575 0)
(-0.0449625 -0.429914 0)
(-0.0583858 -0.429129 0)
(-0.072079 -0.428178 0)
(-0.0861084 -0.42701 0)
(-0.100534 -0.425561 0)
(-0.115419 -0.423743 0)
(-0.130817 -0.421433 0)
(-0.146758 -0.418454 0)
(-0.163256 -0.414617 0)
(-0.180352 -0.409889 0)
(-0.19818 -0.404539 0)
(-0.216887 -0.398888 0)
(-0.23643 -0.392683 0)
(-0.256464 -0.384857 0)
(-0.276448 -0.374151 0)
(-0.295756 -0.359985 0)
(-0.313925 -0.342795 0)
(-0.331424 -0.323633 0)
(-0.349656 -0.303183 0)
(-0.367601 -0.280777 0)
(-0.00544769 -0.365995 0)
(-0.0185439 -0.405458 0)
(-0.0311853 -0.404364 0)
(-0.0440323 -0.403463 0)
(-0.0569741 -0.402313 0)
(-0.070085 -0.400882 0)
(-0.0834084 -0.399125 0)
(-0.0969805 -0.396991 0)
(-0.110835 -0.394405 0)
(-0.125 -0.391274 0)
(-0.139483 -0.387474 0)
(-0.154266 -0.382848 0)
(-0.169316 -0.377283 0)
(-0.184642 -0.370861 0)
(-0.200335 -0.363877 0)
(-0.216508 -0.356525 0)
(-0.233101 -0.34848 0)
(-0.249684 -0.338902 0)
(-0.265496 -0.32697 0)
(-0.279893 -0.312469 0)
(-0.293098 -0.29589 0)
(-0.306151 -0.277876 0)
(-0.318644 -0.258503 0)
(-0.00526562 -0.342139 0)
(-0.0178222 -0.380182 0)
(-0.0299514 -0.379165 0)
(-0.0421676 -0.378146 0)
(-0.0544261 -0.376786 0)
(-0.0667783 -0.375073 0)
(-0.0792465 -0.372972 0)
(-0.0918508 -0.370442 0)
(-0.104606 -0.367421 0)
(-0.11752 -0.36384 0)
(-0.130588 -0.359615 0)
(-0.143789 -0.354641 0)
(-0.157077 -0.348812 0)
(-0.170403 -0.342112 0)
(-0.183772 -0.334695 0)
(-0.197265 -0.326798 0)
(-0.210932 -0.318441 0)
(-0.224594 -0.309224 0)
(-0.237769 -0.298525 0)
(-0.249941 -0.28597 0)
(-0.261103 -0.271718 0)
(-0.271812 -0.256239 0)
(-0.281788 -0.239824 0)
(-0.00498333 -0.319398 0)
(-0.0167465 -0.356257 0)
(-0.0281617 -0.35537 0)
(-0.0396041 -0.354314 0)
(-0.0510517 -0.352863 0)
(-0.0625386 -0.351016 0)
(-0.0740732 -0.348753 0)
(-0.0856661 -0.346035 0)
(-0.097321 -0.342817 0)
(-0.109033 -0.339045 0)
(-0.12079 -0.334665 0)
(-0.132568 -0.329607 0)
(-0.144326 -0.323791 0)
(-0.15601 -0.317168 0)
(-0.167586 -0.309799 0)
(-0.179085 -0.301887 0)
(-0.190562 -0.293625 0)
(-0.201946 -0.28494 0)
(-0.21293 -0.275414 0)
(-0.223123 -0.26456 0)
(-0.232463 -0.252235 0)
(-0.241341 -0.238751 0)
(-0.249669 -0.224529 0)
(-0.00466319 -0.298287 0)
(-0.0154843 -0.334009 0)
(-0.0260366 -0.333258 0)
(-0.0366178 -0.332207 0)
(-0.0471781 -0.33074 0)
(-0.0577469 -0.328856 0)
(-0.0683195 -0.326544 0)
(-0.0789022 -0.323774 0)
(-0.0894912 -0.320511 0)
(-0.100076 -0.316717 0)
(-0.11064 -0.312351 0)
(-0.121158 -0.307372 0)
(-0.131593 -0.301731 0)
(-0.141893 -0.295378 0)
(-0.152007 -0.288314 0)
(-0.16193 -0.280655 0)
(-0.171713 -0.272621 0)
(-0.181368 -0.264355 0)
(-0.190734 -0.255701 0)
(-0.199505 -0.246208 0)
(-0.207538 -0.235503 0)
(-0.215078 -0.223677 0)
(-0.222166 -0.21117 0)
(-0.00427121 -0.279019 0)
(-0.0141181 -0.313568 0)
(-0.0237564 -0.312958 0)
(-0.0334467 -0.311921 0)
(-0.0430974 -0.310471 0)
(-0.0527408 -0.308602 0)
(-0.0623663 -0.306304 0)
(-0.0719724 -0.303556 0)
(-0.0815507 -0.300333 0)
(-0.0910893 -0.29661 0)
(-0.10057 -0.292357 0)
(-0.10997 -0.287549 0)
(-0.119258 -0.282161 0)
(-0.128389 -0.276162 0)
(-0.137312 -0.269529 0)
(-0.145997 -0.262299 0)
(-0.154465 -0.254626 0)
(-0.16276 -0.246743 0)
(-0.170831 -0.238731 0)
(-0.178475 -0.23031 0)
(-0.185524 -0.220995 0)
(-0.192102 -0.210622 0)
(-0.198283 -0.199533 0)
(-0.00381632 -0.261485 0)
(-0.0127563 -0.294892 0)
(-0.0214976 -0.294425 0)
(-0.0302856 -0.29341 0)
(-0.0390461 -0.291998 0)
(-0.0477854 -0.290172 0)
(-0.0565 -0.287923 0)
(-0.0651797 -0.28524 0)
(-0.0738135 -0.282108 0)
(-0.0823883 -0.278506 0)
(-0.0908866 -0.274418 0)
(-0.0992863 -0.269829 0)
(-0.107561 -0.264726 0)
(-0.115676 -0.259096 0)
(-0.123588 -0.252919 0)
(-0.131259 -0.246191 0)
(-0.138682 -0.238987 0)
(-0.14589 -0.231517 0)
(-0.152893 -0.224 0)
(-0.159584 -0.216365 0)
(-0.165817 -0.208158 0)
(-0.171638 -0.199009 0)
(-0.177118 -0.189096 0)
(-0.00337479 -0.245591 0)
(-0.0114771 -0.277972 0)
(-0.0193707 -0.277608 0)
(-0.0272715 -0.276628 0)
(-0.0351742 -0.275257 0)
(-0.0430489 -0.273487 0)
(-0.0508936 -0.27131 0)
(-0.0586979 -0.26872 0)
(-0.0664493 -0.265706 0)
(-0.0741333 -0.262256 0)
(-0.0817321 -0.25836 0)
(-0.0892254 -0.25401 0)
(-0.0965907 -0.249201 0)
(-0.103801 -0.243929 0)
(-0.110825 -0.238185 0)
(-0.117626 -0.231952 0)
(-0.124184 -0.225247 0)
(-0.13051 -0.218214 0)
(-0.136632 -0.211115 0)
(-0.142511 -0.204064 0)
(-0.148039 -0.196739 0)
(-0.153221 -0.188646 0)
(-0.158105 -0.179751 0)
(-0.00301483 -0.231353 0)
(-0.0102686 -0.262806 0)
(-0.0173527 -0.26251 0)
(-0.0244334 -0.261558 0)
(-0.0315126 -0.260221 0)
(-0.0385697 -0.258507 0)
(-0.0455912 -0.256408 0)
(-0.0525704 -0.253918 0)
(-0.0594953 -0.251031 0)
(-0.0663507 -0.247741 0)
(-0.0731198 -0.24404 0)
(-0.0797846 -0.239927 0)
(-0.0863261 -0.235398 0)
(-0.0927237 -0.230456 0)
(-0.0989533 -0.225099 0)
(-0.104987 -0.219315 0)
(-0.110801 -0.213096 0)
(-0.116388 -0.206516 0)
(-0.121764 -0.199811 0)
(-0.126931 -0.193209 0)
(-0.131832 -0.186561 0)
(-0.136451 -0.179352 0)
(-0.140811 -0.171344 0)
(-0.00272811 -0.218732 0)
(-0.00912109 -0.249278 0)
(-0.0154177 -0.249062 0)
(-0.0217455 -0.248117 0)
(-0.0280419 -0.246812 0)
(-0.0343235 -0.24515 0)
(-0.0405703 -0.243127 0)
(-0.0467753 -0.240736 0)
(-0.0529269 -0.237974 0)
(-0.0590116 -0.234837 0)
(-0.0650144 -0.231323 0)
(-0.0709195 -0.227431 0)
(-0.0767106 -0.223161 0)
(-0.0823706 -0.218516 0)
(-0.0878805 -0.213498 0)
(-0.0932187 -0.208105 0)
(-0.0983652 -0.202323 0)
(-0.103306 -0.196184 0)
(-0.10804 -0.189865 0)
(-0.11258 -0.18364 0)
(-0.116912 -0.177517 0)
(-0.121023 -0.171037 0)
(-0.124907 -0.163797 0)
(-0.00243688 -0.207593 0)
(-0.00805366 -0.237246 0)
(-0.0136107 -0.237121 0)
(-0.0192078 -0.236171 0)
(-0.0247723 -0.234899 0)
(-0.0303186 -0.233286 0)
(-0.0358377 -0.231334 0)
(-0.0413173 -0.229037 0)
(-0.0467465 -0.226394 0)
(-0.052113 -0.223403 0)
(-0.0574042 -0.220064 0)
(-0.0626068 -0.216376 0)
(-0.0677064 -0.212341 0)
(-0.0726882 -0.207964 0)
(-0.0775361 -0.203248 0)
(-0.0822324 -0.198196 0)
(-0.086761 -0.192799 0)
(-0.0911087 -0.187065 0)
(-0.0952642 -0.181118 0)
(-0.0992377 -0.175225 0)
(-0.103049 -0.16951 0)
(-0.106696 -0.16362 0)
(-0.110143 -0.15704 0)
(-0.00211853 -0.197742 0)
(-0.00708704 -0.226642 0)
(-0.0119694 -0.226587 0)
(-0.016849 -0.225646 0)
(-0.0217324 -0.224402 0)
(-0.0265895 -0.222838 0)
(-0.0314251 -0.220951 0)
(-0.0362246 -0.218742 0)
(-0.0409772 -0.21621 0)
(-0.0456712 -0.213354 0)
(-0.0502957 -0.210173 0)
(-0.0548396 -0.20667 0)
(-0.0592911 -0.202847 0)
(-0.0636376 -0.198709 0)
(-0.0678655 -0.194263 0)
(-0.0719592 -0.189512 0)
(-0.0759051 -0.184452 0)
(-0.0796919 -0.179082 0)
(-0.0833045 -0.173479 0)
(-0.0867491 -0.167874 0)
(-0.0900697 -0.162469 0)
(-0.093283 -0.157034 0)
(-0.0963242 -0.151011 0)
(-0.00183332 -0.189024 0)
(-0.00621338 -0.217423 0)
(-0.0104635 -0.217429 0)
(-0.0146688 -0.216509 0)
(-0.01891 -0.215291 0)
(-0.0231227 -0.213773 0)
(-0.0273155 -0.21195 0)
(-0.0314751 -0.209822 0)
(-0.0355912 -0.207392 0)
(-0.0396529 -0.204657 0)
(-0.0436503 -0.201618 0)
(-0.0475741 -0.198278 0)
(-0.0514144 -0.194642 0)
(-0.0551609 -0.190717 0)
(-0.0588023 -0.186507 0)
(-0.0623256 -0.182019 0)
(-0.065719 -0.177253 0)
(-0.0689727 -0.172205 0)
(-0.0720703 -0.166913 0)
(-0.0750128 -0.161553 0)
(-0.0778601 -0.156363 0)
(-0.0806537 -0.151251 0)
(-0.0833096 -0.145678 0)
(-0.00158341 -0.181335 0)
(-0.00533872 -0.209458 0)
(-0.00899884 -0.209538 0)
(-0.0125871 -0.208624 0)
(-0.0162235 -0.207429 0)
(-0.019834 -0.205951 0)
(-0.0234264 -0.204187 0)
(-0.0269868 -0.202138 0)
(-0.0305062 -0.199805 0)
(-0.0339748 -0.197187 0)
(-0.0373844 -0.194282 0)
(-0.0407266 -0.191094 0)
(-0.0439931 -0.18763 0)
(-0.0471749 -0.183896 0)
(-0.0502629 -0.179898 0)
(-0.0532469 -0.175643 0)
(-0.0561176 -0.171135 0)
(-0.0588676 -0.166371 0)
(-0.0614807 -0.161362 0)
(-0.0639506 -0.156221 0)
(-0.0663404 -0.151175 0)
(-0.0687177 -0.146261 0)
(-0.070997 -0.141028 0)
(-0.00123848 -0.1748 0)
(-0.0042742 -0.202629 0)
(-0.00744041 -0.202771 0)
(-0.0104596 -0.201838 0)
(-0.0135453 -0.200655 0)
(-0.0165998 -0.199205 0)
(-0.0196387 -0.197492 0)
(-0.0226447 -0.195517 0)
(-0.0256108 -0.193276 0)
(-0.028529 -0.190766 0)
(-0.0313926 -0.187987 0)
(-0.0341947 -0.184943 0)
(-0.0369278 -0.181638 0)
(-0.0395845 -0.17808 0)
(-0.0421573 -0.174275 0)
(-0.0446386 -0.170228 0)
(-0.0470217 -0.165946 0)
(-0.0493015 -0.16143 0)
(-0.0514645 -0.15668 0)
(-0.0534985 -0.151752 0)
(-0.0554548 -0.14682 0)
(-0.0574167 -0.142007 0)
(-0.0593168 -0.137007 0)
(-0.000658898 -0.170149 0)
(-0.00285792 -0.197082 0)
(-0.00565137 -0.197213 0)
(-0.00814344 -0.196259 0)
(-0.0107362 -0.195082 0)
(-0.0132731 -0.193657 0)
(-0.0157924 -0.191988 0)
(-0.0182759 -0.190074 0)
(-0.0207208 -0.187909 0)
(-0.0231221 -0.185488 0)
(-0.0254747 -0.182812 0)
(-0.0277731 -0.179884 0)
(-0.0300117 -0.17671 0)
(-0.0321846 -0.173296 0)
(-0.0342862 -0.169648 0)
(-0.0363107 -0.165771 0)
(-0.0382527 -0.161672 0)
(-0.0401079 -0.157355 0)
(-0.0418667 -0.152822 0)
(-0.0435151 -0.148091 0)
(-0.0450829 -0.143268 0)
(-0.046647 -0.138497 0)
(-0.0481739 -0.133628 0)
(0.000122544 -0.168062 0)
(-0.00118669 -0.192817 0)
(-0.00365702 -0.192741 0)
(-0.00563233 -0.191817 0)
(-0.00774904 -0.190681 0)
(-0.00977089 -0.18931 0)
(-0.0117683 -0.187704 0)
(-0.0137271 -0.185857 0)
(-0.0156491 -0.183765 0)
(-0.0175331 -0.181424 0)
(-0.0193768 -0.178836 0)
(-0.0211774 -0.176004 0)
(-0.0229318 -0.172935 0)
(-0.0246369 -0.169634 0)
(-0.0262895 -0.166108 0)
(-0.0278856 -0.162363 0)
(-0.029421 -0.158404 0)
(-0.0308914 -0.154239 0)
(-0.0322901 -0.149873 0)
(-0.0336055 -0.145311 0)
(-0.0348471 -0.140603 0)
(-0.0360669 -0.135858 0)
(-0.0372629 -0.131048 0)
(0.000847005 -0.168182 0)
(0.000300651 -0.18933 0)
(-0.00178477 -0.188675 0)
(-0.00319899 -0.187869 0)
(-0.00481671 -0.186847 0)
(-0.00630638 -0.185589 0)
(-0.00776171 -0.184087 0)
(-0.00917448 -0.182338 0)
(-0.0105499 -0.18034 0)
(-0.0118905 -0.17809 0)
(-0.0131976 -0.175594 0)
(-0.0144721 -0.172856 0)
(-0.0157143 -0.169884 0)
(-0.0169244 -0.166684 0)
(-0.018102 -0.163264 0)
(-0.0192459 -0.159629 0)
(-0.0203542 -0.155789 0)
(-0.0214241 -0.151749 0)
(-0.0224521 -0.147518 0)
(-0.0234318 -0.143102 0)
(-0.024364 -0.13852 0)
(-0.0252758 -0.133829 0)
(-0.0261732 -0.129047 0)
(0.00127825 -0.170542 0)
(0.00122092 -0.186414 0)
(-0.000427232 -0.18526 0)
(-0.00129615 -0.18469 0)
(-0.00239656 -0.183853 0)
(-0.00334443 -0.182745 0)
(-0.00424629 -0.181364 0)
(-0.00510346 -0.179714 0)
(-0.00592484 -0.177798 0)
(-0.0067159 -0.175623 0)
(-0.00748027 -0.173195 0)
(-0.00822058 -0.170522 0)
(-0.00893896 -0.167611 0)
(-0.00963711 -0.164472 0)
(-0.0103163 -0.161113 0)
(-0.0109771 -0.157542 0)
(-0.0116198 -0.153766 0)
(-0.0122439 -0.149796 0)
(-0.0128489 -0.145639 0)
(-0.0134338 -0.141303 0)
(-0.0140003 -0.136799 0)
(-0.0145597 -0.132146 0)
(-0.0151134 -0.127353 0)
(0.00112735 -0.174583 0)
(0.00120287 -0.18458 0)
(0.00012889 -0.183795 0)
(-0.000231264 -0.183544 0)
(-0.000686912 -0.182882 0)
(-0.00103442 -0.181893 0)
(-0.00135219 -0.180592 0)
(-0.00164535 -0.178997 0)
(-0.00192098 -0.17712 0)
(-0.00218285 -0.174974 0)
(-0.00243319 -0.172569 0)
(-0.00267341 -0.169913 0)
(-0.00290441 -0.167016 0)
(-0.00312681 -0.163888 0)
(-0.00334117 -0.160536 0)
(-0.00354804 -0.156969 0)
(-0.00374779 -0.153197 0)
(-0.00394064 -0.149228 0)
(-0.00412689 -0.14507 0)
(-0.00430713 -0.140731 0)
(-0.00448242 -0.13622 0)
(-0.00465563 -0.131545 0)
(-0.00482957 -0.126703 0)
(0.866391 0.195209 0)
(0.841964 0.0332842 0)
(0.980661 -0.00910099 0)
(1.23788 -0.0403225 0)
(0.89406 -0.147847 0)
(1.03901 -0.251715 0)
(1.17266 -0.236106 0)
(1.34564 -0.258798 0)
(0.871631 -0.116159 0)
(1.01226 -0.189245 0)
(1.13427 -0.23216 0)
(1.28078 -0.286232 0)
(0.822208 -0.245944 0)
(0.970643 -0.327013 0)
(1.11242 -0.372569 0)
(1.2496 -0.409058 0)
(0.792727 -0.333554 0)
(0.944748 -0.394255 0)
(1.07932 -0.444999 0)
(1.17145 -0.470555 0)
(0.765085 -0.429583 0)
(0.892268 -0.492368 0)
(0.982047 -0.524417 0)
(0.983668 -0.485395 0)
(0.721355 -0.529652 0)
(0.790233 -0.548021 0)
(0.803643 -0.501993 0)
(0.79507 -0.422424 0)
(0.652149 -0.563214 0)
(0.671678 -0.528465 0)
(0.724816 -0.436624 0)
(0.797795 -0.459729 0)
(0.547841 -0.528939 0)
(0.620488 -0.545235 0)
(0.683552 -0.526268 0)
(0.545881 -0.438992 0)
(0.540571 -0.596077 0)
(0.553983 -0.618802 0)
(0.439428 -0.451484 0)
(0.080637 -0.219026 0)
(0.491576 -0.638786 0)
(0.408561 -0.539391 0)
(0.146784 -0.225435 0)
(-0.248536 -0.0426732 0)
(0.352249 -0.570431 0)
(0.247054 -0.434198 0)
(-0.0208408 -0.0302833 0)
(-0.292573 0.0317248 0)
(0.212684 -0.502882 0)
(0.14315 -0.369687 0)
(-0.0421021 0.103745 0)
(-0.29364 0.101289 0)
(0.127738 -0.487977 0)
(0.0795521 -0.318476 0)
(-0.103763 0.246938 0)
(-0.296348 0.151531 0)
(0.0328476 -0.500137 0)
(-0.00612586 -0.246587 0)
(-0.224652 0.346971 0)
(-0.316884 0.183634 0)
(-0.127656 -0.496662 0)
(-0.174551 -0.143769 0)
(-0.38243 0.400615 0)
(-0.354525 0.192008 0)
(-0.356412 -0.444117 0)
(-0.433348 -0.0217401 0)
(-0.520967 0.390013 0)
(-0.394222 0.170002 0)
(-0.603932 -0.371693 0)
(-0.635432 0.0195083 0)
(-0.600759 0.315282 0)
(-0.416476 0.121349 0)
(-0.716708 -0.304439 0)
(-0.731052 0.0115464 0)
(-0.595681 0.194492 0)
(-0.417887 0.0640116 0)
(-0.691114 -0.281776 0)
(-0.680641 -0.0414598 0)
(-0.5316 0.0727614 0)
(-0.405799 0.0162355 0)
(-0.579879 -0.25643 0)
(-0.566481 -0.0860685 0)
(-0.454062 -0.0149656 0)
(-0.385874 -0.0116985 0)
(-0.468678 -0.241586 0)
(-0.460668 -0.118673 0)
(-0.393401 -0.0595682 0)
(-0.363411 -0.0254107 0)
(-0.387164 -0.223507 0)
(-0.38718 -0.133457 0)
(-0.354384 -0.0800005 0)
(-0.339936 -0.0332893 0)
(-0.333832 -0.211677 0)
(-0.339366 -0.13941 0)
(-0.324796 -0.0884243 0)
(-0.315019 -0.0403369 0)
(-0.295077 -0.201159 0)
(-0.303481 -0.141478 0)
(-0.296906 -0.0932182 0)
(-0.289479 -0.0469051 0)
(-0.262042 -0.191569 0)
(-0.272444 -0.140614 0)
(-0.270392 -0.0955936 0)
(-0.265177 -0.0520586 0)
(-0.233584 -0.1824 0)
(-0.2448 -0.137793 0)
(-0.245633 -0.0962694 0)
(-0.242427 -0.055829 0)
(-0.208759 -0.173983 0)
(-0.219993 -0.134179 0)
(-0.222596 -0.0958282 0)
(-0.221083 -0.0582954 0)
(-0.186715 -0.166106 0)
(-0.197562 -0.130151 0)
(-0.201185 -0.0947588 0)
(-0.200973 -0.059803 0)
(-0.166851 -0.158852 0)
(-0.177096 -0.125998 0)
(-0.181283 -0.0932141 0)
(-0.182013 -0.0605636 0)
(-0.14874 -0.1522 0)
(-0.158273 -0.121921 0)
(-0.16272 -0.091398 0)
(-0.164098 -0.0607744 0)
(-0.132052 -0.146136 0)
(-0.140829 -0.118004 0)
(-0.14533 -0.0894376 0)
(-0.147126 -0.0605958 0)
(-0.116535 -0.140645 0)
(-0.124537 -0.114318 0)
(-0.128939 -0.0874207 0)
(-0.130976 -0.0601253 0)
(-0.101994 -0.135704 0)
(-0.109221 -0.110905 0)
(-0.11341 -0.0854297 0)
(-0.115561 -0.0594686 0)
(-0.0882837 -0.131304 0)
(-0.0947331 -0.107797 0)
(-0.0986178 -0.0835285 0)
(-0.100778 -0.0587029 0)
(-0.0752829 -0.127447 0)
(-0.0809385 -0.105029 0)
(-0.0844495 -0.0817607 0)
(-0.0865334 -0.0578799 0)
(-0.0629048 -0.124089 0)
(-0.0677241 -0.102598 0)
(-0.0707951 -0.0801626 0)
(-0.0727314 -0.0570543 0)
(-0.0510821 -0.121236 0)
(-0.0550367 -0.100503 0)
(-0.0575825 -0.0787448 0)
(-0.0592807 -0.0562497 0)
(-0.0395789 -0.119057 0)
(-0.0427505 -0.0988909 0)
(-0.0447574 -0.0776079 0)
(-0.0461242 -0.0555272 0)
(-0.0279447 -0.117381 0)
(-0.0304414 -0.0977437 0)
(-0.0320647 -0.0768461 0)
(-0.033156 -0.0550108 0)
(-0.0162216 -0.115855 0)
(-0.0178838 -0.0966485 0)
(-0.0191203 -0.0761377 0)
(-0.0200499 -0.05457 0)
(-0.0051733 -0.115175 0)
(-0.00571078 -0.0959875 0)
(-0.00617807 -0.0755066 0)
(-0.00663685 -0.0539883 0)
(1.49572 -0.195668 0)
(1.63014 -0.334759 0)
(1.70975 -0.45817 0)
(1.77555 -0.558908 0)
(1.83486 -0.641046 0)
(1.88025 -0.706385 0)
(1.87352 -0.732301 0)
(1.75699 -0.681689 0)
(1.4733 -0.497833 0)
(1.1033 -0.177232 0)
(0.890287 0.0263617 0)
(0.777706 -0.0175551 0)
(0.665258 0.0087251 0)
(0.624485 0.0399391 0)
(0.69925 0.00892333 0)
(0.823585 0.370674 0)
(1.19521 1.12936 0)
(-0.475427 1.40161 0)
(1.30631 2.99095 0)
(1.49158 -0.359281 0)
(1.58178 -0.454404 0)
(1.64972 -0.536807 0)
(1.71625 -0.608733 0)
(1.74849 -0.667703 0)
(1.72277 -0.690155 0)
(1.54956 -0.644698 0)
(1.22622 -0.495299 0)
(0.812994 -0.273132 0)
(0.601791 0.046735 0)
(0.463821 0.0149546 0)
(0.296328 0.0496712 0)
(0.218672 0.0490642 0)
(0.245826 -0.0454127 0)
(0.495276 -0.157197 0)
(0.459135 0.258104 0)
(1.57699 1.15892 0)
(-0.218783 1.77916 0)
(1.07597 3.12219 0)
(1.4149 -0.377498 0)
(1.5119 -0.471565 0)
(1.57641 -0.562001 0)
(1.5964 -0.615412 0)
(1.50352 -0.628624 0)
(1.28233 -0.558108 0)
(0.938039 -0.426896 0)
(0.624898 -0.181343 0)
(0.447196 -0.0563032 0)
(0.222465 0.0926188 0)
(0.078435 0.149186 0)
(0.0036069 0.125017 0)
(0.0168422 0.0303456 0)
(0.0917508 -0.140647 0)
(0.40156 -0.334861 0)
(0.332828 -0.0960564 0)
(1.7705 0.917796 0)
(-0.120618 2.25226 0)
(0.588814 3.14011 0)
(1.35731 -0.476142 0)
(1.41139 -0.536704 0)
(1.39524 -0.583961 0)
(1.25444 -0.555417 0)
(0.993088 -0.482581 0)
(0.758824 -0.311027 0)
(0.603928 -0.22829 0)
(0.40053 -0.0930674 0)
(0.119961 0.0677836 0)
(-0.0673709 0.206852 0)
(-0.128805 0.206049 0)
(-0.126932 0.127234 0)
(-0.0852122 -0.00997906 0)
(-0.0196964 -0.239485 0)
(0.182209 -0.486039 0)
(0.0702489 -0.425217 0)
(1.45969 0.866872 0)
(-0.571529 2.94252 0)
(0.875247 3.2318 0)
(1.20618 -0.50319 0)
(1.13811 -0.498651 0)
(0.986012 -0.468284 0)
(0.807272 -0.369576 0)
(0.709639 -0.316109 0)
(0.592404 -0.221951 0)
(0.372161 -0.116595 0)
(0.0753742 0.0874535 0)
(-0.139675 0.228645 0)
(-0.217002 0.25783 0)
(-0.215068 0.205944 0)
(-0.194264 0.112029 0)
(-0.174144 -0.0315263 0)
(-0.146922 -0.268976 0)
(-0.156852 -0.557547 0)
(-0.34498 -0.52084 0)
(0.379334 1.00167 0)
(-0.852829 3.36708 0)
(0.890421 3.17114 0)
(0.918914 -0.443956 0)
(0.844857 -0.399045 0)
(0.818447 -0.37891 0)
(0.767759 -0.332148 0)
(0.612318 -0.259504 0)
(0.341372 -0.109076 0)
(0.0326404 0.101281 0)
(-0.181574 0.247192 0)
(-0.273162 0.292818 0)
(-0.273521 0.259202 0)
(-0.25501 0.193188 0)
(-0.247899 0.10687 0)
(-0.261039 -0.0164013 0)
(-0.297686 -0.218065 0)
(-0.461989 -0.501986 0)
(-0.831604 -0.449296 0)
(-0.747833 0.822121 0)
(-0.879469 3.18413 0)
(0.737254 3.03358 0)
(0.842382 -0.392665 0)
(0.854882 -0.411439 0)
(0.748221 -0.36792 0)
(0.524782 -0.245266 0)
(0.218553 -0.0505754 0)
(-0.0543487 0.127542 0)
(-0.235864 0.251777 0)
(-0.318585 0.309379 0)
(-0.320342 0.294797 0)
(-0.295133 0.245269 0)
(-0.2849 0.188159 0)
(-0.296551 0.119207 0)
(-0.338034 0.0265858 0)
(-0.426056 -0.117514 0)
(-0.662501 -0.32168 0)
(-1.12932 -0.254012 0)
(-1.39747 0.806824 0)
(-0.987151 2.75182 0)
(0.483814 2.85638 0)
(0.727544 -0.443034 0)
(0.543661 -0.349369 0)
(0.279073 -0.187375 0)
(-0.00524126 0.0120051 0)
(-0.188823 0.137437 0)
(-0.317239 0.237663 0)
(-0.372337 0.298106 0)
(-0.365859 0.305814 0)
(-0.332473 0.275023 0)
(-0.311238 0.234837 0)
(-0.312441 0.193293 0)
(-0.337013 0.143927 0)
(-0.394019 0.0825231 0)
(-0.504198 0.000885415 0)
(-0.74421 -0.0935111 0)
(-1.19045 -0.0186824 0)
(-1.56584 0.740674 0)
(-1.1681 2.1811 0)
(0.0268704 2.49077 0)
(0.261137 -0.278783 0)
(-0.0239333 -0.0988689 0)
(-0.207011 0.0143238 0)
(-0.329871 0.114218 0)
(-0.401483 0.19692 0)
(-0.427488 0.256054 0)
(-0.409863 0.283587 0)
(-0.370749 0.278628 0)
(-0.338026 0.256095 0)
(-0.326716 0.231216 0)
(-0.334719 0.204521 0)
(-0.364462 0.173947 0)
(-0.424327 0.14136 0)
(-0.531566 0.11074 0)
(-0.729325 0.105389 0)
(-1.0552 0.239083 0)
(-1.36514 0.736974 0)
(-1.173 1.64883 0)
(-0.320917 1.87819 0)
(-0.21515 -0.0587966 0)
(-0.317604 -0.00694286 0)
(-0.405013 0.0653727 0)
(-0.449898 0.140155 0)
(-0.459845 0.196501 0)
(-0.439784 0.235335 0)
(-0.40219 0.253585 0)
(-0.365345 0.253438 0)
(-0.343293 0.243923 0)
(-0.338336 0.231804 0)
(-0.348676 0.21772 0)
(-0.377895 0.203664 0)
(-0.432154 0.19471 0)
(-0.522193 0.199904 0)
(-0.665691 0.246286 0)
(-0.856909 0.417541 0)
(-0.998152 0.8324 0)
(-0.854407 1.41706 0)
(-0.290543 1.3783 0)
(-0.327091 -0.0106184 0)
(-0.399826 0.0341146 0)
(-0.443115 0.0900268 0)
(-0.454055 0.139636 0)
(-0.442432 0.180338 0)
(-0.416032 0.210995 0)
(-0.385224 0.229477 0)
(-0.359972 0.236556 0)
(-0.346093 0.236761 0)
(-0.343819 0.233964 0)
(-0.353842 0.230336 0)
(-0.379267 0.229735 0)
(-0.423696 0.238277 0)
(-0.491831 0.265878 0)
(-0.587152 0.33485 0)
(-0.68707 0.500296 0)
(-0.708052 0.82615 0)
(-0.539051 1.21765 0)
(-0.167879 1.07949 0)
(-0.334461 0.0384201 0)
(-0.392999 0.0633811 0)
(-0.415614 0.100126 0)
(-0.418821 0.135027 0)
(-0.408428 0.167472 0)
(-0.390461 0.194483 0)
(-0.370673 0.214001 0)
(-0.354269 0.225684 0)
(-0.344696 0.232096 0)
(-0.343233 0.236248 0)
(-0.351547 0.241024 0)
(-0.371629 0.250612 0)
(-0.404946 0.27093 0)
(-0.451998 0.310747 0)
(-0.509354 0.385789 0)
(-0.554129 0.528344 0)
(-0.52319 0.770374 0)
(-0.3528 1.03431 0)
(-0.0974497 0.896913 0)
(-0.312203 0.0741041 0)
(-0.365484 0.0866459 0)
(-0.380525 0.10869 0)
(-0.386317 0.134091 0)
(-0.381561 0.160774 0)
(-0.371256 0.184708 0)
(-0.358439 0.203982 0)
(-0.346821 0.218007 0)
(-0.339331 0.228517 0)
(-0.337782 0.237952 0)
(-0.343657 0.249137 0)
(-0.357926 0.265891 0)
(-0.380557 0.29333 0)
(-0.409685 0.338337 0)
(-0.439225 0.410951 0)
(-0.450518 0.528359 0)
(-0.401683 0.706127 0)
(-0.254183 0.890153 0)
(-0.0684299 0.772045 0)
(-0.303085 0.105426 0)
(-0.347628 0.106829 0)
(-0.358499 0.117177 0)
(-0.365661 0.135863 0)
(-0.363298 0.157428 0)
(-0.356428 0.178313 0)
(-0.346806 0.196675 0)
(-0.337543 0.211956 0)
(-0.331005 0.22533 0)
(-0.3288 0.238684 0)
(-0.331901 0.254447 0)
(-0.34054 0.275831 0)
(-0.353777 0.306923 0)
(-0.368698 0.35267 0)
(-0.378862 0.418917 0)
(-0.370203 0.513892 0)
(-0.316292 0.645103 0)
(-0.194935 0.778457 0)
(-0.0536063 0.679668 0)
(-0.31576 0.129302 0)
(-0.342549 0.121406 0)
(-0.348594 0.123598 0)
(-0.352762 0.137443 0)
(-0.349763 0.154735 0)
(-0.343533 0.173122 0)
(-0.335135 0.190612 0)
(-0.326954 0.206697 0)
(-0.320655 0.222092 0)
(-0.317393 0.238207 0)
(-0.317673 0.257007 0)
(-0.321238 0.281044 0)
(-0.326692 0.313381 0)
(-0.33088 0.357307 0)
(-0.328046 0.415815 0)
(-0.308066 0.492199 0)
(-0.254519 0.590271 0)
(-0.154829 0.689795 0)
(-0.043733 0.606791 0)
(-0.34042 0.141112 0)
(-0.345018 0.127781 0)
(-0.344775 0.126257 0)
(-0.343335 0.136934 0)
(-0.338398 0.151388 0)
(-0.331523 0.168115 0)
(-0.323396 0.185035 0)
(-0.315524 0.201696 0)
(-0.308961 0.21848 0)
(-0.304414 0.236422 0)
(-0.30203 0.257048 0)
(-0.301256 0.282289 0)
(-0.300541 0.314309 0)
(-0.296923 0.355119 0)
(-0.285675 0.405894 0)
(-0.259734 0.467387 0)
(-0.208985 0.541931 0)
(-0.126212 0.618408 0)
(-0.0365328 0.54742 0)
(-0.365291 0.138457 0)
(-0.3497 0.125242 0)
(-0.342521 0.12438 0)
(-0.335254 0.13371 0)
(-0.328039 0.146934 0)
(-0.320011 0.162802 0)
(-0.311621 0.179483 0)
(-0.303554 0.196584 0)
(-0.296404 0.214288 0)
(-0.290506 0.233347 0)
(-0.285745 0.254896 0)
(-0.281412 0.280336 0)
(-0.275982 0.311104 0)
(-0.266882 0.348293 0)
(-0.250419 0.392 0)
(-0.221771 0.441772 0)
(-0.174736 0.499486 0)
(-0.105081 0.559935 0)
(-0.0310445 0.49804 0)
(-0.382065 0.123422 0)
(-0.352429 0.115055 0)
(-0.339283 0.118136 0)
(-0.327381 0.127915 0)
(-0.317987 0.141252 0)
(-0.308708 0.156933 0)
(-0.299765 0.173671 0)
(-0.291224 0.191135 0)
(-0.283334 0.209423 0)
(-0.276143 0.229077 0)
(-0.269358 0.250912 0)
(-0.26221 0.275894 0)
(-0.253301 0.304914 0)
(-0.240497 0.338439 0)
(-0.221007 0.375983 0)
(-0.191586 0.416602 0)
(-0.148446 0.46214 0)
(-0.0890127 0.511144 0)
(-0.0267196 0.456213 0)
(-0.386917 0.100987 0)
(-0.350777 0.0997558 0)
(-0.333704 0.108467 0)
(-0.318867 0.120074 0)
(-0.307691 0.134418 0)
(-0.297333 0.150435 0)
(-0.287754 0.167459 0)
(-0.278644 0.185248 0)
(-0.269998 0.203886 0)
(-0.261659 0.223764 0)
(-0.253226 0.245453 0)
(-0.243933 0.269581 0)
(-0.232555 0.296647 0)
(-0.217373 0.326716 0)
(-0.196327 0.359026 0)
(-0.167262 0.392514 0)
(-0.127863 0.429122 0)
(-0.0764893 0.46975 0)
(-0.0232338 0.420271 0)
(-0.379434 0.076068 0)
(-0.344055 0.0822798 0)
(-0.325198 0.096695 0)
(-0.309134 0.11089 0)
(-0.29677 0.126678 0)
(-0.285662 0.143379 0)
(-0.275526 0.160834 0)
(-0.265887 0.178918 0)
(-0.256566 0.197741 0)
(-0.247276 0.217591 0)
(-0.237564 0.238854 0)
(-0.226707 0.261917 0)
(-0.213664 0.287006 0)
(-0.197081 0.313945 0)
(-0.175457 0.341878 0)
(-0.147383 0.369799 0)
(-0.11144 0.399761 0)
(-0.0665177 0.434121 0)
(-0.0203753 0.389035 0)
(-0.363535 0.0520934 0)
(-0.33246 0.0651782 0)
(-0.313959 0.0841504 0)
(-0.29792 0.101084 0)
(-0.285049 0.118379 0)
(-0.273567 0.135929 0)
(-0.263053 0.153869 0)
(-0.253009 0.17221 0)
(-0.243154 0.191096 0)
(-0.233136 0.210748 0)
(-0.222491 0.231421 0)
(-0.210562 0.25333 0)
(-0.196483 0.276524 0)
(-0.179204 0.300699 0)
(-0.157648 0.325003 0)
(-0.130903 0.348561 0)
(-0.0980976 0.3735 0)
(-0.0584227 0.403066 0)
(-0.0179947 0.36163 0)
(-0.343677 0.0313799 0)
(-0.31726 0.0497569 0)
(-0.30063 0.0719803 0)
(-0.285268 0.0912426 0)
(-0.272529 0.10989 0)
(-0.261011 0.128286 0)
(-0.250343 0.146685 0)
(-0.240061 0.16523 0)
(-0.229843 0.184082 0)
(-0.219325 0.203423 0)
(-0.208057 0.223418 0)
(-0.195464 0.244166 0)
(-0.180837 0.265603 0)
(-0.163371 0.287375 0)
(-0.1423 0.308684 0)
(-0.117048 0.328801 0)
(-0.0870725 0.349886 0)
(-0.0517325 0.375708 0)
(-0.0159828 0.337398 0)
(-0.321629 0.0141622 0)
(-0.300196 0.0365602 0)
(-0.28576 0.0608962 0)
(-0.271464 0.0817742 0)
(-0.259315 0.101535 0)
(-0.248037 0.120644 0)
(-0.237436 0.139423 0)
(-0.22709 0.158096 0)
(-0.216692 0.176837 0)
(-0.205889 0.195792 0)
(-0.194274 0.215072 0)
(-0.181351 0.234697 0)
(-0.16655 0.254545 0)
(-0.149259 0.274245 0)
(-0.128939 0.293086 0)
(-0.105238 0.310471 0)
(-0.0778146 0.328554 0)
(-0.0461118 0.351391 0)
(-0.0142587 0.315837 0)
(-0.298917 0.000633802 0)
(-0.282413 0.0257815 0)
(-0.26979 0.051108 0)
(-0.256894 0.0729653 0)
(-0.245557 0.0935487 0)
(-0.234737 0.11317 0)
(-0.224388 0.132216 0)
(-0.214145 0.150933 0)
(-0.20374 0.169491 0)
(-0.192852 0.188016 0)
(-0.181125 0.206575 0)
(-0.168143 0.225143 0)
(-0.153452 0.243569 0)
(-0.136591 0.261496 0)
(-0.117187 0.278298 0)
(-0.0950379 0.293499 0)
(-0.0699225 0.309207 0)
(-0.0413179 0.329616 0)
(-0.0127629 0.296557 0)
(-0.276826 -0.00948425 0)
(-0.264371 0.017079 0)
(-0.253227 0.0425684 0)
(-0.241877 0.0649875 0)
(-0.231429 0.0860688 0)
(-0.221225 0.105996 0)
(-0.211271 0.125183 0)
(-0.201275 0.143851 0)
(-0.191016 0.162167 0)
(-0.180218 0.180233 0)
(-0.168577 0.198086 0)
(-0.155752 0.215675 0)
(-0.141386 0.23284 0)
(-0.125136 0.24925 0)
(-0.106747 0.264365 0)
(-0.0861169 0.277806 0)
(-0.0630982 0.291607 0)
(-0.0371725 0.310002 0)
(-0.0114511 0.27925 0)
(-0.255713 -0.01705 0)
(-0.246111 0.00992802 0)
(-0.23649 0.0351917 0)
(-0.226631 0.0578754 0)
(-0.217106 0.0791591 0)
(-0.207613 0.0992138 0)
(-0.198156 0.118414 0)
(-0.188526 0.13695 0)
(-0.178545 0.154973 0)
(-0.167984 0.172562 0)
(-0.156591 0.189734 0)
(-0.144094 0.206425 0)
(-0.130214 0.222475 0)
(-0.114698 0.237589 0)
(-0.0973781 0.251302 0)
(-0.0782198 0.263315 0)
(-0.0571177 0.275561 0)
(-0.0335418 0.292256 0)
(-0.0102899 0.26367 0)
(-0.235491 -0.0225984 0)
(-0.227975 0.00402465 0)
(-0.219838 0.0288937 0)
(-0.211321 0.0515803 0)
(-0.202734 0.0728452 0)
(-0.193996 0.0928774 0)
(-0.18511 0.111977 0)
(-0.175939 0.130308 0)
(-0.166343 0.147996 0)
(-0.15614 0.165101 0)
(-0.145127 0.181624 0)
(-0.133089 0.197495 0)
(-0.119813 0.212562 0)
(-0.105116 0.226565 0)
(-0.0888916 0.239109 0)
(-0.0711494 0.249953 0)
(-0.0518109 0.260914 0)
(-0.0303243 0.276145 0)
(-0.00925307 0.249619 0)
(-0.216107 -0.0267037 0)
(-0.210204 -0.000718805 0)
(-0.203413 0.0235759 0)
(-0.196089 0.0460427 0)
(-0.188425 0.0671312 0)
(-0.180453 0.0870163 0)
(-0.172188 0.105924 0)
(-0.163546 0.123988 0)
(-0.154422 0.141309 0)
(-0.144675 0.157929 0)
(-0.134146 0.173837 0)
(-0.122668 0.188962 0)
(-0.110083 0.203162 0)
(-0.0962593 0.216211 0)
(-0.0811363 0.227774 0)
(-0.0647527 0.237654 0)
(-0.0470471 0.247537 0)
(-0.0274421 0.261488 0)
(-0.00832027 0.236932 0)
(-0.197507 -0.0297183 0)
(-0.192931 -0.00454153 0)
(-0.18735 0.0191103 0)
(-0.181052 0.0412068 0)
(-0.174266 0.062005 0)
(-0.167053 0.0816444 0)
(-0.159438 0.100287 0)
(-0.151376 0.118037 0)
(-0.14279 0.134969 0)
(-0.133576 0.151109 0)
(-0.123611 0.166438 0)
(-0.11277 0.180883 0)
(-0.100936 0.194316 0)
(-0.0880197 0.206543 0)
(-0.0739918 0.217278 0)
(-0.0589098 0.226356 0)
(-0.0427251 0.235325 0)
(-0.0248345 0.24814 0)
(-0.0074753 0.225476 0)
(-0.17973 -0.0319133 0)
(-0.176205 -0.00763907 0)
(-0.171648 0.0153749 0)
(-0.16628 0.0370141 0)
(-0.16032 0.0574437 0)
(-0.153847 0.0767649 0)
(-0.146897 0.0950882 0)
(-0.139449 0.11249 0)
(-0.131452 0.12902 0)
(-0.122829 0.14469 0)
(-0.113489 0.159474 0)
(-0.10334 0.1733 0)
(-0.0922984 0.186054 0)
(-0.080308 0.197567 0)
(-0.0673605 0.207598 0)
(-0.0535258 0.216006 0)
(-0.0387658 0.224192 0)
(-0.0224535 0.235985 0)
(-0.0067046 0.21514 0)
(-0.162728 -0.0334762 0)
(-0.160055 -0.0100488 0)
(-0.156365 0.012277 0)
(-0.151823 0.0334063 0)
(-0.146633 0.0534179 0)
(-0.140876 0.0723734 0)
(-0.134593 0.0903416 0)
(-0.127782 0.107372 0)
(-0.120409 0.123494 0)
(-0.112419 0.138707 0)
(-0.103748 0.152979 0)
(-0.0943295 0.166241 0)
(-0.0841082 0.178391 0)
(-0.0730502 0.189283 0)
(-0.0611637 0.198712 0)
(-0.048525 0.206554 0)
(-0.035107 0.214063 0)
(-0.0202606 0.224928 0)
(-0.00599648 0.205829 0)
(-0.146439 -0.0345464 0)
(-0.144462 -0.01191 0)
(-0.141511 0.00972876 0)
(-0.137707 0.0303289 0)
(-0.133233 0.0498975 0)
(-0.128165 0.0684601 0)
(-0.122548 0.0860518 0)
(-0.116386 0.102699 0)
(-0.109659 0.118414 0)
(-0.102333 0.133186 0)
(-0.0943604 0.146978 0)
(-0.0856985 0.159726 0)
(-0.076312 0.171336 0)
(-0.0661852 0.181684 0)
(-0.0553368 0.190596 0)
(-0.0438468 0.197958 0)
(-0.031699 0.204877 0)
(-0.0182247 0.214888 0)
(-0.0053409 0.197466 0)
(-0.130805 -0.0352205 0)
(-0.129409 -0.0133419 0)
(-0.12709 0.00765652 0)
(-0.123943 0.0277336 0)
(-0.120136 0.0468539 0)
(-0.115732 0.0650129 0)
(-0.110772 0.0822189 0)
(-0.105265 0.09848 0)
(-0.0992003 0.113794 0)
(-0.0925553 0.128142 0)
(-0.0853011 0.141486 0)
(-0.0774104 0.153764 0)
(-0.0688647 0.164892 0)
(-0.0596618 0.174762 0)
(-0.0498273 0.183225 0)
(-0.0394423 0.190178 0)
(-0.0285026 0.196582 0)
(-0.0163206 0.205801 0)
(-0.00472942 0.189986 0)
(-0.115774 -0.0355935 0)
(-0.114845 -0.0144116 0)
(-0.113067 0.00600104 0)
(-0.110525 0.0255802 0)
(-0.107346 0.0442622 0)
(-0.103584 0.0620194 0)
(-0.0992722 0.0788404 0)
(-0.0944205 0.0947187 0)
(-0.0890248 0.109642 0)
(-0.0830721 0.123587 0)
(-0.0765464 0.136513 0)
(-0.0694335 0.148361 0)
(-0.061728 0.159057 0)
(-0.0534374 0.168504 0)
(-0.044592 0.176577 0)
(-0.0352718 0.183179 0)
(-0.0254856 0.189131 0)
(-0.0145278 0.197609 0)
(-0.00415498 0.183333 0)
(-0.101264 -0.0357199 0)
(-0.100722 -0.0151511 0)
(-0.0994227 0.00472171 0)
(-0.0974384 0.0238381 0)
(-0.0948571 0.0421024 0)
(-0.091719 0.0594687 0)
(-0.0880467 0.0759121 0)
(-0.0838484 0.0914164 0)
(-0.0791238 0.105963 0)
(-0.0738677 0.119525 0)
(-0.0680741 0.132061 0)
(-0.0617396 0.143517 0)
(-0.0548686 0.153824 0)
(-0.0474762 0.162898 0)
(-0.039595 0.170631 0)
(-0.0313026 0.176931 0)
(-0.0226223 0.182486 0)
(-0.0128296 0.190266 0)
(-0.00361173 0.177462 0)
(-0.0872054 -0.0356593 0)
(-0.0869839 -0.015626 0)
(-0.0861184 0.00378548 0)
(-0.0846601 0.022485 0)
(-0.0826566 0.0403599 0)
(-0.0801295 0.0573521 0)
(-0.0770893 0.0734298 0)
(-0.0735408 0.0885719 0)
(-0.0694861 0.102757 0)
(-0.0649264 0.115957 0)
(-0.0598637 0.128131 0)
(-0.0543034 0.139229 0)
(-0.0482576 0.149187 0)
(-0.0417472 0.157929 0)
(-0.0348058 0.165364 0)
(-0.0275075 0.171404 0)
(-0.0198912 0.176613 0)
(-0.0112126 0.183729 0)
(-0.00309499 0.172333 0)
(-0.0735211 -0.0354638 0)
(-0.0735721 -0.0158706 0)
(-0.0731081 0.00317157 0)
(-0.0721594 0.021508 0)
(-0.0707249 0.0390265 0)
(-0.068803 0.0556641 0)
(-0.0663904 0.0713896 0)
(-0.0634877 0.0861827 0)
(-0.0600994 0.100023 0)
(-0.0562322 0.112881 0)
(-0.0518953 0.12472 0)
(-0.0471017 0.135491 0)
(-0.0418694 0.145135 0)
(-0.0362236 0.153585 0)
(-0.0301985 0.160759 0)
(-0.0238633 0.166576 0)
(-0.0172746 0.171481 0)
(-0.00966591 0.177965 0)
(-0.00260126 0.167911 0)
(-0.0601143 -0.0351554 0)
(-0.0604054 -0.0159023 0)
(-0.060339 0.00287163 0)
(-0.0599003 0.0209051 0)
(-0.0590397 0.0381003 0)
(-0.0577248 0.0544016 0)
(-0.0559382 0.0697876 0)
(-0.0536774 0.0842442 0)
(-0.0509499 0.0977542 0)
(-0.0477687 0.110292 0)
(-0.0441498 0.12182 0)
(-0.0401125 0.132294 0)
(-0.0356801 0.141657 0)
(-0.0308813 0.149848 0)
(-0.0257499 0.156795 0)
(-0.0203496 0.162421 0)
(-0.0147567 0.167064 0)
(-0.00818153 0.172941 0)
(-0.00212879 0.164166 0)
(-0.0469123 -0.0347674 0)
(-0.0474123 -0.0157293 0)
(-0.0477515 0.00289515 0)
(-0.0478461 0.0206904 0)
(-0.0475803 0.0375919 0)
(-0.0468829 0.053571 0)
(-0.045724 0.0686271 0)
(-0.0441017 0.0827585 0)
(-0.0420289 0.0959538 0)
(-0.0395254 0.10819 0)
(-0.0366144 0.119433 0)
(-0.0333214 0.129637 0)
(-0.0296741 0.13875 0)
(-0.0257039 0.146715 0)
(-0.0214442 0.153464 0)
(-0.0169523 0.158927 0)
(-0.0123266 0.163348 0)
(-0.00675547 0.168645 0)
(-0.00167792 0.161073 0)
(-0.0338324 -0.0343914 0)
(-0.0344917 -0.0153788 0)
(-0.0352691 0.0032574 0)
(-0.0359549 0.0208755 0)
(-0.0363142 0.0374965 0)
(-0.0362395 0.0531547 0)
(-0.0356992 0.067883 0)
(-0.0347003 0.0816956 0)
(-0.0332658 0.0945881 0)
(-0.0314249 0.10654 0)
(-0.0292083 0.117518 0)
(-0.0266472 0.127478 0)
(-0.0237731 0.136369 0)
(-0.020619 0.144135 0)
(-0.0172178 0.150715 0)
(-0.0136183 0.15604 0)
(-0.00994157 0.160273 0)
(-0.00537265 0.165013 0)
(-0.00125315 0.15858 0)
(-0.0206704 -0.0340137 0)
(-0.0215 -0.0147268 0)
(-0.0228349 0.00412169 0)
(-0.0243553 0.0216088 0)
(-0.0255264 0.0379337 0)
(-0.0262029 0.0532567 0)
(-0.0263624 0.0676551 0)
(-0.0260296 0.0811591 0)
(-0.0252453 0.093769 0)
(-0.0240539 0.105465 0)
(-0.0224989 0.116211 0)
(-0.0206208 0.125963 0)
(-0.0184578 0.134669 0)
(-0.0160469 0.142273 0)
(-0.0134229 0.148716 0)
(-0.0106275 0.153933 0)
(-0.00780586 0.158022 0)
(-0.00414968 0.162309 0)
(-0.000885641 0.156771 0)
(-0.00702879 -0.0334686 0)
(-0.0078436 -0.0138249 0)
(-0.00882113 0.00555996 0)
(-0.0100571 0.0230579 0)
(-0.0112875 0.0390988 0)
(-0.0122535 0.0540326 0)
(-0.0128935 0.0680136 0)
(-0.0131913 0.0811094 0)
(-0.0131575 0.093338 0)
(-0.0128157 0.104687 0)
(-0.0121955 0.115124 0)
(-0.011328 0.124603 0)
(-0.0102445 0.133072 0)
(-0.00897575 0.140474 0)
(-0.00755188 0.146753 0)
(-0.00599805 0.151849 0)
(-0.00444062 0.155763 0)
(-0.0023391 0.159508 0)
(-0.000460259 0.155054 0)
)
;

boundaryField
{
    leftWall
    {
        type            noSlip;
    }
    rightWall
    {
        type            noSlip;
    }
    lowerWall
    {
        type            noSlip;
    }
    atmosphere
    {
        type            pressureInletOutletVelocity;
        value           nonuniform List<vector> 
46
(
(0 -0.174583 0)
(0 -0.18458 0)
(0 -0.183795 0)
(0 -0.183544 0)
(0 -0.182882 0)
(0 -0.181893 0)
(0 -0.180592 0)
(0 -0.178997 0)
(0 -0.17712 0)
(0 -0.174974 0)
(0 -0.172569 0)
(0 -0.169913 0)
(0 -0.167016 0)
(0 -0.163888 0)
(0 -0.160536 0)
(0 -0.156969 0)
(0 -0.153197 0)
(0 -0.149228 0)
(0 -0.14507 0)
(0 -0.140731 0)
(0 -0.13622 0)
(0 -0.131545 0)
(0 -0.126703 0)
(0 -0.115175 0)
(0 -0.0959875 0)
(0 -0.0755066 0)
(0 -0.0539883 0)
(0 -0.0334686 0)
(0 -0.0138249 0)
(-0.00882113 0.00555996 0)
(-0.0100571 0.0230579 0)
(-0.0112875 0.0390988 0)
(-0.0122535 0.0540326 0)
(-0.0128935 0.0680136 0)
(-0.0131913 0.0811094 0)
(-0.0131575 0.093338 0)
(-0.0128157 0.104687 0)
(-0.0121955 0.115124 0)
(-0.011328 0.124603 0)
(-0.0102445 0.133072 0)
(-0.00897575 0.140474 0)
(-0.00755188 0.146753 0)
(-0.00599805 0.151849 0)
(-0.00444062 0.155763 0)
(-0.0023391 0.159508 0)
(-0.000460259 0.155054 0)
)
;
    }
    defaultFaces
    {
        type            empty;
    }
}


// ************************************************************************* //
