/*--------------------------------*- C++ -*----------------------------------*\
| =========                 |                                                 |
| \\      /  F ield         | OpenFOAM: The Open Source CFD Toolbox           |
|  \\    /   O peration     | Version:  2206                                  |
|   \\  /    A nd           | Website:  www.openfoam.com                      |
|    \\/     M anipulation  |                                                 |
\*---------------------------------------------------------------------------*/
FoamFile
{
    version     2.0;
    format      ascii;
    arch        "LSB;label=32;scalar=64";
    class       volVectorField;
    location    "0.25";
    object      U;
}
// * * * * * * * * * * * * * * * * * * * * * * * * * * * * * * * * * * * * * //

dimensions      [0 1 -1 0 0 0 0];

internalField   nonuniform List<vector> 
2268
(
(-0.00947995 -0.00109356 0)
(0.0227462 -0.0123993 0)
(0.0908635 -0.0166996 0)
(0.16284 -0.0162836 0)
(0.228696 -0.0143026 0)
(0.285771 -0.0125121 0)
(0.336184 -0.0114048 0)
(0.383203 -0.010873 0)
(0.428897 -0.0106316 0)
(0.473843 -0.010404 0)
(0.517583 -0.00998522 0)
(0.558992 -0.0092288 0)
(0.596371 -0.00803307 0)
(0.62765 -0.0061484 0)
(0.648904 -0.00351369 0)
(0.658025 0.00256258 0)
(0.636033 0.0142638 0)
(0.566141 0.0327633 0)
(0.429057 0.0552072 0)
(0.216072 0.0689537 0)
(-0.0609842 0.0392047 0)
(-0.265961 -0.0565886 0)
(-0.079565 -0.109807 0)
(-0.00911054 -0.00358545 0)
(0.0239522 -0.0374393 0)
(0.0923649 -0.0502911 0)
(0.164244 -0.0490749 0)
(0.229798 -0.0431795 0)
(0.286719 -0.0378445 0)
(0.337258 -0.0345626 0)
(0.384624 -0.0330057 0)
(0.430798 -0.0323082 0)
(0.476297 -0.0316437 0)
(0.520641 -0.030407 0)
(0.562708 -0.0281756 0)
(0.600918 -0.024602 0)
(0.633042 -0.0191826 0)
(0.657385 -0.011255 0)
(0.668717 0.00184078 0)
(0.676473 0.0235564 0)
(0.678835 0.057736 0)
(0.656781 0.106169 0)
(0.558513 0.158873 0)
(0.334044 0.165534 0)
(-0.000445974 0.0901881 0)
(0.0695134 -0.119119 0)
(-0.00841012 -0.00649502 0)
(0.0258132 -0.0625544 0)
(0.0941738 -0.0836854 0)
(0.165294 -0.0815175 0)
(0.229768 -0.071706 0)
(0.285899 -0.0629293 0)
(0.336192 -0.0576217 0)
(0.383771 -0.0551665 0)
(0.430442 -0.0540877 0)
(0.476588 -0.0530239 0)
(0.521675 -0.0509989 0)
(0.564591 -0.0473389 0)
(0.603803 -0.0414627 0)
(0.637381 -0.0327195 0)
(0.663 -0.0200196 0)
(0.677916 -0.00258188 0)
(0.679116 0.0222565 0)
(0.667174 0.060103 0)
(0.654563 0.119324 0)
(0.641803 0.201328 0)
(0.572633 0.255139 0)
(0.324233 0.18454 0)
(0.192402 -0.03721 0)
(-0.00734934 -0.0100521 0)
(0.0285792 -0.0879654 0)
(0.0967692 -0.116869 0)
(0.166755 -0.113437 0)
(0.229734 -0.0997463 0)
(0.284841 -0.087772 0)
(0.334902 -0.0807163 0)
(0.382897 -0.0775722 0)
(0.430366 -0.0762348 0)
(0.477505 -0.0748403 0)
(0.523708 -0.0720838 0)
(0.567887 -0.0670693 0)
(0.608603 -0.0590387 0)
(0.644071 -0.0471401 0)
(0.672193 -0.0302408 0)
(0.690494 -0.00678899 0)
(0.696395 0.0253946 0)
(0.686387 0.0692249 0)
(0.662262 0.128634 0)
(0.638764 0.212176 0)
(0.632699 0.298933 0)
(0.486864 0.283091 0)
(0.280551 0.103619 0)
(-0.00590393 -0.0145749 0)
(0.0321404 -0.113782 0)
(0.0999431 -0.14966 0)
(0.168363 -0.144556 0)
(0.229468 -0.127108 0)
(0.283387 -0.112322 0)
(0.333271 -0.103902 0)
(0.381867 -0.100332 0)
(0.430367 -0.0988818 0)
(0.478744 -0.0972368 0)
(0.52632 -0.0938199 0)
(0.572055 -0.0875546 0)
(0.614631 -0.0775323 0)
(0.652459 -0.062749 0)
(0.683681 -0.0418851 0)
(0.706096 -0.0131696 0)
(0.717338 0.0255941 0)
(0.714235 0.0768976 0)
(0.694948 0.141727 0)
(0.653834 0.221546 0)
(0.631326 0.32137 0)
(0.537685 0.37337 0)
(0.328119 0.285207 0)
(-0.00403407 -0.0204377 0)
(0.0363142 -0.139984 0)
(0.103473 -0.181864 0)
(0.169901 -0.174659 0)
(0.228828 -0.153651 0)
(0.281495 -0.136552 0)
(0.33131 -0.127239 0)
(0.380677 -0.123551 0)
(0.430375 -0.122148 0)
(0.480144 -0.120346 0)
(0.529254 -0.11637 0)
(0.576739 -0.109012 0)
(0.621449 -0.0972509 0)
(0.662016 -0.0799508 0)
(0.696821 -0.0556167 0)
(0.723868 -0.0222745 0)
(0.740897 0.0225038 0)
(0.744584 0.0808871 0)
(0.733454 0.154539 0)
(0.695062 0.24028 0)
(0.644592 0.347207 0)
(0.554385 0.457585 0)
(0.349345 0.487511 0)
(-0.00174554 -0.0276725 0)
(0.0409034 -0.166558 0)
(0.107151 -0.213466 0)
(0.171217 -0.203773 0)
(0.227773 -0.179421 0)
(0.279224 -0.160499 0)
(0.329121 -0.15074 0)
(0.379412 -0.147209 0)
(0.430415 -0.145981 0)
(0.481649 -0.144085 0)
(0.53237 -0.139624 0)
(0.581745 -0.131318 0)
(0.628831 -0.118067 0)
(0.672495 -0.0986232 0)
(0.711306 -0.0713397 0)
(0.743441 -0.034061 0)
(0.76668 0.0158441 0)
(0.777807 0.0807628 0)
(0.774315 0.163171 0)
(0.747901 0.261434 0)
(0.690969 0.382159 0)
(0.591229 0.53376 0)
(0.395953 0.690304 0)
(0.00086124 -0.0363503 0)
(0.0456777 -0.19366 0)
(0.11074 -0.244428 0)
(0.172219 -0.231904 0)
(0.226408 -0.204533 0)
(0.276797 -0.184298 0)
(0.326945 -0.174487 0)
(0.378258 -0.171316 0)
(0.430601 -0.170331 0)
(0.483313 -0.168347 0)
(0.535709 -0.163416 0)
(0.587163 -0.15423 0)
(0.636972 -0.139623 0)
(0.684182 -0.118226 0)
(0.727494 -0.08822 0)
(0.765204 -0.0472861 0)
(0.79506 0.00735417 0)
(0.81412 0.0784934 0)
(0.818885 0.168641 0)
(0.806112 0.279005 0)
(0.760167 0.419069 0)
(0.673512 0.613237 0)
(0.386299 0.951777 0)
(0.0412708 -0.0192466 0)
(0.108727 -0.00947688 0)
(0.133234 -0.00262092 0)
(0.143818 -0.00131194 0)
(0.153906 -0.000894321 0)
(0.160235 -0.000600648 0)
(0.164315 -0.000327754 0)
(0.166926 -2.00867e-05 0)
(0.168015 0.000206218 0)
(0.167153 0.000629088 0)
(0.163368 0.00126575 0)
(0.155868 0.00196962 0)
(0.144645 0.00269602 0)
(0.129692 0.00340513 0)
(0.111308 0.00403201 0)
(0.0898885 0.00459946 0)
(0.0659958 0.00501545 0)
(0.0402471 0.00530765 0)
(0.0134631 0.00552844 0)
(0.0297099 -0.0496307 0)
(0.0981697 -0.0273244 0)
(0.12608 -0.0114849 0)
(0.143118 -0.00779832 0)
(0.157486 -0.00508843 0)
(0.165863 -0.00343502 0)
(0.171872 -0.0024461 0)
(0.176498 -0.00149989 0)
(0.179377 -0.000427709 0)
(0.179959 0.00116894 0)
(0.177381 0.00329822 0)
(0.171151 0.00573631 0)
(0.16058 0.00827479 0)
(0.145309 0.0107855 0)
(0.125629 0.0130429 0)
(0.102052 0.0150167 0)
(0.0752289 0.0165198 0)
(0.0459926 0.0175732 0)
(0.0153276 0.0179455 0)
(0.0376154 -0.0787034 0)
(0.110255 -0.0464335 0)
(0.133397 -0.0204368 0)
(0.145947 -0.0145999 0)
(0.159002 -0.00933094 0)
(0.166538 -0.00616961 0)
(0.171999 -0.00451109 0)
(0.176352 -0.00309258 0)
(0.179212 -0.00121606 0)
(0.179951 0.0015459 0)
(0.177458 0.00512349 0)
(0.171064 0.00933681 0)
(0.160304 0.0137931 0)
(0.144908 0.0182384 0)
(0.125174 0.022295 0)
(0.101608 0.0257816 0)
(0.0748652 0.0284994 0)
(0.0457641 0.0303651 0)
(0.0152375 0.0310527 0)
(0.0501769 -0.115655 0)
(0.123402 -0.0630939 0)
(0.139449 -0.0256181 0)
(0.147813 -0.0201267 0)
(0.160788 -0.0128007 0)
(0.167517 -0.00848834 0)
(0.172473 -0.00640505 0)
(0.176831 -0.00458973 0)
(0.180004 -0.00205052 0)
(0.181149 0.00182766 0)
(0.178978 0.00690423 0)
(0.172704 0.0129466 0)
(0.161897 0.0193659 0)
(0.146342 0.0257193 0)
(0.126367 0.0315688 0)
(0.102532 0.0365713 0)
(0.075513 0.0404797 0)
(0.0461525 0.0431368 0)
(0.0153729 0.0441211 0)
(0.0690204 -0.174629 0)
(0.141751 -0.0791526 0)
(0.144961 -0.0287537 0)
(0.148414 -0.0265884 0)
(0.162852 -0.0160518 0)
(0.168677 -0.0103517 0)
(0.17301 -0.0081631 0)
(0.177514 -0.00626749 0)
(0.181252 -0.00317285 0)
(0.183062 0.00186118 0)
(0.181469 0.00851472 0)
(0.175567 0.0164873 0)
(0.164849 0.0249671 0)
(0.149161 0.0333081 0)
(0.128866 0.0409744 0)
(0.104569 0.0475148 0)
(0.0770091 0.0526067 0)
(0.0470703 0.0560818 0)
(0.015685 0.057356 0)
(0.0835141 -0.21969 0)
(0.18168 -0.0862183 0)
(0.152048 -0.0263937 0)
(0.144962 -0.033832 0)
(0.163792 -0.0189085 0)
(0.169263 -0.011651 0)
(0.173148 -0.00982623 0)
(0.178069 -0.00818216 0)
(0.182733 -0.00462921 0)
(0.185527 0.00158083 0)
(0.184725 0.00992794 0)
(0.179321 0.0199413 0)
(0.168736 0.0305742 0)
(0.152879 0.0410263 0)
(0.132171 0.0505808 0)
(0.107276 0.058697 0)
(0.0790084 0.0650186 0)
(0.0482987 0.0693347 0)
(0.0160978 0.0709088 0)
(0.0489802 -0.233018 0)
(0.214981 -0.0836909 0)
(0.154096 -0.00445306 0)
(0.135216 -0.0411568 0)
(0.163871 -0.0226403 0)
(0.168968 -0.0131638 0)
(0.172511 -0.0117792 0)
(0.17827 -0.0105887 0)
(0.18429 -0.00663617 0)
(0.188454 0.000771523 0)
(0.188718 0.0110001 0)
(0.183946 0.0232421 0)
(0.173526 0.036198 0)
(0.157453 0.048904 0)
(0.136215 0.0604325 0)
(0.110582 0.0702038 0)
(0.0814483 0.0777933 0)
(0.0497942 0.082971 0)
(0.0165996 0.0848614 0)
(0.00241495 -0.422782 0)
(0.0940585 -0.0999962 0)
(0.120326 0.00196476 0)
(0.116195 -0.0655245 0)
(0.167902 -0.0263578 0)
(0.170631 -0.0133041 0)
(0.172386 -0.0132518 0)
(0.17877 -0.0132803 0)
(0.186264 -0.00925221 0)
(0.192025 -0.000680552 0)
(0.193598 0.0116385 0)
(0.189568 0.0263174 0)
(0.179309 0.0417983 0)
(0.162928 0.0569085 0)
(0.14103 0.0705183 0)
(0.114503 0.0820229 0)
(0.0843308 0.0909246 0)
(0.0515587 0.0969962 0)
(0.01719 0.0992171 0)
(0.00509192 -0.0541532 0)
(0.0529572 -0.2371 0)
(0.115737 -0.290561 0)
(0.17311 -0.272993 0)
(0.224055 -0.2422 0)
(0.273336 -0.221485 0)
(0.324188 -0.212621 0)
(0.377155 -0.210506 0)
(0.431557 -0.210137 0)
(0.48664 -0.20826 0)
(0.541985 -0.203042 0)
(0.597304 -0.193165 0)
(0.652087 -0.177341 0)
(0.70549 -0.154033 0)
(0.756657 -0.12103 0)
(0.804509 -0.0755758 0)
(0.846807 -0.014264 0)
(0.880173 0.0663521 0)
(0.899866 0.168433 0)
(0.910463 0.295816 0)
(0.897396 0.461686 0)
(0.941497 0.658703 0)
(0.910073 1.1109 0)
(0.0109041 -0.0837998 0)
(0.0626612 -0.296618 0)
(0.122006 -0.349548 0)
(0.173747 -0.324672 0)
(0.220906 -0.291186 0)
(0.269476 -0.271964 0)
(0.321717 -0.265738 0)
(0.37703 -0.265716 0)
(0.434247 -0.266616 0)
(0.492731 -0.265536 0)
(0.552491 -0.261041 0)
(0.613345 -0.251696 0)
(0.67453 -0.235816 0)
(0.73554 -0.211654 0)
(0.797089 -0.176436 0)
(0.86017 -0.126941 0)
(0.923542 -0.0590325 0)
(0.981604 0.0271974 0)
(1.02971 0.134379 0)
(1.07317 0.262139 0)
(1.10137 0.417298 0)
(1.17192 0.581493 0)
(1.26041 0.839512 0)
(0.0169751 -0.121801 0)
(0.0716334 -0.35608 0)
(0.126783 -0.402533 0)
(0.172974 -0.370875 0)
(0.217367 -0.338049 0)
(0.266144 -0.323102 0)
(0.319961 -0.320945 0)
(0.377133 -0.323702 0)
(0.436214 -0.326612 0)
(0.496767 -0.327476 0)
(0.558803 -0.325071 0)
(0.621702 -0.316959 0)
(0.684674 -0.300788 0)
(0.750821 -0.276456 0)
(0.823898 -0.241508 0)
(0.906109 -0.19442 0)
(0.992265 -0.123887 0)
(1.07419 -0.0216182 0)
(1.14707 0.117639 0)
(1.20569 0.277118 0)
(1.25425 0.430724 0)
(1.31338 0.563105 0)
(1.40003 0.672399 0)
(0.0229823 -0.16724 0)
(0.0793625 -0.414638 0)
(0.129397 -0.450226 0)
(0.170564 -0.413637 0)
(0.213239 -0.384672 0)
(0.262311 -0.375668 0)
(0.316448 -0.377867 0)
(0.372931 -0.383205 0)
(0.430229 -0.387846 0)
(0.488057 -0.389878 0)
(0.546521 -0.387751 0)
(0.606802 -0.378188 0)
(0.671143 -0.362819 0)
(0.752724 -0.350972 0)
(0.854131 -0.336816 0)
(0.968504 -0.319115 0)
(1.08457 -0.27328 0)
(1.19222 -0.188581 0)
(1.27864 -0.0734085 0)
(1.3334 0.0672797 0)
(1.37052 0.221732 0)
(1.40862 0.385176 0)
(1.47442 0.526699 0)
(0.0291021 -0.219779 0)
(0.0854632 -0.471333 0)
(0.128106 -0.492801 0)
(0.164242 -0.453861 0)
(0.205129 -0.431114 0)
(0.252584 -0.427998 0)
(0.303406 -0.432865 0)
(0.35451 -0.438446 0)
(0.405673 -0.442317 0)
(0.458005 -0.4431 0)
(0.515444 -0.442145 0)
(0.58568 -0.440368 0)
(0.677159 -0.45174 0)
(0.810529 -0.490018 0)
(0.968062 -0.509154 0)
(1.11852 -0.492059 0)
(1.22822 -0.404207 0)
(1.30727 -0.259481 0)
(1.37046 -0.0206484 0)
(1.39963 0.169561 0)
(1.41922 0.294493 0)
(1.44114 0.393486 0)
(1.48268 0.478652 0)
(0.0352773 -0.279143 0)
(0.0903274 -0.521315 0)
(0.12095 -0.526713 0)
(0.151115 -0.489297 0)
(0.189242 -0.473797 0)
(0.233031 -0.47453 0)
(0.279078 -0.479458 0)
(0.32667 -0.484562 0)
(0.380914 -0.490688 0)
(0.446591 -0.500305 0)
(0.536722 -0.521874 0)
(0.668475 -0.561444 0)
(0.836286 -0.619062 0)
(1.06696 -0.703401 0)
(1.28754 -0.674197 0)
(1.42837 -0.569408 0)
(1.40163 -0.381794 0)
(1.26309 -0.209385 0)
(1.39315 -0.00753962 0)
(1.58086 0.216249 0)
(1.64433 0.353095 0)
(1.60925 0.421323 0)
(1.55261 0.466088 0)
(0.0442624 -0.347945 0)
(0.101231 -0.557196 0)
(0.112189 -0.547695 0)
(0.136417 -0.519994 0)
(0.175626 -0.513635 0)
(0.222849 -0.518232 0)
(0.277753 -0.528033 0)
(0.345688 -0.544223 0)
(0.442586 -0.572623 0)
(0.574586 -0.617854 0)
(0.760682 -0.692309 0)
(1.07401 -0.79253 0)
(1.31105 -0.853337 0)
(1.48534 -0.889119 0)
(1.51108 -0.684939 0)
(1.42283 -0.436756 0)
(1.19742 -0.165301 0)
(1.16848 -0.229278 0)
(1.36278 -0.405721 0)
(1.69645 -0.25692 0)
(2.07201 0.200609 0)
(2.18547 0.532385 0)
(2.05437 0.597236 0)
(0.0613624 -0.42776 0)
(0.131643 -0.590851 0)
(0.122027 -0.563768 0)
(0.148776 -0.557816 0)
(0.208275 -0.568296 0)
(0.284998 -0.586934 0)
(0.380742 -0.615892 0)
(0.516829 -0.665184 0)
(0.723321 -0.756456 0)
(0.931035 -0.832195 0)
(1.14667 -0.981652 0)
(1.31461 -0.990851 0)
(1.47588 -0.961366 0)
(1.56446 -0.879203 0)
(1.55216 -0.628145 0)
(1.37416 -0.254254 0)
(1.2191 -0.0968243 0)
(1.28238 -0.485958 0)
(1.37473 -0.644078 0)
(1.47517 -0.5515 0)
(1.70146 -0.191098 0)
(1.99577 0.328453 0)
(2.12787 0.681769 0)
(0.068433 -0.534303 0)
(0.175297 -0.653209 0)
(0.190499 -0.581616 0)
(0.244494 -0.616279 0)
(0.355152 -0.673177 0)
(0.480078 -0.714439 0)
(0.609799 -0.76323 0)
(0.736998 -0.850943 0)
(0.869013 -0.927995 0)
(1.02582 -0.978265 0)
(1.19631 -1.09111 0)
(1.35535 -1.14348 0)
(1.48994 -1.10408 0)
(1.57011 -0.933186 0)
(1.58014 -0.574691 0)
(1.45816 -0.0913493 0)
(1.3466 -0.127037 0)
(1.30355 -0.465159 0)
(1.27854 -0.601134 0)
(1.2382 -0.519819 0)
(1.26244 -0.225597 0)
(1.38329 0.232395 0)
(1.55517 0.567214 0)
(0.0101643 -0.701212 0)
(0.100151 -0.68177 0)
(0.23397 -0.628323 0)
(0.296544 -0.69003 0)
(0.356626 -0.757461 0)
(0.43525 -0.783231 0)
(0.529456 -0.845029 0)
(0.638044 -0.939549 0)
(0.757152 -1.05568 0)
(0.9034 -1.17645 0)
(1.05405 -1.28023 0)
(1.19173 -1.31957 0)
(1.30523 -1.2344 0)
(1.36565 -1.00334 0)
(1.39018 -0.568941 0)
(1.37786 -0.0112622 0)
(1.29535 -0.041625 0)
(1.20073 -0.379253 0)
(1.12532 -0.54059 0)
(1.05299 -0.467394 0)
(0.947551 -0.20569 0)
(0.899971 0.095923 0)
(1.04441 0.299782 0)
(-0.00914345 -0.685324 0)
(0.0334878 -0.708254 0)
(0.13319 -0.741415 0)
(0.222382 -0.778243 0)
(0.28855 -0.826105 0)
(0.352401 -0.882539 0)
(0.419227 -0.958235 0)
(0.5075 -1.06459 0)
(0.600642 -1.20349 0)
(0.725992 -1.32463 0)
(0.830013 -1.40407 0)
(0.90874 -1.43794 0)
(0.972965 -1.3118 0)
(0.990811 -1.02865 0)
(0.985188 -0.564088 0)
(0.996097 0.014547 0)
(1.02021 -0.0101828 0)
(0.982737 -0.334438 0)
(0.939799 -0.445051 0)
(0.853329 -0.32546 0)
(0.729597 -0.108435 0)
(0.749732 0.0261668 0)
(0.910488 0.0909479 0)
(0.0124065 -0.701569 0)
(0.0563628 -0.868381 0)
(0.116295 -0.838529 0)
(0.175014 -0.846221 0)
(0.226616 -0.88778 0)
(0.276028 -0.945295 0)
(0.322587 -1.02473 0)
(0.385408 -1.14159 0)
(0.435301 -1.29321 0)
(0.50787 -1.40277 0)
(0.547478 -1.46896 0)
(0.556386 -1.48619 0)
(0.5476 -1.31597 0)
(0.524988 -0.971388 0)
(0.47785 -0.445802 0)
(0.533849 -0.0249369 0)
(0.666337 -0.145789 0)
(0.708824 -0.322114 0)
(0.699693 -0.332782 0)
(0.612892 -0.219586 0)
(0.624274 -0.129455 0)
(0.7646 -0.105917 0)
(0.966619 -0.106565 0)
(0.0339456 -0.745004 0)
(0.0680669 -0.900623 0)
(0.0938472 -0.873892 0)
(0.134663 -0.887933 0)
(0.172629 -0.928483 0)
(0.204664 -0.982607 0)
(0.230517 -1.06118 0)
(0.256625 -1.17972 0)
(0.255639 -1.32457 0)
(0.261876 -1.42248 0)
(0.254221 -1.47692 0)
(0.207513 -1.45827 0)
(0.136105 -1.26157 0)
(0.0776156 -0.887027 0)
(0.0823772 -0.40572 0)
(0.264172 -0.260469 0)
(0.370457 -0.293544 0)
(0.417201 -0.300121 0)
(0.429038 -0.269461 0)
(0.475004 -0.262589 0)
(0.613783 -0.279503 0)
(0.799569 -0.313744 0)
(1.00978 -0.34648 0)
(0.0343107 -0.797458 0)
(0.0589803 -0.922107 0)
(0.072048 -0.90078 0)
(0.101618 -0.919637 0)
(0.126488 -0.955148 0)
(0.142252 -1.0011 0)
(0.14934 -1.06861 0)
(0.139442 -1.17193 0)
(0.0973535 -1.29606 0)
(0.0480091 -1.39105 0)
(-0.00556198 -1.42999 0)
(-0.0860305 -1.38322 0)
(-0.191284 -1.18864 0)
(-0.231046 -0.845474 0)
(-0.143944 -0.521621 0)
(-0.0311698 -0.419811 0)
(0.0615028 -0.348607 0)
(0.160634 -0.300574 0)
(0.302482 -0.377421 0)
(0.452946 -0.430416 0)
(0.618194 -0.46782 0)
(0.79517 -0.51531 0)
(0.992261 -0.570021 0)
(0.0270369 -0.843184 0)
(0.0458349 -0.932687 0)
(0.0543311 -0.921347 0)
(0.0748044 -0.940153 0)
(0.0888496 -0.968257 0)
(0.0937012 -1.00347 0)
(0.0883424 -1.05274 0)
(0.0584371 -1.1308 0)
(-0.00410826 -1.22951 0)
(-0.0876572 -1.31374 0)
(-0.185021 -1.34287 0)
(-0.299323 -1.28734 0)
(-0.392264 -1.10998 0)
(-0.405472 -0.836573 0)
(-0.32579 -0.607384 0)
(-0.247498 -0.527968 0)
(-0.072084 -0.477365 0)
(0.114341 -0.512263 0)
(0.284074 -0.56259 0)
(0.434566 -0.594279 0)
(0.588911 -0.633727 0)
(0.75059 -0.691907 0)
(0.930479 -0.766908 0)
(0.0189044 -0.87752 0)
(0.0334439 -0.938162 0)
(0.0398118 -0.935557 0)
(0.0527748 -0.951908 0)
(0.0599758 -0.973444 0)
(0.0598637 -0.998465 0)
(0.0504571 -1.02961 0)
(0.0202479 -1.08005 0)
(-0.0410785 -1.14947 0)
(-0.130862 -1.21122 0)
(-0.239954 -1.23113 0)
(-0.349439 -1.18646 0)
(-0.419208 -1.06402 0)
(-0.418149 -0.88267 0)
(-0.326994 -0.722357 0)
(-0.164724 -0.688734 0)
(-0.021139 -0.692238 0)
(0.128565 -0.69441 0)
(0.261078 -0.701737 0)
(0.397892 -0.737098 0)
(0.540413 -0.78663 0)
(0.689328 -0.854266 0)
(0.855315 -0.948469 0)
(0.0121208 -0.901281 0)
(0.0228502 -0.94272 0)
(0.0280067 -0.945266 0)
(0.0355858 -0.958478 0)
(0.0389111 -0.975007 0)
(0.0370564 -0.992702 0)
(0.0295064 -1.01114 0)
(0.00964585 -1.03893 0)
(-0.0343908 -1.08123 0)
(-0.102571 -1.12332 0)
(-0.182304 -1.14135 0)
(-0.255235 -1.11736 0)
(-0.294623 -1.05083 0)
(-0.271214 -0.967111 0)
(-0.188778 -0.892109 0)
(-0.0841203 -0.838542 0)
(0.0173632 -0.815536 0)
(0.11778 -0.80884 0)
(0.231804 -0.826669 0)
(0.352879 -0.869997 0)
(0.479673 -0.926034 0)
(0.614261 -1.00421 0)
(0.765795 -1.11877 0)
(0.00741839 -0.916372 0)
(0.0145849 -0.946657 0)
(0.0183101 -0.951223 0)
(0.0222408 -0.961756 0)
(0.0231231 -0.974734 0)
(0.0205492 -0.988357 0)
(0.015457 -1.00068 0)
(0.00533842 -1.01564 0)
(-0.0181024 -1.03957 0)
(-0.0574258 -1.06878 0)
(-0.104729 -1.0877 0)
(-0.146537 -1.08028 0)
(-0.166612 -1.042 0)
(-0.154284 -0.986876 0)
(-0.111134 -0.939866 0)
(-0.0494258 -0.912948 0)
(0.0210844 -0.899626 0)
(0.103648 -0.905053 0)
(0.198521 -0.935116 0)
(0.299493 -0.983528 0)
(0.406863 -1.04719 0)
(0.522538 -1.13491 0)
(0.651498 -1.26567 0)
(0.00430336 -0.9253 0)
(0.00835704 -0.949449 0)
(0.0103589 -0.954262 0)
(0.0116523 -0.962711 0)
(0.0107306 -0.973129 0)
(0.00736641 -0.984394 0)
(0.00261918 -0.994846 0)
(-0.00335005 -1.00521 0)
(-0.0143868 -1.01969 0)
(-0.0348883 -1.03882 0)
(-0.0632425 -1.0539 0)
(-0.0911341 -1.0538 0)
(-0.106965 -1.03564 0)
(-0.102192 -1.00707 0)
(-0.0770956 -0.980311 0)
(-0.0369363 -0.964875 0)
(0.0164701 -0.96548 0)
(0.0830064 -0.984462 0)
(0.15754 -1.02231 0)
(0.2383 -1.07656 0)
(0.325375 -1.14754 0)
(0.419322 -1.24123 0)
(0.519938 -1.37969 0)
(0.00218156 -0.929991 0)
(0.00359515 -0.950618 0)
(0.00384376 -0.954972 0)
(0.00313282 -0.961812 0)
(0.000745758 -0.97025 0)
(-0.00354197 -0.9797 0)
(-0.00924966 -0.989318 0)
(-0.0155016 -0.998667 0)
(-0.0233163 -1.00895 0)
(-0.0359397 -1.02103 0)
(-0.0541052 -1.03148 0)
(-0.0727694 -1.03388 0)
(-0.0840996 -1.02593 0)
(-0.0824386 -1.01299 0)
(-0.0663818 -1.00378 0)
(-0.0370552 -1.00426 0)
(0.00375783 -1.01734 0)
(0.0534036 -1.04518 0)
(0.109479 -1.0897 0)
(0.170985 -1.14986 0)
(0.237548 -1.22635 0)
(0.309651 -1.32391 0)
(0.383269 -1.46319 0)
(0.000711972 -0.931466 0)
(-1.6564e-05 -0.950237 0)
(-0.0014598 -0.953766 0)
(-0.00379976 -0.959381 0)
(-0.00741678 -0.966263 0)
(-0.0125128 -0.974112 0)
(-0.0190656 -0.982568 0)
(-0.0266615 -0.991203 0)
(-0.035153 -0.999829 0)
(-0.0454602 -1.00856 0)
(-0.0581727 -1.01651 0)
(-0.0708957 -1.02116 0)
(-0.078702 -1.02131 0)
(-0.0776157 -1.01993 0)
(-0.0665264 -1.02245 0)
(-0.046168 -1.03312 0)
(-0.0179657 -1.05455 0)
(0.0164031 -1.08913 0)
(0.0557703 -1.13888 0)
(0.0987585 -1.2039 0)
(0.145293 -1.28354 0)
(0.195926 -1.38366 0)
(0.245456 -1.52128 0)
(-0.000336204 -0.930686 0)
(-0.00283648 -0.948201 0)
(-0.00579433 -0.951032 0)
(-0.00947017 -0.955664 0)
(-0.0141498 -0.961363 0)
(-0.0199474 -0.967899 0)
(-0.0269438 -0.975072 0)
(-0.0351179 -0.982708 0)
(-0.0442282 -0.990545 0)
(-0.0540296 -0.998333 0)
(-0.0643404 -1.00574 0)
(-0.0740042 -1.01207 0)
(-0.0803702 -1.01732 0)
(-0.080969 -1.02357 0)
(-0.0750936 -1.03408 0)
(-0.0633583 -1.05163 0)
(-0.046661 -1.07868 0)
(-0.0258559 -1.11789 0)
(-0.00197107 -1.17131 0)
(0.0237494 -1.23922 0)
(0.0507505 -1.3208 0)
(0.0798628 -1.42142 0)
(0.106652 -1.55682 0)
(-0.00114007 -0.928157 0)
(-0.00510415 -0.944736 0)
(-0.00935388 -0.946993 0)
(-0.0141703 -0.950835 0)
(-0.0197943 -0.955622 0)
(-0.0262959 -0.961175 0)
(-0.0336973 -0.967339 0)
(-0.0420311 -0.97404 0)
(-0.0512347 -0.981196 0)
(-0.0609965 -0.98864 0)
(-0.0707899 -0.996261 0)
(-0.0797582 -1.00415 0)
(-0.0865598 -1.01283 0)
(-0.0899842 -1.02372 0)
(-0.0897035 -1.03889 0)
(-0.0861001 -1.06052 0)
(-0.0797357 -1.09094 0)
(-0.0713182 -1.13262 0)
(-0.0620133 -1.18756 0)
(-0.0531201 -1.25609 0)
(-0.0447998 -1.33779 0)
(-0.0370567 -1.43695 0)
(-0.0348872 -1.56878 0)
(-0.00178659 -0.924236 0)
(-0.00696723 -0.940042 0)
(-0.0123078 -0.941845 0)
(-0.0181089 -0.945033 0)
(-0.0245854 -0.94907 0)
(-0.0318037 -0.953837 0)
(-0.0397721 -0.959231 0)
(-0.0484845 -0.96519 0)
(-0.0579181 -0.971711 0)
(-0.0678967 -0.978839 0)
(-0.0779972 -0.986709 0)
(-0.0876245 -0.99561 0)
(-0.096127 -1.00615 0)
(-0.103001 -1.01946 0)
(-0.108152 -1.03706 0)
(-0.111902 -1.0607 0)
(-0.114819 -1.0924 0)
(-0.117737 -1.13439 0)
(-0.121954 -1.1885 0)
(-0.128845 -1.25515 0)
(-0.13874 -1.33393 0)
(-0.15221 -1.42875 0)
(-0.175554 -1.55308 0)
(-0.00232596 -0.919167 0)
(-0.00851054 -0.93432 0)
(-0.0147718 -0.935749 0)
(-0.0214197 -0.938379 0)
(-0.0286633 -0.94176 0)
(-0.0365677 -0.945823 0)
(-0.0451733 -0.95052 0)
(-0.0544802 -0.955835 0)
(-0.0644535 -0.961801 0)
(-0.0749892 -0.968536 0)
(-0.0858902 -0.976288 0)
(-0.096872 -0.98547 0)
(-0.107643 -0.996704 0)
(-0.118057 -1.01089 0)
(-0.128241 -1.02919 0)
(-0.138615 -1.05303 0)
(-0.149873 -1.0841 0)
(-0.163008 -1.12433 0)
(-0.179427 -1.1754 0)
(-0.20063 -1.23778 0)
(-0.2272 -1.31095 0)
(-0.260025 -1.39781 0)
(-0.30602 -1.51021 0)
(-0.00278241 -0.913152 0)
(-0.00977779 -0.927744 0)
(-0.0168147 -0.928847 0)
(-0.0241821 -0.930983 0)
(-0.0321067 -0.933764 0)
(-0.0406446 -0.937163 0)
(-0.0498675 -0.941168 0)
(-0.0598131 -0.945807 0)
(-0.0704951 -0.951149 0)
(-0.0818764 -0.957329 0)
(-0.0938889 -0.964618 0)
(-0.106471 -0.973443 0)
(-0.119607 -0.984394 0)
(-0.133404 -0.998215 0)
(-0.148162 -1.01582 0)
(-0.164429 -1.03831 0)
(-0.183032 -1.06709 0)
(-0.205118 -1.10375 0)
(-0.232225 -1.14978 0)
(-0.266047 -1.20567 0)
(-0.30755 -1.27079 0)
(-0.358067 -1.347 0)
(-0.424493 -1.44466 0)
(-0.00316458 -0.906362 0)
(-0.0107902 -0.920466 0)
(-0.0184696 -0.92127 0)
(-0.0264357 -0.922949 0)
(-0.0349464 -0.925156 0)
(-0.0440542 -0.927903 0)
(-0.0538559 -0.931195 0)
(-0.064426 -0.935081 0)
(-0.0758351 -0.939645 0)
(-0.0881306 -0.945037 0)
(-0.101349 -0.951509 0)
(-0.115568 -0.959442 0)
(-0.130954 -0.969343 0)
(-0.147796 -0.981825 0)
(-0.166543 -0.997597 0)
(-0.187858 -1.01751 0)
(-0.212676 -1.04262 0)
(-0.242272 -1.0742 0)
(-0.278314 -1.11345 0)
(-0.322719 -1.1608 0)
(-0.377007 -1.21545 0)
(-0.443316 -1.27806 0)
(-0.528824 -1.35714 0)
(-0.00347204 -0.898963 0)
(-0.0115594 -0.912626 0)
(-0.0197468 -0.913145 0)
(-0.028192 -0.914383 0)
(-0.0371796 -0.916024 0)
(-0.0467705 -0.918105 0)
(-0.0570824 -0.920641 0)
(-0.0682247 -0.923687 0)
(-0.080309 -0.927327 0)
(-0.0934534 -0.931697 0)
(-0.107791 -0.937016 0)
(-0.123505 -0.943598 0)
(-0.140871 -0.951849 0)
(-0.160289 -0.962245 0)
(-0.182321 -0.97532 0)
(-0.207714 -0.991683 0)
(-0.237482 -1.01208 0)
(-0.272982 -1.03743 0)
(-0.315947 -1.06859 0)
(-0.368442 -1.10579 0)
(-0.432442 -1.14794 0)
(-0.510638 -1.1943 0)
(-0.609988 -1.25023 0)
(-0.00370243 -0.891117 0)
(-0.012096 -0.904362 0)
(-0.0206494 -0.904605 0)
(-0.0294483 -0.905405 0)
(-0.0387878 -0.906478 0)
(-0.0487481 -0.907869 0)
(-0.0594578 -0.909597 0)
(-0.0710603 -0.911715 0)
(-0.0837025 -0.914293 0)
(-0.0975539 -0.917443 0)
(-0.112815 -0.921331 0)
(-0.129748 -0.926196 0)
(-0.148702 -0.932339 0)
(-0.17014 -0.940107 0)
(-0.194676 -0.949864 0)
(-0.223112 -0.961998 0)
(-0.256497 -0.976973 0)
(-0.296197 -0.99534 0)
(-0.34393 -1.0176 0)
(-0.401785 -1.0437 0)
(-0.471967 -1.07226 0)
(-0.55723 -1.10127 0)
(-0.663264 -1.13289 0)
(-0.00385552 -0.882978 0)
(-0.0124123 -0.895816 0)
(-0.0211809 -0.895786 0)
(-0.0301988 -0.896145 0)
(-0.0397507 -0.896645 0)
(-0.0499429 -0.897324 0)
(-0.0609086 -0.8982 0)
(-0.0728172 -0.899311 0)
(-0.0858431 -0.900709 0)
(-0.100193 -0.902472 0)
(-0.116112 -0.904715 0)
(-0.13391 -0.907598 0)
(-0.153978 -0.911319 0)
(-0.176815 -0.916093 0)
(-0.203049 -0.922132 0)
(-0.233479 -0.929628 0)
(-0.269142 -0.938786 0)
(-0.311357 -0.949833 0)
(-0.361731 -0.962911 0)
(-0.422227 -0.97768 0)
(-0.495048 -0.992513 0)
(-0.58263 -1.00451 0)
(-0.688996 -1.01324 0)
(-0.00393322 -0.874691 0)
(-0.0125197 -0.887131 0)
(-0.0213472 -0.886831 0)
(-0.0304387 -0.886746 0)
(-0.0400523 -0.88667 0)
(-0.0503194 -0.88662 0)
(-0.0613753 -0.886611 0)
(-0.0734063 -0.886661 0)
(-0.0866042 -0.886798 0)
(-0.101197 -0.887064 0)
(-0.117459 -0.887518 0)
(-0.135723 -0.888244 0)
(-0.156399 -0.889346 0)
(-0.179991 -0.890925 0)
(-0.207114 -0.89305 0)
(-0.238527 -0.895742 0)
(-0.275201 -0.898983 0)
(-0.318349 -0.902725 0)
(-0.369411 -0.90681 0)
(-0.430104 -0.910643 0)
(-0.502412 -0.912469 0)
(-0.588239 -0.908933 0)
(-0.689937 -0.89784 0)
(-0.00393588 -0.866393 0)
(-0.0124226 -0.878453 0)
(-0.0211545 -0.877889 0)
(-0.0301663 -0.877361 0)
(-0.0396848 -0.87671 0)
(-0.049857 -0.875927 0)
(-0.0608202 -0.875018 0)
(-0.072768 -0.873977 0)
(-0.085902 -0.872807 0)
(-0.100461 -0.871513 0)
(-0.116727 -0.870103 0)
(-0.135041 -0.868592 0)
(-0.155809 -0.866996 0)
(-0.179521 -0.865316 0)
(-0.206757 -0.863507 0)
(-0.238212 -0.861441 0)
(-0.274747 -0.858916 0)
(-0.317432 -0.855667 0)
(-0.3675 -0.851309 0)
(-0.426364 -0.845071 0)
(-0.495666 -0.835188 0)
(-0.57673 -0.818241 0)
(-0.670519 -0.791074 0)
(-0.00385579 -0.858215 0)
(-0.0121107 -0.869921 0)
(-0.0206011 -0.869103 0)
(-0.029377 -0.868139 0)
(-0.0386446 -0.866923 0)
(-0.0485493 -0.865418 0)
(-0.0592319 -0.863615 0)
(-0.0708834 -0.861485 0)
(-0.0837077 -0.859004 0)
(-0.0979433 -0.85614 0)
(-0.113871 -0.852855 0)
(-0.131822 -0.849104 0)
(-0.152185 -0.844829 0)
(-0.175418 -0.839943 0)
(-0.202054 -0.83431 0)
(-0.232706 -0.827696 0)
(-0.268109 -0.819755 0)
(-0.309157 -0.810052 0)
(-0.356865 -0.798044 0)
(-0.412344 -0.782879 0)
(-0.47684 -0.762879 0)
(-0.551151 -0.734831 0)
(-0.635275 -0.695245 0)
(-0.00367133 -0.850308 0)
(-0.0115512 -0.861678 0)
(-0.0196703 -0.860619 0)
(-0.0280545 -0.859232 0)
(-0.0369218 -0.857472 0)
(-0.0463917 -0.85527 0)
(-0.056611 -0.8526 0)
(-0.0677589 -0.849411 0)
(-0.0800338 -0.84565 0)
(-0.0936659 -0.841252 0)
(-0.108925 -0.836139 0)
(-0.126122 -0.830216 0)
(-0.145618 -0.823361 0)
(-0.167828 -0.815421 0)
(-0.193224 -0.806184 0)
(-0.222339 -0.795346 0)
(-0.255777 -0.782467 0)
(-0.29425 -0.766989 0)
(-0.338556 -0.748264 0)
(-0.389533 -0.725431 0)
(-0.448059 -0.696974 0)
(-0.514511 -0.660047 0)
(-0.588287 -0.61123 0)
(-0.00334945 -0.842943 0)
(-0.0106928 -0.853938 0)
(-0.0183298 -0.852651 0)
(-0.0261661 -0.850865 0)
(-0.0344878 -0.848586 0)
(-0.043363 -0.845722 0)
(-0.0529474 -0.842229 0)
(-0.0634002 -0.838034 0)
(-0.0749073 -0.833056 0)
(-0.0876812 -0.8272 0)
(-0.10197 -0.820353 0)
(-0.11806 -0.812376 0)
(-0.136276 -0.803101 0)
(-0.156985 -0.792321 0)
(-0.180594 -0.779769 0)
(-0.207555 -0.765097 0)
(-0.238357 -0.74782 0)
(-0.273538 -0.727311 0)
(-0.313692 -0.70285 0)
(-0.359428 -0.67361 0)
(-0.411322 -0.638291 0)
(-0.469436 -0.594485 0)
(-0.532881 -0.539049 0)
(-0.00286633 -0.836427 0)
(-0.00949415 -0.846898 0)
(-0.0165516 -0.845396 0)
(-0.0236842 -0.843245 0)
(-0.0313106 -0.840483 0)
(-0.0394319 -0.837004 0)
(-0.048215 -0.832748 0)
(-0.0577954 -0.827623 0)
(-0.0683402 -0.821526 0)
(-0.0800359 -0.814333 0)
(-0.0930994 -0.805896 0)
(-0.107782 -0.796042 0)
(-0.124367 -0.784564 0)
(-0.143173 -0.771214 0)
(-0.164543 -0.755687 0)
(-0.188851 -0.737607 0)
(-0.216487 -0.716482 0)
(-0.247849 -0.691667 0)
(-0.283346 -0.662411 0)
(-0.3234 -0.627922 0)
(-0.368374 -0.587138 0)
(-0.418136 -0.538119 0)
(-0.471679 -0.478098 0)
(-0.00224166 -0.830581 0)
(-0.00798131 -0.840247 0)
(-0.0143683 -0.838551 0)
(-0.0206568 -0.836094 0)
(-0.0274358 -0.832901 0)
(-0.0346415 -0.828875 0)
(-0.0424524 -0.823937 0)
(-0.0509838 -0.817987 0)
(-0.0603812 -0.810903 0)
(-0.0708019 -0.80254 0)
(-0.0824249 -0.792724 0)
(-0.0954564 -0.78125 0)
(-0.110132 -0.767876 0)
(-0.126713 -0.752321 0)
(-0.145482 -0.73425 0)
(-0.166741 -0.713267 0)
(-0.190801 -0.688889 0)
(-0.21796 -0.660498 0)
(-0.248484 -0.627342 0)
(-0.282636 -0.588655 0)
(-0.320634 -0.543597 0)
(-0.362266 -0.490689 0)
(-0.406524 -0.427562 0)
(-0.00155469 -0.825063 0)
(-0.00628383 -0.833553 0)
(-0.0119113 -0.831691 0)
(-0.0172532 -0.828993 0)
(-0.0230502 -0.825419 0)
(-0.0291953 -0.820907 0)
(-0.0358675 -0.815359 0)
(-0.0431718 -0.808673 0)
(-0.0512344 -0.800719 0)
(-0.060187 -0.791342 0)
(-0.0701734 -0.780351 0)
(-0.0813536 -0.767521 0)
(-0.0939066 -0.752586 0)
(-0.10803 -0.735239 0)
(-0.123938 -0.71512 0)
(-0.14186 -0.691818 0)
(-0.162035 -0.664854 0)
(-0.184695 -0.633654 0)
(-0.210026 -0.597502 0)
(-0.238184 -0.555642 0)
(-0.269286 -0.507388 0)
(-0.303106 -0.451687 0)
(-0.33876 -0.386565 0)
(-0.000906497 -0.821867 0)
(-0.00456451 -0.828774 0)
(-0.00931821 -0.826779 0)
(-0.0136409 -0.82389 0)
(-0.0183408 -0.819986 0)
(-0.0233112 -0.815029 0)
(-0.0287057 -0.808918 0)
(-0.0346219 -0.801545 0)
(-0.0411692 -0.792779 0)
(-0.0484602 -0.782457 0)
(-0.0566127 -0.770384 0)
(-0.065751 -0.756325 0)
(-0.0760071 -0.740007 0)
(-0.0875184 -0.72111 0)
(-0.100426 -0.699262 0)
(-0.114877 -0.674041 0)
(-0.131027 -0.644969 0)
(-0.149038 -0.611505 0)
(-0.169054 -0.573006 0)
(-0.191188 -0.528753 0)
(-0.215499 -0.478159 0)
(-0.241792 -0.420524 0)
(-0.269335 -0.354241 0)
(-0.000363539 -0.824607 0)
(-0.00291439 -0.82959 0)
(-0.00661205 -0.827562 0)
(-0.00983862 -0.824577 0)
(-0.0133245 -0.820463 0)
(-0.0170017 -0.815187 0)
(-0.0209839 -0.808647 0)
(-0.0253549 -0.800733 0)
(-0.030203 -0.791306 0)
(-0.0356204 -0.780198 0)
(-0.041704 -0.767204 0)
(-0.0485558 -0.752088 0)
(-0.0562797 -0.734567 0)
(-0.0649769 -0.714314 0)
(-0.0747389 -0.690951 0)
(-0.085645 -0.664041 0)
(-0.0977709 -0.633095 0)
(-0.111195 -0.597571 0)
(-0.125997 -0.556864 0)
(-0.142278 -0.510329 0)
(-0.160061 -0.45749 0)
(-0.179194 -0.398008 0)
(-0.199127 -0.330648 0)
(3.17527e-05 -0.827732 0)
(-0.0014275 -0.830778 0)
(-0.00386309 -0.828872 0)
(-0.00587404 -0.825918 0)
(-0.0080126 -0.821762 0)
(-0.0102602 -0.816366 0)
(-0.0126872 -0.809642 0)
(-0.015351 -0.80148 0)
(-0.0183096 -0.791738 0)
(-0.0216243 -0.780241 0)
(-0.0253618 -0.766782 0)
(-0.0295956 -0.751114 0)
(-0.0344033 -0.732949 0)
(-0.0398625 -0.711952 0)
(-0.0460436 -0.687735 0)
(-0.0530042 -0.659857 0)
(-0.0607897 -0.627816 0)
(-0.0694338 -0.591046 0)
(-0.0789621 -0.548916 0)
(-0.0894596 -0.500777 0)
(-0.100929 -0.446149 0)
(-0.113332 -0.384898 0)
(-0.126427 -0.316196 0)
(0.000151699 -0.816433 0)
(-0.000324025 -0.818189 0)
(-0.00128926 -0.816367 0)
(-0.00199496 -0.813368 0)
(-0.00272267 -0.809096 0)
(-0.00347844 -0.803527 0)
(-0.00428638 -0.796586 0)
(-0.00516458 -0.788169 0)
(-0.00613144 -0.778136 0)
(-0.00720785 -0.766313 0)
(-0.0084182 -0.752491 0)
(-0.00979086 -0.736429 0)
(-0.011357 -0.717849 0)
(-0.0131487 -0.696437 0)
(-0.0151971 -0.671837 0)
(-0.0175315 -0.64364 0)
(-0.0201806 -0.611377 0)
(-0.0231709 -0.574512 0)
(-0.0265196 -0.53244 0)
(-0.0302702 -0.484542 0)
(-0.0344241 -0.430293 0)
(-0.0390409 -0.369512 0)
(-0.0443619 -0.301622 0)
(0.899525 0.960743 0)
(0.523291 0.592529 0)
(0.0133845 0.146527 0)
(-0.0923363 -0.380147 0)
(1.42 1.02766 0)
(1.39559 1.01255 0)
(1.2516 0.887995 0)
(1.08829 0.732876 0)
(1.51686 0.778177 0)
(1.6114 0.854464 0)
(1.66913 0.900734 0)
(1.67971 0.93326 0)
(1.54506 0.617527 0)
(1.61215 0.67121 0)
(1.68545 0.725302 0)
(1.76213 0.792789 0)
(1.52599 0.53521 0)
(1.56838 0.56962 0)
(1.61911 0.605603 0)
(1.67592 0.648921 0)
(1.52758 0.487294 0)
(1.53313 0.498024 0)
(1.55432 0.516786 0)
(1.58064 0.538726 0)
(1.92041 0.578942 0)
(1.8185 0.528621 0)
(1.74035 0.495971 0)
(1.68313 0.487226 0)
(2.12201 0.802765 0)
(2.07305 0.805521 0)
(2.0086 0.763649 0)
(1.94493 0.712007 0)
(1.70254 0.727329 0)
(1.79946 0.790841 0)
(1.88352 0.812582 0)
(1.94487 0.807269 0)
(1.23377 0.398401 0)
(1.38202 0.445242 0)
(1.53773 0.482606 0)
(1.6819 0.508417 0)
(1.08405 0.116234 0)
(1.20772 0.129875 0)
(1.34289 0.152596 0)
(1.46921 0.156357 0)
(1.14226 -0.108874 0)
(1.25582 -0.103012 0)
(1.37519 -0.0797138 0)
(1.49634 -0.0696027 0)
(1.18509 -0.366144 0)
(1.2999 -0.367267 0)
(1.42342 -0.351813 0)
(1.55777 -0.340933 0)
(1.15455 -0.61009 0)
(1.263 -0.625408 0)
(1.3873 -0.632237 0)
(1.52197 -0.640056 0)
(1.07441 -0.829249 0)
(1.17514 -0.864264 0)
(1.29361 -0.899574 0)
(1.41595 -0.90307 0)
(0.986175 -1.0336 0)
(1.08156 -1.09123 0)
(1.18932 -1.1405 0)
(1.29977 -1.13001 0)
(0.884533 -1.22822 0)
(0.971043 -1.31116 0)
(1.07839 -1.37465 0)
(1.1798 -1.38914 0)
(0.748325 -1.39939 0)
(0.819752 -1.50771 0)
(0.918054 -1.59876 0)
(0.989809 -1.64227 0)
(0.588048 -1.52625 0)
(0.637037 -1.64816 0)
(0.695415 -1.75877 0)
(0.73234 -1.81501 0)
(0.428418 -1.60898 0)
(0.457676 -1.73141 0)
(0.485437 -1.84663 0)
(0.507166 -1.90344 0)
(0.274607 -1.66207 0)
(0.294233 -1.78269 0)
(0.315454 -1.90525 0)
(0.344055 -1.98251 0)
(0.119587 -1.69357 0)
(0.128579 -1.81388 0)
(0.137571 -1.94703 0)
(0.141481 -2.05488 0)
(-0.0412615 -1.70063 0)
(-0.0455868 -1.81747 0)
(-0.0532653 -1.953 0)
(-0.0735476 -2.0766 0)
(-0.203517 -1.67634 0)
(-0.224155 -1.7846 0)
(-0.249781 -1.91374 0)
(-0.28808 -2.04396 0)
(-0.352029 -1.62136 0)
(-0.386123 -1.71702 0)
(-0.425328 -1.83205 0)
(-0.474044 -1.96107 0)
(-0.487048 -1.54273 0)
(-0.533602 -1.62558 0)
(-0.584222 -1.72251 0)
(-0.638786 -1.83707 0)
(-0.608585 -1.43847 0)
(-0.669468 -1.50788 0)
(-0.736084 -1.58703 0)
(-0.804939 -1.67925 0)
(-0.701867 -1.3082 0)
(-0.772931 -1.35876 0)
(-0.851936 -1.41487 0)
(-0.93569 -1.47582 0)
(-0.759303 -1.16572 0)
(-0.832637 -1.19632 0)
(-0.913951 -1.22939 0)
(-1.00218 -1.25954 0)
(-0.783023 -1.02279 0)
(-0.853286 -1.03537 0)
(-0.930908 -1.04894 0)
(-1.01624 -1.05651 0)
(-0.777511 -0.887879 0)
(-0.841411 -0.885477 0)
(-0.911583 -0.883015 0)
(-0.989132 -0.873958 0)
(-0.74928 -0.766014 0)
(-0.805549 -0.752172 0)
(-0.866766 -0.737635 0)
(-0.933991 -0.71726 0)
(-0.704275 -0.659076 0)
(-0.752644 -0.636942 0)
(-0.804767 -0.613668 0)
(-0.861392 -0.585734 0)
(-0.647545 -0.567239 0)
(-0.688373 -0.539389 0)
(-0.7319 -0.510099 0)
(-0.778666 -0.477242 0)
(-0.582959 -0.489806 0)
(-0.616854 -0.458226 0)
(-0.652591 -0.425042 0)
(-0.690696 -0.389185 0)
(-0.51333 -0.42545 0)
(-0.541089 -0.39153 0)
(-0.570067 -0.35596 0)
(-0.600717 -0.318432 0)
(-0.440544 -0.372808 0)
(-0.462927 -0.33747 0)
(-0.486087 -0.300436 0)
(-0.510417 -0.261927 0)
(-0.365929 -0.330657 0)
(-0.383597 -0.294471 0)
(-0.401697 -0.256554 0)
(-0.420607 -0.217418 0)
(-0.290129 -0.297876 0)
(-0.303556 -0.261224 0)
(-0.317239 -0.222808 0)
(-0.331546 -0.183258 0)
(-0.214038 -0.273962 0)
(-0.223592 -0.236932 0)
(-0.233269 -0.198127 0)
(-0.243392 -0.158149 0)
(-0.136224 -0.259082 0)
(-0.142365 -0.221323 0)
(-0.148622 -0.181745 0)
(-0.155284 -0.14071 0)
(-0.0486677 -0.246274 0)
(-0.0513126 -0.208821 0)
(-0.0540781 -0.16963 0)
(-0.0570818 -0.128625 0)
(0.113857 -0.508598 0)
(-0.553319 -0.058082 0)
(0.0123479 -0.0270941 0)
(0.0714135 -0.0943829 0)
(0.180728 -0.0166156 0)
(0.173553 -0.00794111 0)
(0.172235 -0.0151426 0)
(0.180484 -0.0187827 0)
(0.191309 -0.0149852 0)
(0.200149 -0.00423777 0)
(0.203882 0.0118112 0)
(0.200926 0.0308605 0)
(0.190765 0.050864 0)
(0.173635 0.0701347 0)
(0.150334 0.0873726 0)
(0.12202 0.101775 0)
(0.0898018 0.112859 0)
(0.0548703 0.120414 0)
(0.0182955 0.123155 0)
(0.633002 0.285861 0)
(-0.424543 -0.300294 0)
(-0.0505042 -0.522935 0)
(-0.0918067 -0.338302 0)
(0.176236 -0.0294669 0)
(0.151239 0.00227947 0)
(0.159475 -0.0191639 0)
(0.177339 -0.0313197 0)
(0.196853 -0.0281904 0)
(0.213048 -0.0132068 0)
(0.221804 0.0095731 0)
(0.221219 0.0361185 0)
(0.211164 0.0634787 0)
(0.19252 0.0892661 0)
(0.166623 0.111973 0)
(0.135055 0.130646 0)
(0.0992941 0.144864 0)
(0.0606249 0.154471 0)
(0.0201973 0.157943 0)
(1.51808 0.828373 0)
(1.05459 0.51137 0)
(0.482565 0.120336 0)
(-0.287674 -0.921536 0)
(0.16137 -0.0534003 0)
(0.0963383 9.33008e-05 0)
(0.113749 -0.043189 0)
(0.164505 -0.0559472 0)
(0.204229 -0.0513129 0)
(0.231704 -0.0294068 0)
(0.246879 0.00343148 0)
(0.248823 0.0404237 0)
(0.238287 0.0772295 0)
(0.217134 0.110908 0)
(0.1875 0.139827 0)
(0.151547 0.163209 0)
(0.111146 0.18076 0)
(0.0677396 0.192456 0)
(0.0225602 0.196679 0)
(1.8427 0.87548 0)
(1.78685 0.858041 0)
(1.4385 0.679424 0)
(0.927443 0.318518 0)
(-0.517792 -0.41529 0)
(0.0245631 -0.0836466 0)
(0.0269436 -0.143783 0)
(0.130888 -0.120162 0)
(0.210312 -0.0917245 0)
(0.259223 -0.0548366 0)
(0.282725 -0.00702185 0)
(0.286569 0.0442665 0)
(0.274013 0.0930901 0)
(0.248529 0.13619 0)
(0.213501 0.172096 0)
(0.171747 0.200469 0)
(0.125469 0.221411 0)
(0.0762645 0.235202 0)
(0.0253846 0.240169 0)
(1.79995 0.744186 0)
(1.94571 0.861865 0)
(1.92058 0.897689 0)
(1.66628 0.786502 0)
(1.20684 0.493871 0)
(0.305531 -0.0148413 0)
(0.132691 -0.160468 0)
(0.147864 -0.224584 0)
(0.219532 -0.169621 0)
(0.29606 -0.0957593 0)
(0.333627 -0.0214647 0)
(0.337688 0.0494746 0)
(0.320146 0.113172 0)
(0.287696 0.166999 0)
(0.245022 0.21035 0)
(0.195695 0.243709 0)
(0.142188 0.267862 0)
(0.0861292 0.283567 0)
(0.0286536 0.289142 0)
(1.66159 0.598852 0)
(1.85337 0.753687 0)
(2.00868 0.899518 0)
(1.99235 0.958931 0)
(1.77417 0.854898 0)
(1.38938 0.596986 0)
(0.734199 0.184709 0)
(0.360734 -0.164498 0)
(0.297303 -0.25218 0)
(0.349317 -0.162686 0)
(0.401834 -0.0421481 0)
(0.406147 0.059389 0)
(0.378758 0.140921 0)
(0.335142 0.206012 0)
(0.282002 0.25658 0)
(0.223139 0.294401 0)
(0.161024 0.321226 0)
(0.0971064 0.338442 0)
(0.0322619 0.344378 0)
(1.60698 0.473802 0)
(1.69942 0.562517 0)
(1.93568 0.793296 0)
(2.06626 0.978609 0)
(2.00593 1.02506 0)
(1.78921 0.896709 0)
(1.46161 0.647571 0)
(0.968951 0.273268 0)
(0.584076 -0.131219 0)
(0.472098 -0.203398 0)
(0.493549 -0.0680484 0)
(0.493273 0.0763749 0)
(0.450793 0.181093 0)
(0.39071 0.256774 0)
(0.323749 0.313034 0)
(0.253321 0.353984 0)
(0.181364 0.382439 0)
(0.108819 0.400494 0)
(0.0360909 0.406457 0)
(1.81442 0.583647 0)
(1.65357 0.43684 0)
(1.80641 0.565329 0)
(2.04369 0.913371 0)
(2.08205 1.09196 0)
(1.95922 1.07881 0)
(1.75415 0.923375 0)
(1.3922 0.604851 0)
(1.03261 0.219882 0)
(0.732572 -0.0983489 0)
(0.63059 -0.0600825 0)
(0.598389 0.107338 0)
(0.534431 0.238007 0)
(0.452483 0.323129 0)
(0.368419 0.382055 0)
(0.284785 0.423766 0)
(0.202215 0.452231 0)
(0.120716 0.470102 0)
(0.0399613 0.475592 0)
(2.00883 0.768773 0)
(1.84244 0.5733 0)
(1.686 0.380324 0)
(1.98619 0.760754 0)
(2.094 1.10312 0)
(2.02074 1.19482 0)
(1.87786 1.10713 0)
(1.66016 0.905454 0)
(1.32856 0.530049 0)
(1.05629 0.14616 0)
(0.841583 0.0454735 0)
(0.726409 0.180138 0)
(0.624533 0.319395 0)
(0.51638 0.408333 0)
(0.412947 0.465429 0)
(0.315382 0.504547 0)
(0.222153 0.53086 0)
(0.131964 0.547225 0)
(0.0436012 0.551612 0)
(1.93894 0.642925 0)
(2.0652 0.751703 0)
(1.7675 0.455085 0)
(1.93248 0.485617 0)
(2.07693 1.09541 0)
(2.02315 1.28727 0)
(1.89683 1.24115 0)
(1.74427 1.08448 0)
(1.49198 0.749399 0)
(1.27199 0.379311 0)
(1.04777 0.219872 0)
(0.857106 0.308396 0)
(0.709073 0.433371 0)
(0.574765 0.514432 0)
(0.452854 0.563494 0)
(0.342299 0.596076 0)
(0.239448 0.617787 0)
(0.141622 0.631245 0)
(0.0467128 0.633872 0)
(1.72075 0.318562 0)
(2.0348 0.692461 0)
(1.96098 0.649583 0)
(1.94395 0.306759 0)
(2.04567 1.07998 0)
(1.99002 1.38041 0)
(1.86818 1.36675 0)
(1.74041 1.23108 0)
(1.53053 0.911256 0)
(1.36091 0.566295 0)
(1.18346 0.40854 0)
(0.960705 0.474857 0)
(0.774953 0.577585 0)
(0.619532 0.639858 0)
(0.483207 0.674448 0)
(0.362558 0.696791 0)
(0.25236 0.711644 0)
(0.148785 0.720916 0)
(0.0490101 0.721186 0)
(1.66679 0.0626537 0)
(1.95592 0.500937 0)
(2.0857 0.675986 0)
(2.05555 0.357177 0)
(2.02036 1.06057 0)
(1.92511 1.4767 0)
(1.81416 1.48677 0)
(1.70367 1.36235 0)
(1.52253 1.05947 0)
(1.39727 0.714588 0)
(1.26185 0.591816 0)
(1.02127 0.662931 0)
(0.812461 0.743229 0)
(0.644673 0.779077 0)
(0.500094 0.79438 0)
(0.373758 0.803869 0)
(0.259454 0.810254 0)
(0.152693 0.814397 0)
(0.0502517 0.81186 0)
(1.74944 -0.172254 0)
(2.01731 0.264399 0)
(2.23642 0.555762 0)
(2.2143 0.503141 0)
(2.00258 1.12788 0)
(1.83445 1.58857 0)
(1.73071 1.59606 0)
(1.63638 1.46687 0)
(1.48562 1.14825 0)
(1.42639 0.831093 0)
(1.29761 0.770821 0)
(1.03305 0.864819 0)
(0.816589 0.919952 0)
(0.646871 0.924214 0)
(0.501354 0.918001 0)
(0.374515 0.913557 0)
(0.259871 0.910783 0)
(0.152879 0.909378 0)
(0.050291 0.903823 0)
(1.71554 -0.430739 0)
(1.99065 0.0260589 0)
(2.28543 0.389276 0)
(2.28228 0.670207 0)
(1.92319 1.34931 0)
(1.72306 1.72544 0)
(1.62258 1.70025 0)
(1.53929 1.5498 0)
(1.42143 1.18067 0)
(1.43048 0.922768 0)
(1.26358 0.962801 0)
(0.987273 1.07526 0)
(0.785401 1.09486 0)
(0.625386 1.06606 0)
(0.486697 1.03942 0)
(0.36464 1.0217 0)
(0.253485 1.01011 0)
(0.149275 1.00334 0)
(0.0491089 0.994832 0)
(1.57732 -0.616411 0)
(1.7986 -0.222669 0)
(2.12209 0.247911 0)
(2.13081 0.899459 0)
(1.7721 1.63032 0)
(1.60249 1.86613 0)
(1.50092 1.80144 0)
(1.42762 1.6212 0)
(1.34704 1.17175 0)
(1.39196 1.02829 0)
(1.15066 1.17482 0)
(0.895079 1.27773 0)
(0.725154 1.25305 0)
(0.583592 1.19606 0)
(0.458079 1.15316 0)
(0.345238 1.12435 0)
(0.240939 1.10525 0)
(0.142216 1.09384 0)
(0.0468147 1.08271 0)
(1.45827 -0.737556 0)
(1.6419 -0.424918 0)
(1.89474 0.0172009 0)
(1.85973 0.963399 0)
(1.61842 1.8361 0)
(1.48285 1.9915 0)
(1.38732 1.88797 0)
(1.33338 1.66738 0)
(1.33283 1.14581 0)
(1.28861 1.18113 0)
(0.976629 1.39807 0)
(0.778197 1.45193 0)
(0.6457 1.38425 0)
(0.527371 1.30878 0)
(0.418985 1.25512 0)
(0.318417 1.21837 0)
(0.223488 1.19371 0)
(0.132371 1.17881 0)
(0.0436209 1.16556 0)
(1.35799 -0.959613 0)
(1.81793 -0.571142 0)
(1.93093 0.017112 0)
(1.62534 1.20312 0)
(1.48184 1.97702 0)
(1.37283 2.09294 0)
(1.29543 1.9474 0)
(1.27888 1.63333 0)
(1.34491 1.19866 0)
(1.05812 1.42285 0)
(0.7785 1.60336 0)
(0.653497 1.58157 0)
(0.555957 1.48525 0)
(0.463046 1.40185 0)
(0.37345 1.34284 0)
(0.286795 1.30168 0)
(0.202743 1.27375 0)
(0.120607 1.25669 0)
(0.0398045 1.24194 0)
(1.23817 -1.35292 0)
(1.84946 -1.00142 0)
(1.73671 -0.268126 0)
(1.44834 1.47848 0)
(1.35596 2.07728 0)
(1.26131 2.15032 0)
(1.19414 1.96245 0)
(1.2133 1.52515 0)
(1.12326 1.43636 0)
(0.725812 1.68234 0)
(0.590111 1.74186 0)
(0.528329 1.66113 0)
(0.464126 1.55741 0)
(0.396486 1.47474 0)
(0.325541 1.4154 0)
(0.253127 1.37334 0)
(0.180424 1.34442 0)
(0.107865 1.32656 0)
(0.0356611 1.3109 0)
(0.994454 -1.58493 0)
(1.31703 -1.21923 0)
(1.16351 0.371055 0)
(1.28922 1.60662 0)
(1.22853 2.1596 0)
(1.08523 2.18253 0)
(0.974027 1.91296 0)
(0.993567 1.6448 0)
(0.650797 1.75702 0)
(0.413299 1.84496 0)
(0.418938 1.79072 0)
(0.409795 1.69629 0)
(0.378033 1.60328 0)
(0.333094 1.52833 0)
(0.279161 1.47335 0)
(0.219996 1.43357 0)
(0.158139 1.40565 0)
(0.0950123 1.38816 0)
(0.0314589 1.37211 0)
(0.633948 -1.66714 0)
(0.222108 -1.17533 0)
(0.715415 -0.0038328 0)
(1.15187 1.60744 0)
(1.13194 2.3227 0)
(0.901381 2.27915 0)
(0.709506 1.88951 0)
(0.650547 1.88946 0)
(0.186111 2.01135 0)
(0.171989 1.85912 0)
(0.267206 1.76161 0)
(0.308483 1.69504 0)
(0.304893 1.62607 0)
(0.277948 1.56529 0)
(0.237691 1.51867 0)
(0.189518 1.48358 0)
(0.137163 1.45812 0)
(0.0827162 1.44179 0)
(0.0274018 1.4257 0)
(0.381308 -1.82978 0)
(0.824236 -1.2378 0)
(0.911137 -0.929275 0)
(1.02133 1.53935 0)
(1.10535 2.46313 0)
(0.919267 2.53831 0)
(0.541376 2.02436 0)
(0.214398 2.17532 0)
(-0.0538957 2.15185 0)
(0.00201241 1.76011 0)
(0.151814 1.67313 0)
(0.236133 1.66344 0)
(0.251916 1.63155 0)
(0.235329 1.59045 0)
(0.203504 1.55462 0)
(0.163038 1.52543 0)
(0.118239 1.50304 0)
(0.0713463 1.48815 0)
(0.0236046 1.47213 0)
(0.150274 -1.98212 0)
(0.455085 -1.36154 0)
(0.279538 -0.533331 0)
(0.752805 1.39389 0)
(1.06435 2.45496 0)
(1.01959 2.77809 0)
(0.724867 2.52552 0)
(0.0829562 2.40054 0)
(-0.0140938 2.22224 0)
(-0.00332131 1.64197 0)
(0.11053 1.55003 0)
(0.206662 1.61496 0)
(0.225147 1.63025 0)
(0.207458 1.61094 0)
(0.177296 1.58563 0)
(0.140744 1.56168 0)
(0.101393 1.54184 0)
(0.0608853 1.52804 0)
(0.0200575 1.51194 0)
(-0.0831584 -2.06042 0)
(0.071751 -1.59517 0)
(0.008295 -0.745392 0)
(0.550956 0.871261 0)
(0.986118 2.30282 0)
(1.07711 2.86079 0)
(0.941797 2.88462 0)
(0.50898 2.72098 0)
(0.2868 2.40076 0)
(0.244299 1.63533 0)
(0.205725 1.46161 0)
(0.234369 1.58407 0)
(0.225333 1.63955 0)
(0.1925 1.63595 0)
(0.157161 1.61662 0)
(0.121265 1.59492 0)
(0.0857868 1.57587 0)
(0.050879 1.56222 0)
(0.016612 1.54552 0)
(-0.327431 -2.09271 0)
(-0.222938 -1.76673 0)
(0.218134 -0.758763 0)
(0.332402 -0.00516959 0)
(0.827973 2.02971 0)
(1.06406 2.82922 0)
(1.05756 3.00275 0)
(0.929888 2.96373 0)
(0.721441 2.647 0)
(0.674553 1.78883 0)
(0.441115 1.51756 0)
(0.308567 1.62899 0)
(0.239141 1.68115 0)
(0.181541 1.67395 0)
(0.137734 1.65109 0)
(0.101556 1.62659 0)
(0.0697877 1.60571 0)
(0.0404976 1.59101 0)
(0.0129864 1.57282 0)
(-0.551044 -2.07821 0)
(-0.52345 -1.95198 0)
(-0.134107 -1.15785 0)
(-0.100857 0.294698 0)
(0.562434 1.66313 0)
(0.965466 2.69134 0)
(1.04643 2.98762 0)
(1.05434 2.98192 0)
(1.02902 2.66385 0)
(1.00218 1.94589 0)
(0.603692 1.74015 0)
(0.351135 1.77258 0)
(0.23196 1.76126 0)
(0.157984 1.7255 0)
(0.111012 1.68819 0)
(0.077703 1.65583 0)
(0.0516406 1.63066 0)
(0.0286732 1.61408 0)
(0.00854914 1.59333 0)
(-0.745687 -1.99085 0)
(-0.819873 -2.02839 0)
(-0.633561 -1.51524 0)
(-0.27604 -0.411389 0)
(0.128458 1.00037 0)
(0.762018 2.48248 0)
(0.920704 2.91014 0)
(0.931342 2.90513 0)
(1.03475 2.56536 0)
(0.87272 2.1525 0)
(0.491527 2.04221 0)
(0.279909 1.94752 0)
(0.170825 1.85195 0)
(0.107854 1.77781 0)
(0.0708246 1.72135 0)
(0.046926 1.67911 0)
(0.0304764 1.6487 0)
(0.0145332 1.63085 0)
(0.00241775 1.60578 0)
(-0.952738 -1.8228 0)
(-1.16824 -1.94948 0)
(-1.26531 -1.64606 0)
(-1.13026 -0.615835 0)
(-0.548779 1.01468 0)
(0.178733 2.11552 0)
(0.533568 2.76034 0)
(0.597107 2.84706 0)
(0.606261 2.62616 0)
(0.366954 2.45072 0)
(0.1935 2.26812 0)
(0.109775 2.06237 0)
(0.060309 1.91317 0)
(0.0326326 1.8121 0)
(0.0177227 1.74138 0)
(0.00952667 1.69168 0)
(0.00624307 1.65756 0)
(-0.00131966 1.64231 0)
(-0.00459295 1.60669 0)
(-1.11728 -1.57453 0)
(-1.45561 -1.71421 0)
(-1.84516 -1.61164 0)
(-2.01529 -0.873774 0)
(-1.62313 0.434261 0)
(-1.04992 1.66512 0)
(-0.342949 2.53853 0)
(-0.253155 2.75643 0)
(-0.145253 2.69849 0)
(-0.228294 2.5809 0)
(-0.131547 2.31385 0)
(-0.0919117 2.08157 0)
(-0.0696222 1.92366 0)
(-0.0543063 1.81629 0)
(-0.0418979 1.74178 0)
(-0.0311832 1.68998 0)
(-0.0201969 1.65549 0)
(-0.0173679 1.64633 0)
(-0.0106686 1.59656 0)
(-1.18435 -1.29461 0)
(-1.53377 -1.34976 0)
(-2.0146 -1.31461 0)
(-2.44734 -0.965204 0)
(-2.50289 -0.102698 0)
(-2.12746 1.10363 0)
(-1.46414 2.10965 0)
(-1.18445 2.51531 0)
(-0.927808 2.57195 0)
(-0.647706 2.43915 0)
(-0.401964 2.20403 0)
(-0.272349 2.01777 0)
(-0.191316 1.88447 0)
(-0.138172 1.78928 0)
(-0.100157 1.72132 0)
(-0.0711255 1.67321 0)
(-0.0464829 1.64192 0)
(-0.0321264 1.64068 0)
(-0.0152778 1.57725 0)
(-1.18117 -1.04697 0)
(-1.47696 -1.01517 0)
(-1.86609 -0.896922 0)
(-2.28243 -0.603309 0)
(-2.5516 -0.0506904 0)
(-2.47154 0.752204 0)
(-2.07434 1.58727 0)
(-1.64045 2.08541 0)
(-1.21727 2.19928 0)
(-0.838699 2.14371 0)
(-0.569312 2.01646 0)
(-0.400151 1.90247 0)
(-0.286427 1.80935 0)
(-0.207771 1.73718 0)
(-0.150385 1.6828 0)
(-0.10639 1.6429 0)
(-0.070165 1.61776 0)
(-0.044719 1.62466 0)
(-0.018521 1.55035 0)
(-1.13195 -0.835432 0)
(-1.3721 -0.752746 0)
(-1.65657 -0.592754 0)
(-1.9471 -0.305969 0)
(-2.16097 0.132375 0)
(-2.18137 0.694085 0)
(-1.96083 1.26671 0)
(-1.59339 1.666 0)
(-1.21138 1.82682 0)
(-0.88768 1.85577 0)
(-0.646181 1.8206 0)
(-0.474019 1.76868 0)
(-0.349481 1.71568 0)
(-0.258011 1.66923 0)
(-0.188741 1.63134 0)
(-0.134346 1.60208 0)
(-0.0894252 1.58471 0)
(-0.054584 1.59914 0)
(-0.0206129 1.51766 0)
(-1.05333 -0.660903 0)
(-1.24325 -0.550126 0)
(-1.44919 -0.376436 0)
(-1.64177 -0.1156 0)
(-1.77167 0.238935 0)
(-1.78295 0.660912 0)
(-1.64571 1.07114 0)
(-1.39457 1.37704 0)
(-1.11638 1.5477 0)
(-0.867321 1.62493 0)
(-0.664224 1.6449 0)
(-0.505814 1.63688 0)
(-0.383476 1.61685 0)
(-0.288722 1.59389 0)
(-0.214114 1.57234 0)
(-0.153847 1.55428 0)
(-0.103309 1.54506 0)
(-0.0614187 1.56591 0)
(-0.021701 1.48103 0)
(-0.95891 -0.519624 0)
(-1.10686 -0.396257 0)
(-1.25629 -0.224438 0)
(-1.38581 0.00676157 0)
(-1.46457 0.29535 0)
(-1.46226 0.618887 0)
(-1.36725 0.930245 0)
(-1.19904 1.17833 0)
(-1.0023 1.34457 0)
(-0.812738 1.44343 0)
(-0.646195 1.4944 0)
(-0.507282 1.51598 0)
(-0.393989 1.52089 0)
(-0.302155 1.5174 0)
(-0.227178 1.51038 0)
(-0.164899 1.50283 0)
(-0.11163 1.50122 0)
(-0.0652068 1.52713 0)
(-0.0219013 1.44223 0)
(-0.857146 -0.406517 0)
(-0.97157 -0.279563 0)
(-1.08083 -0.116094 0)
(-1.16973 0.0874389 0)
(-1.21944 0.326674 0)
(-1.21278 0.584076 0)
(-1.14469 0.830937 0)
(-1.02754 1.03861 0)
(-0.885522 1.19372 0)
(-0.740594 1.3003 0)
(-0.605943 1.36836 0)
(-0.487579 1.40923 0)
(-0.386537 1.43214 0)
(-0.30135 1.44386 0)
(-0.229489 1.44894 0)
(-0.168221 1.45053 0)
(-0.114719 1.45549 0)
(-0.0661645 1.48501 0)
(-0.0213387 1.40291 0)
(-0.753315 -0.316876 0)
(-0.841514 -0.191157 0)
(-0.922124 -0.0383224 0)
(-0.984755 0.141894 0)
(-1.01718 0.344424 0)
(-1.00994 0.556706 0)
(-0.960569 0.760484 0)
(-0.876542 0.938325 0)
(-0.771907 1.08085 0)
(-0.660629 1.188 0)
(-0.552682 1.26462 0)
(-0.453719 1.31742 0)
(-0.365946 1.35276 0)
(-0.289401 1.37584 0)
(-0.222932 1.39047 0)
(-0.164899 1.39961 0)
(-0.113204 1.40989 0)
(-0.0646479 1.44164 0)
(-0.0201477 1.36447 0)
(-0.650215 -0.246323 0)
(-0.718262 -0.124039 0)
(-0.778287 0.0181422 0)
(-0.823326 0.179527 0)
(-0.84548 0.354971 0)
(-0.839103 0.535503 0)
(-0.803023 0.709213 0)
(-0.741759 0.864861 0)
(-0.663802 0.995639 0)
(-0.578228 1.10006 0)
(-0.492303 1.18022 0)
(-0.41078 1.23998 0)
(-0.336119 1.28356 0)
(-0.269091 1.31477 0)
(-0.209386 1.33665 0)
(-0.15614 1.35173 0)
(-0.107838 1.36606 0)
(-0.0610693 1.39879 0)
(-0.0184559 1.32813 0)
(-0.549236 -0.190842 0)
(-0.601708 -0.0727649 0)
(-0.646927 0.0601447 0)
(-0.680087 0.206422 0)
(-0.695998 0.361759 0)
(-0.691141 0.519535 0)
(-0.664884 0.671644 0)
(-0.620006 0.810505 0)
(-0.561784 0.931062 0)
(-0.496192 1.03145 0)
(-0.428433 1.1123 0)
(-0.362285 1.17575 0)
(-0.300036 1.22453 0)
(-0.242738 1.26134 0)
(-0.190547 1.28851 0)
(-0.143114 1.30808 0)
(-0.0993915 1.32533 0)
(-0.0558399 1.35797 0)
(-0.0163749 1.29483 0)
(-0.450693 -0.147467 0)
(-0.491088 -0.0335235 0)
(-0.525587 0.0916864 0)
(-0.55064 0.226304 0)
(-0.562813 0.366729 0)
(-0.559803 0.507982 0)
(-0.541186 0.644317 0)
(-0.508669 0.770385 0)
(-0.465583 0.882359 0)
(-0.415888 0.978401 0)
(-0.36327 1.05841 0)
(-0.310624 1.12347 0)
(-0.259902 1.1753 0)
(-0.212181 1.21579 0)
(-0.167846 1.24665 0)
(-0.126868 1.26949 0)
(-0.0885769 1.28869 0)
(-0.0493404 1.32032 0)
(-0.0140016 1.26532 0)
(-0.354609 -0.114136 0)
(-0.385563 -0.00348385 0)
(-0.412019 0.115789 0)
(-0.431521 0.241671 0)
(-0.441615 0.371133 0)
(-0.440677 0.500344 0)
(-0.428341 0.625071 0)
(-0.405619 0.741385 0)
(-0.374607 0.846323 0)
(-0.337923 0.938217 0)
(-0.298144 1.01662 0)
(-0.257424 1.082 0)
(-0.217339 1.13541 0)
(-0.178868 1.17813 0)
(-0.142473 1.21144 0)
(-0.108314 1.23654 0)
(-0.0760373 1.25692 0)
(-0.0419162 1.28682 0)
(-0.0114189 1.24018 0)
(-0.260215 -0.0892801 0)
(-0.283444 0.0193697 0)
(-0.30397 0.134479 0)
(-0.319741 0.254067 0)
(-0.328894 0.375614 0)
(-0.330202 0.496101 0)
(-0.323295 0.612298 0)
(-0.308713 0.721203 0)
(-0.287735 0.820471 0)
(-0.262052 0.908637 0)
(-0.233418 0.985117 0)
(-0.203389 1.05004 0)
(-0.173174 1.10402 0)
(-0.143602 1.14794 0)
(-0.115129 1.18273 0)
(-0.0880057 1.2093 0)
(-0.0621667 1.23028 0)
(-0.0338193 1.25779 0)
(-0.00872038 1.21961 0)
(-0.167093 -0.0705812 0)
(-0.18456 0.0375319 0)
(-0.201281 0.150112 0)
(-0.215211 0.265476 0)
(-0.224761 0.381584 0)
(-0.22891 0.495995 0)
(-0.227234 0.606133 0)
(-0.21992 0.709606 0)
(-0.207672 0.804498 0)
(-0.191526 0.889535 0)
(-0.172633 0.964103 0)
(-0.15208 1.02815 0)
(-0.130773 1.08205 0)
(-0.109388 1.12641 0)
(-0.0883535 1.16194 0)
(-0.0679611 1.18932 0)
(-0.0484577 1.21054 0)
(-0.0258527 1.23556 0)
(-0.0060739 1.20464 0)
(-0.0634909 -0.0568214 0)
(-0.0723909 0.0522454 0)
(-0.0822442 0.163793 0)
(-0.0915714 0.276528 0)
(-0.0992726 0.388844 0)
(-0.104625 0.498717 0)
(-0.10717 0.604039 0)
(-0.106747 0.702886 0)
(-0.103484 0.793724 0)
(-0.0977389 0.875515 0)
(-0.0900011 0.947726 0)
(-0.0808011 1.01026 0)
(-0.0706369 1.06336 0)
(-0.0599278 1.10745 0)
(-0.0489821 1.14309 0)
(-0.0380084 1.1708 0)
(-0.0274754 1.19174 0)
(-0.0144623 1.21311 0)
(-0.00304819 1.19121 0)
)
;

boundaryField
{
    leftWall
    {
        type            noSlip;
    }
    rightWall
    {
        type            noSlip;
    }
    lowerWall
    {
        type            noSlip;
    }
    atmosphere
    {
        type            pressureInletOutletVelocity;
        value           nonuniform List<vector> 
46
(
(0 -0.816433 0)
(0 -0.818189 0)
(0 -0.816367 0)
(0 -0.813368 0)
(0 -0.809096 0)
(0 -0.803527 0)
(0 -0.796586 0)
(0 -0.788169 0)
(0 -0.778136 0)
(0 -0.766313 0)
(0 -0.752491 0)
(0 -0.736429 0)
(0 -0.717849 0)
(0 -0.696437 0)
(0 -0.671837 0)
(0 -0.64364 0)
(0 -0.611377 0)
(0 -0.574512 0)
(0 -0.53244 0)
(0 -0.484542 0)
(0 -0.430293 0)
(0 -0.369512 0)
(0 -0.301622 0)
(0 -0.246274 0)
(0 -0.208821 0)
(0 -0.16963 0)
(0 -0.128625 0)
(0 -0.0568214 0)
(-0.0723909 0.0522454 0)
(-0.0822442 0.163793 0)
(-0.0915714 0.276528 0)
(-0.0992726 0.388844 0)
(-0.104625 0.498717 0)
(-0.10717 0.604039 0)
(-0.106747 0.702886 0)
(-0.103484 0.793724 0)
(-0.0977389 0.875515 0)
(-0.0900011 0.947726 0)
(-0.0808011 1.01026 0)
(-0.0706369 1.06336 0)
(-0.0599278 1.10745 0)
(-0.0489821 1.14309 0)
(-0.0380084 1.1708 0)
(-0.0274754 1.19174 0)
(-0.0144623 1.21311 0)
(-0.00304819 1.19121 0)
)
;
    }
    defaultFaces
    {
        type            empty;
    }
}


// ************************************************************************* //
