/*--------------------------------*- C++ -*----------------------------------*\
| =========                 |                                                 |
| \\      /  F ield         | OpenFOAM: The Open Source CFD Toolbox           |
|  \\    /   O peration     | Version:  2206                                  |
|   \\  /    A nd           | Website:  www.openfoam.com                      |
|    \\/     M anipulation  |                                                 |
\*---------------------------------------------------------------------------*/
FoamFile
{
    version     2.0;
    format      ascii;
    arch        "LSB;label=32;scalar=64";
    class       surfaceScalarField;
    location    "0.95";
    object      phi;
}
// * * * * * * * * * * * * * * * * * * * * * * * * * * * * * * * * * * * * * //

dimensions      [0 3 -1 0 0 0 0];

oriented        oriented;

internalField   nonuniform List<scalar> 
4432
(
-6.43814e-07
6.43814e-07
-7.17813e-07
7.39951e-08
-1.13167e-07
-6.0465e-07
8.52891e-07
-9.6606e-07
1.95311e-06
-1.10022e-06
2.90701e-06
-9.53913e-07
3.56416e-06
-6.5715e-07
3.89956e-06
-3.35405e-07
3.94044e-06
-4.08875e-08
3.72743e-06
2.13009e-07
3.32428e-06
4.03144e-07
2.81328e-06
5.10999e-07
2.24963e-06
5.63641e-07
1.64026e-06
6.09366e-07
9.52683e-07
6.87581e-07
1.40746e-07
8.11941e-07
-8.37526e-07
9.78277e-07
-2.0372e-06
1.19967e-06
-3.19994e-06
1.16274e-06
-3.86066e-06
6.6072e-07
-3.60036e-06
-2.60302e-07
-2.13855e-06
-1.46182e-06
-2.13855e-06
-7.51684e-07
1.39549e-06
-7.56676e-07
7.89818e-08
-1.90953e-07
-1.17038e-06
7.1585e-07
-1.87287e-06
1.81923e-06
-2.2036e-06
2.82587e-06
-1.96057e-06
3.51795e-06
-1.34924e-06
3.88507e-06
-7.0253e-07
4.00877e-06
-1.64593e-07
3.964e-06
2.57774e-07
3.78815e-06
5.78989e-07
3.5029e-06
7.9624e-07
3.14301e-06
9.23536e-07
2.74202e-06
1.01035e-06
2.30822e-06
1.12139e-06
1.8117e-06
1.30846e-06
1.20885e-06
1.58113e-06
5.24858e-07
1.88367e-06
-1.81761e-07
1.86936e-06
-7.16516e-07
1.19547e-06
-1.16655e-06
1.89727e-07
-9.65851e-07
-1.66253e-06
-3.1044e-06
-7.86262e-07
2.18175e-06
-9.48739e-07
2.41455e-07
-8.08344e-07
-1.31078e-06
-2.73785e-07
-2.40743e-06
7.57645e-07
-3.23503e-06
1.97037e-06
-3.1733e-06
2.91211e-06
-2.29099e-06
3.43922e-06
-1.22964e-06
3.638e-06
-3.63376e-07
3.63674e-06
2.59024e-07
3.49782e-06
7.1791e-07
3.27475e-06
1.01931e-06
3.00487e-06
1.19341e-06
2.72992e-06
1.2853e-06
2.49215e-06
1.35916e-06
2.32732e-06
1.4733e-06
2.25291e-06
1.65553e-06
2.27346e-06
1.86311e-06
2.23756e-06
1.90526e-06
1.98089e-06
1.45214e-06
1.6827e-06
4.87918e-07
8.73109e-07
-8.52935e-07
-2.23129e-06
-9.37585e-07
3.11934e-06
-1.63265e-06
9.36518e-07
-2.30589e-06
-6.37539e-07
-2.3066e-06
-2.40671e-06
-1.50127e-06
-4.04037e-06
-1.40784e-07
-4.53378e-06
1.32441e-06
-3.75618e-06
2.35082e-06
-2.25605e-06
2.8897e-06
-9.0226e-07
3.10639e-06
4.2334e-08
3.123e-06
7.01299e-07
3.0242e-06
1.1181e-06
2.85724e-06
1.36037e-06
2.66325e-06
1.47929e-06
2.4846e-06
1.5378e-06
2.36754e-06
1.59036e-06
2.36142e-06
1.66164e-06
2.49047e-06
1.73406e-06
2.66888e-06
1.72685e-06
2.65785e-06
1.46316e-06
2.24056e-06
9.05207e-07
1.273e-06
1.14623e-07
-9.5829e-07
-1.20873e-06
4.32807e-06
-2.58713e-06
2.31491e-06
-3.84551e-06
6.20838e-07
-4.2654e-06
-1.98682e-06
-3.84798e-06
-4.45778e-06
-2.69773e-06
-5.68402e-06
-1.02757e-06
-5.42634e-06
5.93014e-07
-3.87663e-06
1.67326e-06
-1.9825e-06
2.25881e-06
-5.43214e-07
2.55215e-06
4.07956e-07
2.6628e-06
1.00744e-06
2.66411e-06
1.35906e-06
2.5973e-06
1.54611e-06
2.49283e-06
1.64227e-06
2.37927e-06
1.70391e-06
2.28842e-06
1.75249e-06
2.25172e-06
1.77076e-06
2.26448e-06
1.7141e-06
2.21024e-06
1.5174e-06
1.91041e-06
1.20504e-06
1.17956e-06
8.45467e-07
2.21273e-07
-1.26839e-06
5.59646e-06
-2.79002e-06
3.83655e-06
-4.03534e-06
1.86616e-06
-4.54649e-06
-1.47567e-06
-4.54533e-06
-4.45893e-06
-4.04859e-06
-6.18076e-06
-2.90068e-06
-6.57424e-06
-1.26012e-06
-5.51718e-06
2.05752e-07
-3.44838e-06
1.18566e-06
-1.52312e-06
1.7851e-06
-1.91488e-07
2.14608e-06
6.46465e-07
2.3554e-06
1.14974e-06
2.46121e-06
1.4403e-06
2.47995e-06
1.62352e-06
2.42189e-06
1.76197e-06
2.29859e-06
1.87579e-06
2.12302e-06
1.94631e-06
1.90413e-06
1.933e-06
1.63014e-06
1.79138e-06
1.27108e-06
1.5641e-06
7.50309e-07
1.36623e-06
9.71581e-07
-6.93523e-07
6.28998e-06
-1.59571e-06
4.73874e-06
-2.19208e-06
2.46254e-06
-2.33496e-06
-1.33279e-06
-2.45841e-06
-4.33548e-06
-2.75643e-06
-5.88273e-06
-2.78633e-06
-6.54434e-06
-2.0885e-06
-6.21501e-06
-9.64977e-07
-4.5719e-06
9.57267e-08
-2.58382e-06
9.08388e-07
-1.00415e-06
1.49738e-06
5.74702e-08
1.92356e-06
7.23561e-07
2.23402e-06
1.12984e-06
2.42484e-06
1.4327e-06
2.47538e-06
1.71143e-06
2.37846e-06
1.97271e-06
2.14204e-06
2.18273e-06
1.78114e-06
2.29389e-06
1.3472e-06
2.22531e-06
9.03052e-07
2.00825e-06
6.33984e-07
1.6353e-06
1.60556e-06
4.43233e-07
5.84675e-06
4.73656e-07
4.70832e-06
1.06021e-06
1.87599e-06
1.76284e-06
-2.03542e-06
1.81052e-06
-4.38316e-06
9.57857e-07
-5.03007e-06
-2.48043e-07
-5.33844e-06
-9.52781e-07
-5.51027e-06
-9.06107e-07
-4.61857e-06
-4.09295e-07
-3.08063e-06
2.41694e-07
-1.65514e-06
9.0509e-07
-6.05925e-07
1.46927e-06
1.59381e-07
1.98142e-06
6.17687e-07
2.37018e-06
1.04394e-06
2.55996e-06
1.52165e-06
2.51816e-06
2.01451e-06
2.24095e-06
2.45994e-06
1.7347e-06
2.80013e-06
1.03576e-06
2.92426e-06
2.50273e-07
2.79374e-06
-1.41347e-07
2.02691e-06
1.46422e-06
2.07301e-05
-2.07301e-05
8.64469e-06
1.20854e-05
-1.20689e-05
2.07136e-05
-2.59187e-05
1.38498e-05
-6.21458e-05
3.62271e-05
-0.000101718
3.95718e-05
-0.000106202
4.48419e-06
-8.69817e-05
-1.92201e-05
-6.73823e-05
-1.95994e-05
-5.62278e-05
-1.11544e-05
-6.13318e-05
5.10398e-06
-7.77011e-05
1.63693e-05
-8.67214e-05
9.02028e-06
-7.7513e-05
-9.20838e-06
-6.00978e-05
-1.74152e-05
-4.53485e-05
-1.47493e-05
-3.3181e-05
-1.21675e-05
-1.62448e-05
-1.69361e-05
-1.62448e-05
9.83189e-06
-3.0562e-05
-1.14447e-05
3.3362e-05
-5.56619e-05
6.49308e-05
-8.93061e-05
4.7494e-05
-0.000119196
6.61172e-05
-0.000132202
5.25781e-05
-0.000121911
-5.80718e-06
-0.000109656
-3.14753e-05
-0.000104023
-2.52325e-05
-0.000102239
-1.29378e-05
-0.000103102
5.96688e-06
-9.74807e-05
1.07477e-05
-8.01771e-05
-8.28327e-06
-5.88572e-05
-3.05283e-05
-4.18383e-05
-3.44341e-05
-2.98583e-05
-2.67293e-05
-2.1902e-05
-2.01239e-05
-1.27953e-05
-2.60429e-05
-2.90401e-05
9.01426e-06
-3.95762e-05
-1.44137e-05
5.67899e-05
-7.16755e-05
0.000122193
-0.000106258
8.20769e-05
-0.00011756
7.74193e-05
-0.000110928
4.59458e-05
-9.67062e-05
-2.00292e-05
-9.27501e-05
-3.54313e-05
-9.6095e-05
-2.18877e-05
-9.547e-05
-1.35627e-05
-8.99951e-05
4.92012e-07
-7.50243e-05
-4.22319e-06
-5.30831e-05
-3.02244e-05
-3.21132e-05
-5.14983e-05
-1.50638e-05
-5.14835e-05
-5.17968e-06
-3.66134e-05
-1.74364e-06
-2.356e-05
-2.41264e-06
-2.53739e-05
-3.14527e-05
2.1925e-05
-6.15013e-05
1.01626e-05
6.85524e-05
-4.93658e-05
0.000181721
-9.29768e-05
0.000125688
-8.94519e-05
7.38943e-05
-6.48796e-05
2.13736e-05
-4.51454e-05
-3.97634e-05
-5.23355e-05
-2.82413e-05
-7.16633e-05
-2.55985e-06
-7.32997e-05
-1.19263e-05
-6.49779e-05
-7.82979e-06
-4.93853e-05
-1.98158e-05
-3.00021e-05
-4.96075e-05
-1.33029e-05
-6.81975e-05
1.04989e-07
-6.48914e-05
9.86275e-06
-4.63712e-05
1.32948e-05
-2.6992e-05
7.17491e-06
-1.9254e-05
-2.42778e-05
9.27224e-06
-7.07735e-05
2.01473e-05
5.76772e-05
-5.64536e-06
0.000207514
-5.40839e-05
0.000174126
-5.23227e-05
7.21332e-05
-2.09828e-05
-9.96636e-06
7.59856e-06
-6.83447e-05
-5.12619e-06
-1.55165e-05
-3.86762e-05
3.09901e-05
-5.19952e-05
1.39271e-06
-4.47459e-05
-1.50791e-05
-2.88594e-05
-3.57022e-05
-1.51144e-05
-6.33525e-05
-8.28635e-06
-7.50256e-05
-1.54631e-06
-7.16315e-05
1.01105e-05
-5.8028e-05
1.68434e-05
-3.37249e-05
1.12524e-05
-1.36631e-05
-1.30254e-05
-1.91454e-05
-5.16281e-05
6.03528e-06
3.24966e-05
2.99692e-05
0.00018358
7.65424e-06
0.000196441
3.01645e-06
7.67709e-05
2.77849e-05
-3.47348e-05
4.00315e-05
-8.05912e-05
2.29913e-05
1.52367e-06
-9.57638e-06
6.35578e-05
-2.89751e-05
2.07914e-05
-2.67455e-05
-1.73088e-05
-1.52511e-05
-4.71966e-05
-1.24898e-05
-6.61137e-05
-1.65154e-05
-7.1e-05
-1.40949e-05
-7.4052e-05
-1.18561e-06
-7.09372e-05
1.1169e-05
-4.60795e-05
1.07037e-05
-1.31979e-05
-2.32165e-06
-3.63881e-05
-1.524e-05
-2.08806e-05
1.6989e-05
2.66842e-05
0.000136015
4.70354e-05
0.00017609
5.84204e-05
6.53859e-05
7.50761e-05
-5.13905e-05
6.57526e-05
-7.12677e-05
4.36505e-05
2.36258e-05
1.6223e-05
9.09853e-05
-7.86796e-06
4.48824e-05
-1.23917e-05
-1.27851e-05
-1.1617e-05
-4.79713e-05
-2.21654e-05
-5.55653e-05
-3.13104e-05
-6.1855e-05
-2.8066e-05
-7.72965e-05
-1.44058e-05
-8.45974e-05
1.36232e-06
-6.18476e-05
6.38055e-06
-1.82161e-05
4.0589e-06
-5.49844e-05
3.97443e-05
-4.94374e-05
1.1442e-05
2.89161e-06
8.3686e-05
5.1483e-05
0.000127499
7.77889e-05
3.908e-05
7.93518e-05
-5.29534e-05
5.21727e-05
-4.40886e-05
3.24992e-05
4.32992e-05
1.7534e-05
0.000105951
2.95704e-06
5.94593e-05
-6.51254e-06
-3.31547e-06
-2.05011e-05
-3.39828e-05
-3.75423e-05
-3.8524e-05
-4.4314e-05
-5.50834e-05
-3.96256e-05
-8.19849e-05
-2.57671e-05
-9.84559e-05
-8.91437e-06
-7.87003e-05
1.07674e-06
-2.82072e-05
5.13563e-06
5.84519e-06
1.56477e-09
1.05668e-05
-1.32657e-08
1.43815e-05
-1.93872e-06
1.61542e-05
-3.80814e-06
1.54488e-05
-3.67776e-06
1.29614e-05
-2.54263e-06
9.57339e-06
-1.95046e-06
6.4442e-06
-2.38108e-06
4.375e-06
-2.54938e-06
3.3166e-06
-2.02223e-06
3.16621e-06
-1.50475e-06
3.77271e-06
-1.21243e-06
4.86254e-06
-9.30441e-07
5.97767e-06
-4.97448e-07
7.01722e-06
4.38684e-09
7.53872e-06
1.00015e-06
7.42674e-06
2.12648e-06
6.66863e-06
3.21806e-06
5.22149e-06
4.24727e-06
3.00054e-06
5.14521e-06
7.48319e-08
5.71944e-06
-3.2318e-06
5.33354e-06
4.54742e-06
-6.31499e-06
5.10034e-06
-5.09877e-06
1.02948e-05
-5.20772e-06
1.33317e-05
-4.9756e-06
1.4502e-05
-4.97845e-06
1.43459e-05
-3.52173e-06
1.36175e-05
-1.81417e-06
1.35813e-05
-1.91425e-06
1.31208e-05
-1.92065e-06
1.2072e-05
-1.50051e-06
1.11844e-05
-1.13469e-06
1.06656e-05
-9.85944e-07
1.06096e-05
-1.15641e-06
1.10684e-05
-1.38922e-06
1.11146e-05
-5.43684e-07
1.12821e-05
-1.63079e-07
1.15008e-05
7.81467e-07
1.19013e-05
1.72598e-06
1.22409e-05
2.87844e-06
1.1879e-05
4.60918e-06
9.16681e-06
7.8574e-06
2.92568e-06
1.19606e-05
-3.89968e-06
1.21589e-05
1.22449e-05
-1.15971e-05
-4.59698e-05
4.08711e-05
-8.28496e-05
3.16719e-05
-9.09028e-05
3.07746e-06
-7.69695e-05
-1.89118e-05
-5.26734e-05
-2.78178e-05
-4.06399e-05
-1.38477e-05
-3.83593e-05
-4.1949e-06
-3.77738e-05
-2.50615e-06
-3.57774e-05
-3.49688e-06
-3.65841e-05
-3.28006e-07
-4.4153e-05
6.58291e-06
-5.79546e-05
1.26452e-05
-7.82303e-05
1.88865e-05
-9.74166e-05
1.86426e-05
-0.000108638
1.10581e-05
-0.000109009
1.15264e-06
-0.000102837
-4.44585e-06
-9.41751e-05
-5.78364e-06
-8.59458e-05
-3.6203e-06
-8.16522e-05
3.56373e-06
-8.47816e-05
1.50899e-05
-9.11641e-05
1.85414e-05
2.20935e-05
-0.000101013
-2.86525e-05
6.95235e-05
-5.91012e-05
6.21205e-05
-8.98888e-05
3.38652e-05
-0.000122549
1.37489e-05
-0.000159411
9.04408e-06
-0.000188228
1.49686e-05
-0.000208545
1.6122e-05
-0.00022618
1.51294e-05
-0.000247144
1.74666e-05
-0.000270276
2.2804e-05
-0.000290467
2.67744e-05
-0.00030439
2.65677e-05
-0.000307719
2.22158e-05
-0.00030335
1.42732e-05
-0.000295372
3.0801e-06
-0.000284753
-9.4663e-06
-0.00026856
-2.06384e-05
-0.000245569
-2.87747e-05
-0.000219
-3.01892e-05
-0.000194551
-2.08849e-05
-0.000179162
-2.99278e-07
-0.000180549
1.9928e-05
3.22736e-05
-0.000190729
-2.17009e-05
9.12243e-05
-5.07967e-05
9.12159e-05
-9.3149e-05
7.62175e-05
-0.000146608
6.72079e-05
-0.000192437
5.48736e-05
-0.00021838
4.09107e-05
-0.000239219
3.69616e-05
-0.000264195
4.01052e-05
-0.000291072
4.43435e-05
-0.000314004
4.57364e-05
-0.00032751
4.028e-05
-0.000333115
3.21731e-05
-0.000333823
2.29237e-05
-0.000329796
1.02458e-05
-0.000321867
-4.84863e-06
-0.000311914
-1.94192e-05
-0.000301398
-3.11546e-05
-0.000292387
-3.77861e-05
-0.000286035
-3.65412e-05
-0.000278723
-2.81969e-05
-0.000267981
-1.10414e-05
-0.000261365
1.33118e-05
3.19255e-05
-0.000261017
-1.67448e-05
0.000107969
-3.91089e-05
0.00011358
-7.45353e-05
0.000111644
-0.000117247
0.000109919
-0.000159083
9.67096e-05
-0.000191665
7.34933e-05
-0.000215793
6.10888e-05
-0.000237179
6.1491e-05
-0.000259619
6.67835e-05
-0.000278092
6.42093e-05
-0.000287699
4.98871e-05
-0.00028942
3.38934e-05
-0.000284642
1.81455e-05
-0.000275579
1.18323e-06
-0.000265822
-1.4606e-05
-0.000259926
-2.53146e-05
-0.000260719
-3.03618e-05
-0.000267535
-3.097e-05
-0.000278233
-2.58433e-05
-0.000290359
-1.60701e-05
-0.00029667
-4.73075e-06
-0.000293728
1.03697e-05
2.67402e-05
-0.000288543
-1.11241e-05
0.000119093
-2.38011e-05
0.000126257
-4.31814e-05
0.000131024
-6.71135e-05
0.000133851
-9.66502e-05
0.000126246
-0.00012932
0.000106163
-0.000156807
8.85765e-05
-0.000178555
8.32392e-05
-0.000197207
8.54353e-05
-0.000209903
7.69058e-05
-0.000217016
5.7e-05
-0.000217064
3.39412e-05
-0.00020944
1.05212e-05
-0.000197311
-1.09461e-05
-0.000184917
-2.69995e-05
-0.000175769
-3.44627e-05
-0.000173257
-3.28743e-05
-0.00017766
-2.65668e-05
-0.000186818
-1.66848e-05
-0.00019942
-3.4685e-06
-0.000213387
9.23663e-06
-0.000223608
2.05905e-05
3.0209e-05
-0.000227077
-6.13917e-06
0.000125232
-1.11175e-05
0.000131235
-1.78932e-05
0.0001378
-2.66113e-05
0.000142569
-4.01207e-05
0.000139756
-6.15416e-05
0.000127584
-8.56921e-05
0.000112727
-0.000106582
0.000104129
-0.000122479
0.000101332
-0.00013719
9.16167e-05
-0.000152319
7.21288e-05
-0.000164303
4.59251e-05
-0.000169845
1.60632e-05
-0.000171658
-9.1332e-06
-0.000173581
-2.50772e-05
-0.000173603
-3.44399e-05
-0.000169196
-3.72816e-05
-0.000165809
-2.99538e-05
-0.000165988
-1.65056e-05
-0.000168223
-1.23375e-06
-0.000171066
1.20794e-05
-0.000173297
2.28221e-05
3.18696e-05
-0.000174958
-3.25027e-06
0.000128482
-4.08888e-06
0.000132073
-3.9962e-06
0.000137707
-3.90168e-06
0.000142475
-6.04695e-06
0.000141901
-1.38055e-05
0.000135342
-2.70443e-05
0.000125966
-4.1382e-05
0.000118466
-5.39244e-05
0.000113875
-6.87818e-05
0.000106474
-8.96363e-05
9.29833e-05
-0.000116338
7.2627e-05
-0.000144935
4.46597e-05
-0.000170555
1.64873e-05
-0.00019244
-3.19263e-06
-0.000205599
-2.12809e-05
-0.000207782
-3.50984e-05
-0.000199891
-3.78448e-05
-0.000193291
-2.31051e-05
-0.000187254
-7.27106e-06
-0.000182419
7.24461e-06
-0.000178221
1.86242e-05
2.82181e-05
-0.00017457
-2.29632e-06
0.000130779
-1.53741e-06
0.000131315
1.5138e-06
0.000134656
5.5183e-06
0.00013847
8.97419e-06
0.000138445
9.59378e-06
0.000134723
6.30543e-06
0.000129254
7.23665e-07
0.000124048
-5.28804e-06
0.000119887
-1.35861e-05
0.000114772
-2.72623e-05
0.00010666
-4.8585e-05
9.39499e-05
-7.78942e-05
7.3969e-05
-0.000111765
5.03586e-05
-0.000147274
3.23159e-05
-0.000181982
1.34278e-05
-0.00020882
-8.26061e-06
-0.000228401
-1.82634e-05
-0.000225084
-2.64227e-05
-0.000214011
-1.83443e-05
-0.00020596
-8.06226e-07
-0.000200953
1.36172e-05
2.39773e-05
-0.000196712
-2.18414e-06
0.000132963
-1.10856e-06
0.000130239
2.94581e-06
0.000130601
8.26607e-06
0.00013315
1.36257e-05
0.000133086
1.78176e-05
0.000130531
1.99543e-05
0.000127118
2.0271e-05
0.000123732
1.96072e-05
0.00012055
1.75026e-05
0.000116877
1.22395e-05
0.000111923
1.12854e-06
0.000105061
-1.97293e-05
9.48267e-05
-5.06714e-05
8.13006e-05
-8.70352e-05
6.86795e-05
-0.00012659
5.29826e-05
-0.000168588
3.37376e-05
-0.000201691
1.48389e-05
-0.000227083
-1.03015e-06
-0.000237585
-7.84269e-06
-0.000231095
-7.29612e-06
-0.000222925
5.44678e-06
1.78559e-05
-0.000216803
-1.62499e-06
0.000134588
-1.11017e-06
0.000129724
2.89733e-06
0.000126594
8.17458e-06
0.000127873
1.35099e-05
0.000127751
1.82475e-05
0.000125794
2.19324e-05
0.000123433
2.45483e-05
0.000121116
2.63865e-05
0.000118712
2.74355e-05
0.000115828
2.7033e-05
0.000112325
2.37411e-05
0.000108353
1.50391e-05
0.000103529
-8.03284e-07
9.71432e-05
-2.35227e-05
9.13993e-05
-5.42071e-05
8.36673e-05
-9.17757e-05
7.13063e-05
-0.00013163
5.46934e-05
-0.000168683
3.60232e-05
-0.0001942
1.76742e-05
-0.000212184
1.06877e-05
-0.000217686
1.0949e-05
1.4577e-05
-0.000214407
2.61493e-07
0.000134326
-5.46838e-07
0.000130532
2.68586e-06
0.000123361
7.0837e-06
0.000123476
1.14393e-05
0.000123395
1.5347e-05
0.000121886
1.86185e-05
0.000120162
2.13448e-05
0.000118389
2.37676e-05
0.00011629
2.60863e-05
0.000113509
2.82984e-05
0.000110113
3.01032e-05
0.000106548
3.05517e-05
0.000103081
2.74219e-05
0.000100273
1.88989e-05
9.99222e-05
3.60133e-06
9.89652e-05
-1.73834e-05
9.22912e-05
-4.04024e-05
7.77127e-05
-6.19124e-05
5.75333e-05
-8.50112e-05
4.0773e-05
-0.000109586
3.5263e-05
-0.000129849
3.1212e-05
2.79731e-05
-0.000143246
2.7293e-06
0.000131597
1.03292e-06
0.000132229
2.92634e-06
0.000121468
5.86967e-06
0.000120532
8.81351e-06
0.000120452
1.14244e-05
0.000119276
1.36397e-05
0.000117946
1.56241e-05
0.000116405
1.7668e-05
0.000114246
2.00827e-05
0.000111095
2.31464e-05
0.00010705
2.70862e-05
0.000102608
3.08734e-05
9.92933e-05
3.2327e-05
9.88192e-05
3.05298e-05
0.00010172
2.46531e-05
0.000104842
1.37301e-05
0.000103214
-2.22363e-06
9.36665e-05
-2.21343e-05
7.74439e-05
-4.46742e-05
6.33128e-05
-6.66768e-05
5.72655e-05
-8.8424e-05
5.29592e-05
4.7846e-05
-0.000108297
3.50472e-06
0.000128092
2.6453e-06
0.000133088
3.29927e-06
0.000120814
4.62758e-06
0.000119204
6.06635e-06
0.000119013
7.31778e-06
0.000118024
8.36338e-06
0.000116901
9.37156e-06
0.000115397
1.06042e-05
0.000113013
1.23443e-05
0.000109355
1.48326e-05
0.000104562
1.79821e-05
9.94588e-05
2.0189e-05
9.70865e-05
2.03051e-05
9.87031e-05
1.90896e-05
0.000102935
1.65836e-05
0.000107348
1.15754e-05
0.000108222
2.7571e-06
0.000102485
-1.05844e-05
9.07856e-05
-2.73715e-05
8.00999e-05
-4.51754e-05
7.50695e-05
-6.35839e-05
7.13676e-05
6.61756e-05
-8.19136e-05
2.75125e-06
0.000125341
3.34611e-06
0.000132493
3.16316e-06
0.000120997
3.07383e-06
0.000119294
3.16278e-06
0.000118924
3.16499e-06
0.000118022
3.08239e-06
0.000116983
3.03665e-06
0.000115443
3.20413e-06
0.000112846
3.73333e-06
0.000108826
4.57721e-06
0.000103718
4.8783e-06
9.91575e-05
3.64367e-06
9.8321e-05
1.3809e-06
0.000100966
-6.76754e-07
0.000104993
-2.20666e-06
0.000108878
-4.09099e-06
0.000110107
-8.13013e-06
0.000106524
-1.64153e-05
9.90708e-05
-2.88744e-05
9.25589e-05
-4.30712e-05
8.9266e-05
-5.80439e-05
8.63403e-05
8.20145e-05
-7.3883e-05
1.39209e-06
0.000123949
2.81785e-06
0.000131068
2.10965e-06
0.000121706
1.03294e-06
0.00012037
9.08476e-08
0.000119866
-9.23831e-07
0.000119037
-2.0038e-06
0.000118063
-3.09088e-06
0.00011653
-4.13431e-06
0.000113889
-5.20401e-06
0.000109895
-6.7282e-06
0.000105242
-9.61547e-06
0.000102045
-1.35607e-05
0.000102266
-1.72982e-05
0.000104703
-2.00699e-05
0.000107764
-2.16921e-05
0.0001105
-2.2929e-05
0.000111344
-2.57063e-05
0.000109301
-3.20358e-05
0.0001054
-4.1779e-05
0.000102302
-5.30849e-05
0.000100572
-6.54972e-05
9.87526e-05
9.61069e-05
-7.95898e-05
1.47549e-07
0.000123801
1.48238e-06
0.000129733
3.43411e-07
0.000122845
-1.31452e-06
0.000122028
-2.95315e-06
0.000121505
-4.71508e-06
0.000120799
-6.60097e-06
0.000119949
-8.627e-06
0.000118556
-1.08791e-05
0.000116141
-1.36191e-05
0.000112635
-1.73834e-05
0.000109006
-2.24059e-05
0.000107067
-2.76328e-05
0.000107493
-3.21178e-05
0.000109188
-3.55913e-05
0.000111238
-3.81043e-05
0.000113013
-4.04231e-05
0.000113662
-4.40602e-05
0.000112939
-5.02552e-05
0.000111595
-5.86813e-05
0.000110728
-6.85145e-05
0.000110405
-8.01957e-05
0.000110434
0.000109896
-9.39845e-05
-7.62739e-07
0.000124564
-6.56985e-08
0.000129036
-1.56441e-06
0.000124343
-3.51326e-06
0.000123977
-5.55842e-06
0.00012355
-7.79167e-06
0.000123032
-1.0235e-05
0.000122392
-1.29722e-05
0.000121293
-1.61946e-05
0.000119364
-2.02309e-05
0.000116671
-2.53776e-05
0.000114153
-3.12612e-05
0.00011295
-3.69495e-05
0.000113181
-4.19724e-05
0.000114211
-4.63092e-05
0.000115575
-5.01589e-05
0.000116863
-5.41577e-05
0.000117661
-5.91926e-05
0.000117974
-6.58067e-05
0.00011821
-7.39154e-05
0.000118837
-8.37445e-05
0.000120234
-9.58951e-05
0.000122584
0.00012317
-0.00010917
-1.30939e-06
0.000125873
-1.37747e-06
0.000129104
-3.09741e-06
0.000126063
-5.14392e-06
0.000126024
-7.36132e-06
0.000125767
-9.80866e-06
0.000125479
-1.25296e-05
0.000125113
-1.56488e-05
0.000124412
-1.93979e-05
0.000123113
-2.40486e-05
0.000121322
-2.961e-05
0.000119714
-3.55814e-05
0.000118922
-4.13748e-05
0.000118975
-4.67901e-05
0.000119627
-5.19026e-05
0.000120687
-5.69338e-05
0.000121894
-6.22888e-05
0.000123016
-6.83751e-05
0.00012406
-7.54621e-05
0.000125296
-8.3895e-05
0.000127269
-9.43523e-05
0.000130691
-0.000106685
0.000134917
0.000134699
-0.000118214
-1.48375e-06
0.000127357
-2.18252e-06
0.000129803
-3.96477e-06
0.000127845
-5.96549e-06
0.000128024
-8.16075e-06
0.000127963
-1.05904e-05
0.000127909
-1.331e-05
0.000127833
-1.64521e-05
0.000127554
-2.02327e-05
0.000126894
-2.48337e-05
0.000125923
-3.01539e-05
0.000125034
-3.58049e-05
0.000124573
-4.14496e-05
0.000124619
-4.69895e-05
0.000125166
-5.24983e-05
0.000126196
-5.81419e-05
0.000127537
-6.41362e-05
0.00012901
-7.06632e-05
0.000130587
-7.79968e-05
0.00013263
-8.67257e-05
0.000135998
-9.73882e-05
0.000141354
-0.000109003
0.000146531
0.000144176
-0.000118479
-1.36151e-06
0.000128719
-2.41317e-06
0.000130854
-4.10746e-06
0.000129539
-5.94207e-06
0.000129859
-7.95447e-06
0.000129975
-1.01744e-05
0.000130128
-1.2657e-05
0.000130315
-1.55183e-05
0.000130415
-1.89333e-05
0.000130309
-2.30246e-05
0.000130014
-2.77121e-05
0.000129722
-3.27599e-05
0.00012962
-3.79708e-05
0.00012983
-4.32622e-05
0.000130458
-4.86595e-05
0.000131593
-5.42634e-05
0.000133141
-6.01884e-05
0.000134935
-6.65448e-05
0.000136943
-7.36177e-05
0.000139703
-8.19495e-05
0.00014433
-9.17568e-05
0.000151161
-0.0001018
0.000156574
0.000151937
-0.00010956
-1.04091e-06
0.000129759
-2.15196e-06
0.000131966
-3.62419e-06
0.000131012
-5.18425e-06
0.000131419
-6.88405e-06
0.000131675
-8.74722e-06
0.000131992
-1.08199e-05
0.000132388
-1.31908e-05
0.000132786
-1.59897e-05
0.000133107
-1.93127e-05
0.000133337
-2.31379e-05
0.000133547
-2.7353e-05
0.000133836
-3.18398e-05
0.000134317
-3.65132e-05
0.000135131
-4.13454e-05
0.000136426
-4.63875e-05
0.000138183
-5.17071e-05
0.000140255
-5.7386e-05
0.000142622
-6.36284e-05
0.000145945
-7.07837e-05
0.000151485
-7.89293e-05
0.000159307
-8.72108e-05
0.000164856
0.000158938
-9.42118e-05
-6.04017e-07
0.000130363
-1.53549e-06
0.000132897
-2.67379e-06
0.00013215
-3.86338e-06
0.000132608
-5.14939e-06
0.000132961
-6.55037e-06
0.000133393
-8.0998e-06
0.000133937
-9.85921e-06
0.000134546
-1.1919e-05
0.000135167
-1.4359e-05
0.000135778
-1.72036e-05
0.000136392
-2.04225e-05
0.000137054
-2.39534e-05
0.000137848
-2.77212e-05
0.000138899
-3.16644e-05
0.000140369
-3.57919e-05
0.000142311
-4.01448e-05
0.000144608
-4.47769e-05
0.000147254
-4.97502e-05
0.000150918
-5.51983e-05
0.000156933
-6.12859e-05
0.000165394
-6.79675e-05
0.000171537
0.000166009
-7.50387e-05
-6.81706e-08
0.000130432
-7.06931e-07
0.000133536
-1.41784e-06
0.000132861
-2.1572e-06
0.000133347
-2.95474e-06
0.000133758
-3.82316e-06
0.000134261
-4.78324e-06
0.000134897
-5.87398e-06
0.000135637
-7.15455e-06
0.000136448
-8.68722e-06
0.00013731
-1.05162e-05
0.000138221
-1.26571e-05
0.000139195
-1.50905e-05
0.000140281
-1.77651e-05
0.000141573
-2.06127e-05
0.000143217
-2.36036e-05
0.000145302
-2.67612e-05
0.000147765
-3.01093e-05
0.000150602
-3.35638e-05
0.000154373
-3.70267e-05
0.000160396
-4.0764e-05
0.000169132
-4.56107e-05
0.000176384
0.000172847
-5.2449e-05
5.5874e-07
0.000129873
2.4254e-07
0.000133852
1.40392e-08
0.000133089
-2.19345e-07
0.000133581
-4.80604e-07
0.000134019
-7.75265e-07
0.000134556
-1.1134e-06
0.000135236
-1.51716e-06
0.000136041
-2.02227e-06
0.000136953
-2.67166e-06
0.00013796
-3.50741e-06
0.000139057
-4.56207e-06
0.00014025
-5.8445e-06
0.000141564
-7.32984e-06
0.000143059
-8.9608e-06
0.000144848
-1.06891e-05
0.000147031
-1.25233e-05
0.0001496
-1.44729e-05
0.000152552
-1.63722e-05
0.000156272
-1.78971e-05
0.000161921
-1.92354e-05
0.00017047
-2.19204e-05
0.000179069
0.000178927
-2.79999e-05
1.20225e-06
0.000128671
1.22809e-06
0.000133826
1.51458e-06
0.000132802
1.82262e-06
0.000133273
2.1227e-06
0.000133719
2.41957e-06
0.000134259
2.71266e-06
0.000134943
2.99181e-06
0.000135761
3.23881e-06
0.000136706
3.42883e-06
0.00013777
3.53327e-06
0.000138952
3.52309e-06
0.00014026
3.37895e-06
0.000141708
3.10645e-06
0.000143331
2.74631e-06
0.000145208
2.34706e-06
0.00014743
1.91327e-06
0.000150034
1.44161e-06
0.000153024
1.09476e-06
0.000156619
1.31763e-06
0.000161698
2.23452e-06
0.000169553
2.20201e-06
0.000179102
0.000183288
-2.15912e-06
1.81127e-06
0.00012686
2.2213e-06
0.000133416
3.01777e-06
0.000132006
3.86992e-06
0.00013242
4.73063e-06
0.000132858
5.61381e-06
0.000133376
6.52657e-06
0.00013403
7.46871e-06
0.000134819
8.43465e-06
0.00013574
9.41437e-06
0.00013679
1.03955e-05
0.000137971
1.13635e-05
0.000139292
1.23052e-05
0.000140766
1.322e-05
0.000142417
1.41351e-05
0.000144293
1.50961e-05
0.000146469
1.6127e-05
0.000149003
1.72335e-05
0.000151917
1.8539e-05
0.000155313
2.05117e-05
0.000159725
2.37119e-05
0.000166353
2.72687e-05
0.000175545
0.000183137
2.74194e-05
2.35808e-06
0.000124502
3.1718e-06
0.000132602
4.45562e-06
0.000130722
5.8342e-06
0.000131042
7.23417e-06
0.000131459
8.67816e-06
0.000131932
1.01803e-05
0.000132528
1.1748e-05
0.000133252
1.33861e-05
0.000134102
1.50965e-05
0.000135079
1.6881e-05
0.000136186
1.87419e-05
0.000137431
2.06813e-05
0.000138827
2.27071e-05
0.000140391
2.4845e-05
0.000142155
2.7142e-05
0.000144172
2.96425e-05
0.000146502
3.23788e-05
0.000149181
3.54446e-05
0.000152248
3.9215e-05
0.000155955
4.44326e-05
0.000161136
5.12012e-05
0.000168776
0.000177877
5.6461e-05
2.82787e-06
0.000121674
4.04619e-06
0.000131384
5.77414e-06
0.000128994
7.63978e-06
0.000129176
9.53803e-06
0.00012956
1.14974e-05
0.000129972
1.35386e-05
0.000130486
1.56758e-05
0.000131114
1.79219e-05
0.000131856
2.02886e-05
0.000132713
2.27887e-05
0.000133686
2.54378e-05
0.000134782
2.82544e-05
0.00013601
3.12613e-05
0.000137384
3.44926e-05
0.000138923
3.8001e-05
0.000140663
4.18505e-05
0.000142653
4.61006e-05
0.000144931
5.08325e-05
0.000147516
5.63034e-05
0.000150484
6.31821e-05
0.000154257
7.22748e-05
0.000159684
0.000167867
8.22852e-05
3.20359e-06
0.00011847
4.81273e-06
0.000129775
6.92802e-06
0.000126879
9.22312e-06
0.000126881
1.15614e-05
0.000127222
1.39728e-05
0.000127561
1.64844e-05
0.000127975
1.91155e-05
0.000128483
2.18852e-05
0.000129086
2.4813e-05
0.000129785
2.79194e-05
0.000130579
3.12289e-05
0.000131472
3.4771e-05
0.000132468
3.85809e-05
0.000133574
4.27032e-05
0.000134801
4.71975e-05
0.000136169
5.21409e-05
0.000137709
5.76158e-05
0.000139456
6.37088e-05
0.000141423
7.05872e-05
0.000143605
7.87066e-05
0.000146138
8.89828e-05
0.000149408
0.000154969
0.00010188
3.47113e-06
0.000114999
5.44319e-06
0.000127803
7.88069e-06
0.000124441
1.05335e-05
0.000124228
1.32393e-05
0.000124516
1.6025e-05
0.000124775
1.89225e-05
0.000125078
2.19551e-05
0.000125451
2.51459e-05
0.000125896
2.85194e-05
0.000126411
3.21014e-05
0.000126997
3.59208e-05
0.000127653
4.00119e-05
0.000128377
4.44156e-05
0.00012917
4.91817e-05
0.000130035
5.43726e-05
0.000130978
6.00681e-05
0.000132014
6.63612e-05
0.000133163
7.33465e-05
0.000134437
8.1139e-05
0.000135813
8.99896e-05
0.000137287
0.000100492
0.000138905
0.000141543
0.000113918
3.62282e-06
0.000111376
5.91604e-06
0.00012551
8.60665e-06
0.000121751
1.1536e-05
0.000121299
1.45268e-05
0.000121525
1.75989e-05
0.000121703
2.07877e-05
0.000121889
2.41187e-05
0.00012212
2.76166e-05
0.000122398
3.13082e-05
0.00012272
3.52218e-05
0.000123084
3.9388e-05
0.000123486
4.38409e-05
0.000123924
4.86207e-05
0.00012439
5.37749e-05
0.000124881
5.93616e-05
0.000125391
6.54529e-05
0.000125922
7.21365e-05
0.000126479
7.95055e-05
0.000127068
8.76489e-05
0.00012767
9.66963e-05
0.00012824
0.000106878
0.000128723
0.000129123
0.000119298
3.65844e-06
0.000107718
6.21861e-06
0.00012295
9.09255e-06
0.000118877
1.2213e-05
0.000118178
1.5401e-05
0.000118337
1.86675e-05
0.000118437
2.2049e-05
0.000118507
2.55718e-05
0.000118597
2.92603e-05
0.000118709
3.3141e-05
0.000118839
3.72419e-05
0.000118983
4.15928e-05
0.000119135
4.62253e-05
0.000119291
5.11747e-05
0.000119441
5.64814e-05
0.000119574
6.21927e-05
0.00011968
6.83663e-05
0.000119749
7.50725e-05
0.000119773
8.23909e-05
0.00011975
9.0393e-05
0.000119667
9.91547e-05
0.000119478
0.000108712
0.000119166
0.00011825
0.000119586
3.58514e-06
0.000104133
6.3484e-06
0.000120186
9.33755e-06
0.000115888
1.25639e-05
0.000114952
1.58611e-05
0.00011504
1.92308e-05
0.000115067
2.27085e-05
0.00011503
2.63199e-05
0.000114985
3.00878e-05
0.000114941
3.40363e-05
0.00011489
3.81911e-05
0.000114828
4.25792e-05
0.000114747
4.72282e-05
0.000114642
5.21674e-05
0.000114501
5.74277e-05
0.000114314
6.30439e-05
0.000114064
6.90563e-05
0.000113736
7.55131e-05
0.000113316
8.24716e-05
0.000112791
8.99856e-05
0.000112153
9.81028e-05
0.000111361
0.00010682
0.000110449
0.000108896
0.000116173
3.41568e-06
0.000100717
6.31298e-06
0.000117289
9.35247e-06
0.000112848
1.26038e-05
0.000111701
1.59255e-05
0.000111718
1.93124e-05
0.00011168
2.27962e-05
0.000111546
2.64014e-05
0.00011138
3.01483e-05
0.000111194
3.40576e-05
0.000110981
3.81513e-05
0.000110734
4.24523e-05
0.000110446
4.69836e-05
0.00011011
5.17678e-05
0.000109717
5.68279e-05
0.000109254
6.21869e-05
0.000108705
6.78693e-05
0.000108054
7.39031e-05
0.000107282
8.03214e-05
0.000106373
8.71583e-05
0.000105317
9.44393e-05
0.00010408
0.000102177
0.000102712
0.000100868
0.000110205
3.16769e-06
9.75493e-05
6.12919e-06
0.000114327
9.15815e-06
0.000109819
1.23605e-05
0.000108498
1.56289e-05
0.00010845
1.89544e-05
0.000108354
2.23639e-05
0.000108136
2.58796e-05
0.000107864
2.9519e-05
0.000107555
3.32992e-05
0.000107201
3.72383e-05
0.000106795
4.13542e-05
0.00010633
4.56651e-05
0.0001058
5.01879e-05
0.000105194
5.49386e-05
0.000104503
5.99315e-05
0.000103712
6.51796e-05
0.000102806
7.06953e-05
0.000101766
7.64927e-05
0.000100576
8.25875e-05
9.92218e-05
8.89878e-05
9.76796e-05
9.57147e-05
9.59848e-05
9.39809e-05
0.000102602
2.86167e-06
9.46876e-05
5.82e-06
0.000111369
8.78234e-06
0.000106857
1.18705e-05
0.00010541
1.50159e-05
0.000105304
1.821e-05
0.00010516
2.14751e-05
0.000104871
2.48302e-05
0.000104509
2.82901e-05
0.000104094
3.18686e-05
0.000103622
3.55797e-05
0.000103084
3.9437e-05
0.000102473
4.34538e-05
0.000101783
4.76424e-05
0.000101006
5.20133e-05
0.000100132
5.65746e-05
9.91507e-05
6.13321e-05
9.80484e-05
6.62886e-05
9.68099e-05
7.14456e-05
9.54187e-05
7.68053e-05
9.38622e-05
8.23636e-05
9.21214e-05
8.81335e-05
9.02149e-05
8.80979e-05
9.40165e-05
2.51918e-06
9.21682e-05
5.41445e-06
0.000108474
8.26298e-06
0.000104008
1.11827e-05
0.000102491
1.41455e-05
0.000102341
1.71492e-05
0.000102157
2.0212e-05
0.000101808
2.33495e-05
0.000101371
2.65735e-05
0.00010087
2.98951e-05
0.0001003
3.33248e-05
9.96539e-05
3.68724e-05
9.89252e-05
4.05472e-05
9.8108e-05
4.43574e-05
9.71956e-05
4.83094e-05
9.61801e-05
5.24074e-05
9.50528e-05
5.66526e-05
9.38033e-05
6.1043e-05
9.24195e-05
6.55736e-05
9.08882e-05
7.02383e-05
8.91976e-05
7.50272e-05
8.73326e-05
7.99406e-05
8.53014e-05
8.30992e-05
8.49393e-05
2.16996e-06
8.99982e-05
4.93336e-06
0.00010571
7.61063e-06
0.000101331
1.03061e-05
9.97952e-05
1.30269e-05
9.96207e-05
1.57816e-05
9.94019e-05
1.85851e-05
9.90042e-05
2.14495e-05
9.85068e-05
2.43843e-05
9.79354e-05
2.73978e-05
9.72867e-05
3.04977e-05
9.6554e-05
3.36909e-05
9.5732e-05
3.69835e-05
9.48155e-05
4.03802e-05
9.37989e-05
4.38845e-05
9.26758e-05
4.74979e-05
9.14394e-05
5.12191e-05
9.00821e-05
5.50436e-05
8.8595e-05
5.89636e-05
8.69681e-05
6.29687e-05
8.51924e-05
6.70453e-05
8.32559e-05
7.11813e-05
8.11655e-05
7.89232e-05
7.53572e-05
1.81282e-06
8.81855e-05
4.45961e-06
0.000103063
6.99306e-06
9.87978e-05
9.45683e-06
9.73315e-05
1.19246e-05
9.71529e-05
1.44253e-05
9.69011e-05
1.69697e-05
9.64597e-05
1.95654e-05
9.59111e-05
2.22188e-05
9.52821e-05
2.4936e-05
9.45696e-05
2.77226e-05
9.37675e-05
3.05833e-05
9.28715e-05
3.35217e-05
9.18772e-05
3.65405e-05
9.07801e-05
3.96409e-05
8.95753e-05
4.28226e-05
8.82577e-05
4.6083e-05
8.68216e-05
4.94171e-05
8.52609e-05
5.28169e-05
8.35683e-05
5.6272e-05
8.17373e-05
5.97707e-05
7.97571e-05
6.33038e-05
7.76325e-05
7.53542e-05
6.68727e-05
1.60354e-06
3.69455e-06
5.76566e-06
7.76895e-06
9.76184e-06
1.17779e-05
1.38282e-05
1.5917e-05
1.80482e-05
2.02258e-05
2.24529e-05
2.47318e-05
2.70641e-05
2.94501e-05
3.1889e-05
3.43787e-05
3.69155e-05
3.94935e-05
4.21044e-05
4.47373e-05
4.73785e-05
5.00104e-05
5.26154e-05
-9.89479e-06
3.57979e-06
-3.19495e-05
2.20547e-05
-0.000103833
7.18838e-05
9.85339e-05
-0.000202367
-6.72277e-05
5.92103e-05
-0.000158469
0.000113297
-0.000249694
0.000163109
0.000134022
-0.000285183
-0.000165566
0.000123764
-0.000243729
0.00019146
-0.000295976
0.000215355
0.000153577
-0.00031553
-0.000239259
0.000172294
-0.000281465
0.000233666
-0.000298536
0.000232426
0.000184192
-0.000329151
-0.000277533
0.00018881
-0.000282666
0.000238799
-0.000288107
0.000237867
0.000240851
-0.000344766
-0.000269216
0.000169483
-0.000254474
0.000224057
-0.000257156
0.000240549
0.000306615
-0.000322919
-0.000219873
0.000162279
-0.000211205
0.000215389
-0.000205039
0.000234383
0.000317167
-0.000215591
-0.000174912
0.000162234
-0.000174385
0.000214862
-0.000171617
0.000231615
0.000281392
-0.000135842
-0.000163963
0.000151627
-0.000160007
0.000210905
-0.000158034
0.000229642
0.000254806
-0.000131448
-0.000179826
0.000134741
-0.00016634
0.000197419
-0.000142892
0.000206195
0.000192754
-8.08403e-05
-0.00019401
0.000111948
-0.000160995
0.000164404
-9.71984e-05
0.000142398
0.000148814
-5.32581e-05
-0.000191265
8.88056e-05
-0.000122669
9.58078e-05
-8.09193e-05
0.000100649
0.000103145
-3.52505e-05
-0.000145443
9.10026e-05
-0.000127775
7.81397e-05
-0.000107061
7.99353e-05
4.41816e-05
-4.80978e-05
-0.000148862
0.000131568
-0.000164591
9.38687e-05
-0.000140506
5.58497e-05
-5.20118e-05
-4.43125e-05
-0.000136393
0.000186047
-0.000162692
0.000120168
-0.000122561
1.57187e-05
-0.000162114
-1.24592e-05
-0.000125688
0.000237851
-0.000144458
0.000138939
-8.28548e-05
-4.58843e-05
-0.000261144
1.61752e-05
-0.000124774
0.000283036
-0.000121427
0.000135591
-4.8928e-05
-0.000118383
-0.00033457
2.44987e-05
-0.000131364
0.000320415
-0.00010666
0.000110887
-4.13464e-05
-0.000183697
-0.000394427
1.85101e-05
-0.000131194
0.00034244
-9.54215e-05
7.51141e-05
-4.96621e-05
-0.000229456
-0.000425092
-1.89967e-05
-0.000126521
0.000350746
-9.46407e-05
4.32339e-05
-6.98373e-05
-0.000254259
-0.000418968
-7.59617e-05
-0.000121284
0.000353551
-0.000102963
2.49122e-05
-0.000101557
-0.000255665
-0.000389938
-0.000130587
-0.000115855
0.000359846
-0.000117463
2.652e-05
-0.000140826
-0.000232302
-0.000347838
-0.000182925
-0.000111175
0.000376809
-0.000135759
5.11038e-05
-0.000177172
-0.000190889
-0.00030011
-0.0002249
-0.000103364
0.000405134
-0.000146382
9.41217e-05
-0.000202693
-0.000134577
-0.000249404
-0.000253399
-8.96613e-05
0.000442347
-0.000143209
0.00014767
-0.000209282
-6.85043e-05
-0.000193072
-0.000265613
-7.12381e-05
0.000485585
-0.000132263
0.000208695
-0.00020344
2.67294e-06
-0.000133575
-0.000262938
-4.55989e-05
0.000529025
-0.000111373
0.000274469
-0.000183702
7.50027e-05
-7.39128e-05
-0.000243364
-1.21902e-05
0.000568635
-7.86625e-05
0.000340941
-0.000146876
0.000143216
-1.90002e-05
-0.000201789
3.38978e-05
0.000591198
-3.02548e-05
0.000405094
-9.42144e-05
0.000207176
2.95533e-05
-0.000142768
8.44854e-05
0.000588998
3.62418e-05
0.000453337
-2.3223e-05
0.000266641
7.62254e-05
-6.98949e-05
0.000129913
0.000560966
0.000109156
0.000474093
6.18472e-05
0.00031395
0.000123251
1.48214e-05
0.000158952
0.000515932
0.000167739
0.000465306
0.000143922
0.000337768
0.00016161
0.000105563
0.000171173
0.000464057
0.000201907
0.000434572
0.000202645
0.00033703
0.000184527
0.000179728
0.000169816
0.000413826
0.000212264
0.000392125
0.000232157
0.000317137
0.000188853
0.000227831
0.000159755
0.000370245
0.000204489
0.00034739
0.000234936
0.000286691
0.000181032
0.000242757
0.000145609
0.000334841
0.00018589
0.000307109
0.000218309
0.000254272
0.000167172
0.000232169
0.00013057
0.000306873
0.000163209
0.00027447
0.000191919
0.000225562
0.000152187
0.000206903
0.000116126
0.000284764
0.000140936
0.00024966
0.00016354
0.000202958
0.000139207
0.000176521
0.000102669
0.000267034
0.000121086
0.000231242
0.000137604
0.00018644
0.000129525
0.000147286
8.97411e-05
0.00025265
0.000103494
0.000217489
0.0001151
0.000174835
0.000123126
0.000121498
7.87361e-05
0.000240787
8.94391e-05
0.000206786
9.77533e-05
0.000166521
0.000119142
0.000101737
6.1356e-05
6.87393e-05
7.37372e-05
7.51073e-05
-0.000203534
4.09108e-05
-0.000193428
1.33622e-06
-0.000131655
2.19134e-05
-4.96351e-05
4.54784e-05
-2.63565e-05
1.58014e-05
-5.4422e-05
-2.48879e-05
-7.50876e-05
-2.34229e-05
-6.05868e-05
2.87984e-05
-2.73397e-05
7.27034e-05
-2.56473e-05
5.7767e-05
-5.68861e-05
2.79233e-05
-9.995e-05
9.08108e-06
-0.00012537
-1.31035e-05
-0.000133576
-4.68777e-05
-0.000120776
-9.4785e-05
-8.37502e-05
-0.000135482
-4.40172e-05
-0.000118433
-1.12661e-05
-6.09584e-05
-6.13042e-06
-0.000287685
4.34132e-05
-0.000287002
6.52698e-07
-0.000266494
1.40601e-06
-0.000227876
6.85974e-06
-0.000200297
-1.17768e-05
-0.00018904
-3.61448e-05
-0.000180492
-3.19714e-05
-0.000157014
5.32048e-06
-0.000126498
4.21869e-05
-0.000122794
5.40632e-05
-0.000143544
4.86734e-05
-0.000165859
3.13966e-05
-0.000199253
2.02898e-05
-0.000228501
-1.76294e-05
-0.000188782
-0.000134504
-0.000114833
-0.000209431
-6.62323e-05
-0.000167034
-2.46234e-05
-0.000102567
-3.07538e-05
-0.000330764
5.86475e-05
-0.000333466
3.35514e-06
-0.000311753
-2.03078e-05
-0.000279674
-2.52184e-05
-0.000249795
-4.16565e-05
-0.000231241
-5.46985e-05
-0.000219676
-4.35369e-05
-0.000202764
-1.15912e-05
-0.00018011
1.95335e-05
-0.000173997
4.79493e-05
-0.000202504
7.71805e-05
-0.000279133
0.000108026
-0.000410871
0.000152027
-0.000440988
1.24877e-05
-0.000283234
-0.000292258
-0.000129678
-0.000362986
-7.50758e-05
-0.000221636
-4.28613e-05
-0.000134782
-7.36151e-05
-0.000389443
0.00011894
-0.000431824
4.57357e-05
-0.000413328
-3.88036e-05
-0.000369299
-6.9248e-05
-0.000323873
-8.7082e-05
-0.000281687
-9.68846e-05
-0.000249164
-7.60603e-05
-0.000232955
-2.77996e-05
-0.000235105
2.16831e-05
-0.000264235
7.7079e-05
-0.000345816
0.000158762
-0.00047257
0.00023478
-0.000530065
0.000209523
-0.000450237
-6.73404e-05
-0.000312456
-0.000430039
-0.000132426
-0.000543016
-4.71171e-05
-0.000306946
-4.43141e-05
-0.000137585
-0.000117929
-0.000421265
0.000195439
-0.000478939
0.00010341
-0.00049613
-2.16122e-05
-0.000468343
-9.70348e-05
-0.00042836
-0.000127066
-0.000392993
-0.000132251
-0.000363616
-0.000105438
-0.000329818
-6.15978e-05
-0.000330604
2.24698e-05
-0.000388486
0.000134961
-0.000462934
0.00023321
-0.000477601
0.000249447
-0.000395005
0.000126926
-0.000298175
-0.00016417
-0.000181848
-0.000546366
-9.82342e-05
-0.00062663
4.44169e-05
-0.000449597
8.45573e-06
-0.000101624
-0.000109473
-0.000393289
0.000265809
-0.000425295
0.000135415
-0.000416124
-3.07831e-05
-0.000399303
-0.000113856
-0.000389823
-0.000136546
-0.000386473
-0.000135601
-0.000385727
-0.000106184
-0.000394166
-5.31589e-05
-0.00040845
3.67534e-05
-0.0004217
0.000148212
-0.000392858
0.000204367
-0.000307062
0.00016365
-0.000195872
1.57358e-05
-0.000125152
-0.00023489
-9.51396e-05
-0.000576378
-6.43709e-05
-0.000657399
7.54251e-05
-0.000589393
0.000135717
-0.000161916
2.62439e-05
-0.000260532
0.000310749
-0.00025042
0.000125303
-0.000212476
-6.87269e-05
-0.000185466
-0.000140867
-0.000187546
-0.000134465
-0.000219652
-0.000103495
-0.00026764
-5.81964e-05
-0.000307966
-1.28319e-05
-0.000316364
4.51507e-05
-0.000282419
0.000114267
-0.000204087
0.000126035
-9.81026e-05
5.76653e-05
-9.06785e-06
-7.32988e-05
5.43598e-06
-0.000249394
-4.1046e-05
-0.000529896
-2.17764e-05
-0.000676668
4.43313e-05
-0.0006555
0.000135203
-0.000252788
0.000161447
-0.00012839
0.000303298
-0.000103666
0.000100578
-7.99725e-05
-9.24209e-05
-6.03091e-05
-0.00016053
-3.57305e-05
-0.000159044
-2.14935e-05
-0.000117732
-3.68703e-05
-4.28193e-05
-8.58034e-05
3.61014e-05
-0.000126128
8.54746e-05
-0.000108625
9.67639e-05
-4.84126e-05
6.5823e-05
1.91537e-05
-9.9011e-06
7.11106e-05
-0.000125256
6.78292e-05
-0.000246113
6.60196e-06
-0.000468669
9.78849e-06
-0.000679855
3.44913e-05
-0.000680203
8.5965e-05
-0.000304261
0.000247412
-5.6861e-05
0.00022871
-1.24335e-07
4.38416e-05
2.98981e-05
-0.000122443
5.11342e-05
-0.000181766
8.19761e-05
-0.000189886
9.30353e-05
-0.000128791
8.5226e-05
-3.50096e-05
7.41881e-05
4.71393e-05
6.32953e-05
9.63677e-05
5.99345e-05
0.000100125
6.67093e-05
5.9048e-05
7.06736e-05
-1.38655e-05
6.576e-05
-0.000120342
4.56787e-05
-0.000226031
3.45517e-05
-0.000457542
2.58293e-05
-0.000671132
3.59503e-05
-0.000690324
3.62115e-05
-0.000304523
0.000283623
-1.55991e-06
0.00014943
6.79488e-05
-2.56674e-05
0.000101074
-0.000155568
0.000143734
-0.000224427
0.000194725
-0.000240877
0.000222844
-0.00015691
0.000206013
-1.81782e-05
0.000166371
8.67814e-05
0.000140283
0.000122455
0.000128963
0.000111445
0.000113882
7.41291e-05
8.16566e-05
1.83597e-05
2.09223e-05
-5.96081e-05
-7.50053e-06
-0.000197609
4.0817e-05
-0.00050586
3.32852e-05
-0.000663601
2.44597e-05
-0.000681499
-2.33903e-07
-0.000279829
0.000283389
3.10566e-05
6.51151e-05
0.000101359
-9.59696e-05
0.000143269
-0.000197478
0.000183296
-0.000264454
0.000238072
-0.000295653
0.00028735
-0.000206188
0.000291498
-2.23262e-05
0.000233943
0.000144337
0.000171408
0.00018499
0.000129381
0.000153472
9.06305e-05
0.00011288
3.31962e-05
7.5794e-05
-6.48347e-05
3.84225e-05
-4.38428e-05
-0.000218601
3.10956e-05
-0.000580798
2.96817e-05
-0.000662187
-5.30479e-06
-0.000646512
-3.0185e-05
-0.000254949
0.000253204
4.27212e-05
-1.28565e-05
0.000112118
-0.000165366
0.000141335
-0.000226696
0.000169565
-0.000292684
0.000207264
-0.000333352
0.000253325
-0.00025225
0.000288337
-5.73384e-05
0.000250141
0.000182532
0.000175153
0.000259978
0.00011092
0.000217705
5.60632e-05
0.000167736
-1.89378e-05
0.000150795
-9.77194e-05
0.000117204
-3.00436e-05
-0.000286277
1.57345e-05
-0.000626576
1.25999e-05
-0.000659052
-3.77737e-05
-0.000596139
-7.07918e-05
-0.000221931
0.000182413
4.47607e-05
-0.000105715
9.1753e-05
-0.000212359
0.000113793
-0.000248736
0.000141641
-0.000320531
0.000172566
-0.000364277
0.000201023
-0.000280707
0.000230318
-8.66342e-05
0.000212981
0.000199869
0.000148193
0.000324766
8.4613e-05
0.000281285
3.07922e-05
0.000221557
-3.51816e-05
0.000216768
-7.59458e-05
0.000157968
-1.90432e-05
-0.000343179
9.47255e-07
-0.000646567
-1.23523e-05
-0.000645752
-8.03751e-05
-0.000528116
-0.00010815
-0.000194156
7.4263e-05
4.4263e-05
-0.00019429
7.79149e-05
-0.000246011
9.94022e-05
-0.000270223
0.000120484
-0.000341613
0.00014415
-0.000387944
0.000154797
-0.000291353
0.000159927
-9.17636e-05
0.000143416
0.000216379
9.77041e-05
0.000370478
5.29927e-05
0.000325996
1.41242e-05
0.000260425
-3.11786e-05
0.000262071
-4.67917e-05
0.000173581
-1.25017e-05
-0.000377469
-1.03694e-05
-0.000648699
-3.30942e-05
-0.000623028
-9.7085e-05
-0.000464125
-0.000109427
-0.000181814
-3.51644e-05
5.0579e-05
-0.000257329
8.37852e-05
-0.000279217
0.000101116
-0.000287554
0.00010458
-0.000345077
0.000111184
-0.000394547
0.000103614
-0.000283784
8.44173e-05
-7.25667e-05
5.72273e-05
0.000243569
3.56433e-05
0.000392063
1.98692e-05
0.00034177
3.09824e-06
0.000277196
-2.28408e-05
0.00028801
-2.31291e-05
0.00017387
-5.45628e-06
-0.000395142
-1.98683e-05
-0.000634287
-5.00889e-05
-0.000592807
-8.3931e-05
-0.000430283
-6.1441e-05
-0.000204303
-9.66054e-05
6.21998e-05
-0.000303353
9.96101e-05
-0.000316627
0.000120222
-0.000308165
9.7608e-05
-0.000322463
6.7883e-05
-0.000364823
4.40966e-05
-0.000259998
5.09705e-06
-3.35673e-05
-3.14832e-05
0.000280149
-2.5733e-05
0.000386312
-1.08815e-05
0.000326919
-1.03742e-05
0.000276689
-2.02924e-05
0.000297929
-7.67142e-06
0.000161249
1.83198e-06
-0.000404645
-2.55486e-05
-0.000606906
-6.07703e-05
-0.000557585
-7.23016e-05
-0.000418751
-2.39481e-05
-0.000252657
-0.000120553
6.8792e-05
-0.000347646
0.000104372
-0.000352207
0.000113057
-0.000316851
7.5125e-05
-0.000284532
1.13629e-05
-0.00030106
-2.78979e-05
-0.000220737
-9.58322e-05
3.4367e-05
-0.000112672
0.000296989
-7.17963e-05
0.000345436
-3.50782e-05
0.000290201
-2.47314e-05
0.000266342
-2.35153e-05
0.000296712
-6.57171e-07
0.00013839
6.39591e-06
-0.000411698
-2.34334e-05
-0.000577077
-5.78453e-05
-0.000523173
-6.66187e-05
-0.000409978
-1.62404e-05
-0.000303035
-0.000136794
4.72356e-05
-0.000376372
5.58825e-05
-0.000360854
4.66506e-05
-0.000307619
1.44373e-05
-0.000252318
-5.44501e-05
-0.000232173
-0.000134895
-0.000140291
-0.000195073
9.45442e-05
-0.000167459
0.000269376
-0.000101581
0.000279558
-5.44536e-05
0.000243074
-4.08474e-05
0.000252735
-3.01206e-05
0.000285986
3.09584e-06
0.000105174
8.87467e-06
-0.000417477
-1.85592e-05
-0.000549643
-4.62676e-05
-0.000495465
-5.52301e-05
-0.000401015
-2.53276e-05
-0.000332938
-0.000162121
-1.5214e-05
-0.000380155
-3.02919e-05
-0.000345776
-5.14188e-05
-0.000286492
-8.50807e-05
-0.000218656
-0.000150297
-0.000166956
-0.000234412
-5.61762e-05
-0.000249941
0.000110073
-0.000190811
0.000210246
-0.000116382
0.000205129
-7.16733e-05
0.000198365
-5.79804e-05
0.000239042
-3.77171e-05
0.000265722
1.77387e-06
6.56826e-05
7.78616e-06
-0.00042349
-1.39479e-05
-0.000527909
-3.70468e-05
-0.000472366
-4.61559e-05
-0.000391906
-2.73911e-05
-0.000351702
-0.000189512
-9.43718e-05
-0.000361744
-0.000123622
-0.000316526
-0.000160384
-0.00024973
-0.000196663
-0.000182377
-0.000247436
-0.000116183
-0.000287258
-1.63539e-05
-0.000262713
8.55277e-05
-0.000190189
0.000137721
-0.000123812
0.000138752
-8.87205e-05
0.000163274
-7.25715e-05
0.000222893
-4.29507e-05
0.000236102
-4.65138e-06
2.73832e-05
2.49494e-06
-0.000430636
-1.09232e-05
-0.000514491
-3.10732e-05
-0.000452216
-3.98466e-05
-0.000383133
-2.72187e-05
-0.00036433
-0.000216731
-0.000164697
-0.000327635
-0.000203765
-0.000277457
-0.000243885
-0.00020961
-0.000276656
-0.000149605
-0.000299687
-9.31524e-05
-0.000296278
-1.97625e-05
-0.000248935
3.81853e-05
-0.000180367
6.91533e-05
-0.000129744
8.81288e-05
-0.000101899
0.000135429
-7.88492e-05
0.000199843
-4.14352e-05
0.000198688
-6.77446e-06
-7.2777e-06
-1.78346e-06
-0.000435627
-7.94667e-06
-0.000508328
-2.60921e-05
-0.000434071
-3.43583e-05
-0.000374866
-2.6821e-05
-0.000371867
-0.000243552
-0.000220214
-0.000290346
-0.000256748
-0.000240923
-0.000287237
-0.000179121
-0.000304936
-0.000131907
-0.000304247
-9.38406e-05
-0.000275939
-4.80714e-05
-0.000224909
-1.28441e-05
-0.000170014
1.42587e-05
-0.000131814
4.99286e-05
-0.000104397
0.000108012
-7.32056e-05
0.000168652
-3.27307e-05
0.000158213
-4.99399e-06
-3.50145e-05
-5.34812e-06
-0.000435273
-6.49756e-06
-0.000507178
-2.03582e-05
-0.00042021
-2.73623e-05
-0.000367862
-2.47087e-05
-0.000374521
-0.000268261
-0.000258262
-0.000256984
-0.000283816
-0.000215368
-0.000298007
-0.00016493
-0.000299217
-0.000130696
-0.000284473
-0.000108585
-0.000247339
-8.52048e-05
-0.000200166
-6.00176e-05
-0.000157287
-2.862e-05
-0.000124565
1.72068e-05
-9.36938e-05
7.71401e-05
-5.66192e-05
0.000131577
-1.64118e-05
0.000118005
5.74885e-06
-5.71752e-05
6.59932e-07
-0.000430184
-4.80329e-06
-0.000501715
-1.40984e-05
-0.000410915
-1.89551e-05
-0.000363006
-2.12947e-05
-0.000372181
-0.000289555
-0.000280235
-0.000230148
-0.000294244
-0.000201359
-0.000294928
-0.000164247
-0.000282473
-0.00014315
-0.000257743
-0.000133315
-0.000219522
-0.000123426
-0.000176318
-0.000103222
-0.000139309
-6.56289e-05
-0.000107974
-1.41283e-05
-7.3793e-05
4.29593e-05
-3.36891e-05
9.14735e-05
3.78438e-06
8.05319e-05
2.46616e-05
-7.80525e-05
1.25587e-05
-0.000418081
-2.11725e-06
-0.000487039
-8.70872e-06
-0.000404324
-1.06278e-05
-0.000361086
-1.69102e-05
-0.000365899
-0.000306466
-0.000288281
-0.00020748
-0.000291314
-0.000198326
-0.000282149
-0.000173411
-0.000262395
-0.000162904
-0.000232156
-0.000163555
-0.000194892
-0.00016069
-0.000155161
-0.000142953
-0.000118675
-0.000102114
-8.63267e-05
-4.64764e-05
-5.11033e-05
7.73603e-06
-9.32413e-06
4.96943e-05
2.94092e-05
4.17986e-05
4.72264e-05
-9.58697e-05
2.69817e-05
-0.000397836
3.76753e-06
-0.000463825
-2.86868e-06
-0.000397687
-3.73088e-06
-0.000360224
-1.19033e-05
-0.000357726
-0.000318369
-0.000284569
-0.000185849
-0.000280499
-0.000202397
-0.000262329
-0.000191581
-0.000238295
-0.000186938
-0.000209064
-0.000192785
-0.000173809
-0.000195945
-0.00013491
-0.000181853
-9.67906e-05
-0.000140233
-6.35185e-05
-7.97485e-05
-3.03683e-05
-2.54141e-05
1.02501e-05
9.07587e-06
5.11117e-05
9.37093e-07
7.04664e-05
-0.000115224
4.15128e-05
-0.000368883
1.32549e-05
-0.000435567
4.39903e-06
-0.000388831
1.57812e-06
-0.000357403
-6.65378e-06
-0.000349494
-0.000325023
-0.000267913
-0.000161299
-0.000264901
-0.000205409
-0.000242482
-0.000213999
-0.000212673
-0.000216747
-0.000182857
-0.000222601
-0.000150577
-0.000228224
-0.000112575
-0.000219855
-7.31093e-05
-0.000179699
-4.06907e-05
-0.000112167
-1.33234e-05
-5.27814e-05
2.33959e-05
-2.76435e-05
6.28693e-05
-3.85362e-05
8.93929e-05
-0.000141748
5.72779e-05
-0.000336768
2.73659e-05
-0.000405655
1.38877e-05
-0.000375353
6.47399e-06
-0.000349989
-1.50139e-06
-0.000341519
-0.000326524
-0.000231032
-0.000132056
-0.000235365
-0.000201076
-0.000215529
-0.000233835
-0.000184359
-0.000247917
-0.000152712
-0.000254248
-0.000124262
-0.000256675
-9.32582e-05
-0.000250859
-5.48396e-05
-0.000218117
-2.18478e-05
-0.000145159
-9.18481e-08
-7.45374e-05
2.74677e-05
-5.5203e-05
6.01503e-05
-7.12188e-05
8.98658e-05
-0.000171463
7.03744e-05
-0.000317276
4.05213e-05
-0.000375801
2.15679e-05
-0.000356399
1.03899e-05
-0.000338811
2.46622e-06
-0.000333595
-0.000324058
-0.000173768
-0.000101056
-0.000185559
-0.000189284
-0.000175127
-0.000244268
-0.000152684
-0.00027036
-0.00012893
-0.000278002
-0.000108029
-0.000277576
-8.70899e-05
-0.000271798
-5.72612e-05
-0.000247946
-1.8838e-05
-0.000183582
6.27036e-06
-9.96456e-05
2.70651e-05
-7.59976e-05
5.05434e-05
-9.4697e-05
7.93071e-05
-0.000200227
7.23024e-05
-0.000310271
4.57967e-05
-0.000349296
2.5077e-05
-0.000335679
1.28378e-05
-0.000326572
4.68982e-06
-0.000325447
-0.000319368
-0.000100667
-7.02837e-05
-0.000119732
-0.000170219
-0.000122416
-0.000241584
-0.000111443
-0.000281334
-9.99365e-05
-0.000289508
-9.32832e-05
-0.000284229
-8.78125e-05
-0.000277268
-7.18639e-05
-0.000263895
-3.85534e-05
-0.000216893
-2.46793e-07
-0.000137952
2.66587e-05
-0.000102903
4.99899e-05
-0.000118028
7.22331e-05
-0.00022247
6.75317e-05
-0.00030557
4.34081e-05
-0.000325172
2.46769e-05
-0.000316948
1.36624e-05
-0.000315557
5.68266e-06
-0.000317467
-0.000313685
-1.5887e-05
-3.95753e-05
-3.87121e-05
-0.000147394
-5.39045e-05
-0.000226391
-6.03738e-05
-0.000274864
-6.08841e-05
-0.000288998
-6.74484e-05
-0.000277665
-8.28856e-05
-0.000261831
-8.59875e-05
-0.000260793
-6.95414e-05
-0.000233339
-2.3834e-05
-0.000183659
2.14356e-05
-0.000148173
5.71009e-05
-0.000153693
7.03776e-05
-0.000235747
5.90487e-05
-0.000294241
3.63802e-05
-0.000302503
2.20332e-05
-0.000302601
1.3181e-05
-0.000306705
5.8571e-06
-0.000310144
-0.000307828
7.13361e-05
-5.3482e-06
4.59737e-05
-0.000122032
2.25113e-05
-0.000202929
1.16657e-06
-0.00025352
-1.52404e-05
-0.000272591
-3.0539e-05
-0.000262366
-6.12096e-05
-0.000231161
-8.52795e-05
-0.000236723
-8.3172e-05
-0.000235446
-5.05858e-05
-0.000216246
4.53744e-06
-0.000203296
5.36637e-05
-0.00020282
6.25315e-05
-0.000244614
4.55693e-05
-0.000277279
2.78129e-05
-0.000284747
1.86639e-05
-0.000293452
1.18982e-05
-0.000299939
5.49011e-06
-0.000303736
-0.000302338
0.000152127
2.22528e-05
0.000120666
-9.05707e-05
9.06997e-05
-0.000172962
6.07204e-05
-0.00022354
3.25074e-05
-0.000244378
9.66755e-06
-0.000239526
-1.99981e-05
-0.000201495
-5.9971e-05
-0.00019675
-7.6743e-05
-0.000218674
-6.07678e-05
-0.000232221
-1.67472e-05
-0.000247316
3.26063e-05
-0.000252173
4.02572e-05
-0.000252265
2.83606e-05
-0.000265382
2.05008e-05
-0.000276887
1.53805e-05
-0.000288332
1.0237e-05
-0.000294796
4.84281e-06
-0.000298341
-0.000297495
0.000207836
4.22475e-05
0.000176929
-5.96636e-05
0.000142771
-0.000138803
0.00010768
-0.00018845
7.39771e-05
-0.000210674
4.64464e-05
-0.000211995
2.63956e-05
-0.000181444
-8.26721e-06
-0.000162087
-4.12726e-05
-0.000185669
-4.5847e-05
-0.000227646
-2.98671e-05
-0.000263296
5.69404e-06
-0.000287734
1.52183e-05
-0.00026179
1.53217e-05
-0.000265486
1.54019e-05
-0.000276967
1.24269e-05
-0.000285357
8.54888e-06
-0.000290918
4.13088e-06
-0.000293923
-0.000293365
0.000230724
5.42805e-05
0.000204978
-3.39173e-05
0.000171849
-0.000105674
0.000136102
-0.000152703
0.000101822
-0.000176395
7.25155e-05
-0.000182689
5.84349e-05
-0.000167363
4.22897e-05
-0.000145942
1.49375e-05
-0.000158316
-6.78205e-06
-0.000205927
-2.56029e-05
-0.000244475
-8.70144e-06
-0.000304636
4.80922e-06
-0.0002753
9.60239e-06
-0.000270279
1.2334e-05
-0.000279699
1.00695e-05
-0.000283092
7.09156e-06
-0.00028794
3.47426e-06
-0.000290306
-0.00028989
0.000226696
5.97534e-05
0.000207247
-1.44677e-05
0.000178456
-7.6883e-05
0.000145849
-0.000120096
0.00011418
-0.000144725
8.66236e-05
-0.000155133
7.19841e-05
-0.000152724
6.36565e-05
-0.000137614
5.06222e-05
-0.000145282
3.68618e-05
-0.000192166
4.81709e-07
-0.000208095
-4.78171e-06
-0.000299372
6.16292e-06
-0.000286245
9.06997e-06
-0.000273186
1.0553e-05
-0.000281182
8.39555e-06
-0.000280935
5.92238e-06
-0.000285467
2.90822e-06
-0.000287292
-0.000286982
0.000205527
6.11297e-05
0.0001917
-6.40436e-07
0.000168663
-5.38456e-05
0.000141185
-9.26189e-05
0.00011392
-0.00011746
8.95134e-05
-0.000130726
7.55419e-05
-0.000138752
6.99118e-05
-0.000131984
6.46187e-05
-0.000139989
6.89578e-05
-0.000196505
3.38942e-05
-0.000173031
8.18221e-06
-0.00027366
1.14064e-05
-0.000289469
1.00082e-05
-0.000271787
9.34788e-06
-0.000280521
7.19395e-06
-0.000278781
4.954e-06
-0.000283227
2.41655e-06
-0.000284755
-0.000284566
0.000176875
6.07759e-05
0.000167149
9.08571e-06
0.000149482
-3.61789e-05
0.000127372
-7.05091e-05
0.00010495
-9.50376e-05
8.39866e-05
-0.000109763
7.27516e-05
-0.000127517
7.17566e-05
-0.000130989
7.22224e-05
-0.000140454
8.39264e-05
-0.000208209
5.16942e-05
-0.000140799
1.88099e-05
-0.000240776
1.44323e-05
-0.000285091
1.02808e-05
-0.000267636
8.18268e-06
-0.000278423
6.14629e-06
-0.000276745
4.07408e-06
-0.000281155
1.9646e-06
-0.000282645
-0.000282601
0.000147731
6.03308e-05
0.000140498
1.63188e-05
0.000126874
-2.25549e-05
0.000109369
-5.30036e-05
9.09644e-05
-7.66333e-05
7.30599e-05
-9.18579e-05
6.42394e-05
-0.000118697
6.71824e-05
-0.000133931
7.37451e-05
-0.000147017
8.67825e-05
-0.000221246
4.676e-05
-0.000100776
2.08645e-05
-0.00021488
1.37102e-05
-0.000277937
9.22922e-06
-0.000263155
6.71028e-06
-0.000275905
5.02475e-06
-0.000275059
3.20664e-06
-0.000279337
1.52159e-06
-0.00028096
-0.000281079
0.000121246
6.05825e-05
0.000115441
2.21243e-05
0.000104759
-1.18734e-05
9.11548e-05
-3.93993e-05
7.45004e-05
-5.99789e-05
5.84062e-05
-7.57637e-05
5.07817e-05
-0.000111072
5.45011e-05
-0.000137651
6.49605e-05
-0.000157476
7.81738e-05
-0.000234459
2.89361e-05
-5.15386e-05
1.44386e-05
-0.000200383
1.04673e-05
-0.000273966
7.18738e-06
-0.000259875
4.91594e-06
-0.000273633
3.74215e-06
-0.000273886
2.31409e-06
-0.000277909
1.07003e-06
-0.000279716
-0.000280009
0.000100775
6.15451e-05
9.59293e-05
2.69697e-05
8.68999e-05
-2.84408e-06
7.39637e-05
-2.64631e-05
5.47487e-05
-4.07639e-05
3.92185e-05
-6.02336e-05
3.24247e-05
-0.000104278
3.45395e-05
-0.000139766
4.55956e-05
-0.000168532
5.98819e-05
-0.000248746
1.33753e-05
-5.03188e-06
7.55964e-06
-0.000194567
6.07115e-06
-0.000272477
4.68621e-06
-0.00025849
2.9102e-06
-0.000271857
2.30819e-06
-0.000273284
1.3891e-06
-0.00027699
6.09147e-07
-0.000278936
-0.0002794
7.27744e-05
6.66335e-05
5.69765e-05
4.16734e-05
2.34262e-05
1.40475e-05
1.06307e-05
1.14891e-05
1.78189e-05
2.65486e-05
2.53412e-06
4.41859e-06
1.60847e-06
1.77392e-06
9.03551e-07
7.6629e-07
4.64161e-07
1.7979e-07
)
;

boundaryField
{
    leftWall
    {
        type            calculated;
        value           uniform 0;
    }
    rightWall
    {
        type            calculated;
        value           uniform 0;
    }
    lowerWall
    {
        type            calculated;
        value           uniform 0;
    }
    atmosphere
    {
        type            calculated;
        value           nonuniform List<scalar> 
46
(
8.6582e-05
0.000100973
9.67267e-05
9.53282e-05
9.516e-05
9.4885e-05
9.44094e-05
9.38223e-05
9.31509e-05
9.23921e-05
9.15406e-05
9.05925e-05
8.95449e-05
8.8394e-05
8.71363e-05
8.57679e-05
8.42848e-05
8.26829e-05
8.09572e-05
7.91043e-05
7.71159e-05
7.50007e-05
7.27492e-05
0.000232046
0.000199403
0.000161523
0.000117772
6.38779e-05
3.31105e-05
6.81286e-06
-1.11601e-05
-2.25167e-05
-5.08549e-05
-0.000100862
-0.000140624
-0.000174862
-0.000257475
1.89826e-05
-0.000196452
-0.000269667
-0.000258656
-0.000270987
-0.000273146
-0.000276688
-0.000278652
-0.000279221
)
;
    }
    defaultFaces
    {
        type            empty;
        value           nonuniform List<scalar> 0();
    }
}


// ************************************************************************* //
