/*--------------------------------*- C++ -*----------------------------------*\
| =========                 |                                                 |
| \\      /  F ield         | OpenFOAM: The Open Source CFD Toolbox           |
|  \\    /   O peration     | Version:  2206                                  |
|   \\  /    A nd           | Website:  www.openfoam.com                      |
|    \\/     M anipulation  |                                                 |
\*---------------------------------------------------------------------------*/
FoamFile
{
    version     2.0;
    format      ascii;
    arch        "LSB;label=32;scalar=64";
    class       volVectorField;
    location    "0.225";
    object      U;
}
// * * * * * * * * * * * * * * * * * * * * * * * * * * * * * * * * * * * * * //

dimensions      [0 1 -1 0 0 0 0];

internalField   nonuniform List<vector> 
2268
(
(0.00393265 -0.00475509 0)
(0.0182057 -0.00852734 0)
(0.0371319 -0.0085225 0)
(0.0548498 -0.00770904 0)
(0.0706838 -0.0070901 0)
(0.0853245 -0.00669066 0)
(0.0992523 -0.0063471 0)
(0.11247 -0.00595411 0)
(0.124777 -0.00546577 0)
(0.135939 -0.00485867 0)
(0.145689 -0.00410951 0)
(0.1537 -0.00317171 0)
(0.159465 -0.00196187 0)
(0.162674 -0.000170276 0)
(0.161939 0.00253159 0)
(0.155772 0.00602604 0)
(0.143369 0.00984578 0)
(0.124496 0.0132195 0)
(0.0999287 0.0151757 0)
(0.0721536 0.0148169 0)
(0.0448046 0.0113688 0)
(0.0218637 0.00561359 0)
(0.00583961 0.000547763 0)
(0.00385007 -0.0143411 0)
(0.0182967 -0.0257803 0)
(0.0375394 -0.025846 0)
(0.0555237 -0.0234243 0)
(0.0715923 -0.0215498 0)
(0.0864637 -0.0203403 0)
(0.100626 -0.0193162 0)
(0.114098 -0.0181539 0)
(0.126694 -0.01671 0)
(0.138195 -0.0149154 0)
(0.14836 -0.0127065 0)
(0.156908 -0.0099881 0)
(0.163633 -0.00662154 0)
(0.168052 -0.0023371 0)
(0.170554 0.00310805 0)
(0.171361 0.00989186 0)
(0.169736 0.0178292 0)
(0.164011 0.0262906 0)
(0.151856 0.034075 0)
(0.131068 0.0394519 0)
(0.100904 0.040244 0)
(0.0630498 0.0355541 0)
(0.0213924 0.0284517 0)
(0.00368257 -0.0238793 0)
(0.0182203 -0.0431498 0)
(0.0378258 -0.043405 0)
(0.0561238 -0.0393757 0)
(0.0724566 -0.0361985 0)
(0.0875742 -0.0341579 0)
(0.10199 -0.0324717 0)
(0.115754 -0.0305824 0)
(0.128711 -0.0282391 0)
(0.140659 -0.0253281 0)
(0.151369 -0.0217551 0)
(0.160576 -0.0174064 0)
(0.167971 -0.0121465 0)
(0.173158 -0.00590454 0)
(0.175744 0.00138255 0)
(0.175443 0.0100792 0)
(0.17207 0.0205602 0)
(0.165588 0.0329307 0)
(0.155428 0.0466921 0)
(0.139581 0.0603519 0)
(0.114703 0.071251 0)
(0.0776508 0.0762416 0)
(0.0285604 0.0747995 0)
(0.00345475 -0.0332886 0)
(0.0181183 -0.0607176 0)
(0.038238 -0.0613485 0)
(0.0570153 -0.0556987 0)
(0.0737537 -0.0511501 0)
(0.0892353 -0.0482524 0)
(0.104022 -0.0459344 0)
(0.118216 -0.0433846 0)
(0.131699 -0.0402294 0)
(0.144291 -0.0363062 0)
(0.155776 -0.0314924 0)
(0.165904 -0.0256405 0)
(0.174381 -0.018566 0)
(0.180857 -0.0100582 0)
(0.184901 0.000151438 0)
(0.185941 0.0121986 0)
(0.183245 0.0261935 0)
(0.176087 0.0422491 0)
(0.163911 0.0604789 0)
(0.145964 0.0807004 0)
(0.120334 0.101461 0)
(0.0831605 0.119064 0)
(0.0312775 0.128157 0)
(0.00318751 -0.042538 0)
(0.0180158 -0.0786061 0)
(0.038761 -0.0798517 0)
(0.0581534 -0.072552 0)
(0.0754226 -0.0665383 0)
(0.0913777 -0.0627492 0)
(0.106646 -0.0598386 0)
(0.121399 -0.0567155 0)
(0.135565 -0.052861 0)
(0.148986 -0.048055 0)
(0.16147 -0.0421439 0)
(0.17279 -0.0349441 0)
(0.182676 -0.0262185 0)
(0.190795 -0.0156815 0)
(0.196733 -0.0030176 0)
(0.199932 0.0121392 0)
(0.199585 0.030137 0)
(0.194548 0.0512076 0)
(0.183353 0.075414 0)
(0.164375 0.102754 0)
(0.13609 0.132856 0)
(0.0952117 0.162504 0)
(0.0378424 0.182679 0)
(0.00291186 -0.0516852 0)
(0.0179419 -0.0969141 0)
(0.0393862 -0.0990619 0)
(0.0594847 -0.0900994 0)
(0.0773761 -0.0825271 0)
(0.0938968 -0.0778189 0)
(0.10975 -0.0743753 0)
(0.125183 -0.0707971 0)
(0.140177 -0.0663964 0)
(0.154608 -0.0608852 0)
(0.168311 -0.0540789 0)
(0.18109 -0.0457599 0)
(0.192715 -0.0356393 0)
(0.202897 -0.0233512 0)
(0.211254 -0.00844548 0)
(0.21726 0.00961093 0)
(0.220179 0.0314228 0)
(0.218852 0.057705 0)
(0.211392 0.0890633 0)
(0.194973 0.125934 0)
(0.165766 0.16859 0)
(0.118855 0.217414 0)
(0.0435272 0.262933 0)
(0.00263535 -0.060608 0)
(0.0178913 -0.115499 0)
(0.040083 -0.118855 0)
(0.0609418 -0.108237 0)
(0.0795017 -0.0990246 0)
(0.0966427 -0.0933743 0)
(0.113156 -0.0894629 0)
(0.129365 -0.0855601 0)
(0.145303 -0.0807861 0)
(0.160888 -0.074779 0)
(0.175995 -0.0673276 0)
(0.190478 -0.058192 0)
(0.204171 -0.0470443 0)
(0.21686 -0.0334542 0)
(0.228263 -0.0168655 0)
(0.237912 0.00337448 0)
(0.245197 0.0283192 0)
(0.249133 0.0591845 0)
(0.248008 0.0974906 0)
(0.238636 0.144356 0)
(0.216841 0.201235 0)
(0.172204 0.263438 0)
(0.0860724 0.337958 0)
(0.00240603 -0.0692131 0)
(0.0179346 -0.13443 0)
(0.0408503 -0.139222 0)
(0.0624679 -0.126897 0)
(0.081706 -0.115951 0)
(0.0994933 -0.109328 0)
(0.116717 -0.104995 0)
(0.133771 -0.100869 0)
(0.150732 -0.0958612 0)
(0.167561 -0.0895272 0)
(0.184184 -0.0816346 0)
(0.200526 -0.0719317 0)
(0.216508 -0.0600659 0)
(0.232041 -0.0455549 0)
(0.246983 -0.027755 0)
(0.261139 -0.00582558 0)
(0.274041 0.0214241 0)
(0.285114 0.0558823 0)
(0.292577 0.100832 0)
(0.294219 0.16014 0)
(0.278379 0.243381 0)
(0.252178 0.359308 0)
(0.0743461 0.548539 0)
(0.105659 -0.0771023 0)
(0.239315 -0.0624598 0)
(0.153525 0.0193278 0)
(-0.399329 0.150625 0)
(-1.56249 0.212118 0)
(-2.77834 -0.0499104 0)
(-1.8983 -0.303441 0)
(-0.158784 -0.401103 0)
(0.834548 -0.310081 0)
(1.59233 -0.195413 0)
(2.17868 -0.106653 0)
(2.53373 -0.0628216 0)
(2.71696 -0.041153 0)
(2.84348 0.0504865 0)
(2.57779 0.149832 0)
(1.97158 0.20073 0)
(1.25481 0.261658 0)
(0.184247 0.182718 0)
(-0.430203 -0.164738 0)
(-0.0926518 -0.0352796 0)
(-0.381067 0.0829515 0)
(-0.947597 0.224026 0)
(-1.64304 0.353518 0)
(-1.76047 0.333169 0)
(-0.39958 -0.0361571 0)
(0.424246 -0.409568 0)
(1.32853 -0.615469 0)
(1.70418 -0.489384 0)
(2.00352 -0.308071 0)
(2.23996 -0.173898 0)
(2.35801 -0.101861 0)
(2.34046 -0.0793379 0)
(2.36547 -0.0537483 0)
(2.61124 0.0267606 0)
(2.74454 0.176529 0)
(2.33539 0.418586 0)
(1.37959 0.584309 0)
(0.0676671 -0.0859894 0)
(-0.273907 0.0920717 0)
(-0.662772 0.241482 0)
(-0.988895 0.334214 0)
(-0.943363 0.289273 0)
(0.414238 -0.109183 0)
(1.21663 -0.394762 0)
(1.63332 -0.595827 0)
(1.84062 -0.701545 0)
(1.95778 -0.552123 0)
(2.13088 -0.339983 0)
(2.28071 -0.176334 0)
(2.35066 -0.0813988 0)
(2.35029 -0.0402334 0)
(2.28407 -0.0293884 0)
(2.27877 0.0309429 0)
(2.56517 0.207695 0)
(2.6229 0.511157 0)
(2.05616 0.845056 0)
(0.769722 0.383639 0)
(-0.332038 0.246905 0)
(-0.526148 0.330534 0)
(-0.305352 0.276298 0)
(0.60995 -0.0484508 0)
(1.26813 -0.326845 0)
(1.64987 -0.514555 0)
(1.87897 -0.662597 0)
(1.98145 -0.725046 0)
(2.06105 -0.600204 0)
(2.17313 -0.398822 0)
(2.26995 -0.22954 0)
(2.32283 -0.127103 0)
(2.34787 -0.0659341 0)
(2.37834 -0.0177799 0)
(2.24418 -0.0114223 0)
(2.37328 0.164434 0)
(2.62527 0.624966 0)
(2.30108 1.09074 0)
(1.0779 0.814834 0)
(-0.299196 0.356647 0)
(-0.352681 0.252118 0)
(0.46351 -0.0365164 0)
(1.14355 -0.266161 0)
(1.58601 -0.459053 0)
(1.85598 -0.601458 0)
(2.00014 -0.705445 0)
(2.06901 -0.744243 0)
(2.1173 -0.639229 0)
(2.16727 -0.442136 0)
(2.22096 -0.243936 0)
(2.23358 -0.110218 0)
(2.15872 -0.0504448 0)
(2.11649 0.00197708 0)
(2.08526 0.0438755 0)
(1.93128 0.130322 0)
(2.32852 0.698423 0)
(2.32475 1.35899 0)
(1.46846 1.33831 0)
(-0.456689 0.466536 0)
(0.448395 0.0176433 0)
(1.09096 -0.212208 0)
(1.52856 -0.40509 0)
(1.81618 -0.552475 0)
(1.97424 -0.654016 0)
(2.0571 -0.729461 0)
(2.09929 -0.755547 0)
(2.10018 -0.660427 0)
(2.08111 -0.463683 0)
(2.07383 -0.222847 0)
(1.96203 -0.0614602 0)
(1.80573 -0.0248824 0)
(1.74829 -0.00675575 0)
(1.89848 0.00388614 0)
(1.78443 0.208896 0)
(1.75042 0.59053 0)
(2.23234 1.53663 0)
(1.54785 1.84576 0)
(0.395755 0.406839 0)
(1.06909 -0.0995206 0)
(1.50113 -0.347815 0)
(1.78272 -0.506355 0)
(1.93679 -0.609526 0)
(2.01577 -0.682425 0)
(2.06946 -0.743865 0)
(2.08 -0.758206 0)
(2.01524 -0.658172 0)
(1.90315 -0.440558 0)
(1.76515 -0.0988703 0)
(1.57696 0.0011193 0)
(1.43791 -0.00995576 0)
(1.38037 -0.049228 0)
(1.45432 -0.0580157 0)
(1.73213 0.206443 0)
(1.40342 0.598427 0)
(1.91438 1.57974 0)
(1.5357 2.31821 0)
(0.822653 -0.185619 0)
(1.45246 -0.329512 0)
(1.74938 -0.45271 0)
(1.89147 -0.554654 0)
(1.96187 -0.632487 0)
(2.0121 -0.699205 0)
(2.05194 -0.751442 0)
(2.00592 -0.743073 0)
(1.8592 -0.619234 0)
(1.58361 -0.330692 0)
(1.36426 -0.0250463 0)
(1.18262 0.0287573 0)
(1.03971 0.0206522 0)
(0.947452 -0.0546161 0)
(0.962064 -0.126462 0)
(1.33906 0.124721 0)
(1.43874 0.677688 0)
(1.24709 1.56725 0)
(1.43984 2.7693 0)
(0.00234541 -0.0829787 0)
(0.0185226 -0.165587 0)
(0.0423506 -0.172754 0)
(0.0649168 -0.157611 0)
(0.0850978 -0.143964 0)
(0.103901 -0.135985 0)
(0.12231 -0.131254 0)
(0.140774 -0.127125 0)
(0.159413 -0.122179 0)
(0.178248 -0.115866 0)
(0.19729 -0.107949 0)
(0.216579 -0.098207 0)
(0.236196 -0.0863153 0)
(0.256281 -0.0718106 0)
(0.277032 -0.0540584 0)
(0.298844 -0.0321919 0)
(0.32209 -0.00502104 0)
(0.348362 0.0288912 0)
(0.377775 0.0722053 0)
(0.41968 0.126699 0)
(0.463555 0.204279 0)
(0.572949 0.286662 0)
(0.616357 0.50225 0)
(0.00265499 -0.102421 0)
(0.0200963 -0.209845 0)
(0.0448822 -0.220302 0)
(0.0682462 -0.201285 0)
(0.0893793 -0.184188 0)
(0.109482 -0.174763 0)
(0.12954 -0.169969 0)
(0.149958 -0.166382 0)
(0.170864 -0.162181 0)
(0.192336 -0.15672 0)
(0.214483 -0.149821 0)
(0.237472 -0.14138 0)
(0.261543 -0.131225 0)
(0.28704 -0.1191 0)
(0.314441 -0.104678 0)
(0.344421 -0.0875799 0)
(0.377914 -0.0673858 0)
(0.416204 -0.0438405 0)
(0.460871 -0.0163406 0)
(0.514572 0.0138114 0)
(0.579369 0.0509551 0)
(0.655778 0.0709411 0)
(0.763349 0.140757 0)
(0.00355061 -0.124568 0)
(0.0225236 -0.256599 0)
(0.0476495 -0.269269 0)
(0.0710187 -0.246303 0)
(0.092507 -0.226551 0)
(0.113559 -0.216622 0)
(0.135009 -0.212515 0)
(0.157071 -0.210067 0)
(0.179795 -0.207206 0)
(0.203273 -0.203309 0)
(0.227665 -0.198315 0)
(0.253186 -0.192259 0)
(0.280114 -0.185132 0)
(0.308791 -0.176881 0)
(0.339641 -0.167447 0)
(0.373174 -0.156815 0)
(0.410019 -0.145057 0)
(0.450859 -0.132437 0)
(0.496674 -0.119337 0)
(0.548114 -0.106927 0)
(0.607627 -0.0955433 0)
(0.67315 -0.0904758 0)
(0.755103 -0.0812244 0)
(0.0050736 -0.150632 0)
(0.0256055 -0.305019 0)
(0.0503563 -0.31766 0)
(0.0729777 -0.290817 0)
(0.0943181 -0.269711 0)
(0.115973 -0.260453 0)
(0.138449 -0.257669 0)
(0.161673 -0.256638 0)
(0.185593 -0.255291 0)
(0.210308 -0.253163 0)
(0.236001 -0.250336 0)
(0.262901 -0.246953 0)
(0.291267 -0.243099 0)
(0.321392 -0.238827 0)
(0.353611 -0.2342 0)
(0.388299 -0.229325 0)
(0.425878 -0.224385 0)
(0.466798 -0.219673 0)
(0.511537 -0.215579 0)
(0.56048 -0.212826 0)
(0.614093 -0.211867 0)
(0.671575 -0.215417 0)
(0.734053 -0.219894 0)
(0.00704028 -0.181741 0)
(0.028858 -0.35425 0)
(0.052593 -0.363963 0)
(0.0739436 -0.333764 0)
(0.0948376 -0.312994 0)
(0.116792 -0.305566 0)
(0.139833 -0.304518 0)
(0.163612 -0.304932 0)
(0.188023 -0.305052 0)
(0.213183 -0.304684 0)
(0.23929 -0.304037 0)
(0.266559 -0.303307 0)
(0.295208 -0.302614 0)
(0.325468 -0.302056 0)
(0.357587 -0.301742 0)
(0.391821 -0.301825 0)
(0.428438 -0.302508 0)
(0.467676 -0.304065 0)
(0.509761 -0.30684 0)
(0.554797 -0.311267 0)
(0.602788 -0.317732 0)
(0.653507 -0.32719 0)
(0.70639 -0.338367 0)
(0.00915138 -0.218214 0)
(0.0317871 -0.403214 0)
(0.0540437 -0.407096 0)
(0.0739155 -0.374617 0)
(0.0942875 -0.355921 0)
(0.116272 -0.351121 0)
(0.139384 -0.351855 0)
(0.163107 -0.353534 0)
(0.187361 -0.354965 0)
(0.212294 -0.356244 0)
(0.238099 -0.357652 0)
(0.264953 -0.359383 0)
(0.29303 -0.361558 0)
(0.322505 -0.364288 0)
(0.353551 -0.367695 0)
(0.386346 -0.371938 0)
(0.421069 -0.377196 0)
(0.457872 -0.383684 0)
(0.496919 -0.391616 0)
(0.53821 -0.401164 0)
(0.581966 -0.412593 0)
(0.627985 -0.425827 0)
(0.676251 -0.440969 0)
(0.0111851 -0.259917 0)
(0.0341709 -0.451116 0)
(0.0546306 -0.446918 0)
(0.0729691 -0.413695 0)
(0.092841 -0.398515 0)
(0.114588 -0.396592 0)
(0.137276 -0.39882 0)
(0.160395 -0.401484 0)
(0.183943 -0.404049 0)
(0.208085 -0.40681 0)
(0.232976 -0.410036 0)
(0.25873 -0.41389 0)
(0.285469 -0.418485 0)
(0.313317 -0.423919 0)
(0.342365 -0.430311 0)
(0.372727 -0.437808 0)
(0.404499 -0.446559 0)
(0.43787 -0.456748 0)
(0.472896 -0.468554 0)
(0.50989 -0.482232 0)
(0.549227 -0.49879 0)
(0.591614 -0.517159 0)
(0.637832 -0.541463 0)
(0.0128977 -0.305823 0)
(0.0360253 -0.496512 0)
(0.0542655 -0.482983 0)
(0.0710921 -0.450825 0)
(0.0903824 -0.440081 0)
(0.11156 -0.440747 0)
(0.133331 -0.443968 0)
(0.155329 -0.447291 0)
(0.177638 -0.450756 0)
(0.200415 -0.454699 0)
(0.223732 -0.459288 0)
(0.247628 -0.464661 0)
(0.272158 -0.470969 0)
(0.297425 -0.478269 0)
(0.323449 -0.486644 0)
(0.350314 -0.496292 0)
(0.378101 -0.507573 0)
(0.407133 -0.520756 0)
(0.437321 -0.536244 0)
(0.46985 -0.554819 0)
(0.503514 -0.579483 0)
(0.542268 -0.605905 0)
(0.579376 -0.641419 0)
(0.0154334 -0.356867 0)
(0.0390686 -0.537727 0)
(0.052026 -0.513823 0)
(0.0678283 -0.485506 0)
(0.086287 -0.479823 0)
(0.106287 -0.482472 0)
(0.126517 -0.486234 0)
(0.146789 -0.490012 0)
(0.167197 -0.494234 0)
(0.187916 -0.499112 0)
(0.208889 -0.504703 0)
(0.230138 -0.51114 0)
(0.251611 -0.518777 0)
(0.27357 -0.527644 0)
(0.29624 -0.53758 0)
(0.319315 -0.549432 0)
(0.343228 -0.563819 0)
(0.368874 -0.580821 0)
(0.396845 -0.600936 0)
(0.427694 -0.626339 0)
(0.458807 -0.656149 0)
(0.495075 -0.686562 0)
(0.518967 -0.716764 0)
(0.0273227 -0.419557 0)
(0.0506573 -0.572341 0)
(0.0451131 -0.53834 0)
(0.0605728 -0.520627 0)
(0.078522 -0.52052 0)
(0.0965626 -0.523969 0)
(0.114353 -0.527761 0)
(0.132053 -0.531733 0)
(0.149736 -0.536514 0)
(0.16768 -0.541995 0)
(0.185811 -0.54824 0)
(0.204197 -0.555245 0)
(0.222928 -0.563909 0)
(0.242911 -0.574598 0)
(0.264234 -0.586677 0)
(0.286854 -0.600717 0)
(0.312028 -0.617848 0)
(0.340758 -0.63803 0)
(0.375171 -0.663316 0)
(0.40741 -0.697756 0)
(0.437486 -0.697383 0)
(0.456535 -0.732195 0)
(0.454812 -0.70609 0)
(0.0491638 -0.507807 0)
(0.0716853 -0.583366 0)
(0.0299729 -0.546168 0)
(0.0461145 -0.555237 0)
(0.0640253 -0.558692 0)
(0.0790376 -0.560354 0)
(0.093679 -0.563268 0)
(0.107633 -0.566981 0)
(0.122468 -0.572244 0)
(0.137865 -0.577912 0)
(0.154292 -0.584443 0)
(0.171821 -0.591742 0)
(0.191665 -0.602528 0)
(0.210396 -0.619284 0)
(0.237554 -0.629863 0)
(0.270657 -0.64145 0)
(0.2981 -0.6589 0)
(0.31883 -0.681602 0)
(0.332243 -0.718874 0)
(0.346857 -0.70069 0)
(0.377536 -0.698913 0)
(0.408281 -0.724591 0)
(0.447837 -0.752034 0)
(0.0135903 -0.709107 0)
(0.0567841 -0.524439 0)
(0.0277228 -0.506434 0)
(0.0349023 -0.579566 0)
(0.0428503 -0.580394 0)
(0.049061 -0.577918 0)
(0.0599314 -0.57884 0)
(0.0689105 -0.582428 0)
(0.0820911 -0.589253 0)
(0.0961087 -0.595769 0)
(0.112225 -0.603563 0)
(0.129605 -0.613751 0)
(0.14764 -0.630896 0)
(0.165867 -0.646603 0)
(0.188359 -0.656886 0)
(0.215574 -0.679828 0)
(0.245048 -0.70678 0)
(0.276853 -0.734257 0)
(0.313525 -0.76105 0)
(0.355758 -0.786987 0)
(0.401005 -0.815268 0)
(0.436436 -0.829221 0)
(0.468583 -0.841246 0)
(-0.0316574 -0.671763 0)
(-0.0375278 -0.444413 0)
(0.00944335 -0.532599 0)
(0.0202157 -0.582965 0)
(0.0297184 -0.584147 0)
(0.0388472 -0.587277 0)
(0.0489164 -0.590484 0)
(0.0601444 -0.599737 0)
(0.0724028 -0.611831 0)
(0.0850922 -0.624459 0)
(0.0997164 -0.639505 0)
(0.11652 -0.657371 0)
(0.134994 -0.677436 0)
(0.154799 -0.699648 0)
(0.17609 -0.723681 0)
(0.198574 -0.750547 0)
(0.223123 -0.779832 0)
(0.252473 -0.813992 0)
(0.288031 -0.852675 0)
(0.328247 -0.885477 0)
(0.362176 -0.897105 0)
(0.379034 -0.872917 0)
(0.370017 -0.823896 0)
(-0.0236557 -0.57746 0)
(-0.0172119 -0.581243 0)
(0.0169747 -0.601955 0)
(0.0171848 -0.605014 0)
(0.0239887 -0.608823 0)
(0.0310063 -0.612366 0)
(0.0391885 -0.621171 0)
(0.0474905 -0.631593 0)
(0.0562817 -0.643078 0)
(0.0655772 -0.657551 0)
(0.0750793 -0.67451 0)
(0.0849101 -0.693422 0)
(0.0951478 -0.713602 0)
(0.105506 -0.736146 0)
(0.116123 -0.760603 0)
(0.128795 -0.788913 0)
(0.146623 -0.82637 0)
(0.172626 -0.87475 0)
(0.20464 -0.923076 0)
(0.23567 -0.947209 0)
(0.246938 -0.922265 0)
(0.238477 -0.835835 0)
(0.196639 -0.746742 0)
(-0.00531982 -0.558271 0)
(-0.00180422 -0.616943 0)
(0.00494208 -0.618017 0)
(0.00517155 -0.615764 0)
(0.0080859 -0.619593 0)
(0.0107471 -0.625547 0)
(0.0133057 -0.633032 0)
(0.0159397 -0.643074 0)
(0.0184502 -0.655116 0)
(0.0208805 -0.668981 0)
(0.0231029 -0.685328 0)
(0.0251801 -0.703725 0)
(0.0273555 -0.724118 0)
(0.0297375 -0.746908 0)
(0.0332568 -0.774999 0)
(0.0408788 -0.814417 0)
(0.0558246 -0.870426 0)
(0.0777209 -0.935411 0)
(0.100118 -0.982816 0)
(0.113823 -0.977788 0)
(0.103435 -0.899634 0)
(0.0900274 -0.756044 0)
(0.0518216 -0.689905 0)
(-0.000624359 -0.554045 0)
(-0.00386018 -0.614344 0)
(-0.0080732 -0.61491 0)
(-0.0104267 -0.616095 0)
(-0.0125334 -0.619875 0)
(-0.0146953 -0.625285 0)
(-0.0172168 -0.632698 0)
(-0.0199118 -0.642022 0)
(-0.0228543 -0.653503 0)
(-0.0261509 -0.667388 0)
(-0.0296703 -0.683079 0)
(-0.0334309 -0.701539 0)
(-0.0374906 -0.722314 0)
(-0.0413056 -0.747122 0)
(-0.0435665 -0.781837 0)
(-0.0422317 -0.833968 0)
(-0.0367359 -0.903255 0)
(-0.0301039 -0.971429 0)
(-0.0278898 -1.00499 0)
(-0.034173 -0.973084 0)
(-0.0451929 -0.867921 0)
(-0.0329072 -0.724293 0)
(-0.0546176 -0.68986 0)
(-0.00160199 -0.545721 0)
(-0.00869427 -0.603138 0)
(-0.0158746 -0.604225 0)
(-0.0220314 -0.606832 0)
(-0.0284047 -0.610592 0)
(-0.0346454 -0.615963 0)
(-0.041153 -0.6228 0)
(-0.0480069 -0.631553 0)
(-0.0553824 -0.64224 0)
(-0.0633238 -0.654964 0)
(-0.0718971 -0.670079 0)
(-0.0813388 -0.68728 0)
(-0.0917402 -0.707171 0)
(-0.102803 -0.732758 0)
(-0.114046 -0.770476 0)
(-0.125616 -0.826137 0)
(-0.139153 -0.895045 0)
(-0.157085 -0.957078 0)
(-0.180686 -0.983884 0)
(-0.203855 -0.953084 0)
(-0.204472 -0.864143 0)
(-0.181036 -0.757149 0)
(-0.205029 -0.69748 0)
(-0.00269994 -0.53193 0)
(-0.0119115 -0.586554 0)
(-0.0209501 -0.587989 0)
(-0.0298253 -0.590754 0)
(-0.0389774 -0.594368 0)
(-0.0483707 -0.599269 0)
(-0.0581345 -0.605457 0)
(-0.0685009 -0.613001 0)
(-0.0796554 -0.622153 0)
(-0.0918416 -0.633066 0)
(-0.105327 -0.645721 0)
(-0.120368 -0.660139 0)
(-0.137183 -0.677027 0)
(-0.156053 -0.699161 0)
(-0.177732 -0.731731 0)
(-0.204109 -0.778504 0)
(-0.237735 -0.836019 0)
(-0.280134 -0.89029 0)
(-0.328159 -0.919801 0)
(-0.369898 -0.90551 0)
(-0.391194 -0.843816 0)
(-0.400677 -0.754343 0)
(-0.432805 -0.663094 0)
(-0.00368535 -0.515288 0)
(-0.0142192 -0.56671 0)
(-0.0248107 -0.567917 0)
(-0.0357767 -0.570121 0)
(-0.0469509 -0.573144 0)
(-0.0587074 -0.577023 0)
(-0.0710572 -0.5819 0)
(-0.0842069 -0.587828 0)
(-0.0983893 -0.594831 0)
(-0.113871 -0.602965 0)
(-0.130967 -0.612214 0)
(-0.150011 -0.622522 0)
(-0.171372 -0.634357 0)
(-0.195635 -0.649529 0)
(-0.224095 -0.670973 0)
(-0.259119 -0.701327 0)
(-0.304014 -0.740117 0)
(-0.360878 -0.779999 0)
(-0.426176 -0.80596 0)
(-0.490084 -0.801903 0)
(-0.544524 -0.760563 0)
(-0.592217 -0.687284 0)
(-0.639651 -0.592839 0)
(-0.00455385 -0.49612 0)
(-0.0162653 -0.544005 0)
(-0.0281306 -0.544671 0)
(-0.0406753 -0.546114 0)
(-0.0534414 -0.548207 0)
(-0.0667801 -0.550884 0)
(-0.0808327 -0.554194 0)
(-0.095752 -0.55813 0)
(-0.111747 -0.562688 0)
(-0.12905 -0.567803 0)
(-0.147932 -0.573346 0)
(-0.168695 -0.579206 0)
(-0.191713 -0.585632 0)
(-0.217553 -0.59343 0)
(-0.247124 -0.603659 0)
(-0.282148 -0.617202 0)
(-0.325765 -0.634396 0)
(-0.380957 -0.653139 0)
(-0.446214 -0.666302 0)
(-0.514446 -0.663611 0)
(-0.579692 -0.637788 0)
(-0.643035 -0.587764 0)
(-0.703262 -0.516701 0)
(-0.00507862 -0.474246 0)
(-0.017917 -0.518832 0)
(-0.0307916 -0.518905 0)
(-0.044195 -0.519624 0)
(-0.0579684 -0.520702 0)
(-0.0722264 -0.522142 0)
(-0.0871511 -0.523896 0)
(-0.102876 -0.525922 0)
(-0.119567 -0.52815 0)
(-0.137417 -0.530478 0)
(-0.156623 -0.532734 0)
(-0.177391 -0.534754 0)
(-0.199994 -0.536628 0)
(-0.224805 -0.538791 0)
(-0.252219 -0.541416 0)
(-0.282862 -0.5439 0)
(-0.318298 -0.545564 0)
(-0.36076 -0.546186 0)
(-0.410452 -0.544316 0)
(-0.463778 -0.535706 0)
(-0.517225 -0.515168 0)
(-0.571811 -0.479446 0)
(-0.625145 -0.427877 0)
(-0.0053473 -0.450231 0)
(-0.0189365 -0.492071 0)
(-0.0324553 -0.491562 0)
(-0.0462386 -0.491627 0)
(-0.060417 -0.491821 0)
(-0.0750336 -0.49214 0)
(-0.0902059 -0.492526 0)
(-0.106045 -0.492915 0)
(-0.122681 -0.493207 0)
(-0.140245 -0.493281 0)
(-0.158859 -0.492961 0)
(-0.178643 -0.492038 0)
(-0.199761 -0.49047 0)
(-0.222468 -0.488567 0)
(-0.246996 -0.486594 0)
(-0.273433 -0.483943 0)
(-0.301942 -0.479113 0)
(-0.333017 -0.470902 0)
(-0.366804 -0.459154 0)
(-0.402247 -0.444001 0)
(-0.438586 -0.424783 0)
(-0.477245 -0.399501 0)
(-0.516012 -0.36504 0)
(-0.00561971 -0.425031 0)
(-0.0194899 -0.464563 0)
(-0.0331292 -0.463661 0)
(-0.047028 -0.463209 0)
(-0.0612032 -0.462725 0)
(-0.0757171 -0.462159 0)
(-0.09066 -0.461462 0)
(-0.106106 -0.460562 0)
(-0.122145 -0.459373 0)
(-0.13886 -0.457773 0)
(-0.156317 -0.455597 0)
(-0.174569 -0.452628 0)
(-0.193677 -0.44871 0)
(-0.213761 -0.443959 0)
(-0.235014 -0.438756 0)
(-0.257581 -0.433164 0)
(-0.281363 -0.426281 0)
(-0.305881 -0.416505 0)
(-0.330278 -0.40265 0)
(-0.353804 -0.384718 0)
(-0.377019 -0.363566 0)
(-0.40189 -0.339553 0)
(-0.427045 -0.311434 0)
(-0.00580204 -0.399427 0)
(-0.0196261 -0.43701 0)
(-0.033044 -0.435951 0)
(-0.0467162 -0.435163 0)
(-0.0605513 -0.434191 0)
(-0.0746123 -0.432988 0)
(-0.088971 -0.431505 0)
(-0.103676 -0.429683 0)
(-0.118778 -0.427445 0)
(-0.134326 -0.424692 0)
(-0.150353 -0.421291 0)
(-0.16687 -0.417069 0)
(-0.183865 -0.411842 0)
(-0.201331 -0.405557 0)
(-0.219334 -0.398437 0)
(-0.238042 -0.39081 0)
(-0.257559 -0.382571 0)
(-0.277566 -0.372898 0)
(-0.297144 -0.3607 0)
(-0.315326 -0.345371 0)
(-0.332251 -0.327034 0)
(-0.349264 -0.305935 0)
(-0.365821 -0.281795 0)
(-0.00570087 -0.374027 0)
(-0.0191518 -0.41008 0)
(-0.0321798 -0.409028 0)
(-0.0453305 -0.408039 0)
(-0.0585553 -0.406746 0)
(-0.0719237 -0.405123 0)
(-0.0854767 -0.403122 0)
(-0.0992454 -0.400703 0)
(-0.113254 -0.397799 0)
(-0.127523 -0.39433 0)
(-0.142064 -0.390201 0)
(-0.156873 -0.385289 0)
(-0.171917 -0.379454 0)
(-0.187139 -0.372597 0)
(-0.202504 -0.364786 0)
(-0.21808 -0.356262 0)
(-0.23399 -0.347168 0)
(-0.250157 -0.337215 0)
(-0.266065 -0.325743 0)
(-0.281036 -0.312179 0)
(-0.294965 -0.296353 0)
(-0.308471 -0.278336 0)
(-0.321085 -0.258145 0)
(-0.00543808 -0.34941 0)
(-0.0181898 -0.384272 0)
(-0.0305809 -0.383328 0)
(-0.0430069 -0.382244 0)
(-0.0554568 -0.380777 0)
(-0.0679819 -0.378912 0)
(-0.0806047 -0.376623 0)
(-0.0933418 -0.373871 0)
(-0.106205 -0.370601 0)
(-0.119196 -0.366753 0)
(-0.13231 -0.362258 0)
(-0.145531 -0.357035 0)
(-0.158828 -0.350987 0)
(-0.172143 -0.344019 0)
(-0.185414 -0.336121 0)
(-0.198644 -0.327436 0)
(-0.211902 -0.318179 0)
(-0.225172 -0.30839 0)
(-0.238158 -0.297771 0)
(-0.250403 -0.285832 0)
(-0.261772 -0.27218 0)
(-0.272635 -0.256702 0)
(-0.28275 -0.239543 0)
(-0.005143 -0.326283 0)
(-0.016965 -0.360041 0)
(-0.0284894 -0.359212 0)
(-0.0400481 -0.358111 0)
(-0.0516106 -0.356577 0)
(-0.0632012 -0.354607 0)
(-0.0748267 -0.352192 0)
(-0.0864979 -0.349297 0)
(-0.0982179 -0.345878 0)
(-0.10998 -0.341889 0)
(-0.121769 -0.337279 0)
(-0.133565 -0.331995 0)
(-0.145333 -0.325975 0)
(-0.157021 -0.319151 0)
(-0.168563 -0.311483 0)
(-0.179926 -0.30303 0)
(-0.191138 -0.293976 0)
(-0.202225 -0.284512 0)
(-0.213051 -0.274628 0)
(-0.223313 -0.264007 0)
(-0.232837 -0.252158 0)
(-0.241806 -0.238759 0)
(-0.250138 -0.22393 0)
(-0.00476641 -0.305114 0)
(-0.0155393 -0.337683 0)
(-0.0261099 -0.336964 0)
(-0.0367521 -0.335866 0)
(-0.0473647 -0.334318 0)
(-0.0579833 -0.332326 0)
(-0.0685986 -0.329879 0)
(-0.0792158 -0.326949 0)
(-0.0898297 -0.323508 0)
(-0.10043 -0.31952 0)
(-0.111001 -0.314948 0)
(-0.12152 -0.309756 0)
(-0.131956 -0.303908 0)
(-0.142263 -0.297366 0)
(-0.152381 -0.290094 0)
(-0.16226 -0.282092 0)
(-0.171895 -0.273459 0)
(-0.181313 -0.264399 0)
(-0.190481 -0.2551 0)
(-0.199231 -0.245493 0)
(-0.207404 -0.235139 0)
(-0.215056 -0.223532 0)
(-0.222146 -0.210632 0)
(-0.0042846 -0.285809 0)
(-0.0140466 -0.317171 0)
(-0.0236678 -0.316591 0)
(-0.0333624 -0.315501 0)
(-0.0430177 -0.313978 0)
(-0.0526632 -0.312007 0)
(-0.0622913 -0.309581 0)
(-0.0718959 -0.306681 0)
(-0.081466 -0.30329 0)
(-0.09099 -0.299383 0)
(-0.100452 -0.294935 0)
(-0.109829 -0.289923 0)
(-0.119095 -0.284326 0)
(-0.128211 -0.278125 0)
(-0.137128 -0.271299 0)
(-0.145797 -0.263833 0)
(-0.154191 -0.255759 0)
(-0.162313 -0.247224 0)
(-0.170166 -0.238475 0)
(-0.177684 -0.229641 0)
(-0.184762 -0.220439 0)
(-0.191403 -0.210276 0)
(-0.197573 -0.19892 0)
(-0.00377942 -0.268235 0)
(-0.0126511 -0.298513 0)
(-0.0213657 -0.298044 0)
(-0.0300865 -0.296981 0)
(-0.0388081 -0.295498 0)
(-0.0475063 -0.293575 0)
(-0.0561809 -0.291206 0)
(-0.0648202 -0.288384 0)
(-0.0734117 -0.285093 0)
(-0.0819411 -0.281318 0)
(-0.0903907 -0.277045 0)
(-0.0987388 -0.27226 0)
(-0.10696 -0.266952 0)
(-0.115025 -0.261114 0)
(-0.122894 -0.254736 0)
(-0.130527 -0.247805 0)
(-0.137892 -0.240315 0)
(-0.144974 -0.232341 0)
(-0.151777 -0.224114 0)
(-0.15829 -0.215891 0)
(-0.164464 -0.207585 0)
(-0.17028 -0.198619 0)
(-0.175701 -0.188562 0)
(-0.00335549 -0.252445 0)
(-0.0113552 -0.281789 0)
(-0.019192 -0.281362 0)
(-0.026997 -0.28033 0)
(-0.0348197 -0.278877 0)
(-0.0426179 -0.277008 0)
(-0.0503828 -0.274712 0)
(-0.0581065 -0.271985 0)
(-0.0657774 -0.268817 0)
(-0.0733797 -0.265198 0)
(-0.0808951 -0.261119 0)
(-0.0883027 -0.256575 0)
(-0.0955805 -0.251561 0)
(-0.102704 -0.246073 0)
(-0.109645 -0.240112 0)
(-0.116373 -0.233672 0)
(-0.122857 -0.226738 0)
(-0.129075 -0.219333 0)
(-0.135015 -0.211625 0)
(-0.140684 -0.203916 0)
(-0.14608 -0.196297 0)
(-0.151193 -0.188297 0)
(-0.155978 -0.179338 0)
(-0.00304316 -0.238436 0)
(-0.0101155 -0.266896 0)
(-0.0170753 -0.266517 0)
(-0.0240586 -0.265497 0)
(-0.031021 -0.264071 0)
(-0.0379655 -0.262251 0)
(-0.0448722 -0.26003 0)
(-0.0517348 -0.2574 0)
(-0.0585423 -0.254357 0)
(-0.0652801 -0.250896 0)
(-0.0719314 -0.247012 0)
(-0.0784779 -0.242702 0)
(-0.0849 -0.237964 0)
(-0.0911774 -0.232801 0)
(-0.097288 -0.227215 0)
(-0.103208 -0.221207 0)
(-0.108914 -0.214767 0)
(-0.114385 -0.207895 0)
(-0.119595 -0.200697 0)
(-0.124545 -0.193455 0)
(-0.129265 -0.186385 0)
(-0.133764 -0.179162 0)
(-0.137985 -0.171128 0)
(-0.00274121 -0.22608 0)
(-0.00892507 -0.253631 0)
(-0.0150553 -0.253339 0)
(-0.0212499 -0.25231 0)
(-0.0273986 -0.250915 0)
(-0.0335301 -0.249143 0)
(-0.0396301 -0.246995 0)
(-0.0456873 -0.244464 0)
(-0.0516895 -0.241547 0)
(-0.0576239 -0.238241 0)
(-0.0634768 -0.234545 0)
(-0.0692327 -0.230457 0)
(-0.0748742 -0.225979 0)
(-0.0803834 -0.221113 0)
(-0.0857419 -0.215864 0)
(-0.0909299 -0.210238 0)
(-0.0959303 -0.204231 0)
(-0.100727 -0.197837 0)
(-0.10529 -0.191118 0)
(-0.109609 -0.184314 0)
(-0.113729 -0.1777 0)
(-0.117683 -0.171098 0)
(-0.121397 -0.163838 0)
(-0.00237612 -0.215183 0)
(-0.00780835 -0.241908 0)
(-0.0132004 -0.241687 0)
(-0.0186038 -0.240661 0)
(-0.0239945 -0.239298 0)
(-0.0293619 -0.237578 0)
(-0.0347047 -0.235502 0)
(-0.0400073 -0.233068 0)
(-0.0452574 -0.230273 0)
(-0.050443 -0.227115 0)
(-0.0555527 -0.223596 0)
(-0.0605733 -0.219714 0)
(-0.0654904 -0.215474 0)
(-0.0702884 -0.21088 0)
(-0.0749521 -0.205937 0)
(-0.0794644 -0.200651 0)
(-0.0838101 -0.195024 0)
(-0.0879775 -0.189051 0)
(-0.0919407 -0.182766 0)
(-0.0956808 -0.17636 0)
(-0.0992522 -0.170124 0)
(-0.102708 -0.164008 0)
(-0.105961 -0.157383 0)
(-0.00202193 -0.205584 0)
(-0.00680457 -0.231722 0)
(-0.0115117 -0.231545 0)
(-0.0161579 -0.230542 0)
(-0.0208377 -0.22921 0)
(-0.0254899 -0.227545 0)
(-0.0301187 -0.22554 0)
(-0.0347098 -0.223197 0)
(-0.0392521 -0.220514 0)
(-0.0437346 -0.217493 0)
(-0.0481464 -0.214133 0)
(-0.0524764 -0.210436 0)
(-0.0567128 -0.206407 0)
(-0.060843 -0.202052 0)
(-0.0648543 -0.197378 0)
(-0.0687324 -0.192392 0)
(-0.0724637 -0.187098 0)
(-0.0760383 -0.181493 0)
(-0.0794338 -0.175592 0)
(-0.0826289 -0.169531 0)
(-0.085681 -0.16359 0)
(-0.088666 -0.157831 0)
(-0.0914894 -0.151708 0)
(-0.00174287 -0.197164 0)
(-0.0058734 -0.222979 0)
(-0.00991314 -0.222851 0)
(-0.0138708 -0.221864 0)
(-0.0178755 -0.220562 0)
(-0.0218541 -0.218944 0)
(-0.0258094 -0.217006 0)
(-0.0297296 -0.214748 0)
(-0.033605 -0.212172 0)
(-0.0374252 -0.209277 0)
(-0.0411806 -0.206064 0)
(-0.0448614 -0.202535 0)
(-0.0484577 -0.198696 0)
(-0.0519591 -0.194556 0)
(-0.0553552 -0.19012 0)
(-0.0586346 -0.185396 0)
(-0.0617862 -0.180391 0)
(-0.0648018 -0.175106 0)
(-0.0676624 -0.169543 0)
(-0.0703452 -0.163783 0)
(-0.0729033 -0.158066 0)
(-0.0754321 -0.152539 0)
(-0.0778446 -0.14679 0)
(-0.00143401 -0.189893 0)
(-0.00483784 -0.215483 0)
(-0.00828034 -0.215405 0)
(-0.0116102 -0.214408 0)
(-0.0149883 -0.213124 0)
(-0.0183397 -0.211542 0)
(-0.0216707 -0.209662 0)
(-0.0249673 -0.207485 0)
(-0.028221 -0.20501 0)
(-0.0314229 -0.202236 0)
(-0.0345649 -0.199161 0)
(-0.0376391 -0.19579 0)
(-0.040637 -0.192128 0)
(-0.0435499 -0.188184 0)
(-0.0463691 -0.183965 0)
(-0.0490861 -0.179476 0)
(-0.0516926 -0.174726 0)
(-0.0541826 -0.169721 0)
(-0.0565418 -0.164458 0)
(-0.0587478 -0.158975 0)
(-0.060841 -0.153443 0)
(-0.0629228 -0.148056 0)
(-0.064929 -0.142559 0)
(-0.000917218 -0.184346 0)
(-0.00348589 -0.209326 0)
(-0.00646609 -0.209261 0)
(-0.00921403 -0.20824 0)
(-0.0120304 -0.206962 0)
(-0.0148042 -0.205405 0)
(-0.0175571 -0.203572 0)
(-0.0202735 -0.201462 0)
(-0.0229477 -0.199073 0)
(-0.0255734 -0.1964 0)
(-0.0281449 -0.193441 0)
(-0.0306558 -0.190202 0)
(-0.0330996 -0.186689 0)
(-0.0354691 -0.182909 0)
(-0.0377576 -0.17887 0)
(-0.0399584 -0.174576 0)
(-0.0420653 -0.170037 0)
(-0.0440733 -0.16526 0)
(-0.0459727 -0.160246 0)
(-0.0477453 -0.155009 0)
(-0.0494132 -0.149646 0)
(-0.0510632 -0.144338 0)
(-0.0526642 -0.138987 0)
(-0.000147954 -0.181424 0)
(-0.00179931 -0.204621 0)
(-0.0044186 -0.20447 0)
(-0.00660329 -0.203468 0)
(-0.00889023 -0.20222 0)
(-0.0111028 -0.200709 0)
(-0.0132881 -0.198934 0)
(-0.0154345 -0.196892 0)
(-0.0175412 -0.194579 0)
(-0.0196053 -0.19199 0)
(-0.0216235 -0.189126 0)
(-0.0235919 -0.185992 0)
(-0.0255066 -0.182595 0)
(-0.0273634 -0.178942 0)
(-0.0291578 -0.175039 0)
(-0.0308848 -0.170894 0)
(-0.0325393 -0.166514 0)
(-0.0341165 -0.161908 0)
(-0.0356092 -0.157081 0)
(-0.0370045 -0.152041 0)
(-0.0383084 -0.14683 0)
(-0.0395767 -0.141575 0)
(-0.0408083 -0.136288 0)
(0.000627642 -0.180911 0)
(-0.000166718 -0.200712 0)
(-0.00236777 -0.20023 0)
(-0.00395094 -0.199338 0)
(-0.00568395 -0.198197 0)
(-0.00731594 -0.196794 0)
(-0.00891025 -0.195125 0)
(-0.0104627 -0.193184 0)
(-0.0119771 -0.190968 0)
(-0.0134546 -0.188477 0)
(-0.0148954 -0.185714 0)
(-0.0162993 -0.182686 0)
(-0.017666 -0.179399 0)
(-0.0189947 -0.175862 0)
(-0.0202839 -0.172083 0)
(-0.0215311 -0.168068 0)
(-0.0227332 -0.163827 0)
(-0.0238864 -0.159367 0)
(-0.0249862 -0.154697 0)
(-0.0260253 -0.149825 0)
(-0.0270026 -0.144771 0)
(-0.0279454 -0.139595 0)
(-0.028861 -0.134342 0)
(0.00108917 -0.182433 0)
(0.000916618 -0.197418 0)
(-0.000743848 -0.196437 0)
(-0.00171884 -0.195777 0)
(-0.00287025 -0.194821 0)
(-0.00390204 -0.193571 0)
(-0.00488317 -0.192026 0)
(-0.00582066 -0.190189 0)
(-0.00672296 -0.188063 0)
(-0.00759495 -0.185655 0)
(-0.00843946 -0.182971 0)
(-0.00925855 -0.18002 0)
(-0.0100541 -0.176811 0)
(-0.0108274 -0.173353 0)
(-0.0115791 -0.169655 0)
(-0.0123092 -0.165726 0)
(-0.0130169 -0.161575 0)
(-0.0137012 -0.157211 0)
(-0.0143605 -0.152645 0)
(-0.0149928 -0.147885 0)
(-0.0155987 -0.142944 0)
(-0.016189 -0.137844 0)
(-0.0167649 -0.132603 0)
(0.001022 -0.18607 0)
(0.0010888 -0.19568 0)
(4.1924e-05 -0.194918 0)
(-0.000357758 -0.194546 0)
(-0.000812898 -0.193763 0)
(-0.00118501 -0.192627 0)
(-0.00152388 -0.191157 0)
(-0.00183936 -0.189371 0)
(-0.00213823 -0.187282 0)
(-0.0024237 -0.184901 0)
(-0.00269734 -0.182237 0)
(-0.00296026 -0.179302 0)
(-0.00321349 -0.176104 0)
(-0.00345786 -0.172653 0)
(-0.00369385 -0.16896 0)
(-0.00392171 -0.165035 0)
(-0.00414165 -0.160887 0)
(-0.00435381 -0.156526 0)
(-0.00455829 -0.151962 0)
(-0.00475535 -0.147204 0)
(-0.00494574 -0.142264 0)
(-0.00513184 -0.13715 0)
(-0.00531552 -0.131862 0)
(0.914643 0.204786 0)
(0.907311 0.0393038 0)
(1.06634 -0.0117678 0)
(1.3453 -0.0463122 0)
(0.942418 -0.166156 0)
(1.10745 -0.27457 0)
(1.25911 -0.261455 0)
(1.45159 -0.28622 0)
(0.91394 -0.137643 0)
(1.07558 -0.217363 0)
(1.21824 -0.264029 0)
(1.3824 -0.322136 0)
(0.861965 -0.279289 0)
(1.03255 -0.365629 0)
(1.19222 -0.412499 0)
(1.34821 -0.45469 0)
(0.826028 -0.381923 0)
(1.00357 -0.445956 0)
(1.16097 -0.492638 0)
(1.28277 -0.53334 0)
(0.789989 -0.484934 0)
(0.953206 -0.553991 0)
(1.06828 -0.590358 0)
(1.09845 -0.58672 0)
(0.734989 -0.599309 0)
(0.852106 -0.642998 0)
(0.857547 -0.590609 0)
(0.802964 -0.515295 0)
(0.649623 -0.686423 0)
(0.70027 -0.632892 0)
(0.720755 -0.526183 0)
(0.768324 -0.481899 0)
(0.554471 -0.701939 0)
(0.579522 -0.546499 0)
(0.70527 -0.563797 0)
(0.580348 -0.484044 0)
(0.472133 -0.645959 0)
(0.538333 -0.681013 0)
(0.494112 -0.53793 0)
(0.100634 -0.261604 0)
(0.501371 -0.718385 0)
(0.414359 -0.66742 0)
(0.133252 -0.306022 0)
(-0.300383 -0.0434531 0)
(0.431853 -0.67628 0)
(0.247689 -0.513055 0)
(-0.0932672 -0.0736178 0)
(-0.361203 0.0373209 0)
(0.279864 -0.564344 0)
(0.138373 -0.403282 0)
(-0.105562 0.0654381 0)
(-0.337806 0.101926 0)
(0.150317 -0.475772 0)
(0.077568 -0.34249 0)
(-0.118992 0.212282 0)
(-0.310214 0.151049 0)
(0.0636457 -0.463183 0)
(0.0347136 -0.280817 0)
(-0.185563 0.329667 0)
(-0.307955 0.192508 0)
(-0.0556807 -0.486131 0)
(-0.0568783 -0.193677 0)
(-0.313962 0.413476 0)
(-0.33648 0.219439 0)
(-0.244943 -0.477371 0)
(-0.257055 -0.084717 0)
(-0.471896 0.447486 0)
(-0.382475 0.219913 0)
(-0.50079 -0.419173 0)
(-0.519183 0.001023 0)
(-0.607461 0.416621 0)
(-0.423258 0.186323 0)
(-0.706707 -0.346223 0)
(-0.72987 0.0458328 0)
(-0.654446 0.313542 0)
(-0.443091 0.128567 0)
(-0.769941 -0.318533 0)
(-0.768116 0.00251465 0)
(-0.608429 0.178618 0)
(-0.440311 0.067784 0)
(-0.681901 -0.280708 0)
(-0.670676 -0.046223 0)
(-0.524463 0.0572543 0)
(-0.419074 0.0246929 0)
(-0.557593 -0.262275 0)
(-0.549126 -0.0939206 0)
(-0.447384 -0.0159085 0)
(-0.392277 0.00129027 0)
(-0.454467 -0.236269 0)
(-0.451807 -0.116885 0)
(-0.395525 -0.0519359 0)
(-0.367605 -0.0106765 0)
(-0.384975 -0.221501 0)
(-0.387871 -0.128801 0)
(-0.359801 -0.0691961 0)
(-0.34206 -0.0202599 0)
(-0.33667 -0.209403 0)
(-0.343048 -0.135021 0)
(-0.32825 -0.0793842 0)
(-0.31493 -0.0296665 0)
(-0.296676 -0.198891 0)
(-0.305787 -0.136957 0)
(-0.298336 -0.0854059 0)
(-0.288393 -0.0375232 0)
(-0.262701 -0.189058 0)
(-0.273185 -0.135816 0)
(-0.270337 -0.0885384 0)
(-0.263294 -0.0437192 0)
(-0.233502 -0.180195 0)
(-0.244324 -0.133392 0)
(-0.244319 -0.0898821 0)
(-0.239705 -0.0482199 0)
(-0.207886 -0.171943 0)
(-0.218517 -0.130181 0)
(-0.220218 -0.0901959 0)
(-0.217496 -0.0514455 0)
(-0.185044 -0.164369 0)
(-0.195187 -0.126605 0)
(-0.197914 -0.0897362 0)
(-0.196599 -0.053641 0)
(-0.164405 -0.157445 0)
(-0.173895 -0.122954 0)
(-0.177208 -0.0887907 0)
(-0.176907 -0.0550457 0)
(-0.145537 -0.151146 0)
(-0.1543 -0.11936 0)
(-0.157908 -0.0875386 0)
(-0.158314 -0.0558677 0)
(-0.128114 -0.14546 0)
(-0.136115 -0.115925 0)
(-0.139804 -0.0861029 0)
(-0.140684 -0.0562358 0)
(-0.111885 -0.140357 0)
(-0.119115 -0.112712 0)
(-0.122731 -0.084592 0)
(-0.123916 -0.0562824 0)
(-0.0966604 -0.135821 0)
(-0.103117 -0.109764 0)
(-0.106538 -0.0830905 0)
(-0.107894 -0.0561097 0)
(-0.0822856 -0.131853 0)
(-0.0879551 -0.107124 0)
(-0.091091 -0.0816537 0)
(-0.0925072 -0.0557821 0)
(-0.0686409 -0.128408 0)
(-0.073485 -0.104801 0)
(-0.07626 -0.0803313 0)
(-0.0776478 -0.0553694 0)
(-0.0556544 -0.125456 0)
(-0.0596263 -0.102778 0)
(-0.0619475 -0.0791352 0)
(-0.0632105 -0.0549048 0)
(-0.0431488 -0.123213 0)
(-0.0462872 -0.101215 0)
(-0.0480967 -0.0781612 0)
(-0.0491209 -0.0544485 0)
(-0.0306329 -0.121621 0)
(-0.0330629 -0.1002 0)
(-0.034485 -0.0775702 0)
(-0.035283 -0.0541463 0)
(-0.0178974 -0.120094 0)
(-0.0195461 -0.0992081 0)
(-0.0206527 -0.0770326 0)
(-0.0213649 -0.0539072 0)
(-0.00568033 -0.119317 0)
(-0.0062444 -0.0985017 0)
(-0.00669932 -0.0764219 0)
(-0.00710235 -0.0534144 0)
(1.62682 -0.220125 0)
(1.76469 -0.36875 0)
(1.83393 -0.491181 0)
(1.88385 -0.583314 0)
(1.93152 -0.655512 0)
(1.9629 -0.711688 0)
(1.94345 -0.726456 0)
(1.76294 -0.656503 0)
(1.43578 -0.426136 0)
(1.00769 -0.101569 0)
(0.729585 0.0809919 0)
(0.550184 0.119344 0)
(0.424341 0.0692775 0)
(0.386926 -0.0716584 0)
(0.399231 -0.200451 0)
(0.591978 -0.0232062 0)
(1.28939 0.596155 0)
(-0.0155387 1.8473 0)
(1.37532 3.3125 0)
(1.61277 -0.39303 0)
(1.70493 -0.489084 0)
(1.76683 -0.563192 0)
(1.82593 -0.624761 0)
(1.85931 -0.67245 0)
(1.81126 -0.68535 0)
(1.63825 -0.625335 0)
(1.25484 -0.457719 0)
(0.821364 -0.110819 0)
(0.478326 0.0757031 0)
(0.203361 0.211132 0)
(0.0509027 0.217501 0)
(-0.0261803 0.118473 0)
(-0.106571 -0.0690582 0)
(-0.212314 -0.250986 0)
(-0.216106 -0.220992 0)
(0.178523 0.486583 0)
(-0.601667 2.46881 0)
(1.09772 3.62905 0)
(1.5296 -0.411881 0)
(1.63392 -0.50278 0)
(1.70378 -0.584779 0)
(1.73148 -0.631818 0)
(1.64142 -0.630546 0)
(1.39872 -0.553272 0)
(1.01023 -0.370622 0)
(0.631511 -0.12471 0)
(0.318656 0.136577 0)
(0.040532 0.279304 0)
(-0.108557 0.321068 0)
(-0.180722 0.281869 0)
(-0.232438 0.178698 0)
(-0.336093 0.0192361 0)
(-0.524813 -0.146716 0)
(-0.783183 -0.167011 0)
(-1.01103 0.465495 0)
(-1.03343 2.35615 0)
(0.537751 3.30419 0)
(1.4796 -0.518307 0)
(1.556 -0.576495 0)
(1.55293 -0.616591 0)
(1.42285 -0.587503 0)
(1.13788 -0.481647 0)
(0.830606 -0.278683 0)
(0.575144 -0.111495 0)
(0.261676 0.0846629 0)
(-0.041336 0.308187 0)
(-0.195015 0.387698 0)
(-0.244063 0.372322 0)
(-0.269097 0.317525 0)
(-0.311414 0.23284 0)
(-0.418498 0.127295 0)
(-0.626859 0.033719 0)
(-0.979211 0.0458399 0)
(-1.41903 0.487048 0)
(-1.38775 1.73208 0)
(-0.222119 2.52065 0)
(1.35379 -0.5651 0)
(1.30977 -0.563104 0)
(1.13082 -0.511505 0)
(0.882123 -0.377849 0)
(0.711283 -0.240078 0)
(0.525778 -0.108661 0)
(0.22937 0.059174 0)
(-0.0671409 0.286085 0)
(-0.242839 0.414213 0)
(-0.284786 0.422518 0)
(-0.287877 0.384372 0)
(-0.297668 0.335255 0)
(-0.337196 0.278717 0)
(-0.432512 0.225564 0)
(-0.605192 0.204366 0)
(-0.878117 0.284313 0)
(-1.19954 0.649968 0)
(-1.20707 1.45497 0)
(-0.468288 1.83517 0)
(1.01091 -0.52005 0)
(0.871409 -0.451577 0)
(0.784358 -0.341772 0)
(0.700662 -0.264681 0)
(0.497205 -0.154378 0)
(0.18679 0.0471999 0)
(-0.0980568 0.267375 0)
(-0.271647 0.409718 0)
(-0.322999 0.447913 0)
(-0.308912 0.419961 0)
(-0.299769 0.383184 0)
(-0.308169 0.349153 0)
(-0.344935 0.318556 0)
(-0.421646 0.302778 0)
(-0.54597 0.326354 0)
(-0.713069 0.442624 0)
(-0.856108 0.767146 0)
(-0.787277 1.32293 0)
(-0.321759 1.38345 0)
(0.792314 -0.374343 0)
(0.819661 -0.393934 0)
(0.675944 -0.316825 0)
(0.404273 -0.156778 0)
(0.0812412 0.0730034 0)
(-0.166486 0.257325 0)
(-0.316614 0.38837 0)
(-0.363788 0.445399 0)
(-0.343327 0.436898 0)
(-0.314767 0.406537 0)
(-0.305399 0.38169 0)
(-0.313957 0.362812 0)
(-0.344642 0.351719 0)
(-0.40126 0.35899 0)
(-0.483169 0.403656 0)
(-0.574778 0.52191 0)
(-0.611193 0.778465 0)
(-0.484431 1.15174 0)
(-0.169342 1.09186 0)
(0.716561 -0.432686 0)
(0.525589 -0.335995 0)
(0.203605 -0.120677 0)
(-0.0872717 0.0995017 0)
(-0.275451 0.244113 0)
(-0.385256 0.351547 0)
(-0.414554 0.413253 0)
(-0.387583 0.427619 0)
(-0.344945 0.411785 0)
(-0.318549 0.393425 0)
(-0.309949 0.380959 0)
(-0.316044 0.37399 0)
(-0.337948 0.376204 0)
(-0.375685 0.396593 0)
(-0.424523 0.448613 0)
(-0.467816 0.553878 0)
(-0.45667 0.745814 0)
(-0.323101 0.995233 0)
(-0.0994316 0.91268 0)
(0.268011 -0.292549 0)
(-0.0612029 -0.0608346 0)
(-0.258356 0.0882387 0)
(-0.391913 0.208272 0)
(-0.456541 0.297445 0)
(-0.465161 0.35646 0)
(-0.432025 0.387794 0)
(-0.383311 0.394193 0)
(-0.343476 0.387864 0)
(-0.321202 0.381949 0)
(-0.31174 0.379027 0)
(-0.313457 0.380825 0)
(-0.326008 0.391721 0)
(-0.347528 0.418804 0)
(-0.371829 0.47092 0)
(-0.384422 0.559577 0)
(-0.352288 0.701299 0)
(-0.234183 0.874624 0)
(-0.0694503 0.796946 0)
(-0.256257 -0.0353826 0)
(-0.37441 0.0559069 0)
(-0.46203 0.146251 0)
(-0.49975 0.228486 0)
(-0.495305 0.287314 0)
(-0.462328 0.327654 0)
(-0.416544 0.352736 0)
(-0.372762 0.364198 0)
(-0.340767 0.368121 0)
(-0.320655 0.370955 0)
(-0.309442 0.374913 0)
(-0.306463 0.383044 0)
(-0.310623 0.399369 0)
(-0.319193 0.429101 0)
(-0.326004 0.477655 0)
(-0.319595 0.550385 0)
(-0.27855 0.654957 0)
(-0.178776 0.778867 0)
(-0.0530585 0.710477 0)
(-0.400151 0.0293018 0)
(-0.460933 0.0900668 0)
(-0.494628 0.158205 0)
(-0.492227 0.217115 0)
(-0.468211 0.262863 0)
(-0.433067 0.298177 0)
(-0.395674 0.32416 0)
(-0.361901 0.34081 0)
(-0.335553 0.351312 0)
(-0.316311 0.359741 0)
(-0.303367 0.368657 0)
(-0.296251 0.381197 0)
(-0.293543 0.400624 0)
(-0.292311 0.43058 0)
(-0.287115 0.474095 0)
(-0.269405 0.533064 0)
(-0.225602 0.610923 0)
(-0.141709 0.701889 0)
(-0.0425458 0.642134 0)
(-0.396549 0.0678621 0)
(-0.444243 0.10783 0)
(-0.457226 0.159366 0)
(-0.449838 0.204267 0)
(-0.430322 0.243661 0)
(-0.404802 0.276621 0)
(-0.377213 0.30289 0)
(-0.350602 0.322017 0)
(-0.327588 0.33615 0)
(-0.308869 0.348218 0)
(-0.294537 0.360645 0)
(-0.284081 0.376057 0)
(-0.276034 0.396954 0)
(-0.267665 0.425767 0)
(-0.254516 0.463988 0)
(-0.230429 0.511696 0)
(-0.186916 0.570554 0)
(-0.115809 0.639471 0)
(-0.0352774 0.586808 0)
(-0.355189 0.0956556 0)
(-0.405445 0.126205 0)
(-0.413983 0.162513 0)
(-0.412861 0.197508 0)
(-0.400558 0.231376 0)
(-0.38251 0.261179 0)
(-0.360874 0.286175 0)
(-0.33846 0.305961 0)
(-0.317584 0.322048 0)
(-0.299324 0.3365 0)
(-0.283938 0.351267 0)
(-0.270904 0.368369 0)
(-0.258871 0.389646 0)
(-0.245489 0.416633 0)
(-0.227273 0.449893 0)
(-0.199896 0.488646 0)
(-0.158096 0.533948 0)
(-0.0970584 0.587799 0)
(-0.0299771 0.540672 0)
(-0.331625 0.125864 0)
(-0.377601 0.145411 0)
(-0.385449 0.167406 0)
(-0.387792 0.194708 0)
(-0.378717 0.222759 0)
(-0.364161 0.248896 0)
(-0.345609 0.271996 0)
(-0.325731 0.291644 0)
(-0.306363 0.308748 0)
(-0.288489 0.324672 0)
(-0.272318 0.340855 0)
(-0.257367 0.358782 0)
(-0.242474 0.379745 0)
(-0.225712 0.404654 0)
(-0.204441 0.433521 0)
(-0.175683 0.465256 0)
(-0.136183 0.500813 0)
(-0.083064 0.544123 0)
(-0.0259545 0.501275 0)
(-0.3347 0.15451 0)
(-0.363904 0.160884 0)
(-0.369915 0.171552 0)
(-0.370321 0.192522 0)
(-0.361475 0.215218 0)
(-0.348027 0.238038 0)
(-0.331103 0.259299 0)
(-0.312833 0.278503 0)
(-0.294525 0.296047 0)
(-0.276934 0.312771 0)
(-0.2602 0.329687 0)
(-0.243891 0.347836 0)
(-0.227043 0.368077 0)
(-0.208123 0.390899 0)
(-0.185181 0.416001 0)
(-0.156202 0.442273 0)
(-0.11917 0.470752 0)
(-0.0723324 0.506524 0)
(-0.0228087 0.467036 0)
(-0.352961 0.174706 0)
(-0.360174 0.169127 0)
(-0.361609 0.172992 0)
(-0.356993 0.188884 0)
(-0.346979 0.207537 0)
(-0.333444 0.227755 0)
(-0.317339 0.247482 0)
(-0.300045 0.266138 0)
(-0.282442 0.283763 0)
(-0.265055 0.300827 0)
(-0.247944 0.317995 0)
(-0.230734 0.33597 0)
(-0.212637 0.355279 0)
(-0.192462 0.376132 0)
(-0.168791 0.398067 0)
(-0.140278 0.42009 0)
(-0.105681 0.443368 0)
(-0.0638975 0.47363 0)
(-0.020289 0.436847 0)
(-0.375806 0.180688 0)
(-0.362158 0.168638 0)
(-0.356457 0.170387 0)
(-0.346166 0.18295 0)
(-0.334305 0.199166 0)
(-0.320077 0.217552 0)
(-0.304256 0.236128 0)
(-0.287494 0.254254 0)
(-0.270341 0.271757 0)
(-0.253111 0.288863 0)
(-0.23579 0.305975 0)
(-0.218043 0.323531 0)
(-0.199239 0.341824 0)
(-0.178463 0.360885 0)
(-0.154696 0.380195 0)
(-0.127049 0.398901 0)
(-0.0947624 0.418308 0)
(-0.0571141 0.444455 0)
(-0.0182282 0.409912 0)
(-0.395312 0.170763 0)
(-0.365362 0.159684 0)
(-0.351875 0.16321 0)
(-0.336668 0.174574 0)
(-0.322707 0.189817 0)
(-0.307568 0.207127 0)
(-0.291704 0.224953 0)
(-0.275205 0.242645 0)
(-0.258349 0.259942 0)
(-0.241268 0.276915 0)
(-0.223883 0.293783 0)
(-0.205895 0.31079 0)
(-0.18679 0.328068 0)
(-0.165878 0.345534 0)
(-0.142435 0.362682 0)
(-0.115877 0.378786 0)
(-0.0857434 0.395278 0)
(-0.05154 0.418282 0)
(-0.0165083 0.38565 0)
(-0.404905 0.148421 0)
(-0.365837 0.144042 0)
(-0.346025 0.151901 0)
(-0.327365 0.164027 0)
(-0.311494 0.179428 0)
(-0.295525 0.196353 0)
(-0.279495 0.213803 0)
(-0.26314 0.231199 0)
(-0.246518 0.24828 0)
(-0.229615 0.265033 0)
(-0.212301 0.281554 0)
(-0.194304 0.297958 0)
(-0.175208 0.314273 0)
(-0.15449 0.330345 0)
(-0.131642 0.345709 0)
(-0.106289 0.359766 0)
(-0.0781493 0.374028 0)
(-0.046865 0.394585 0)
(-0.0150441 0.363625 0)
(-0.401463 0.119848 0)
(-0.361287 0.124512 0)
(-0.33774 0.137624 0)
(-0.317336 0.151889 0)
(-0.300114 0.168175 0)
(-0.283603 0.185259 0)
(-0.267455 0.202641 0)
(-0.251241 0.219878 0)
(-0.234859 0.236772 0)
(-0.218192 0.253273 0)
(-0.201074 0.269404 0)
(-0.183254 0.2852 0)
(-0.164397 0.300625 0)
(-0.144108 0.315495 0)
(-0.122032 0.329389 0)
(-0.0979319 0.341824 0)
(-0.0716377 0.354357 0)
(-0.0428665 0.372969 0)
(-0.0137735 0.343513 0)
(-0.387984 0.0906739 0)
(-0.350841 0.103965 0)
(-0.326765 0.121879 0)
(-0.30602 0.138892 0)
(-0.288224 0.156391 0)
(-0.271547 0.173988 0)
(-0.255443 0.19151 0)
(-0.239449 0.208705 0)
(-0.223361 0.225448 0)
(-0.207006 0.241694 0)
(-0.190198 0.257431 0)
(-0.172707 0.272645 0)
(-0.154263 0.287265 0)
(-0.13457 0.301104 0)
(-0.113377 0.313785 0)
(-0.0905419 0.324926 0)
(-0.0659592 0.336099 0)
(-0.0393832 0.353131 0)
(-0.0126507 0.325064 0)
(-0.368777 0.0649736 0)
(-0.335581 0.0843141 0)
(-0.31348 0.106168 0)
(-0.293266 0.125724 0)
(-0.275681 0.14448 0)
(-0.259207 0.162737 0)
(-0.243366 0.180511 0)
(-0.227713 0.197737 0)
(-0.212006 0.214362 0)
(-0.196051 0.230362 0)
(-0.179658 0.245719 0)
(-0.162621 0.260392 0)
(-0.144722 0.274295 0)
(-0.125739 0.287252 0)
(-0.105499 0.298931 0)
(-0.0839182 0.309031 0)
(-0.0609303 0.319119 0)
(-0.0362978 0.334835 0)
(-0.0116419 0.308088 0)
(-0.346003 0.0433979 0)
(-0.317813 0.0668131 0)
(-0.298361 0.0915582 0)
(-0.279284 0.112934 0)
(-0.262489 0.132823 0)
(-0.24654 0.151715 0)
(-0.231179 0.169766 0)
(-0.216 0.18705 0)
(-0.200777 0.203576 0)
(-0.185312 0.219343 0)
(-0.169429 0.234339 0)
(-0.15295 0.248517 0)
(-0.135698 0.261789 0)
(-0.117506 0.27399 0)
(-0.0982563 0.284839 0)
(-0.0779079 0.294097 0)
(-0.0564142 0.303304 0)
(-0.0335254 0.317899 0)
(-0.0107234 0.292435 0)
(-0.321645 0.0257327 0)
(-0.299133 0.0521409 0)
(-0.281891 0.0784522 0)
(-0.264455 0.10094 0)
(-0.248747 0.121714 0)
(-0.233581 0.141103 0)
(-0.21888 0.159395 0)
(-0.204302 0.176725 0)
(-0.189659 0.193153 0)
(-0.174772 0.208698 0)
(-0.159485 0.223356 0)
(-0.143648 0.237084 0)
(-0.12712 0.249799 0)
(-0.109775 0.261355 0)
(-0.0915365 0.271513 0)
(-0.0723929 0.280081 0)
(-0.0523069 0.288563 0)
(-0.0310034 0.302179 0)
(-0.00987839 0.277986 0)
(-0.297555 0.0119079 0)
(-0.280039 0.0400946 0)
(-0.264665 0.0668512 0)
(-0.249117 0.0899913 0)
(-0.234611 0.111328 0)
(-0.220406 0.131046 0)
(-0.206497 0.149501 0)
(-0.192626 0.16684 0)
(-0.17865 0.183155 0)
(-0.164418 0.198482 0)
(-0.149799 0.212822 0)
(-0.134672 0.226142 0)
(-0.118925 0.238366 0)
(-0.102467 0.249369 0)
(-0.0852492 0.258946 0)
(-0.0672807 0.266948 0)
(-0.0485283 0.27482 0)
(-0.0286844 0.287564 0)
(-0.00909526 0.264644 0)
(-0.274536 0.00125346 0)
(-0.260679 0.0300471 0)
(-0.24719 0.0566712 0)
(-0.233499 0.0801494 0)
(-0.220248 0.101747 0)
(-0.207104 0.121635 0)
(-0.194074 0.140157 0)
(-0.180992 0.157456 0)
(-0.167752 0.173637 0)
(-0.154239 0.188743 0)
(-0.140348 0.202784 0)
(-0.125984 0.21573 0)
(-0.111062 0.227519 0)
(-0.0955169 0.238044 0)
(-0.0793213 0.247132 0)
(-0.0624984 0.254664 0)
(-0.0450163 0.262015 0)
(-0.0265319 0.273967 0)
(-0.00836498 0.252328 0)
(-0.252529 -0.00700026 0)
(-0.241391 0.0215668 0)
(-0.229765 0.0478255 0)
(-0.217777 0.0713664 0)
(-0.205803 0.0929989 0)
(-0.193756 0.112919 0)
(-0.18166 0.131414 0)
(-0.169422 0.148621 0)
(-0.156973 0.164641 0)
(-0.14423 0.179522 0)
(-0.131114 0.193276 0)
(-0.117554 0.20588 0)
(-0.103488 0.217281 0)
(-0.0888727 0.22739 0)
(-0.0736949 0.236061 0)
(-0.0579888 0.2432 0)
(-0.041723 0.250097 0)
(-0.0245177 0.261316 0)
(-0.0076806 0.240969 0)
(-0.231447 -0.0134493 0)
(-0.222435 0.014474 0)
(-0.212547 0.0402124 0)
(-0.202101 0.0635801 0)
(-0.191384 0.085084 0)
(-0.180436 0.104917 0)
(-0.169301 0.123303 0)
(-0.157943 0.140368 0)
(-0.146323 0.156201 0)
(-0.134388 0.17085 0)
(-0.122083 0.184326 0)
(-0.109358 0.196613 0)
(-0.0961704 0.207665 0)
(-0.0824929 0.21741 0)
(-0.0683248 0.225723 0)
(-0.0537076 0.232528 0)
(-0.0386107 0.239025 0)
(-0.0226198 0.249559 0)
(-0.00703686 0.23051 0)
(-0.21128 -0.0184463 0)
(-0.203991 0.00861759 0)
(-0.195648 0.0337142 0)
(-0.186594 0.0567322 0)
(-0.17708 0.0779836 0)
(-0.167208 0.0976306 0)
(-0.157039 0.115839 0)
(-0.146579 0.132717 0)
(-0.135813 0.14834 0)
(-0.124713 0.162748 0)
(-0.113245 0.175955 0)
(-0.101376 0.187944 0)
(-0.0890805 0.198681 0)
(-0.0763438 0.208102 0)
(-0.0631745 0.216106 0)
(-0.0496194 0.222626 0)
(-0.03565 0.228763 0)
(-0.020821 0.238649 0)
(-0.0064294 0.220898 0)
(-0.192005 -0.0223067 0)
(-0.186129 0.00380721 0)
(-0.179145 0.0281988 0)
(-0.171342 0.050754 0)
(-0.162961 0.0716634 0)
(-0.154125 0.091048 0)
(-0.144912 0.109024 0)
(-0.135354 0.125679 0)
(-0.125456 0.141071 0)
(-0.115207 0.155233 0)
(-0.104592 0.168175 0)
(-0.0935926 0.179885 0)
(-0.0821956 0.190332 0)
(-0.0703979 0.199465 0)
(-0.0582146 0.207197 0)
(-0.0456961 0.213469 0)
(-0.0328176 0.219282 0)
(-0.019107 0.228551 0)
(-0.00585401 0.212091 0)
(-0.173602 -0.0252854 0)
(-0.168898 -9.0495e-05 0)
(-0.16308 0.023542 0)
(-0.156404 0.0455692 0)
(-0.149075 0.0660796 0)
(-0.141229 0.085149 0)
(-0.132952 0.102854 0)
(-0.12429 0.119257 0)
(-0.115262 0.134401 0)
(-0.105873 0.148312 0)
(-0.0961189 0.160995 0)
(-0.0859943 0.17244 0)
(-0.0754972 0.182619 0)
(-0.0646327 0.191491 0)
(-0.0534211 0.198982 0)
(-0.0419152 0.205039 0)
(-0.0300951 0.210557 0)
(-0.0174659 0.219235 0)
(-0.00530664 0.204049 0)
(-0.15599 -0.0275668 0)
(-0.152279 -0.00324333 0)
(-0.147491 0.0196292 0)
(-0.141811 0.0411044 0)
(-0.135456 0.0611858 0)
(-0.128551 0.079908 0)
(-0.121183 0.0973147 0)
(-0.113404 0.113446 0)
(-0.105242 0.128331 0)
(-0.0967119 0.141988 0)
(-0.0878201 0.154417 0)
(-0.0785706 0.165609 0)
(-0.0689699 0.17554 0)
(-0.0590301 0.184174 0)
(-0.0487751 0.191448 0)
(-0.0382587 0.197314 0)
(-0.0274679 0.202563 0)
(-0.0158879 0.210674 0)
(-0.00478357 0.19674 0)
(-0.139127 -0.0292715 0)
(-0.136257 -0.00582628 0)
(-0.132357 0.016362 0)
(-0.127573 0.0372937 0)
(-0.122121 0.056938 0)
(-0.11611 0.0752976 0)
(-0.109621 0.0923906 0)
(-0.102708 0.108238 0)
(-0.0954023 0.122858 0)
(-0.0877256 0.136259 0)
(-0.0796919 0.14844 0)
(-0.0713127 0.159391 0)
(-0.0626015 0.169089 0)
(-0.0535755 0.177504 0)
(-0.044261 0.184582 0)
(-0.0347124 0.19028 0)
(-0.0249245 0.195282 0)
(-0.0143648 0.202845 0)
(-0.00428154 0.190136 0)
(-0.122964 -0.0305219 0)
(-0.120781 -0.00788296 0)
(-0.117643 0.0136704 0)
(-0.113684 0.0340824 0)
(-0.109076 0.0532964 0)
(-0.103917 0.0712908 0)
(-0.0982786 0.0880639 0)
(-0.0922105 0.103622 0)
(-0.0857475 0.117973 0)
(-0.0789143 0.13112 0)
(-0.0717303 0.143059 0)
(-0.0642132 0.153779 0)
(-0.0563815 0.163258 0)
(-0.0482565 0.171471 0)
(-0.0398663 0.178372 0)
(-0.0312644 0.183917 0)
(-0.0224553 0.188695 0)
(-0.0128901 0.195727 0)
(-0.00379775 0.184211 0)
(-0.107402 -0.0313914 0)
(-0.105798 -0.0094584 0)
(-0.103334 0.0114999 0)
(-0.100132 0.0314254 0)
(-0.0963182 0.0502271 0)
(-0.0919738 0.0678629 0)
(-0.0871582 0.0843168 0)
(-0.0819153 0.0995849 0)
(-0.076279 0.113668 0)
(-0.0702765 0.126564 0)
(-0.0639312 0.138268 0)
(-0.0572651 0.148766 0)
(-0.0503009 0.15804 0)
(-0.043063 0.166065 0)
(-0.0355804 0.172804 0)
(-0.0279054 0.178213 0)
(-0.0200527 0.182784 0)
(-0.0114582 0.189301 0)
(-0.00332985 0.178943 0)
(-0.0923627 -0.0319527 0)
(-0.0912478 -0.010642 0)
(-0.0893927 0.00980185 0)
(-0.0868939 0.0292866 0)
(-0.083836 0.0477021 0)
(-0.0802763 0.0649924 0)
(-0.0762594 0.0811327 0)
(-0.0718219 0.0961134 0)
(-0.0669958 0.109931 0)
(-0.0618096 0.122581 0)
(-0.0562898 0.134057 0)
(-0.0504619 0.144344 0)
(-0.0443516 0.153424 0)
(-0.037986 0.161276 0)
(-0.0313943 0.167865 0)
(-0.0246271 0.173152 0)
(-0.0177106 0.177536 0)
(-0.0100649 0.18355 0)
(-0.00287595 0.174314 0)
(-0.0777626 -0.0322771 0)
(-0.0770688 -0.0114847 0)
(-0.07577 0.00854153 0)
(-0.0739401 0.0276403 0)
(-0.0716117 0.0457014 0)
(-0.0688148 0.0626623 0)
(-0.065577 0.0784969 0)
(-0.061927 0.093195 0)
(-0.0578945 0.106752 0)
(-0.0535095 0.119162 0)
(-0.0488007 0.130417 0)
(-0.0437968 0.140502 0)
(-0.0385261 0.149401 0)
(-0.0330175 0.157092 0)
(-0.0273003 0.163544 0)
(-0.0214227 0.168721 0)
(-0.0154237 0.172937 0)
(-0.00870682 0.178459 0)
(-0.00243477 0.170305 0)
(-0.0634956 -0.0323971 0)
(-0.0631735 -0.0120148 0)
(-0.062412 0.00769829 0)
(-0.0612344 0.0264726 0)
(-0.0596242 0.0442122 0)
(-0.0575774 0.0608599 0)
(-0.0551039 0.0763966 0)
(-0.0522253 0.0908168 0)
(-0.0489705 0.104118 0)
(-0.0453708 0.116294 0)
(-0.0414579 0.127336 0)
(-0.0372631 0.137231 0)
(-0.0328168 0.145959 0)
(-0.0281495 0.153501 0)
(-0.0232907 0.159829 0)
(-0.0182855 0.164906 0)
(-0.0131873 0.168972 0)
(-0.00738217 0.174013 0)
(-0.00200611 0.1669 0)
(-0.0494797 -0.032352 0)
(-0.0494886 -0.0122486 0)
(-0.0492574 0.00726962 0)
(-0.0487393 0.025786 0)
(-0.047853 0.0432344 0)
(-0.0465534 0.0595814 0)
(-0.0448344 0.0748261 0)
(-0.0427137 0.0889727 0)
(-0.0402212 0.102023 0)
(-0.0373912 0.113972 0)
(-0.0342586 0.12481 0)
(-0.0308573 0.134524 0)
(-0.02722 0.143094 0)
(-0.0233783 0.1505 0)
(-0.0193616 0.156713 0)
(-0.0152117 0.161701 0)
(-0.0109986 0.165637 0)
(-0.00609142 0.17021 0)
(-0.00159132 0.164084 0)
(-0.0356276 -0.0322408 0)
(-0.0359091 -0.0122193 0)
(-0.0362293 0.00726304 0)
(-0.0364131 0.0255841 0)
(-0.0362697 0.0427568 0)
(-0.0357144 0.0588047 0)
(-0.0347343 0.0737566 0)
(-0.0333511 0.0876303 0)
(-0.0316 0.100432 0)
(-0.0295203 0.11216 0)
(-0.0271507 0.122803 0)
(-0.0245281 0.132346 0)
(-0.0216867 0.140768 0)
(-0.0186589 0.148047 0)
(-0.0154741 0.154158 0)
(-0.0121691 0.159067 0)
(-0.0088317 0.162891 0)
(-0.00482728 0.167006 0)
(-0.00119492 0.161821 0)
(-0.0217433 -0.0320826 0)
(-0.022297 -0.0118194 0)
(-0.0232689 0.00782642 0)
(-0.0243563 0.0259974 0)
(-0.0251045 0.0428868 0)
(-0.025392 0.0586252 0)
(-0.0252105 0.0732802 0)
(-0.0245928 0.086884 0)
(-0.023586 0.0994474 0)
(-0.0222396 0.110967 0)
(-0.0206005 0.12143 0)
(-0.018712 0.130819 0)
(-0.0166127 0.139111 0)
(-0.0143378 0.146281 0)
(-0.0119185 0.152303 0)
(-0.00938778 0.157146 0)
(-0.00685421 0.160882 0)
(-0.00368836 0.164618 0)
(-0.000845507 0.16018 0)
(-0.00740741 -0.0316919 0)
(-0.00812198 -0.0111199 0)
(-0.00883946 0.00896993 0)
(-0.00983548 0.0271038 0)
(-0.0107838 0.0437157 0)
(-0.0114851 0.0590986 0)
(-0.0118941 0.0733843 0)
(-0.0120049 0.0866357 0)
(-0.0118334 0.0988779 0)
(-0.0114058 0.110113 0)
(-0.0107523 0.12033 0)
(-0.00990343 0.129508 0)
(-0.00888874 0.137623 0)
(-0.0077361 0.144647 0)
(-0.00647152 0.150554 0)
(-0.00511619 0.155317 0)
(-0.00376449 0.158942 0)
(-0.0020033 0.162226 0)
(-0.000424685 0.158677 0)
)
;

boundaryField
{
    leftWall
    {
        type            noSlip;
    }
    rightWall
    {
        type            noSlip;
    }
    lowerWall
    {
        type            noSlip;
    }
    atmosphere
    {
        type            pressureInletOutletVelocity;
        value           nonuniform List<vector> 
46
(
(0 -0.18607 0)
(0 -0.19568 0)
(0 -0.194918 0)
(0 -0.194546 0)
(0 -0.193763 0)
(0 -0.192627 0)
(0 -0.191157 0)
(0 -0.189371 0)
(0 -0.187282 0)
(0 -0.184901 0)
(0 -0.182237 0)
(0 -0.179302 0)
(0 -0.176104 0)
(0 -0.172653 0)
(0 -0.16896 0)
(0 -0.165035 0)
(0 -0.160887 0)
(0 -0.156526 0)
(0 -0.151962 0)
(0 -0.147204 0)
(0 -0.142264 0)
(0 -0.13715 0)
(0 -0.131862 0)
(0 -0.119317 0)
(0 -0.0985017 0)
(0 -0.0764219 0)
(0 -0.0534144 0)
(0 -0.0316919 0)
(0 -0.0111199 0)
(-0.00883946 0.00896993 0)
(-0.00983548 0.0271038 0)
(-0.0107838 0.0437157 0)
(-0.0114851 0.0590986 0)
(-0.0118941 0.0733843 0)
(-0.0120049 0.0866357 0)
(-0.0118334 0.0988779 0)
(-0.0114058 0.110113 0)
(-0.0107523 0.12033 0)
(-0.00990343 0.129508 0)
(-0.00888874 0.137623 0)
(-0.0077361 0.144647 0)
(-0.00647152 0.150554 0)
(-0.00511619 0.155317 0)
(-0.00376449 0.158942 0)
(-0.0020033 0.162226 0)
(-0.000424685 0.158677 0)
)
;
    }
    defaultFaces
    {
        type            empty;
    }
}


// ************************************************************************* //
