/*--------------------------------*- C++ -*----------------------------------*\
| =========                 |                                                 |
| \\      /  F ield         | OpenFOAM: The Open Source CFD Toolbox           |
|  \\    /   O peration     | Version:  2206                                  |
|   \\  /    A nd           | Website:  www.openfoam.com                      |
|    \\/     M anipulation  |                                                 |
\*---------------------------------------------------------------------------*/
FoamFile
{
    version     2.0;
    format      ascii;
    arch        "LSB;label=32;scalar=64";
    class       surfaceScalarField;
    location    "0.075";
    object      phi;
}
// * * * * * * * * * * * * * * * * * * * * * * * * * * * * * * * * * * * * * //

dimensions      [0 3 -1 0 0 0 0];

oriented        oriented;

internalField   nonuniform List<scalar> 
4432
(
1.01609e-05
-1.01609e-05
2.1575e-05
-1.14141e-05
3.27092e-05
-1.11342e-05
4.39499e-05
-1.12407e-05
5.54988e-05
-1.1549e-05
6.74593e-05
-1.19605e-05
7.99328e-05
-1.24735e-05
9.30362e-05
-1.31034e-05
0.000106905
-1.38688e-05
0.000121696
-1.47905e-05
0.000137593
-1.58972e-05
0.000154814
-1.72207e-05
0.00017356
-1.87464e-05
0.000194334
-2.07744e-05
0.000217112
-2.2778e-05
0.000242212
-2.50995e-05
0.000270473
-2.82614e-05
0.000302627
-3.2154e-05
0.000336
-3.33731e-05
0.000350431
-1.4431e-05
0.000317692
3.27391e-05
0.000219384
9.83088e-05
0.000219384
9.97413e-06
-2.0135e-05
2.10267e-05
-2.24667e-05
3.18318e-05
-2.19393e-05
4.2747e-05
-2.2156e-05
5.39401e-05
-2.27421e-05
6.54988e-05
-2.35192e-05
7.75114e-05
-2.44861e-05
9.00793e-05
-2.56712e-05
0.000103319
-2.71083e-05
0.000117366
-2.88375e-05
0.000132383
-3.09145e-05
0.000148564
-3.34019e-05
0.000166156
-3.6338e-05
0.000185579
-4.01975e-05
0.000206678
-4.38766e-05
0.000230598
-4.90197e-05
0.000261294
-5.89572e-05
0.000299586
-7.04464e-05
0.000343295
-7.70819e-05
0.000360084
-3.12203e-05
0.00030942
8.34029e-05
0.000194043
0.000213686
0.000413427
9.58112e-06
-2.97161e-05
1.99724e-05
-3.28581e-05
3.01638e-05
-3.21306e-05
4.04651e-05
-3.24573e-05
5.09914e-05
-3.32684e-05
6.18056e-05
-3.43333e-05
7.29747e-05
-3.56552e-05
8.45739e-05
-3.72704e-05
9.66873e-05
-3.92217e-05
0.000109411
-4.15612e-05
0.000122857
-4.43605e-05
0.000137156
-4.77004e-05
0.000152497
-5.16795e-05
0.000169084
-5.67844e-05
0.00018671
-6.15026e-05
0.00020771
-7.00195e-05
0.000233547
-8.47938e-05
0.000255166
-9.2066e-05
0.000245788
-6.7704e-05
0.000215102
-5.3381e-07
0.000161492
0.000137013
7.1418e-05
0.00030376
0.000484845
9.00501e-06
-3.87211e-05
1.8511e-05
-4.23641e-05
2.78786e-05
-4.14983e-05
3.73472e-05
-4.1926e-05
4.69743e-05
-4.28954e-05
5.67951e-05
-4.41542e-05
6.68497e-05
-4.57099e-05
7.71793e-05
-4.76e-05
8.78241e-05
-4.98666e-05
9.8823e-05
-5.256e-05
0.00011021
-5.57473e-05
0.000122008
-5.94992e-05
0.000134249
-6.392e-05
0.000146837
-6.93727e-05
0.000159472
-7.41379e-05
0.000174474
-8.50209e-05
0.000190469
-0.000100789
0.000195985
-9.75818e-05
0.000176484
-4.82033e-05
0.000114545
6.14049e-05
5.69023e-05
0.000194656
-2.08348e-05
0.000381496
0.00046401
8.27661e-06
-4.69977e-05
1.67589e-05
-5.08464e-05
2.51693e-05
-4.99086e-05
3.3662e-05
-5.04187e-05
4.22436e-05
-5.1477e-05
5.09255e-05
-5.28361e-05
5.97227e-05
-5.45071e-05
6.86454e-05
-5.65227e-05
7.76963e-05
-5.89174e-05
8.68679e-05
-6.17316e-05
9.6137e-05
-6.50164e-05
0.00010546
-6.88218e-05
0.000114772
-7.32321e-05
0.000123864
-7.84656e-05
0.000132618
-8.28911e-05
0.000142645
-9.50479e-05
0.00014988
-0.000108024
0.000135413
-8.31151e-05
6.72266e-05
1.99835e-05
-1.76396e-05
0.000146272
-6.58248e-05
0.000242841
-6.81924e-05
0.000383864
0.000395818
7.43969e-06
-5.44374e-05
1.48392e-05
-5.82459e-05
2.22313e-05
-5.73007e-05
2.96812e-05
-5.78686e-05
3.71585e-05
-5.89542e-05
4.46573e-05
-6.03349e-05
5.21734e-05
-6.20232e-05
5.96944e-05
-6.40438e-05
6.71978e-05
-6.64207e-05
7.46474e-05
-6.91812e-05
8.19881e-05
-7.23572e-05
8.91448e-05
-7.59784e-05
9.60066e-05
-8.0094e-05
0.000102368
-8.48269e-05
0.000108231
-8.87538e-05
0.00011426
-0.000101077
0.00011524
-0.000109005
8.39273e-05
-5.18024e-05
-2.36532e-05
0.000127565
-8.66939e-05
0.000209313
-0.000105554
0.000261701
-6.66051e-05
0.000344916
0.000329213
6.54373e-06
-6.09811e-05
1.28632e-05
-6.45654e-05
1.92302e-05
-6.36677e-05
2.56297e-05
-6.42681e-05
3.20096e-05
-6.53342e-05
3.83537e-05
-6.66791e-05
4.46452e-05
-6.83147e-05
5.08591e-05
-7.02576e-05
5.69602e-05
-7.25219e-05
6.29018e-05
-7.51228e-05
6.86204e-05
-7.80759e-05
7.40368e-05
-8.13949e-05
7.90324e-05
-8.50896e-05
8.34262e-05
-8.92206e-05
8.73452e-05
-9.26729e-05
9.06003e-05
-0.000104332
8.67895e-05
-0.000105194
2.41983e-05
1.07889e-05
-4.55897e-05
0.000197352
-7.21997e-05
0.000235921
-7.08402e-05
0.000260341
-2.97187e-05
0.000303794
0.000299494
5.62257e-06
-6.66037e-05
1.08947e-05
-6.98374e-05
1.62605e-05
-6.90334e-05
2.16366e-05
-6.96442e-05
2.69605e-05
-7.06581e-05
3.22108e-05
-7.19294e-05
3.73643e-05
-7.34682e-05
4.23906e-05
-7.52839e-05
4.72517e-05
-7.73829e-05
5.19002e-05
-7.97714e-05
5.62782e-05
-8.24539e-05
6.03197e-05
-8.54364e-05
6.3936e-05
-8.87059e-05
6.70725e-05
-9.2357e-05
6.98e-05
-9.54004e-05
7.18873e-05
-0.00010642
6.18826e-05
-9.5189e-05
-2.02401e-05
9.29119e-05
-3.51429e-05
0.000212256
-2.62854e-05
0.000227064
-1.03765e-05
0.000244433
2.04265e-05
0.000272991
0.00031992
2.43229e-06
-2.43229e-06
4.75476e-06
-2.3229e-06
6.75283e-06
-1.99844e-06
8.35438e-06
-1.60182e-06
9.52221e-06
-1.16804e-06
1.0259e-05
-7.36987e-07
1.0596e-05
-3.36998e-07
1.05788e-05
1.70227e-08
1.02724e-05
3.061e-07
9.72795e-06
5.44265e-07
8.99378e-06
7.3416e-07
8.11139e-06
8.82412e-07
7.11537e-06
9.95909e-07
6.03395e-06
1.08122e-06
4.88975e-06
1.14405e-06
3.70066e-06
1.18898e-06
2.48097e-06
1.21954e-06
1.24251e-06
1.23833e-06
1.24253e-06
2.61893e-06
-5.05166e-06
5.11736e-06
-4.82199e-06
7.22941e-06
-4.11105e-06
8.88454e-06
-3.25726e-06
1.00553e-05
-2.33895e-06
1.07594e-05
-1.44146e-06
1.10443e-05
-6.22157e-07
1.09739e-05
8.72076e-08
1.06169e-05
6.63034e-07
1.00238e-05
1.13731e-06
9.24376e-06
1.51403e-06
8.31906e-06
1.80674e-06
7.28476e-06
2.02993e-06
6.1689e-06
2.19695e-06
4.99353e-06
2.31926e-06
3.77593e-06
2.40631e-06
2.52981e-06
2.46545e-06
1.26612e-06
2.50204e-06
2.50864e-06
3.00579e-06
-8.05783e-06
5.86626e-06
-7.68294e-06
8.19831e-06
-6.44351e-06
9.93906e-06
-4.99843e-06
1.10887e-05
-3.48864e-06
1.17019e-05
-2.05462e-06
1.18575e-05
-7.77708e-07
1.16527e-05
2.91942e-07
1.1161e-05
1.15448e-06
1.04478e-05
1.85033e-06
9.56637e-06
2.39532e-06
8.55937e-06
2.8137e-06
7.46e-06
3.12921e-06
6.29374e-06
3.36302e-06
5.0799e-06
3.53287e-06
3.83308e-06
3.65295e-06
2.56441e-06
3.73405e-06
1.28247e-06
3.78387e-06
3.79103e-06
3.65327e-06
-1.17115e-05
7.14825e-06
-1.11784e-05
9.83194e-06
-9.12747e-06
1.16708e-05
-6.83758e-06
1.27394e-05
-4.55742e-06
1.31704e-05
-2.48563e-06
1.30971e-05
-7.04384e-07
1.26734e-05
7.15603e-07
1.19777e-05
1.8501e-06
1.10866e-05
2.74156e-06
1.00565e-05
3.42553e-06
8.9289e-06
3.94128e-06
7.73375e-06
4.32422e-06
6.49256e-06
4.60413e-06
5.22043e-06
4.80494e-06
3.92799e-06
4.94527e-06
2.62276e-06
5.03906e-06
1.31017e-06
5.09624e-06
5.10108e-06
4.67962e-06
-1.63914e-05
9.24148e-06
-1.57408e-05
1.24106e-05
-1.22969e-05
1.42809e-05
-8.70781e-06
1.51235e-05
-5.40026e-06
1.52169e-05
-2.5792e-06
1.4765e-05
-2.52528e-07
1.40128e-05
1.46769e-06
1.30251e-05
2.83797e-06
1.18895e-05
3.87737e-06
1.06617e-05
4.65331e-06
9.37822e-06
5.22477e-06
8.06221e-06
5.64025e-06
6.72825e-06
5.9381e-06
5.38518e-06
6.14788e-06
4.03816e-06
6.29198e-06
2.69001e-06
6.38688e-06
1.34194e-06
6.44405e-06
6.44289e-06
6.04796e-06
-2.24395e-05
1.2546e-05
-2.22389e-05
1.63712e-05
-1.61224e-05
1.80538e-05
-1.03908e-05
1.83705e-05
-5.71736e-06
1.78302e-05
-2.03866e-06
1.68813e-05
6.96712e-07
1.5634e-05
2.71506e-06
1.42493e-05
4.22263e-06
1.28016e-05
5.32514e-06
1.1333e-05
6.12196e-06
9.86624e-06
6.69173e-06
8.41208e-06
7.09447e-06
6.97474e-06
7.3753e-06
5.55456e-06
7.56774e-06
4.14979e-06
7.6964e-06
2.75737e-06
7.77898e-06
1.37352e-06
7.82764e-06
7.81625e-06
5.96612e-06
-2.84059e-05
1.68666e-05
-3.31401e-05
2.22929e-05
-2.15482e-05
2.33819e-05
-1.14792e-05
2.26338e-05
-4.96899e-06
2.10456e-05
-4.50297e-07
1.92923e-05
2.45011e-06
1.74163e-05
4.59108e-06
1.55494e-05
6.08972e-06
1.374e-05
7.13465e-06
1.20037e-05
7.85838e-06
1.03403e-05
8.35522e-06
8.74271e-06
8.69199e-06
7.2014e-06
8.91639e-06
5.70621e-06
9.06257e-06
4.24724e-06
9.155e-06
2.81493e-06
9.21098e-06
1.40009e-06
9.2422e-06
9.21619e-06
2.1388e-05
-4.97939e-05
3.07084e-05
-4.246e-05
3.28051e-05
-2.36452e-05
3.09658e-05
-9.64012e-06
2.78253e-05
-1.82842e-06
2.48268e-05
2.54837e-06
2.18818e-05
5.39529e-06
1.92059e-05
7.26728e-06
1.67883e-05
8.50752e-06
1.45959e-05
9.32708e-06
1.25907e-05
9.86342e-06
1.07382e-05
1.02077e-05
9.00799e-06
1.04221e-05
7.37443e-06
1.05497e-05
5.81584e-06
1.06207e-05
4.31381e-06
1.06566e-05
2.85223e-06
1.06722e-05
1.41666e-06
1.06775e-05
1.06327e-05
2.79294e-06
-6.93966e-05
5.35489e-06
-7.23994e-05
7.98189e-06
-7.16604e-05
1.06057e-05
-7.2268e-05
1.31905e-05
-7.32429e-05
1.5723e-05
-7.44619e-05
1.81885e-05
-7.59337e-05
2.0569e-05
-7.76644e-05
2.28435e-05
-7.96575e-05
2.49865e-05
-8.19144e-05
2.69693e-05
-8.44367e-05
2.87461e-05
-8.72132e-05
3.03098e-05
-9.02696e-05
3.14708e-05
-9.35181e-05
3.25426e-05
-9.64721e-05
3.21037e-05
-0.000105981
2.0826e-05
-8.39113e-05
-1.5348e-05
0.000129085
-6.48366e-06
0.000203391
1.07896e-05
0.00020979
3.31811e-05
0.000222042
7.08574e-05
0.000235315
0.000261552
0.000129225
2.50608e-06
-7.19027e-05
4.76587e-06
-7.46592e-05
7.09969e-06
-7.39942e-05
9.42452e-06
-7.45928e-05
1.17067e-05
-7.5525e-05
1.39331e-05
-7.66883e-05
1.60891e-05
-7.80896e-05
1.81573e-05
-7.97327e-05
2.0118e-05
-8.16182e-05
2.19489e-05
-8.37453e-05
2.36239e-05
-8.61117e-05
2.51131e-05
-8.87024e-05
2.63852e-05
-9.15417e-05
2.73616e-05
-9.44945e-05
2.81959e-05
-9.73064e-05
2.84186e-05
-0.000106204
1.59423e-05
-7.14346e-05
-8.89113e-06
0.000153919
7.06726e-06
0.000187433
2.97915e-05
0.000187066
6.00444e-05
0.000191789
0.00010182
0.000193539
0.000211582
0.00015179
2.22692e-06
-7.41296e-05
4.19908e-06
-7.66314e-05
6.25132e-06
-7.60465e-05
8.29033e-06
-7.66319e-05
1.02846e-05
-7.75193e-05
1.22214e-05
-7.86251e-05
1.40866e-05
-7.99548e-05
1.58639e-05
-8.151e-05
1.75355e-05
-8.32899e-05
1.90821e-05
-8.52919e-05
2.04824e-05
-8.7512e-05
2.17147e-05
-8.99346e-05
2.27538e-05
-9.25808e-05
2.35623e-05
-9.5303e-05
2.42694e-05
-9.80136e-05
2.43059e-05
-0.00010624
1.10363e-05
-5.81652e-05
2.3436e-06
0.000162611
1.9153e-05
0.000170624
4.0617e-05
0.000165602
6.73764e-05
0.000165029
9.96958e-05
0.00016122
0.000167211
0.000144067
1.95891e-06
-7.60885e-05
3.66018e-06
-7.83326e-05
5.44503e-06
-7.78313e-05
7.21331e-06
-7.84002e-05
8.93625e-06
-7.92423e-05
1.06014e-05
-8.02903e-05
1.21952e-05
-8.15486e-05
1.37028e-05
-8.30175e-05
1.51082e-05
-8.46953e-05
1.63953e-05
-8.6579e-05
1.75475e-05
-8.86641e-05
1.85503e-05
-9.09374e-05
1.93878e-05
-9.34183e-05
2.00405e-05
-9.59557e-05
2.06433e-05
-9.86163e-05
2.05384e-05
-0.000106135
7.84943e-06
-4.54762e-05
9.05723e-06
0.000161403
2.47439e-05
0.000154938
4.26473e-05
0.000147699
6.34847e-05
0.000144192
8.73193e-05
0.000137385
0.000133349
0.000121182
1.70346e-06
-7.7792e-05
3.15061e-06
-7.97797e-05
4.68167e-06
-7.93624e-05
6.19418e-06
-7.99127e-05
7.66152e-06
-8.07096e-05
9.07184e-06
-8.17005e-05
1.04121e-05
-8.28889e-05
1.16684e-05
-8.42738e-05
1.28264e-05
-8.58533e-05
1.38722e-05
-8.76248e-05
1.47929e-05
-8.95849e-05
1.55801e-05
-9.17245e-05
1.62243e-05
-9.40625e-05
1.67287e-05
-9.64601e-05
1.72229e-05
-9.91105e-05
1.70154e-05
-0.000105927
3.01534e-06
-3.14758e-05
8.60573e-06
0.000155812
2.42543e-05
0.000139288
4.00001e-05
0.000131952
5.6813e-05
0.000127378
7.43715e-05
0.000119826
0.000111786
9.59338e-05
1.45964e-06
-7.92516e-05
2.66943e-06
-8.09895e-05
3.95912e-06
-8.06521e-05
5.23087e-06
-8.11845e-05
6.45745e-06
-8.19362e-05
7.62849e-06
-8.28715e-05
8.73134e-06
-8.39918e-05
9.75275e-06
-8.52952e-05
1.06793e-05
-8.67798e-05
1.14983e-05
-8.84437e-05
1.21992e-05
-9.02858e-05
1.27766e-05
-9.23019e-05
1.32235e-05
-9.45095e-05
1.3575e-05
-9.68117e-05
1.39153e-05
-9.94508e-05
1.38659e-05
-0.000105878
-8.85941e-06
-8.75058e-06
3.40181e-06
0.00014355
2.035e-05
0.00012234
3.5237e-05
0.000117065
4.93621e-05
0.000113253
6.23386e-05
0.00010685
9.88544e-05
7.527e-05
1.22365e-06
-8.04753e-05
2.21501e-06
-8.19809e-05
3.27515e-06
-8.17123e-05
4.31994e-06
-8.22293e-05
5.32044e-06
-8.29367e-05
6.26774e-06
-8.38188e-05
7.14921e-06
-8.48733e-05
7.95158e-06
-8.60976e-05
8.66143e-06
-8.74896e-05
9.26629e-06
-8.90486e-05
9.75661e-06
-9.07761e-05
1.01283e-05
-9.26736e-05
1.03696e-05
-9.47508e-05
1.05504e-05
-9.69924e-05
1.05611e-05
-9.94615e-05
1.1339e-05
-0.000106656
-2.34785e-05
2.60665e-05
-2.20004e-06
0.000122272
1.62412e-05
0.000103898
3.06105e-05
0.000102696
4.24983e-05
0.000101365
5.22248e-05
9.71241e-05
9.06375e-05
6.04417e-05
1.02769e-06
-8.1503e-05
1.80566e-06
-8.27589e-05
2.64883e-06
-8.25555e-05
3.47883e-06
-8.30593e-05
4.271e-06
-8.37288e-05
5.01469e-06
-8.45625e-05
5.69678e-06
-8.55554e-05
6.30236e-06
-8.67032e-05
6.8156e-06
-8.80028e-05
7.22042e-06
-8.94534e-05
7.50137e-06
-9.1057e-05
7.64853e-06
-9.28208e-05
7.61455e-06
-9.47169e-05
7.49948e-06
-9.68773e-05
6.77357e-06
-9.87357e-05
8.60144e-06
-0.000108483
-2.72409e-05
6.19089e-05
-1.50526e-06
9.65364e-05
1.64546e-05
8.59379e-05
2.88465e-05
9.03038e-05
3.79057e-05
9.23057e-05
4.4706e-05
9.03232e-05
8.54657e-05
4.98777e-05
8.75732e-07
-8.23787e-05
1.4324e-06
-8.33156e-05
2.09843e-06
-8.32215e-05
2.74214e-06
-8.37029e-05
3.35755e-06
-8.43442e-05
3.92937e-06
-8.51343e-05
4.44499e-06
-8.6071e-05
4.88839e-06
-8.71466e-05
5.23907e-06
-8.83535e-05
5.47066e-06
-8.9685e-05
5.54764e-06
-9.1134e-05
5.43143e-06
-9.27045e-05
4.97183e-06
-9.42573e-05
4.21662e-06
-9.61221e-05
2.37825e-06
-9.68974e-05
1.18813e-06
-0.000107294
-7.58746e-06
7.06845e-05
1.4483e-05
7.44663e-05
2.48768e-05
7.55441e-05
3.14469e-05
8.37343e-05
3.60264e-05
8.77262e-05
3.93672e-05
8.69817e-05
8.29993e-05
4.18335e-05
7.06305e-07
-8.3085e-05
1.08527e-06
-8.36946e-05
1.61603e-06
-8.37523e-05
2.11512e-06
-8.4202e-05
2.58954e-06
-8.48187e-05
3.02552e-06
-8.55703e-05
3.40939e-06
-8.64549e-05
3.72464e-06
-8.74618e-05
3.94755e-06
-8.85764e-05
4.04046e-06
-8.97778e-05
3.9513e-06
-9.10448e-05
3.6057e-06
-9.23589e-05
2.80985e-06
-9.34615e-05
1.27175e-06
-9.45839e-05
-8.41633e-07
-9.4784e-05
-7.57096e-06
-0.000100564
2.92687e-05
3.38442e-05
4.29698e-05
6.07647e-05
4.03734e-05
7.81403e-05
3.72875e-05
8.68204e-05
3.57157e-05
8.92983e-05
3.5057e-05
8.76404e-05
8.31172e-05
3.49389e-05
4.93564e-07
-8.35786e-05
7.37923e-07
-8.3939e-05
1.09244e-06
-8.41068e-05
1.43394e-06
-8.45435e-05
1.74375e-06
-8.51285e-05
2.01878e-06
-8.58454e-05
2.2465e-06
-8.66826e-05
2.41e-06
-8.76253e-05
2.48557e-06
-8.86519e-05
2.43562e-06
-8.97279e-05
2.2224e-06
-9.08316e-05
1.78107e-06
-9.19177e-05
1.51275e-06
-9.31931e-05
1.00668e-06
-9.40779e-05
5.99622e-06
-9.97736e-05
-8.66147e-07
-9.37017e-05
6.55273e-05
-3.25488e-05
7.87247e-05
4.75674e-05
6.03672e-05
9.64977e-05
4.36565e-05
0.00010353
3.46384e-05
9.83164e-05
3.00811e-05
9.21978e-05
8.53227e-05
2.78757e-05
9.31477e-08
-8.36717e-05
6.09507e-08
-8.39068e-05
1.09748e-07
-8.41556e-05
1.20923e-07
-8.45547e-05
9.33834e-08
-8.51009e-05
2.25102e-08
-8.57745e-05
-9.78866e-08
-8.65622e-05
-2.75973e-07
-8.74472e-05
-5.16619e-07
-8.84113e-05
-8.05849e-07
-8.94387e-05
-1.09012e-06
-9.05472e-05
-1.40868e-06
-9.15992e-05
5.81269e-07
-9.51831e-05
5.23516e-06
-9.87318e-05
2.14211e-05
-0.000115959
3.43406e-05
-0.000106621
7.46799e-05
-7.28879e-05
9.12307e-05
3.10169e-05
6.86454e-05
0.000119083
4.32288e-05
0.000128947
2.89518e-05
0.000112593
2.22146e-05
9.89351e-05
8.82419e-05
1.92957e-05
-8.47238e-07
-8.28246e-05
-1.97486e-06
-8.27794e-05
-2.90114e-06
-8.32295e-05
-3.96131e-06
-8.34947e-05
-5.08231e-06
-8.39801e-05
-6.28177e-06
-8.45752e-05
-7.54123e-06
-8.53029e-05
-8.81751e-06
-8.61711e-05
-9.99829e-06
-8.72307e-05
-1.08224e-05
-8.8615e-05
-1.07594e-05
-9.06103e-05
-8.88404e-06
-9.34747e-05
-1.58819e-06
-0.000102479
1.83471e-05
-0.000118667
2.88932e-05
-0.000126505
4.44586e-05
-0.000122187
3.88905e-05
-6.73199e-05
6.39466e-05
5.96061e-06
4.59411e-05
0.000137088
2.56838e-05
0.000149204
1.43591e-05
0.000123918
9.67206e-06
0.000103622
8.9581e-05
8.33304e-06
-2.81655e-06
-8.00082e-05
-5.80776e-06
-7.97865e-05
-8.62138e-06
-8.04171e-05
-1.15365e-05
-8.05801e-05
-1.44588e-05
-8.10598e-05
-1.73606e-05
-8.16734e-05
-2.01475e-05
-8.25164e-05
-2.26224e-05
-8.36952e-05
-2.43935e-05
-8.54606e-05
-2.47702e-05
-8.82381e-05
-2.29691e-05
-9.24113e-05
-1.64557e-05
-9.99876e-05
-1.86673e-06
-0.000117068
1.7457e-05
-0.00013799
3.06615e-05
-0.00013971
2.84267e-05
-0.000119952
9.87569e-06
-4.87688e-05
-2.7155e-06
1.85518e-05
-6.43187e-06
0.000140805
-1.02691e-05
0.000153042
-9.334e-06
0.000122983
-7.16996e-06
0.000101458
8.71485e-05
-4.73787e-06
-3.66996e-06
-7.63396e-05
-6.62705e-06
-7.68279e-05
-9.98939e-06
-7.7054e-05
-1.33001e-05
-7.72667e-05
-1.66489e-05
-7.77108e-05
-1.99802e-05
-7.83427e-05
-2.32503e-05
-7.92466e-05
-2.63771e-05
-8.05685e-05
-2.92714e-05
-8.25667e-05
-3.19587e-05
-8.55509e-05
-3.43513e-05
-9.00193e-05
-3.5975e-05
-9.83647e-05
-3.93342e-05
-0.000113709
-4.62379e-05
-0.000131087
-5.18049e-05
-0.000134143
-6.20812e-05
-0.000109676
-7.14447e-05
-3.94052e-05
-8.81829e-05
3.52901e-05
-7.50772e-05
0.000127699
-5.10969e-05
0.000129061
-3.53388e-05
0.000107225
-2.54158e-05
9.15345e-05
8.00179e-05
-1.82859e-05
-3.53787e-06
-7.28026e-05
-6.64052e-06
-7.37273e-05
-9.99078e-06
-7.37053e-05
-1.33253e-05
-7.39323e-05
-1.67593e-05
-7.42773e-05
-2.03045e-05
-7.47975e-05
-2.40032e-05
-7.55466e-05
-2.79421e-05
-7.66305e-05
-3.23337e-05
-7.81751e-05
-3.75594e-05
-8.03249e-05
-4.41671e-05
-8.34112e-05
-5.44072e-05
-8.81243e-05
-7.26526e-05
-9.54635e-05
-9.89298e-05
-0.00010481
-0.000124378
-0.000108695
-0.000146289
-8.7765e-05
-0.000154758
-3.09357e-05
-0.000157986
3.85181e-05
-0.00011927
8.89833e-05
-8.10342e-05
9.08253e-05
-5.66105e-05
8.28013e-05
-4.09812e-05
7.5905e-05
6.91605e-05
-3.01241e-05
-3.50009e-06
-6.93012e-05
-6.97917e-06
-7.02472e-05
-1.04829e-05
-7.02021e-05
-1.40635e-05
-7.03511e-05
-1.7773e-05
-7.05689e-05
-2.16744e-05
-7.08977e-05
-2.58467e-05
-7.13741e-05
-3.04313e-05
-7.20455e-05
-3.56555e-05
-7.29507e-05
-4.18324e-05
-7.41487e-05
-4.95788e-05
-7.56648e-05
-6.03966e-05
-7.73059e-05
-7.68175e-05
-7.90421e-05
-0.000101003
-8.06242e-05
-0.000131891
-7.78059e-05
-0.000160125
-5.95307e-05
-0.000169582
-2.14785e-05
-0.000154985
2.39214e-05
-0.000119523
5.35214e-05
-8.8197e-05
5.94991e-05
-6.61685e-05
6.07728e-05
-5.00793e-05
5.98159e-05
5.72697e-05
-3.81883e-05
-3.48128e-06
-6.58205e-05
-7.08473e-06
-6.66437e-05
-1.06444e-05
-6.66421e-05
-1.43394e-05
-6.66548e-05
-1.81993e-05
-6.67072e-05
-2.22952e-05
-6.68016e-05
-2.67257e-05
-6.6945e-05
-3.16386e-05
-6.71315e-05
-3.72438e-05
-6.73447e-05
-4.38264e-05
-6.75661e-05
-5.18334e-05
-6.76574e-05
-6.18735e-05
-6.72654e-05
-7.49007e-05
-6.60147e-05
-9.24065e-05
-6.31183e-05
-0.000114254
-5.59575e-05
-0.000133447
-4.03376e-05
-0.000138959
-1.59661e-05
-0.000125589
1.05509e-05
-0.000102513
3.04465e-05
-8.25055e-05
3.94916e-05
-6.62177e-05
4.44851e-05
-5.28343e-05
4.64328e-05
4.65181e-05
-4.20823e-05
-3.48331e-06
-6.23364e-05
-7.09373e-06
-6.30342e-05
-1.07214e-05
-6.30148e-05
-1.44655e-05
-6.29118e-05
-1.83804e-05
-6.27918e-05
-2.25363e-05
-6.2645e-05
-2.70252e-05
-6.24559e-05
-3.19661e-05
-6.21905e-05
-3.75133e-05
-6.17967e-05
-4.38902e-05
-6.11887e-05
-5.13879e-05
-6.01594e-05
-6.02188e-05
-5.84343e-05
-7.05159e-05
-5.57174e-05
-8.24076e-05
-5.12264e-05
-9.50957e-05
-4.32693e-05
-0.000105127
-3.0306e-05
-0.000107671
-1.34219e-05
-0.000100649
3.52847e-06
-8.75077e-05
1.73059e-05
-7.45884e-05
2.65727e-05
-6.26558e-05
3.25529e-05
-5.21124e-05
3.58897e-05
3.74659e-05
-4.306e-05
-3.46751e-06
-5.88676e-05
-6.99636e-06
-5.95051e-05
-1.06207e-05
-5.93897e-05
-1.43414e-05
-5.91906e-05
-1.82183e-05
-5.89146e-05
-2.23148e-05
-5.85488e-05
-2.67048e-05
-5.80649e-05
-3.14771e-05
-5.74188e-05
-3.67336e-05
-5.65408e-05
-4.25981e-05
-5.53244e-05
-4.91738e-05
-5.35837e-05
-5.65087e-05
-5.10992e-05
-6.46271e-05
-4.7599e-05
-7.33106e-05
-4.25429e-05
-8.14375e-05
-3.51424e-05
-8.68037e-05
-2.49395e-05
-8.75108e-05
-1.27147e-05
-8.33389e-05
-6.43552e-07
-7.58876e-05
9.85461e-06
-6.71701e-05
1.78554e-05
-5.82894e-05
2.36723e-05
-4.99577e-05
2.7558e-05
2.99475e-05
-4.24394e-05
-3.4157e-06
-5.54516e-05
-6.86082e-06
-5.60606e-05
-1.04016e-05
-5.58496e-05
-1.4035e-05
-5.55572e-05
-1.78057e-05
-5.51442e-05
-2.17618e-05
-5.4592e-05
-2.59564e-05
-5.38698e-05
-3.0445e-05
-5.293e-05
-3.52844e-05
-5.17011e-05
-4.05282e-05
-5.00808e-05
-4.6187e-05
-4.79251e-05
-5.22121e-05
-4.50746e-05
-5.84917e-05
-4.13199e-05
-6.47061e-05
-3.63286e-05
-7.00841e-05
-2.97645e-05
-7.34208e-05
-2.16032e-05
-7.37126e-05
-1.24231e-05
-7.10844e-05
-3.27199e-06
-6.61972e-05
4.96733e-06
-6.01194e-05
1.17776e-05
-5.35462e-05
1.70989e-05
-4.70246e-05
2.10361e-05
2.37867e-05
-4.08639e-05
-3.30737e-06
-5.21437e-05
-6.6642e-06
-5.27029e-05
-1.00766e-05
-5.24365e-05
-1.35732e-05
-5.20602e-05
-1.71836e-05
-5.15341e-05
-2.09398e-05
-5.08356e-05
-2.4875e-05
-4.99354e-05
-2.90163e-05
-4.87882e-05
-3.33855e-05
-4.7332e-05
-3.79869e-05
-4.54799e-05
-4.27876e-05
-4.31249e-05
-4.77079e-05
-4.01548e-05
-5.25978e-05
-3.64303e-05
-5.7149e-05
-3.17776e-05
-6.08339e-05
-2.60801e-05
-6.30077e-05
-1.94301e-05
-6.32074e-05
-1.22238e-05
-6.1449e-05
-5.03061e-06
-5.80993e-05
1.61737e-06
-5.372e-05
7.39792e-06
-4.87934e-05
1.2172e-05
-4.37003e-05
1.59427e-05
1.87897e-05
-3.87033e-05
-3.153e-06
-4.89912e-05
-6.38429e-06
-4.94721e-05
-9.64331e-06
-4.91773e-05
-1.29701e-05
-4.87335e-05
-1.6382e-05
-4.81204e-05
-1.98996e-05
-4.73177e-05
-2.35389e-05
-4.62966e-05
-2.73083e-05
-4.50184e-05
-3.1207e-05
-4.34341e-05
-3.52116e-05
-4.14759e-05
-3.92694e-05
-3.90672e-05
-4.32916e-05
-3.61329e-05
-4.71308e-05
-3.25917e-05
-5.05435e-05
-2.83653e-05
-5.31873e-05
-2.34367e-05
-5.47006e-05
-1.79172e-05
-5.48536e-05
-1.20711e-05
-5.36393e-05
-6.24516e-06
-5.12697e-05
-7.52439e-07
-4.80476e-05
4.17551e-06
-4.43004e-05
8.42461e-06
-4.02985e-05
1.19407e-05
1.47425e-05
-3.62511e-05
-2.97175e-06
-4.60192e-05
-6.03365e-06
-4.64087e-05
-9.11819e-06
-4.6092e-05
-1.22519e-05
-4.55999e-05
-1.54442e-05
-4.49279e-05
-1.87041e-05
-4.40583e-05
-2.20347e-05
-4.29654e-05
-2.54344e-05
-4.16187e-05
-2.88881e-05
-3.99806e-05
-3.23613e-05
-3.80029e-05
-3.57955e-05
-3.56329e-05
-3.91051e-05
-3.28237e-05
-4.21637e-05
-2.95337e-05
-4.47913e-05
-2.5738e-05
-4.67683e-05
-2.14598e-05
-4.78868e-05
-1.67991e-05
-4.80212e-05
-1.19369e-05
-4.71681e-05
-7.09832e-06
-4.54403e-05
-2.48034e-06
-4.30277e-05
1.76282e-06
-4.01426e-05
5.53944e-06
-3.69774e-05
8.77547e-06
1.14587e-05
-3.36935e-05
-2.7823e-06
-4.32375e-05
-5.64931e-06
-4.35415e-05
-8.54176e-06
-4.31997e-05
-1.1466e-05
-4.26742e-05
-1.44267e-05
-4.19676e-05
-1.74224e-05
-4.10624e-05
-2.04485e-05
-3.9938e-05
-2.34965e-05
-3.8571e-05
-2.65439e-05
-3.69333e-05
-2.95539e-05
-3.49927e-05
-3.24706e-05
-3.27163e-05
-3.52175e-05
-3.0077e-05
-3.76933e-05
-2.70582e-05
-3.97693e-05
-2.36622e-05
-4.13035e-05
-1.99256e-05
-4.21712e-05
-1.59314e-05
-4.23011e-05
-1.1807e-05
-4.16957e-05
-7.70362e-06
-4.04144e-05
-3.7616e-06
-3.8585e-05
-6.65235e-08
-3.63328e-05
3.28731e-06
-3.38103e-05
6.253e-06
8.78586e-06
-3.11373e-05
-2.59738e-06
-4.06391e-05
-5.26163e-06
-4.08769e-05
-7.94996e-06
-4.05112e-05
-1.06567e-05
-3.99667e-05
-1.33801e-05
-3.92442e-05
-1.61134e-05
-3.83282e-05
-1.88481e-05
-3.72031e-05
-2.15693e-05
-3.58504e-05
-2.42521e-05
-3.42501e-05
-2.68622e-05
-3.23825e-05
-2.93498e-05
-3.0229e-05
-3.16501e-05
-2.77767e-05
-3.36846e-05
-2.50237e-05
-3.53623e-05
-2.19847e-05
-3.65899e-05
-1.86981e-05
-3.72904e-05
-1.52309e-05
-3.74226e-05
-1.16748e-05
-3.69907e-05
-8.13537e-06
-3.6037e-05
-4.7152e-06
-3.46229e-05
-1.48052e-06
-3.28519e-05
1.51644e-06
-3.08279e-05
4.22914e-06
6.60173e-06
-2.86437e-05
-2.4202e-06
-3.82183e-05
-4.88407e-06
-3.84132e-05
-7.36374e-06
-3.80306e-05
-9.85081e-06
-3.74804e-05
-1.23375e-05
-3.6757e-05
-1.48163e-05
-3.58493e-05
-1.72754e-05
-3.47447e-05
-1.96966e-05
-3.34293e-05
-2.20558e-05
-3.18902e-05
-2.43219e-05
-3.01165e-05
-2.64524e-05
-2.8099e-05
-2.83947e-05
-2.58345e-05
-3.00891e-05
-2.33294e-05
-3.14711e-05
-2.06029e-05
-3.24784e-05
-1.7691e-05
-3.30624e-05
-1.46469e-05
-3.31979e-05
-1.15392e-05
-3.2889e-05
-8.44409e-06
-3.21678e-05
-5.43635e-06
-3.10735e-05
-2.57471e-06
-2.96735e-05
1.16676e-07
-2.80374e-05
2.59326e-06
4.80949e-06
-2.62449e-05
-2.24663e-06
-3.5972e-05
-4.51556e-06
-3.61446e-05
-6.7894e-06
-3.57574e-05
-9.05873e-06
-3.5212e-05
-1.13153e-05
-3.45e-05
-1.3551e-05
-3.36141e-05
-1.57521e-05
-3.25442e-05
-1.79003e-05
-3.12808e-05
-1.99735e-05
-2.98168e-05
-2.19438e-05
-2.81467e-05
-2.37757e-05
-2.62677e-05
-2.54277e-05
-2.41827e-05
-2.6855e-05
-2.19023e-05
-2.80115e-05
-1.94468e-05
-2.88548e-05
-1.68479e-05
-2.93532e-05
-1.41486e-05
-2.94914e-05
-1.14009e-05
-2.92737e-05
-8.6617e-06
-2.87235e-05
-5.98647e-06
-2.78736e-05
-3.42432e-06
-2.67575e-05
-9.99061e-07
-2.54307e-05
1.2667e-06
3.33415e-06
-2.39551e-05
-2.07237e-06
-3.39003e-05
-4.15177e-06
-3.40656e-05
-6.22481e-06
-3.36855e-05
-8.2829e-06
-3.31536e-05
-1.032e-05
-3.24631e-05
-1.23264e-05
-3.16082e-05
-1.42884e-05
-3.0582e-05
-1.619e-05
-2.93794e-05
-1.80106e-05
-2.79967e-05
-1.97257e-05
-2.64322e-05
-2.13064e-05
-2.46874e-05
-2.27205e-05
-2.27687e-05
-2.39343e-05
-2.06888e-05
-2.49144e-05
-1.84671e-05
-2.56315e-05
-1.6131e-05
-2.60648e-05
-1.37154e-05
-2.62048e-05
-1.1261e-05
-2.60552e-05
-8.8112e-06
-2.56327e-05
-6.40883e-06
-2.4964e-05
-4.09261e-06
-2.40724e-05
-1.89032e-06
-2.29963e-05
1.90827e-07
2.11613e-06
-2.17781e-05
-1.89575e-06
-3.20046e-05
-3.7899e-06
-3.21722e-05
-5.668e-06
-3.18075e-05
-7.52474e-06
-3.12966e-05
-9.35453e-06
-3.06343e-05
-1.11467e-05
-2.98162e-05
-1.28895e-05
-2.88391e-05
-1.45688e-05
-2.77008e-05
-1.61659e-05
-2.64001e-05
-1.76599e-05
-2.49383e-05
-1.90277e-05
-2.33195e-05
-2.02444e-05
-2.15522e-05
-2.12843e-05
-1.96492e-05
-2.21231e-05
-1.76286e-05
-2.27402e-05
-1.5514e-05
-2.31217e-05
-1.3334e-05
-2.32614e-05
-1.11212e-05
-2.31628e-05
-8.90974e-06
-2.28382e-05
-6.7332e-06
-2.23081e-05
-4.62246e-06
-2.15946e-05
-2.60355e-06
-2.07178e-05
-6.85859e-07
1.10986e-06
-1.97114e-05
-1.71808e-06
-3.02867e-05
-3.43004e-06
-3.04605e-05
-5.12071e-06
-3.01164e-05
-6.78664e-06
-2.9631e-05
-8.42128e-06
-2.90002e-05
-1.0015e-05
-2.82221e-05
-1.15577e-05
-2.72963e-05
-1.30365e-05
-2.62225e-05
-1.44354e-05
-2.50015e-05
-1.57368e-05
-2.36365e-05
-1.69226e-05
-2.21338e-05
-1.79731e-05
-2.05021e-05
-1.88686e-05
-1.87541e-05
-1.95913e-05
-1.69061e-05
-2.01267e-05
-1.49786e-05
-2.04651e-05
-1.29956e-05
-2.06028e-05
-1.09835e-05
-2.05426e-05
-8.96987e-06
-2.0294e-05
-6.98172e-06
-1.9872e-05
-5.04434e-06
-1.92958e-05
-3.17965e-06
-1.85794e-05
-1.40227e-06
2.80211e-07
-1.77499e-05
-1.54146e-06
-2.87456e-05
-3.07517e-06
-2.8926e-05
-4.58666e-06
-2.86047e-05
-6.07153e-06
-2.81461e-05
-7.52321e-06
-2.75483e-05
-8.93366e-06
-2.68114e-05
-1.02935e-05
-2.59366e-05
-1.15912e-05
-2.4925e-05
-1.28134e-05
-2.37791e-05
-1.39459e-05
-2.25038e-05
-1.49741e-05
-2.11059e-05
-1.58823e-05
-1.95943e-05
-1.66555e-05
-1.7981e-05
-1.72805e-05
-1.6281e-05
-1.77469e-05
-1.4512e-05
-1.80481e-05
-1.26945e-05
-1.81816e-05
-1.08502e-05
-1.81498e-05
-9.00178e-06
-1.796e-05
-7.17162e-06
-1.76237e-05
-5.38065e-06
-1.7156e-05
-3.64742e-06
-1.65715e-05
-1.987e-06
-4.04538e-07
-1.5887e-05
-1.36794e-06
-2.73774e-05
-2.72943e-06
-2.75635e-05
-4.06949e-06
-2.72646e-05
-5.38265e-06
-2.68324e-05
-6.66326e-06
-2.62673e-05
-7.90403e-06
-2.55708e-05
-9.096e-06
-2.47447e-05
-1.02293e-05
-2.37915e-05
-1.12931e-05
-2.27151e-05
-1.2276e-05
-2.15211e-05
-1.31657e-05
-2.02165e-05
-1.395e-05
-1.88102e-05
-1.46174e-05
-1.73135e-05
-1.51582e-05
-1.574e-05
-1.55649e-05
-1.41054e-05
-1.58326e-05
-1.2427e-05
-1.59597e-05
-1.07233e-05
-1.59484e-05
-9.01327e-06
-1.58044e-05
-7.31568e-06
-1.55369e-05
-5.6483e-06
-1.51573e-05
-4.02721e-06
-1.4679e-05
-2.46559e-06
-9.72954e-07
-1.41109e-05
-1.19994e-06
-2.61767e-05
-2.39606e-06
-2.6367e-05
-3.57203e-06
-2.60883e-05
-4.72276e-06
-2.56811e-05
-5.843e-06
-2.51471e-05
-6.92565e-06
-2.44883e-05
-7.96266e-06
-2.37074e-05
-8.94591e-06
-2.28079e-05
-9.86661e-06
-2.17945e-05
-1.07151e-05
-2.0673e-05
-1.14814e-05
-1.94504e-05
-1.2156e-05
-1.81356e-05
-1.27302e-05
-1.67391e-05
-1.31967e-05
-1.52734e-05
-1.35499e-05
-1.37523e-05
-1.37864e-05
-1.21908e-05
-1.3905e-05
-1.06049e-05
-1.39078e-05
-9.01064e-06
-1.37993e-05
-7.42428e-06
-1.35866e-05
-5.86111e-06
-1.32788e-05
-4.33518e-06
-1.28864e-05
-2.85829e-06
-1.44074e-06
-1.24189e-05
-1.03923e-06
-2.51372e-05
-2.07657e-06
-2.53298e-05
-3.09598e-06
-2.50685e-05
-4.09294e-06
-2.46839e-05
-5.06196e-06
-2.41781e-05
-5.99647e-06
-2.35536e-05
-6.88975e-06
-2.28136e-05
-7.73503e-06
-2.19625e-05
-8.52481e-06
-2.10051e-05
-9.25103e-06
-1.99471e-05
-9.90576e-06
-1.87957e-05
-1.04816e-05
-1.75595e-05
-1.09721e-05
-1.62485e-05
-1.13716e-05
-1.4874e-05
-1.16759e-05
-1.34482e-05
-1.18823e-05
-1.19845e-05
-1.19905e-05
-1.04967e-05
-1.20022e-05
-8.99905e-06
-1.1921e-05
-7.50554e-06
-1.17526e-05
-6.02961e-06
-1.15042e-05
-4.58365e-06
-1.11843e-05
-3.17832e-06
-1.82258e-06
-1.08025e-05
-8.85979e-07
-2.42513e-05
-1.77121e-06
-2.44443e-05
-2.64155e-06
-2.4198e-05
-3.49235e-06
-2.3833e-05
-4.31814e-06
-2.3352e-05
-5.11337e-06
-2.27579e-05
-5.87248e-06
-2.20544e-05
-6.58953e-06
-2.12458e-05
-7.25809e-06
-2.03369e-05
-7.87167e-06
-1.93336e-05
-8.42414e-06
-1.82431e-05
-8.90987e-06
-1.70737e-05
-9.32375e-06
-1.58346e-05
-9.66146e-06
-1.45363e-05
-9.9198e-06
-1.31899e-05
-1.0097e-05
-1.18072e-05
-1.0193e-05
-1.04006e-05
-1.02092e-05
-8.98279e-06
-1.01487e-05
-7.5661e-06
-1.00159e-05
-6.16247e-06
-9.81648e-06
-4.78303e-06
-9.55719e-06
-3.43753e-06
-2.13403e-06
-9.24566e-06
-7.39462e-07
-2.35116e-05
-1.4794e-06
-2.37042e-05
-2.20738e-06
-2.34701e-05
-2.91865e-06
-2.31217e-05
-3.6084e-06
-2.2662e-05
-4.27205e-06
-2.20943e-05
-4.90476e-06
-2.14222e-05
-5.50128e-06
-2.06498e-05
-6.05635e-06
-1.9782e-05
-6.565e-06
-1.88249e-05
-7.02256e-06
-1.77854e-05
-7.42465e-06
-1.66716e-05
-7.76724e-06
-1.54922e-05
-8.04699e-06
-1.42566e-05
-8.26159e-06
-1.29752e-05
-8.40992e-06
-1.16587e-05
-8.49209e-06
-1.03183e-05
-8.50938e-06
-8.96552e-06
-8.46418e-06
-7.61139e-06
-8.36e-06
-6.26669e-06
-8.2014e-06
-4.94156e-06
-7.99368e-06
-3.64509e-06
-2.38479e-06
-7.74275e-06
-5.98963e-07
-2.29123e-05
-1.19977e-06
-2.31037e-05
-1.79114e-06
-2.2879e-05
-2.36879e-06
-2.25441e-05
-2.92875e-06
-2.21024e-05
-3.46706e-06
-2.15568e-05
-3.9794e-06
-2.09106e-05
-4.46147e-06
-2.0168e-05
-4.90926e-06
-1.9334e-05
-5.3191e-06
-1.84148e-05
-5.68744e-06
-1.74172e-05
-6.01079e-06
-1.63486e-05
-6.28599e-06
-1.52172e-05
-6.51059e-06
-1.4032e-05
-6.68301e-06
-1.28026e-05
-6.80261e-06
-1.15389e-05
-6.86963e-06
-1.02513e-05
-6.88512e-06
-8.95018e-06
-6.85098e-06
-7.64571e-06
-6.77e-06
-6.34779e-06
-6.64576e-06
-5.06579e-06
-6.48248e-06
-3.80829e-06
-2.58249e-06
-6.2847e-06
-4.63406e-07
-2.2449e-05
-9.30905e-07
-2.26369e-05
-1.39135e-06
-2.24191e-05
-1.84109e-06
-2.2095e-05
-2.27671e-06
-2.16677e-05
-2.69471e-06
-2.11396e-05
-3.09159e-06
-2.05141e-05
-3.46415e-06
-1.97953e-05
-3.8096e-06
-1.89884e-05
-4.12525e-06
-1.80993e-05
-4.40837e-06
-1.71345e-05
-4.65628e-06
-1.61012e-05
-4.86666e-06
-1.50071e-05
-5.03784e-06
-1.38608e-05
-5.16886e-06
-1.26714e-05
-5.25944e-06
-1.14483e-05
-5.30988e-06
-1.0201e-05
-5.32104e-06
-8.93932e-06
-5.29443e-06
-7.67264e-06
-5.23223e-06
-6.41023e-06
-5.13727e-06
-5.16088e-06
-5.01293e-06
-3.93274e-06
-2.73265e-06
-4.8629e-06
-3.28637e-07
-2.21209e-05
-6.7015e-07
-2.22961e-05
-1.00591e-06
-2.20839e-05
-1.33316e-06
-2.17686e-05
-1.64916e-06
-2.13525e-05
-1.95129e-06
-2.0838e-05
-2.23712e-06
-2.02282e-05
-2.5046e-06
-1.95276e-05
-2.75187e-06
-1.87412e-05
-2.97698e-06
-1.78746e-05
-3.17792e-06
-1.69342e-05
-3.35278e-06
-1.59268e-05
-3.50007e-06
-1.486e-05
-3.6188e-06
-1.37421e-05
-3.70854e-06
-1.25816e-05
-3.76927e-06
-1.13877e-05
-3.80134e-06
-1.01693e-05
-3.80551e-06
-8.93555e-06
-3.783e-06
-7.69555e-06
-3.73551e-06
-6.45804e-06
-3.66525e-06
-5.23143e-06
-3.57478e-06
-4.02349e-06
-2.84086e-06
-3.46688e-06
-1.87477e-07
-2.19339e-05
-4.06295e-07
-2.20777e-05
-6.18855e-07
-2.18719e-05
-8.23702e-07
-2.15644e-05
-1.02008e-06
-2.11566e-05
-1.2069e-06
-2.06512e-05
-1.38305e-06
-2.00519e-05
-1.54742e-06
-1.93632e-05
-1.69887e-06
-1.85901e-05
-1.83608e-06
-1.7738e-05
-1.95775e-06
-1.68131e-05
-2.06269e-06
-1.58221e-05
-2.15006e-06
-1.47727e-05
-2.21935e-06
-1.36728e-05
-2.27038e-06
-1.25307e-05
-2.30322e-06
-1.1355e-05
-2.31819e-06
-1.01546e-05
-2.31586e-06
-8.93824e-06
-2.29714e-06
-7.71461e-06
-2.26325e-06
-6.49225e-06
-2.21575e-06
-5.27923e-06
-2.15646e-06
-4.08308e-06
-2.91029e-06
-2.08733e-06
-4.47543e-08
-1.3106e-07
-2.07023e-07
-2.77771e-07
-3.4484e-07
-4.08472e-07
-4.68521e-07
-5.24685e-07
-5.76554e-07
-6.23641e-07
-6.65445e-07
-7.01532e-07
-7.3158e-07
-7.55375e-07
-7.72799e-07
-7.83816e-07
-7.8848e-07
-7.86953e-07
-7.79528e-07
-7.66632e-07
-7.48833e-07
-7.26827e-07
-7.01349e-07
1.17975e-06
0.000128045
-1.25262e-05
1.3706e-05
1.88677e-05
-3.13943e-05
-3.09701e-05
4.98377e-05
0.000130747
0.000149088
0.000108281
3.61717e-05
9.06809e-05
-1.37931e-05
-1.99092e-05
7.96207e-05
0.000159949
0.000133206
0.000140236
5.5885e-05
0.000111852
1.45913e-05
3.92676e-06
8.80158e-05
0.000137961
0.000116427
0.000125436
6.84103e-05
0.000102335
3.76921e-05
2.42309e-05
8.20307e-05
0.000107215
0.000105146
0.000100768
7.48571e-05
8.65919e-05
5.18685e-05
3.80473e-05
7.27754e-05
8.26886e-05
9.77271e-05
8.02763e-05
7.7269e-05
7.24353e-05
5.97092e-05
4.70031e-05
6.34795e-05
6.55535e-05
9.2615e-05
6.49449e-05
7.78773e-05
6.0535e-05
6.4119e-05
5.28883e-05
5.46499e-05
5.31026e-05
8.93902e-05
5.29542e-05
7.80254e-05
5.03033e-05
6.67697e-05
5.68264e-05
4.63653e-05
4.33096e-05
8.7914e-05
4.30387e-05
7.82964e-05
4.12979e-05
6.85104e-05
5.94878e-05
3.86366e-05
3.48858e-05
8.79669e-05
3.43384e-05
7.8844e-05
3.31271e-05
6.97218e-05
6.12407e-05
3.13742e-05
2.67858e-05
8.90568e-05
2.61445e-05
7.94856e-05
2.5418e-05
7.04484e-05
6.22183e-05
2.44404e-05
1.81688e-05
9.01837e-05
1.79417e-05
7.97126e-05
1.78971e-05
7.04929e-05
6.23886e-05
1.77268e-05
8.58958e-06
8.9927e-05
9.48538e-06
7.88164e-05
1.04469e-05
6.95311e-05
6.16329e-05
1.12025e-05
-1.85349e-06
8.70422e-05
8.59832e-07
7.61027e-05
3.13472e-06
6.72561e-05
5.98358e-05
4.93177e-06
-1.21263e-05
8.08822e-05
-7.42811e-06
7.14046e-05
-3.78853e-06
6.36166e-05
5.70396e-05
-9.92344e-07
-2.12659e-05
7.20241e-05
-1.47953e-05
6.49342e-05
-9.92175e-06
5.87432e-05
5.33001e-05
-6.18222e-06
-2.81254e-05
6.19615e-05
-2.06583e-05
5.74673e-05
-1.49926e-05
5.30777e-05
4.89302e-05
-1.06226e-05
-3.2331e-05
5.22105e-05
-2.47512e-05
4.98876e-05
-1.88215e-05
4.71481e-05
4.426e-05
-1.41512e-05
-3.4342e-05
4.34925e-05
-2.72254e-05
4.2771e-05
-2.14457e-05
4.13685e-05
3.95795e-05
-1.67652e-05
-3.4873e-05
3.59262e-05
-2.84455e-05
3.63436e-05
-2.30461e-05
3.59691e-05
3.50827e-05
-1.85493e-05
-3.44152e-05
2.94775e-05
-2.87411e-05
3.06695e-05
-2.38292e-05
3.10572e-05
3.08828e-05
-1.96293e-05
-3.32852e-05
2.40594e-05
-2.83603e-05
2.57448e-05
-2.39761e-05
2.6673e-05
2.70399e-05
-2.01331e-05
-3.17311e-05
1.95395e-05
-2.75032e-05
2.15168e-05
-2.36421e-05
2.2812e-05
2.35764e-05
-2.01788e-05
-2.9933e-05
1.5779e-05
-2.63262e-05
1.79101e-05
-2.29565e-05
1.94423e-05
2.04894e-05
-1.98695e-05
-2.80103e-05
1.26521e-05
-2.49445e-05
1.48443e-05
-2.20213e-05
1.6519e-05
1.77599e-05
-1.92919e-05
-2.60413e-05
1.00498e-05
-2.34401e-05
1.22431e-05
-2.09144e-05
1.39934e-05
1.53613e-05
-1.85157e-05
-2.4076e-05
7.88099e-06
-2.18706e-05
1.00379e-05
-1.96945e-05
1.18176e-05
1.32632e-05
-1.7596e-05
-2.21446e-05
6.07072e-06
-2.02756e-05
8.16919e-06
-1.84046e-05
9.94702e-06
1.14348e-05
-1.65756e-05
-2.0265e-05
4.55782e-06
-1.86815e-05
6.58608e-06
-1.70758e-05
8.34185e-06
9.84658e-06
-1.54869e-05
-1.84462e-05
3.29274e-06
-1.71056e-05
5.24578e-06
-1.57303e-05
6.96696e-06
8.47114e-06
-1.43545e-05
-1.66923e-05
2.23508e-06
-1.55587e-05
4.11229e-06
-1.43836e-05
5.79196e-06
7.28398e-06
-1.31964e-05
-1.50035e-05
1.35133e-06
-1.4047e-05
3.15552e-06
-1.30461e-05
4.79081e-06
6.26347e-06
-1.20258e-05
-1.33773e-05
6.17269e-07
-1.25731e-05
2.35092e-06
-1.17242e-05
3.94147e-06
5.39077e-06
-1.08518e-05
-1.18119e-05
9.97928e-09
-1.11376e-05
1.67621e-06
-1.04216e-05
3.22507e-06
4.64961e-06
-9.68061e-06
-1.02959e-05
-4.96849e-07
-9.73795e-06
1.11809e-06
-9.13967e-06
2.62663e-06
4.02616e-06
-8.51628e-06
-8.83186e-06
-9.10615e-07
-8.3732e-06
6.59448e-07
-7.87884e-06
2.13228e-06
3.50839e-06
-7.36102e-06
-7.40954e-06
-1.24371e-06
-7.03933e-06
2.89311e-07
-6.63777e-06
1.73076e-06
3.08631e-06
-6.21563e-06
-6.02123e-06
-1.50716e-06
-5.7321e-06
1.54614e-10
-5.41401e-06
1.41262e-06
2.75199e-06
-5.0797e-06
-4.66506e-06
-1.70518e-06
-4.44123e-06
-2.23879e-07
-4.20359e-06
1.17482e-06
2.50031e-06
-3.952e-06
-3.3262e-06
-1.84617e-06
-3.16895e-06
-3.81423e-07
-3.00452e-06
1.01016e-06
2.32692e-06
-2.83124e-06
-1.99985e-06
-1.93394e-06
-1.90578e-06
-4.75739e-07
-1.81227e-06
9.16486e-07
2.23033e-06
-1.71575e-06
-6.70913e-07
-6.40908e-07
-6.15754e-07
-5.88104e-07
4.70681e-05
-4.70244e-05
3.6399e-05
-3.1791e-05
2.71851e-05
-1.44313e-05
2.18791e-05
-4.33405e-06
1.84546e-05
1.5964e-06
1.57243e-05
5.27882e-06
1.34961e-05
7.62367e-06
1.1627e-05
9.13646e-06
1.00244e-05
1.01102e-05
8.62354e-06
1.07279e-05
7.37751e-06
1.11094e-05
6.25101e-06
1.13342e-05
5.21678e-06
1.14562e-05
4.25346e-06
1.15126e-05
3.34406e-06
1.15297e-05
2.4747e-06
1.15256e-05
1.63365e-06
1.1513e-05
8.10659e-07
1.15003e-05
1.14433e-05
5.66846e-05
-2.4088e-05
4.02029e-05
-1.53091e-05
3.0433e-05
-4.66114e-06
2.41744e-05
1.92479e-06
1.98664e-05
5.90468e-06
1.66286e-05
8.51675e-06
1.40774e-05
1.01749e-05
1.19999e-05
1.12139e-05
1.02607e-05
1.18494e-05
8.76947e-06
1.22191e-05
7.46355e-06
1.24152e-05
6.29778e-06
1.24998e-05
5.23851e-06
1.25152e-05
4.26011e-06
1.24907e-05
3.34262e-06
1.24469e-05
2.46999e-06
1.2398e-05
1.62888e-06
1.2354e-05
8.07812e-07
1.23212e-05
1.22511e-05
6.05466e-05
3.38152e-06
4.29634e-05
2.27417e-06
3.26011e-05
5.70144e-06
2.57273e-05
8.79889e-06
2.0862e-05
1.07702e-05
1.72621e-05
1.21168e-05
1.4476e-05
1.29611e-05
1.22442e-05
1.34459e-05
1.04034e-05
1.36902e-05
8.84566e-06
1.37768e-05
7.49698e-06
1.37638e-05
6.30462e-06
1.36919e-05
5.22997e-06
1.35895e-05
4.24404e-06
1.34763e-05
3.3245e-06
1.33662e-05
2.45357e-06
1.32688e-05
1.61668e-06
1.31907e-05
8.01362e-07
1.31364e-05
1.30524e-05
5.94603e-05
2.5952e-05
4.37579e-05
1.79766e-05
3.34794e-05
1.598e-05
2.6439e-05
1.58394e-05
2.1359e-05
1.58504e-05
1.75768e-05
1.58992e-05
1.46598e-05
1.58784e-05
1.23379e-05
1.57679e-05
1.04375e-05
1.55906e-05
8.84193e-06
1.53722e-05
7.47075e-06
1.51348e-05
6.26659e-06
1.48959e-05
5.18766e-06
1.46682e-05
4.20276e-06
1.4461e-05
3.28793e-06
1.42808e-05
2.42424e-06
1.41323e-05
1.59627e-06
1.40185e-05
7.90942e-07
1.39416e-05
1.38433e-05
5.57773e-05
4.295e-05
4.26171e-05
3.1137e-05
3.31474e-05
2.54498e-05
2.63642e-05
2.26227e-05
2.13472e-05
2.08676e-05
1.75545e-05
1.96922e-05
1.46125e-05
1.88207e-05
1.22688e-05
1.81116e-05
1.03542e-05
1.75051e-05
8.75209e-06
1.69742e-05
7.38048e-06
1.65063e-05
6.18061e-06
1.60956e-05
5.10942e-06
1.57392e-05
4.13471e-06
1.54355e-05
3.23182e-06
1.51836e-05
2.38127e-06
1.49827e-05
1.56723e-06
1.48324e-05
7.76347e-07
1.47324e-05
1.46197e-05
5.08444e-05
5.55851e-05
4.01328e-05
4.18487e-05
3.18374e-05
3.37454e-05
2.56029e-05
2.88574e-05
2.0859e-05
2.56117e-05
1.72024e-05
2.3349e-05
1.43335e-05
2.169e-05
1.20342e-05
2.04109e-05
1.01508e-05
1.93886e-05
8.57373e-06
1.85513e-05
7.22435e-06
1.78557e-05
6.04531e-06
1.72746e-05
4.99423e-06
1.67901e-05
4.03921e-06
1.63903e-05
3.1557e-06
1.60669e-05
2.32434e-06
1.58139e-05
1.52937e-06
1.56272e-05
7.57495e-07
1.55042e-05
1.53772e-05
4.5311e-05
6.49239e-05
3.67946e-05
5.03651e-05
2.9788e-05
4.07522e-05
2.42746e-05
3.43709e-05
1.99519e-05
2.99346e-05
1.65468e-05
2.67543e-05
1.38346e-05
2.44023e-05
1.16394e-05
2.26063e-05
9.82954e-06
2.11985e-05
8.30795e-06
2.00729e-05
7.00285e-06
1.91609e-05
5.86094e-06
1.84165e-05
4.84224e-06
1.78087e-05
3.91632e-06
1.73161e-05
3.05963e-06
1.69234e-05
2.2535e-06
1.66199e-05
1.48274e-06
1.6398e-05
7.34408e-07
1.62527e-05
1.61118e-05
3.95484e-05
7.17408e-05
3.2938e-05
5.69755e-05
2.72069e-05
4.64833e-05
2.25004e-05
3.90775e-05
1.86947e-05
3.37404e-05
1.56257e-05
2.98236e-05
1.31373e-05
2.68908e-05
1.10964e-05
2.46472e-05
9.39756e-06
2.28975e-05
7.95905e-06
2.15116e-05
6.71873e-06
2.04012e-05
5.62932e-06
1.95059e-05
4.65468e-06
1.87834e-05
3.76691e-06
1.82038e-05
2.9442e-06
1.7746e-05
2.16918e-06
1.73948e-05
1.42758e-06
1.71396e-05
7.0721e-07
1.69733e-05
1.68193e-05
3.37677e-05
7.66097e-05
2.87917e-05
6.19515e-05
2.4266e-05
5.10089e-05
2.03932e-05
4.29503e-05
1.71593e-05
3.69744e-05
1.44834e-05
3.24996e-05
1.22687e-05
2.91057e-05
1.04225e-05
2.64935e-05
8.8657e-06
2.44544e-05
7.53411e-06
2.28433e-05
6.37674e-06
2.15587e-05
5.3537e-06
2.0529e-05
4.43381e-06
1.97033e-05
3.59256e-06
1.90451e-05
2.81054e-06
1.8528e-05
2.07212e-06
1.81332e-05
1.36437e-06
1.78476e-05
6.76117e-07
1.7662e-05
1.74956e-05
2.80686e-05
7.99154e-05
2.45077e-05
6.55124e-05
2.11007e-05
5.44158e-05
1.80533e-05
4.59976e-05
1.54153e-05
3.96125e-05
1.31668e-05
3.47482e-05
1.12598e-05
3.10129e-05
9.63788e-06
2.81154e-05
8.24766e-06
2.58446e-05
7.04242e-06
2.40486e-05
5.98326e-06
2.2618e-05
5.03855e-06
2.14739e-05
4.18279e-06
2.05592e-05
3.3955e-06
1.98324e-05
2.6602e-06
1.92633e-05
1.96339e-06
1.88302e-05
1.29376e-06
1.85176e-05
6.41433e-07
1.83147e-05
1.81373e-05
2.24903e-05
8.18654e-05
2.01881e-05
6.78144e-05
1.78168e-05
5.67869e-05
1.55675e-05
4.82467e-05
1.35275e-05
4.16525e-05
1.17221e-05
3.65536e-05
1.01429e-05
3.25921e-05
8.76514e-06
2.94931e-05
7.55901e-06
2.70508e-05
6.49487e-06
2.51129e-05
5.54599e-06
2.35671e-05
4.68932e-06
2.23308e-05
3.90551e-06
2.13432e-05
3.17853e-06
2.05595e-05
2.49515e-06
1.99468e-05
1.84433e-06
1.94813e-05
1.21658e-06
1.91457e-05
6.03545e-07
1.89282e-05
1.87411e-05
1.70557e-05
8.25362e-05
1.59089e-05
6.89609e-05
1.44995e-05
5.81961e-05
1.30104e-05
4.97357e-05
1.15551e-05
4.31077e-05
1.01937e-05
3.79148e-05
8.9503e-06
3.38353e-05
7.82744e-06
3.06158e-05
6.81636e-06
2.80618e-05
5.90338e-06
2.6026e-05
5.07348e-06
2.43972e-05
4.3122e-06
2.30923e-05
3.60646e-06
2.20491e-05
2.94488e-06
2.12212e-05
2.3177e-06
2.05742e-05
1.71648e-06
2.00828e-05
1.13378e-06
1.97289e-05
5.62911e-07
1.94995e-05
1.93041e-05
1.18015e-05
8.19371e-05
1.17376e-05
6.90245e-05
1.12218e-05
5.87117e-05
1.04469e-05
5.05106e-05
9.5511e-06
4.40032e-05
8.62288e-06
3.88428e-05
7.7132e-06
3.47447e-05
6.84784e-06
3.1481e-05
6.03665e-06
2.88731e-05
5.28033e-06
2.67825e-05
4.57481e-06
2.5103e-05
3.91383e-06
2.37536e-05
3.29049e-06
2.26726e-05
2.69808e-06
2.18137e-05
2.13036e-06
2.11421e-05
1.58158e-06
2.0632e-05
1.04644e-06
2.02644e-05
5.20047e-07
2.00262e-05
1.98242e-05
6.78918e-06
8.00795e-05
7.74235e-06
6.80712e-05
8.04927e-06
5.84046e-05
7.93449e-06
5.06252e-05
7.56287e-06
4.43746e-05
7.04716e-06
3.93582e-05
6.4606e-06
3.53311e-05
5.84843e-06
3.20931e-05
5.23648e-06
2.94851e-05
4.63815e-06
2.7381e-05
4.05923e-06
2.56822e-05
3.50109e-06
2.43119e-05
2.96271e-06
2.32111e-05
2.44188e-06
2.23347e-05
1.93583e-06
2.16485e-05
1.44148e-06
2.11267e-05
9.55712e-07
2.07505e-05
4.7551e-07
2.05066e-05
2.02997e-05
2.0858e-06
7.70013e-05
3.98938e-06
6.61675e-05
5.04084e-06
5.7353e-05
5.52386e-06
5.01419e-05
5.63244e-06
4.42658e-05
5.50031e-06
3.94902e-05
5.21889e-06
3.56124e-05
4.84963e-06
3.24623e-05
4.43156e-06
2.99033e-05
3.98881e-06
2.78239e-05
3.53582e-06
2.61354e-05
3.08084e-06
2.4767e-05
2.62827e-06
2.36638e-05
2.1801e-06
2.27831e-05
1.73685e-06
2.2092e-05
1.29807e-06
2.15658e-05
8.62797e-07
2.1186e-05
4.29884e-07
2.09395e-05
2.07295e-05
-2.14395e-06
7.2963e-05
5.0855e-07
6.35149e-05
2.24583e-06
5.56156e-05
3.25704e-06
4.91306e-05
3.79571e-06
4.3727e-05
4.01183e-06
3.92739e-05
4.01166e-06
3.56125e-05
3.87006e-06
3.2604e-05
3.63637e-06
3.01371e-05
3.34352e-06
2.8117e-05
3.01322e-06
2.64658e-05
2.65971e-06
2.51206e-05
2.2922e-06
2.40314e-05
1.91651e-06
2.3159e-05
1.53619e-06
2.24727e-05
1.15327e-06
2.1949e-05
7.68905e-07
2.15705e-05
3.83761e-07
2.13246e-05
2.11131e-05
-5.78012e-06
6.81206e-05
-2.49056e-06
6.02253e-05
-3.13264e-07
5.34383e-05
1.16422e-06
4.7653e-05
2.08107e-06
4.28101e-05
2.60639e-06
3.87486e-05
2.85905e-06
3.53598e-05
2.92608e-06
3.2537e-05
2.864e-06
3.01993e-05
2.71261e-06
2.82686e-05
2.4995e-06
2.6679e-05
2.24395e-06
2.53762e-05
1.95929e-06
2.43162e-05
1.6547e-06
2.34639e-05
1.33648e-06
2.27913e-05
1.00895e-06
2.22769e-05
6.75222e-07
2.19043e-05
3.37721e-07
2.1662e-05
2.14507e-05
-8.82809e-06
6.27974e-05
-5.0887e-06
5.64859e-05
-2.48252e-06
5.08321e-05
-7.05562e-07
4.58761e-05
5.01844e-07
4.16027e-05
1.30257e-06
3.79478e-05
1.77731e-06
3.48851e-05
2.03151e-06
3.2283e-05
2.12583e-06
3.01053e-05
2.10531e-06
2.82892e-05
2.002e-06
2.67824e-05
1.83935e-06
2.55389e-05
1.63406e-06
2.45217e-05
1.39812e-06
2.37002e-05
1.14027e-06
2.30495e-05
8.66883e-07
2.25505e-05
5.82895e-07
2.21883e-05
2.92322e-07
2.19524e-05
2.17429e-05
-1.12497e-05
5.7282e-05
-7.25195e-06
5.24881e-05
-4.3736e-06
4.79538e-05
-2.32226e-06
4.38248e-05
-8.84137e-07
4.01645e-05
9.25039e-08
3.69712e-05
7.77982e-07
3.41997e-05
1.19697e-06
3.18642e-05
1.43124e-06
2.98712e-05
1.5295e-06
2.81912e-05
1.52713e-06
2.67848e-05
1.45106e-06
2.5615e-05
1.32055e-06
2.46524e-05
1.14991e-06
2.38711e-05
9.49911e-07
2.32499e-05
7.28766e-07
2.27718e-05
4.93007e-07
2.2424e-05
2.48094e-07
2.21971e-05
2.19909e-05
-1.30731e-05
5.18058e-05
-8.98095e-06
4.8396e-05
-5.94633e-06
4.49192e-05
-3.71632e-06
4.15947e-05
-2.09442e-06
3.85425e-05
-9.32849e-07
3.58096e-05
-1.31348e-07
3.33984e-05
4.28976e-07
3.13042e-05
7.87402e-07
2.95131e-05
9.91664e-07
2.7987e-05
1.08027e-06
2.66963e-05
1.08353e-06
2.56119e-05
1.02237e-06
2.47138e-05
9.12862e-07
2.3981e-05
7.67544e-07
2.33955e-05
5.96127e-07
2.29433e-05
4.06546e-07
2.26136e-05
2.05519e-07
2.23981e-05
2.21964e-05
-1.43567e-05
4.65333e-05
-1.03002e-05
4.43395e-05
-7.20949e-06
4.18283e-05
-4.87677e-06
3.92618e-05
-3.13321e-06
3.67988e-05
-1.84614e-06
3.45226e-05
-9.13686e-07
3.24662e-05
-2.57313e-07
3.06482e-05
1.95952e-07
2.90601e-05
4.96396e-07
2.76868e-05
6.6562e-07
2.65271e-05
7.40431e-07
2.55372e-05
7.42562e-07
2.47119e-05
6.89408e-07
2.40344e-05
5.95039e-07
2.34901e-05
4.70326e-07
2.30682e-05
3.24399e-07
2.27595e-05
1.65027e-07
2.25574e-05
2.23614e-05
-1.51715e-05
4.15716e-05
-1.12473e-05
4.04153e-05
-8.18126e-06
3.87621e-05
-5.81123e-06
3.68916e-05
-3.99775e-06
3.49853e-05
-2.62536e-06
3.31503e-05
-1.60313e-06
3.14443e-05
-8.54766e-07
2.99002e-05
-3.22162e-07
2.85278e-05
3.83975e-08
2.73263e-05
2.85908e-07
2.62797e-05
4.2441e-07
2.53989e-05
4.83591e-07
2.4653e-05
4.81547e-07
2.40367e-05
4.33987e-07
2.35379e-05
3.52526e-07
2.31498e-05
2.47328e-07
2.28647e-05
1.26987e-07
2.26777e-05
2.24885e-05
-1.55905e-05
3.69832e-05
-1.18656e-05
3.66902e-05
-8.88617e-06
3.57824e-05
-6.5324e-06
3.45376e-05
-4.6933e-06
3.31462e-05
-3.27211e-06
3.17294e-05
-2.18864e-06
3.03612e-05
-1.37495e-06
2.90869e-05
-7.75815e-07
2.79289e-05
-3.46514e-07
2.68972e-05
-5.60331e-08
2.59894e-05
1.36546e-07
2.52065e-05
2.47119e-07
2.45426e-05
2.9079e-07
2.39933e-05
2.85658e-07
2.35432e-05
2.4367e-07
2.31919e-05
1.75971e-07
2.29325e-05
9.16935e-08
2.27621e-05
2.25802e-05
-1.56829e-05
3.27965e-05
-1.21997e-05
3.32068e-05
-9.35203e-06
3.29346e-05
-7.0567e-06
3.22423e-05
-5.22894e-06
3.13186e-05
-3.79016e-06
3.02909e-05
-2.67166e-06
2.92431e-05
-1.81385e-06
2.82294e-05
-1.16687e-06
2.72821e-05
-6.89151e-07
2.64196e-05
-3.48099e-07
2.56484e-05
-1.15809e-07
2.49743e-05
3.11896e-08
2.43958e-05
1.17948e-07
2.39068e-05
1.50821e-07
2.35105e-05
1.44444e-07
2.31985e-05
1.10822e-07
2.29663e-05
5.9355e-08
2.28137e-05
2.26397e-05
-1.55111e-05
2.90157e-05
-1.22928e-05
2.99885e-05
-9.60756e-06
3.02493e-05
-7.40257e-06
3.00374e-05
-5.61604e-06
2.95323e-05
-4.18604e-06
2.88613e-05
-3.05537e-06
2.81127e-05
-2.17275e-06
2.7347e-05
-1.49388e-06
2.66034e-05
-9.80893e-07
2.59067e-05
-6.0316e-07
2.52708e-05
-3.33336e-07
2.47046e-05
-1.49638e-07
2.42123e-05
-3.50446e-08
2.37924e-05
2.89144e-08
2.34468e-05
5.51181e-08
2.31724e-05
5.2126e-08
2.29695e-05
3.00481e-08
2.28359e-05
2.26699e-05
-1.5129e-05
2.56291e-05
-1.21845e-05
2.70443e-05
-9.68076e-06
2.77458e-05
-7.58918e-06
2.79461e-05
-5.86725e-06
2.78106e-05
-4.46785e-06
2.74621e-05
-3.34456e-06
2.69897e-05
-2.4541e-06
2.64568e-05
-1.75777e-06
2.59073e-05
-1.22172e-06
2.53708e-05
-8.17348e-07
2.48666e-05
-5.19812e-07
2.44073e-05
-3.07692e-07
2.40003e-05
-1.64088e-07
2.36489e-05
-7.34295e-08
2.33563e-05
-2.29091e-08
2.31221e-05
-8.32312e-10
2.29476e-05
3.52537e-09
2.28318e-05
2.26735e-05
-1.45821e-05
2.26156e-05
-1.191e-05
2.43727e-05
-9.59792e-06
2.54341e-05
-7.63543e-06
2.59839e-05
-5.99578e-06
2.61712e-05
-4.64455e-06
2.61111e-05
-3.54508e-06
2.58904e-05
-2.66152e-06
2.55734e-05
-1.96064e-06
2.52065e-05
-1.41258e-06
2.48229e-05
-9.91263e-07
2.44454e-05
-6.73845e-07
2.409e-05
-4.40508e-07
2.37671e-05
-2.74671e-07
2.34832e-05
-1.61382e-07
2.32431e-05
-8.81111e-08
2.3049e-05
-4.31779e-08
2.29028e-05
-1.83924e-08
2.28072e-05
2.26552e-05
-1.39079e-05
1.99486e-05
-1.15002e-05
2.19655e-05
-9.383e-06
2.33172e-05
-7.55931e-06
2.41605e-05
-6.01477e-06
2.46268e-05
-4.72551e-06
2.4822e-05
-3.66342e-06
2.48284e-05
-2.79939e-06
2.47095e-05
-2.10532e-06
2.45126e-05
-1.55521e-06
2.4273e-05
-1.12572e-06
2.40161e-05
-7.96058e-07
2.37604e-05
-5.47901e-07
2.3519e-05
-3.65507e-07
2.33008e-05
-2.34736e-07
2.31124e-05
-1.43286e-07
2.29576e-05
-8.00625e-08
2.28397e-05
-3.68794e-08
2.27642e-05
2.26185e-05
-1.31371e-05
1.75993e-05
-1.09813e-05
1.98101e-05
-9.05737e-06
2.13936e-05
-7.37757e-06
2.24808e-05
-5.93693e-06
2.31863e-05
-4.72017e-06
2.36052e-05
-3.70644e-06
2.38148e-05
-2.87257e-06
2.38757e-05
-2.19519e-06
2.38354e-05
-1.65195e-06
2.37299e-05
-1.22222e-06
2.35865e-05
-8.87287e-07
2.34256e-05
-6.30405e-07
2.32622e-05
-4.36792e-07
2.31072e-05
-2.93177e-07
2.29688e-05
-1.87872e-07
2.28523e-05
-1.10154e-07
2.27621e-05
-5.17917e-08
2.2706e-05
2.25668e-05
-1.2294e-05
1.55392e-05
-1.03754e-05
1.78917e-05
-8.63977e-06
1.96581e-05
-7.10542e-06
2.09465e-05
-5.77427e-06
2.18551e-05
-4.63777e-06
2.24688e-05
-3.68109e-06
2.28582e-05
-2.88623e-06
2.30811e-05
-2.23402e-06
2.31835e-05
-1.7055e-06
2.32017e-05
-1.28266e-06
2.31639e-05
-9.48846e-07
2.30919e-05
-6.88874e-07
2.30023e-05
-4.89091e-07
2.29074e-05
-3.37149e-07
2.28168e-05
-2.21972e-07
2.27372e-05
-1.33412e-07
2.26736e-05
-6.32629e-08
2.2636e-05
2.25036e-05
-1.13981e-05
1.37408e-05
-9.70079e-06
1.61945e-05
-8.1464e-06
1.81037e-05
-6.75651e-06
1.95565e-05
-5.5379e-06
2.06365e-05
-4.48713e-06
2.14181e-05
-3.59428e-06
2.19655e-05
-2.84565e-06
2.23327e-05
-2.22582e-06
2.25639e-05
-1.71886e-06
2.2695e-05
-1.30926e-06
2.27545e-05
-9.82339e-07
2.27651e-05
-7.2447e-07
2.27444e-05
-5.23197e-07
2.27061e-05
-3.67133e-07
2.26606e-05
-2.45933e-07
2.26159e-05
-1.50072e-07
2.25778e-05
-7.14713e-08
2.25575e-05
2.24322e-05
-1.04642e-05
1.21791e-05
-8.97256e-06
1.47027e-05
-7.59108e-06
1.67221e-05
-6.34294e-06
1.83084e-05
-5.23802e-06
1.95316e-05
-4.27663e-06
2.04568e-05
-3.4527e-06
2.11418e-05
-2.75614e-06
2.16365e-05
-2.17471e-06
2.19828e-05
-1.69522e-06
2.22158e-05
-1.30446e-06
2.2364e-05
-9.89598e-07
2.24503e-05
-7.3856e-07
2.24933e-05
-5.40101e-07
2.25075e-05
-3.83837e-07
2.25043e-05
-2.60222e-07
2.24923e-05
-1.60414e-07
2.24781e-05
-7.65722e-08
2.24738e-05
2.23556e-05
-9.50422e-06
1.08314e-05
-8.20293e-06
1.34013e-05
-6.98556e-06
1.55048e-05
-5.87532e-06
1.71982e-05
-4.88384e-06
1.85402e-05
-4.01405e-06
1.95872e-05
-3.2628e-06
2.03908e-05
-2.62292e-06
2.09969e-05
-2.08487e-06
2.14451e-05
-1.63789e-06
2.17692e-05
-1.27083e-06
2.19972e-05
-9.72624e-07
2.21523e-05
-7.32673e-07
2.22534e-05
-5.40951e-07
2.23157e-05
-3.88098e-07
2.23513e-05
-2.65419e-07
2.23695e-05
-1.64809e-07
2.23775e-05
-7.87584e-08
2.23878e-05
2.22769e-05
-8.52678e-06
9.67751e-06
-7.40174e-06
1.22763e-05
-6.3397e-06
1.44428e-05
-5.3629e-06
1.62215e-05
-4.48365e-06
1.76612e-05
-3.70657e-06
1.88103e-05
-3.03066e-06
1.97152e-05
-2.45105e-06
2.04176e-05
-1.96047e-06
2.09549e-05
-1.55023e-06
2.13593e-05
-1.21106e-06
2.16583e-05
-9.33542e-07
2.18749e-05
-7.08466e-07
2.20283e-05
-5.27014e-07
2.21342e-05
-3.80859e-07
2.22051e-05
-2.62194e-07
2.22508e-05
-1.63688e-07
2.2279e-05
-7.82465e-08
2.23024e-05
2.21986e-05
-7.53845e-06
8.69971e-06
-6.57684e-06
1.13148e-05
-5.66175e-06
1.35279e-05
-4.81369e-06
1.53737e-05
-4.04487e-06
1.68925e-05
-3.36081e-06
1.81265e-05
-2.76202e-06
1.91166e-05
-2.24542e-06
1.99013e-05
-1.80557e-06
2.05154e-05
-1.43561e-06
2.09897e-05
-1.12791e-06
2.13508e-05
-8.74563e-07
2.16217e-05
-6.67692e-07
2.18215e-05
-4.99652e-07
2.19662e-05
-3.63148e-07
2.20686e-05
-2.51282e-07
2.2139e-05
-1.57528e-07
2.21852e-05
-7.52738e-08
2.22201e-05
2.21233e-05
-6.54395e-06
7.88275e-06
-5.73446e-06
1.05054e-05
-4.95859e-06
1.27522e-05
-4.23464e-06
1.46499e-05
-3.5741e-06
1.62321e-05
-2.98281e-06
1.75353e-05
-2.46224e-06
1.85962e-05
-2.01067e-06
1.945e-05
-1.62416e-06
2.01292e-05
-1.29737e-06
2.06632e-05
-1.02414e-06
2.10779e-05
-7.97953e-07
2.13957e-05
-6.12176e-07
2.16359e-05
-4.60303e-07
2.18144e-05
-3.36064e-07
2.19444e-05
-2.33478e-07
2.20364e-05
-1.46845e-07
2.20986e-05
-7.00955e-08
2.21433e-05
2.20531e-05
-5.54656e-06
7.21379e-06
-4.87944e-06
9.8385e-06
-4.23591e-06
1.21089e-05
-3.63172e-06
1.40459e-05
-3.0772e-06
1.56777e-05
-2.57807e-06
1.70363e-05
-2.13634e-06
1.81546e-05
-1.75127e-06
1.90651e-05
-1.4201e-06
1.97982e-05
-1.13881e-06
2.03822e-05
-9.02541e-07
2.08419e-05
-7.06015e-07
2.11994e-05
-5.43792e-07
2.14739e-05
-4.1046e-07
2.16812e-05
-3.00756e-07
2.18348e-05
-2.09617e-07
2.19453e-05
-1.32184e-07
2.20211e-05
-6.29811e-08
2.2074e-05
2.19901e-05
-4.54838e-06
6.68254e-06
-4.01556e-06
9.30583e-06
-3.49847e-06
1.15919e-05
-3.01013e-06
1.35576e-05
-2.55943e-06
1.52271e-05
-2.15164e-06
1.66285e-05
-1.789e-06
1.7792e-05
-1.47142e-06
1.87476e-05
-1.19713e-06
1.95241e-05
-9.63177e-07
2.01485e-05
-7.65865e-07
2.06448e-05
-6.01065e-07
2.10349e-05
-4.64449e-07
2.13375e-05
-3.51657e-07
2.15686e-05
-2.58411e-07
2.17416e-05
-1.80567e-07
2.18674e-05
-1.14112e-07
2.19546e-05
-5.42131e-08
2.2014e-05
2.19358e-05
-3.55071e-06
6.28128e-06
-3.1458e-06
8.90099e-06
-2.75027e-06
1.11965e-05
-2.37441e-06
1.31818e-05
-2.02552e-06
1.48781e-05
-1.70818e-06
1.63111e-05
-1.42461e-06
1.75084e-05
-1.17517e-06
1.84982e-05
-9.58858e-07
1.9308e-05
-7.73643e-07
1.99635e-05
-6.16859e-07
2.04883e-05
-4.8543e-07
2.09037e-05
-3.76077e-07
2.12283e-05
-2.85453e-07
2.14781e-05
-2.10244e-07
2.16665e-05
-1.47214e-07
2.18044e-05
-9.32095e-08
2.19005e-05
-4.40877e-08
2.19647e-05
2.18916e-05
-2.55438e-06
6.00442e-06
-2.27253e-06
8.61918e-06
-1.99473e-06
1.09187e-05
-1.72858e-06
1.29156e-05
-1.47974e-06
1.46292e-05
-1.25196e-06
1.60833e-05
-1.04729e-06
1.73037e-05
-8.66373e-07
1.83174e-05
-7.08786e-07
1.91505e-05
-5.73323e-07
1.98282e-05
-4.58235e-07
2.03734e-05
-3.61427e-07
2.08071e-05
-2.80613e-07
2.11477e-05
-2.13423e-07
2.1411e-05
-1.57483e-07
2.16106e-05
-1.10458e-07
2.17573e-05
-7.00645e-08
2.186e-05
-3.29196e-08
2.19274e-05
2.18586e-05
-1.5601e-06
5.84878e-06
-1.39809e-06
8.45719e-06
-1.23528e-06
1.07559e-05
-1.07677e-06
1.27571e-05
-9.26578e-07
1.4479e-05
-7.87566e-07
1.59442e-05
-6.61495e-07
1.71776e-05
-5.49191e-07
1.82051e-05
-4.5073e-07
1.90522e-05
-3.65624e-07
1.97432e-05
-2.92974e-07
2.03009e-05
-2.31609e-07
2.07459e-05
-1.80192e-07
2.10964e-05
-1.37298e-07
2.13682e-05
-1.01477e-07
2.15748e-05
-7.12846e-08
2.17271e-05
-4.53109e-08
2.18339e-05
-2.10788e-08
2.19031e-05
2.18375e-05
-5.41531e-07
-4.9088e-07
-4.38202e-07
-3.85475e-07
-3.3438e-07
-2.8621e-07
-2.41859e-07
-2.01855e-07
-1.66419e-07
-1.35525e-07
-1.08964e-07
-8.63925e-08
-6.73822e-08
-5.1453e-08
-3.80991e-08
-2.68093e-08
-1.70763e-08
-7.86085e-09
)
;

boundaryField
{
    leftWall
    {
        type            calculated;
        value           uniform 0;
    }
    rightWall
    {
        type            calculated;
        value           uniform 0;
    }
    lowerWall
    {
        type            calculated;
        value           uniform 0;
    }
    atmosphere
    {
        type            calculated;
        value           nonuniform List<scalar> 
46
(
-2.18894e-05
-2.19916e-05
-2.17963e-05
-2.14939e-05
-2.10896e-05
-2.05874e-05
-1.99918e-05
-1.93072e-05
-1.85385e-05
-1.76912e-05
-1.67715e-05
-1.57861e-05
-1.47427e-05
-1.3649e-05
-1.25133e-05
-1.13442e-05
-1.01502e-05
-8.94e-06
-7.72226e-06
-6.50536e-06
-5.29725e-06
-4.1053e-06
-2.93596e-06
-1.96456e-06
-5.05878e-07
8.91256e-07
2.20267e-06
5.80222e-06
8.40655e-06
1.07032e-05
1.27043e-05
1.44279e-05
1.5896e-05
1.71333e-05
1.81652e-05
1.90168e-05
1.97124e-05
2.02745e-05
2.07234e-05
2.10774e-05
2.13523e-05
2.15614e-05
2.17158e-05
2.18241e-05
2.18939e-05
2.18297e-05
)
;
    }
    defaultFaces
    {
        type            empty;
        value           nonuniform List<scalar> 0();
    }
}


// ************************************************************************* //
