/*--------------------------------*- C++ -*----------------------------------*\
| =========                 |                                                 |
| \\      /  F ield         | OpenFOAM: The Open Source CFD Toolbox           |
|  \\    /   O peration     | Version:  2206                                  |
|   \\  /    A nd           | Website:  www.openfoam.com                      |
|    \\/     M anipulation  |                                                 |
\*---------------------------------------------------------------------------*/
FoamFile
{
    version     2.0;
    format      ascii;
    arch        "LSB;label=32;scalar=64";
    class       volVectorField;
    location    "0.6";
    object      U;
}
// * * * * * * * * * * * * * * * * * * * * * * * * * * * * * * * * * * * * * //

dimensions      [0 1 -1 0 0 0 0];

internalField   nonuniform List<vector> 
2268
(
(-0.00928283 0.00533554 0)
(-0.0138127 -8.42156e-06 0)
(-0.00775018 -0.00407291 0)
(0.00372306 -0.00598457 0)
(0.0176903 -0.00627957 0)
(0.0308956 -0.00546639 0)
(0.0418254 -0.00410597 0)
(0.0496206 -0.00265546 0)
(0.0543274 -0.00140311 0)
(0.0565458 -0.000452317 0)
(0.0570418 0.000280686 0)
(0.0562477 0.000919583 0)
(0.0543694 0.00167668 0)
(0.0512195 0.00277187 0)
(0.046266 0.00435358 0)
(0.0387826 0.00641932 0)
(0.027981 0.0087116 0)
(0.0133922 0.0104835 0)
(-0.00425561 0.0104147 0)
(-0.0233824 0.00544388 0)
(-0.0368843 -0.00582107 0)
(-0.0333306 -0.0176252 0)
(-0.0130332 -0.020904 0)
(-0.0107079 0.0163249 0)
(-0.0144661 -0.000367127 0)
(-0.00909401 -0.012444 0)
(0.00238795 -0.0184227 0)
(0.016687 -0.0195649 0)
(0.0305247 -0.0172729 0)
(0.0421828 -0.0132048 0)
(0.050663 -0.0087804 0)
(0.0559435 -0.00493029 0)
(0.0586691 -0.00203608 0)
(0.0596457 -1.7765e-05 0)
(0.0597125 0.00143846 0)
(0.0593722 0.00279127 0)
(0.0589239 0.00449255 0)
(0.058444 0.00693434 0)
(0.0576516 0.0103859 0)
(0.0557248 0.0148743 0)
(0.0512673 0.0198556 0)
(0.0429318 0.0236901 0)
(0.0301506 0.0228898 0)
(0.0173726 0.01381 0)
(0.00272333 -0.00355912 0)
(-0.00235228 -0.0293574 0)
(-0.0107287 0.028176 0)
(-0.0160482 0.000104048 0)
(-0.0115147 -0.0201618 0)
(-0.000290299 -0.0307257 0)
(0.0141851 -0.0331638 0)
(0.0286211 -0.0296213 0)
(0.0410663 -0.0228713 0)
(0.0503286 -0.0153489 0)
(0.0562265 -0.0087359 0)
(0.0593364 -0.00379938 0)
(0.0605253 -0.000543359 0)
(0.0606031 0.00152221 0)
(0.0601361 0.00303366 0)
(0.0594409 0.00460104 0)
(0.0587257 0.00677564 0)
(0.0582443 0.0100652 0)
(0.0583998 0.0148479 0)
(0.0592798 0.0210395 0)
(0.0599108 0.0273402 0)
(0.0573452 0.0304025 0)
(0.0488274 0.0253079 0)
(0.0329444 0.00819037 0)
(0.0143446 -0.0152738 0)
(-0.0112274 0.0410522 0)
(-0.0182486 0.00184046 0)
(-0.0146625 -0.027469 0)
(-0.00445728 -0.0432648 0)
(0.0101711 -0.0475781 0)
(0.0255332 -0.0429819 0)
(0.0388812 -0.033557 0)
(0.0490321 -0.0228235 0)
(0.0557775 -0.0132389 0)
(0.0595952 -0.00602421 0)
(0.0613372 -0.00128261 0)
(0.0618655 0.00161381 0)
(0.0618237 0.00355371 0)
(0.0615844 0.00536379 0)
(0.0612894 0.00764899 0)
(0.0609405 0.010779 0)
(0.0605827 0.0149478 0)
(0.0604607 0.0202279 0)
(0.0608322 0.0264706 0)
(0.0607244 0.0324201 0)
(0.056733 0.0349147 0)
(0.0426302 0.0288492 0)
(0.0183095 0.0108732 0)
(-0.0120974 0.0554466 0)
(-0.0211516 0.0050765 0)
(-0.0205652 -0.0331246 0)
(-0.0141624 -0.0544303 0)
(0.00102007 -0.0622855 0)
(0.019324 -0.0572152 0)
(0.0347137 -0.0451288 0)
(0.0460189 -0.031185 0)
(0.0537052 -0.0186258 0)
(0.0584845 -0.00903642 0)
(0.0611472 -0.00267117 0)
(0.0625111 0.00112632 0)
(0.0632475 0.00342636 0)
(0.0637812 0.0053195 0)
(0.0643012 0.00762218 0)
(0.0647799 0.0108486 0)
(0.0650005 0.0152063 0)
(0.0646146 0.0206432 0)
(0.063346 0.0270753 0)
(0.0609653 0.0345835 0)
(0.0567518 0.0426728 0)
(0.0449733 0.0468507 0)
(0.0217795 0.0385137 0)
(-0.0132481 0.0719807 0)
(-0.0255877 0.0117843 0)
(-0.0327984 -0.0328462 0)
(-0.0324193 -0.0617246 0)
(-0.0169754 -0.0779532 0)
(0.00628715 -0.0737138 0)
(0.0262387 -0.0581261 0)
(0.0401023 -0.0404974 0)
(0.0492137 -0.0249476 0)
(0.0552379 -0.0131251 0)
(0.0592312 -0.00518775 0)
(0.0619095 -0.000414719 0)
(0.0638844 0.00237071 0)
(0.065591 0.00441523 0)
(0.0672486 0.00674636 0)
(0.0688905 0.0101096 0)
(0.0703133 0.0149359 0)
(0.0710298 0.0213957 0)
(0.0702198 0.0294575 0)
(0.0667753 0.0392497 0)
(0.0600344 0.0518233 0)
(0.0473504 0.0670192 0)
(0.0221233 0.0744982 0)
(-0.0140015 0.0904766 0)
(-0.0312284 0.0241531 0)
(-0.0475851 -0.0252076 0)
(-0.0510246 -0.0683415 0)
(-0.0375038 -0.0991621 0)
(-0.0128419 -0.097757 0)
(0.0118176 -0.0762636 0)
(0.0297724 -0.0526189 0)
(0.0415519 -0.0329777 0)
(0.0493646 -0.0186242 0)
(0.0550584 -0.00911787 0)
(0.0595353 -0.00340914 0)
(0.0632967 -0.000158051 0)
(0.0667012 0.00200435 0)
(0.0699993 0.00433812 0)
(0.0732803 0.00776844 0)
(0.0764108 0.0129893 0)
(0.0790134 0.0204917 0)
(0.080366 0.0306646 0)
(0.0789878 0.04349 0)
(0.07363 0.0599048 0)
(0.0609899 0.0794831 0)
(0.0363463 0.101224 0)
(-0.0134838 0.110761 0)
(-0.0313821 0.0449389 0)
(-0.0503992 -0.0150645 0)
(-0.0520556 -0.0767553 0)
(-0.0430449 -0.122913 0)
(-0.0251159 -0.127008 0)
(-0.00235728 -0.100733 0)
(0.0176662 -0.0690399 0)
(0.032174 -0.0436229 0)
(0.0419747 -0.0259937 0)
(0.0492993 -0.014734 0)
(0.0555262 -0.00803335 0)
(0.0612312 -0.00420431 0)
(0.066732 -0.00171581 0)
(0.0722079 0.000768089 0)
(0.0777212 0.0042876 0)
(0.0832249 0.00977948 0)
(0.088514 0.0180954 0)
(0.0927993 0.0305127 0)
(0.0951531 0.0482271 0)
(0.090425 0.0747194 0)
(0.0831834 0.113829 0)
(0.028323 0.179649 0)
(0.375195 -0.126961 0)
(0.00791739 0.0472829 0)
(-0.830498 0.0444755 0)
(-1.10677 -0.021824 0)
(-0.98778 -0.0272627 0)
(-0.83219 -0.027833 0)
(-0.613465 -0.0316891 0)
(-0.279047 -0.0518989 0)
(0.189161 -0.069007 0)
(0.457514 -0.0211718 0)
(0.541856 0.045124 0)
(0.332814 0.0858046 0)
(-0.129566 0.0305417 0)
(-0.238505 -0.0520245 0)
(-0.103876 -0.0268626 0)
(-0.345999 0.0485048 0)
(-0.736641 0.0428812 0)
(-0.721639 -0.0402703 0)
(-0.270503 -0.103674 0)
(-0.0683793 -0.0380947 0)
(-0.496022 0.278656 0)
(-1.38315 0.248645 0)
(-1.17106 0.0673509 0)
(-0.879126 -0.105707 0)
(-0.625088 -0.113546 0)
(-0.0481656 -0.145892 0)
(0.541583 -0.235195 0)
(0.83358 -0.198202 0)
(0.979758 -0.0938132 0)
(1.01362 0.028921 0)
(0.893401 0.149462 0)
(0.476164 0.175099 0)
(-0.0259479 0.0602259 0)
(-0.34294 0.0391494 0)
(-0.595203 0.139786 0)
(-0.823246 0.104809 0)
(-0.63768 -0.0999628 0)
(-0.218615 -0.272578 0)
(-0.280732 0.104322 0)
(-0.682004 0.470113 0)
(-0.884505 0.315652 0)
(0.0917349 -0.0812245 0)
(0.0689118 -0.212296 0)
(0.371702 -0.274984 0)
(0.762751 -0.327184 0)
(0.99035 -0.333228 0)
(1.1113 -0.24352 0)
(1.17697 -0.0902273 0)
(1.17733 0.0631199 0)
(1.12113 0.212607 0)
(0.892229 0.299673 0)
(0.418711 0.237429 0)
(-0.22353 0.140921 0)
(-0.539589 0.194347 0)
(-0.699821 0.11189 0)
(-0.601248 -0.18774 0)
(-0.14015 -0.426409 0)
(-0.256165 0.189119 0)
(-0.342991 0.499705 0)
(0.0749689 0.119385 0)
(0.59169 -0.224117 0)
(0.715927 -0.287069 0)
(0.894896 -0.341851 0)
(1.02499 -0.371635 0)
(1.11949 -0.355999 0)
(1.19797 -0.260544 0)
(1.25039 -0.0951762 0)
(1.24593 0.0919402 0)
(1.19179 0.267463 0)
(1.08025 0.397883 0)
(0.766965 0.405118 0)
(0.145983 0.301242 0)
(-0.339878 0.268483 0)
(-0.536917 0.142896 0)
(-0.519514 -0.252284 0)
(-0.0673029 -0.564259 0)
(-0.207753 0.242203 0)
(0.213163 0.383224 0)
(0.923321 0.0142022 0)
(1.01128 -0.227043 0)
(0.968504 -0.303562 0)
(1.00473 -0.362649 0)
(1.08018 -0.395094 0)
(1.17175 -0.384858 0)
(1.25463 -0.304137 0)
(1.30671 -0.153384 0)
(1.30497 0.0332501 0)
(1.23599 0.2568 0)
(1.146 0.448927 0)
(0.972904 0.536988 0)
(0.526084 0.47553 0)
(-0.0182049 0.381064 0)
(-0.312313 0.18315 0)
(-0.370734 -0.283298 0)
(0.00668668 -0.671893 0)
(-0.14037 0.193831 0)
(0.562854 0.172167 0)
(0.996507 -0.102556 0)
(0.930591 -0.224478 0)
(0.948529 -0.319358 0)
(1.02362 -0.388573 0)
(1.12294 -0.427156 0)
(1.20575 -0.419685 0)
(1.25055 -0.335557 0)
(1.26472 -0.131367 0)
(1.27605 0.0936927 0)
(1.2421 0.272635 0)
(1.16598 0.469671 0)
(1.06761 0.615728 0)
(0.806209 0.617406 0)
(0.358732 0.515099 0)
(0.0162069 0.261755 0)
(-0.123006 -0.268013 0)
(0.0883986 -0.723538 0)
(-0.095857 0.142212 0)
(0.480637 0.0111668 0)
(0.71987 -0.131923 0)
(0.861176 -0.25824 0)
(0.966005 -0.353659 0)
(1.06416 -0.421471 0)
(1.14521 -0.456616 0)
(1.17671 -0.435283 0)
(1.13949 -0.324651 0)
(1.06127 -0.12479 0)
(1.0511 0.0899525 0)
(1.09826 0.295301 0)
(1.13184 0.48116 0)
(1.09664 0.651058 0)
(0.973799 0.707021 0)
(0.681044 0.624731 0)
(0.37436 0.35716 0)
(0.207519 -0.241443 0)
(0.172692 -0.696286 0)
(0.216121 -0.029777 0)
(0.547515 -0.101037 0)
(0.772096 -0.19978 0)
(0.909376 -0.299657 0)
(1.00046 -0.382064 0)
(1.07807 -0.446608 0)
(1.11655 -0.467599 0)
(1.08544 -0.416146 0)
(0.986117 -0.241607 0)
(0.924102 -0.0385556 0)
(0.829218 0.173323 0)
(0.875349 0.328416 0)
(0.993909 0.466298 0)
(1.06956 0.65281 0)
(1.05355 0.750035 0)
(0.912852 0.700723 0)
(0.693561 0.442749 0)
(0.478307 -0.136781 0)
(0.243946 -0.607486 0)
(0.000175029 0.133548 0)
(0.000291759 0.0564589 0)
(-0.0133951 -0.00992639 0)
(-0.00154243 -0.0796143 0)
(-0.001554 -0.129971 0)
(-0.00561825 -0.143536 0)
(-0.00170034 -0.125434 0)
(0.0099102 -0.0917224 0)
(0.0224429 -0.0604131 0)
(0.0329622 -0.0385312 0)
(0.0418826 -0.0253631 0)
(0.0502903 -0.0181096 0)
(0.0587081 -0.014254 0)
(0.0672867 -0.0119278 0)
(0.0761047 -0.00976406 0)
(0.0853576 -0.00668372 0)
(0.0952384 -0.00177796 0)
(0.106512 0.00577034 0)
(0.11913 0.0171609 0)
(0.137185 0.0328274 0)
(0.155423 0.0576148 0)
(0.197261 0.0834957 0)
(0.218551 0.160511 0)
(0.0234754 0.0916444 0)
(0.0581129 0.0696989 0)
(0.104308 -0.00817771 0)
(0.120864 -0.0650815 0)
(0.103489 -0.0937622 0)
(0.060705 -0.109281 0)
(0.0294446 -0.117488 0)
(0.0194679 -0.105254 0)
(0.0191149 -0.0798161 0)
(0.0252453 -0.057562 0)
(0.0346707 -0.0437686 0)
(0.0455866 -0.0366243 0)
(0.0573613 -0.033266 0)
(0.0696678 -0.0316408 0)
(0.0823705 -0.0305023 0)
(0.0955942 -0.0291043 0)
(0.109722 -0.0269789 0)
(0.125373 -0.0239231 0)
(0.143271 -0.0196294 0)
(0.164352 -0.0146771 0)
(0.190217 -0.00686387 0)
(0.220671 -0.00584183 0)
(0.265302 0.0158608 0)
(0.0391717 -0.0270045 0)
(0.13178 -0.0785618 0)
(0.158102 -0.113434 0)
(0.155818 -0.0958683 0)
(0.130106 -0.0536676 0)
(0.0896871 -0.0324175 0)
(0.0684602 -0.0559863 0)
(0.0533935 -0.0803804 0)
(0.03461 -0.0844628 0)
(0.0264829 -0.0797516 0)
(0.0290901 -0.0749211 0)
(0.038277 -0.0714274 0)
(0.0509736 -0.0688433 0)
(0.0651412 -0.0667392 0)
(0.0798439 -0.064876 0)
(0.0948363 -0.063162 0)
(0.110287 -0.0616004 0)
(0.126574 -0.0602765 0)
(0.144333 -0.0593043 0)
(0.164065 -0.0592395 0)
(0.187568 -0.0603806 0)
(0.215433 -0.0645896 0)
(0.250814 -0.0671325 0)
(0.12481 -0.183858 0)
(-0.298053 -0.0625711 0)
(-0.447578 0.0216503 0)
(-0.256679 0.00280919 0)
(-0.108731 0.0497064 0)
(0.0251844 0.00829487 0)
(0.099656 -0.029992 0)
(0.114928 -0.0201807 0)
(0.0892122 -0.0183527 0)
(0.056965 -0.0394464 0)
(0.0283408 -0.0663131 0)
(0.0176401 -0.084139 0)
(0.024115 -0.0921727 0)
(0.0387661 -0.0948742 0)
(0.0566903 -0.0956695 0)
(0.0759928 -0.0961961 0)
(0.0961766 -0.0972263 0)
(0.117233 -0.0991277 0)
(0.139514 -0.102128 0)
(0.163513 -0.106975 0)
(0.19304 -0.116639 0)
(0.22966 -0.130803 0)
(0.27925 -0.156219 0)
(-0.0349933 0.166292 0)
(-0.0832046 0.471064 0)
(-0.092601 0.206488 0)
(0.0785315 -0.775511 0)
(-0.0680934 -0.618665 0)
(0.0201839 -0.394963 0)
(-0.012909 -0.18477 0)
(0.0224921 -0.0472757 0)
(0.0471679 0.02531 0)
(0.0779891 0.0484527 0)
(0.108411 -0.00247291 0)
(0.131038 -0.0607283 0)
(0.144593 -0.097704 0)
(0.154372 -0.114811 0)
(0.164657 -0.122297 0)
(0.177134 -0.126694 0)
(0.19247 -0.13098 0)
(0.210989 -0.136346 0)
(0.233037 -0.14359 0)
(0.258006 -0.155131 0)
(0.283029 -0.182136 0)
(0.304055 -0.211411 0)
(0.318327 -0.277369 0)
(-0.0346893 0.153586 0)
(0.0177074 0.249349 0)
(0.155134 -0.128501 0)
(0.140391 -0.24838 0)
(0.00315153 -0.185579 0)
(-0.0276671 -0.166065 0)
(-0.0275365 -0.150404 0)
(-0.000510196 -0.132482 0)
(0.0371892 -0.122719 0)
(0.0760007 -0.121475 0)
(0.107005 -0.124205 0)
(0.126534 -0.128977 0)
(0.139366 -0.135055 0)
(0.150041 -0.142154 0)
(0.160612 -0.150135 0)
(0.172128 -0.158979 0)
(0.185443 -0.169058 0)
(0.201155 -0.180911 0)
(0.219306 -0.194759 0)
(0.239703 -0.210435 0)
(0.262007 -0.227206 0)
(0.284431 -0.240491 0)
(0.305432 -0.253359 0)
(-0.0148496 0.110844 0)
(0.0695529 0.037704 0)
(0.116655 -0.0852953 0)
(0.10075 -0.164783 0)
(0.073996 -0.192039 0)
(0.0607298 -0.204543 0)
(0.0563423 -0.18844 0)
(0.0574298 -0.166546 0)
(0.0663436 -0.151058 0)
(0.0794627 -0.144102 0)
(0.0926686 -0.144675 0)
(0.104302 -0.149169 0)
(0.1145 -0.155135 0)
(0.123846 -0.161943 0)
(0.132989 -0.170082 0)
(0.142782 -0.180604 0)
(0.154161 -0.194393 0)
(0.167423 -0.211057 0)
(0.182164 -0.229464 0)
(0.199123 -0.249293 0)
(0.218449 -0.269737 0)
(0.2394 -0.284817 0)
(0.260525 -0.299665 0)
(-0.00950212 0.0672112 0)
(0.0341422 -0.0936242 0)
(0.0536177 -0.182418 0)
(0.0636417 -0.203164 0)
(0.0665341 -0.189327 0)
(0.0626409 -0.172523 0)
(0.0596595 -0.165967 0)
(0.062096 -0.164011 0)
(0.0682349 -0.162937 0)
(0.0762436 -0.162875 0)
(0.0848642 -0.164224 0)
(0.0931306 -0.166912 0)
(0.10064 -0.171012 0)
(0.107536 -0.177141 0)
(0.114279 -0.186427 0)
(0.121482 -0.199845 0)
(0.129296 -0.217075 0)
(0.137012 -0.235441 0)
(0.14435 -0.256343 0)
(0.15442 -0.282663 0)
(0.167622 -0.308976 0)
(0.183458 -0.325143 0)
(0.195247 -0.331679 0)
(0.00686841 0.0515298 0)
(0.0283929 -0.0977161 0)
(0.0397092 -0.164365 0)
(0.0443906 -0.173707 0)
(0.0464721 -0.175374 0)
(0.0505066 -0.178468 0)
(0.0562252 -0.179792 0)
(0.0623417 -0.179568 0)
(0.0685438 -0.178959 0)
(0.0748071 -0.178717 0)
(0.080954 -0.179224 0)
(0.0867194 -0.180684 0)
(0.0919282 -0.183533 0)
(0.0965674 -0.188809 0)
(0.10066 -0.197852 0)
(0.104177 -0.211031 0)
(0.10627 -0.226562 0)
(0.106476 -0.241108 0)
(0.10576 -0.264581 0)
(0.107668 -0.299945 0)
(0.111603 -0.329166 0)
(0.116209 -0.341342 0)
(0.112906 -0.332369 0)
(0.00973717 0.00506184 0)
(0.025273 -0.139611 0)
(0.0355497 -0.193647 0)
(0.0420125 -0.196014 0)
(0.0475668 -0.191176 0)
(0.052599 -0.189453 0)
(0.0574192 -0.189331 0)
(0.0624555 -0.189339 0)
(0.067738 -0.189229 0)
(0.0730823 -0.189103 0)
(0.0782751 -0.189134 0)
(0.0831304 -0.18964 0)
(0.0874951 -0.191258 0)
(0.0911667 -0.195031 0)
(0.0937593 -0.201909 0)
(0.0947244 -0.211611 0)
(0.0930162 -0.222184 0)
(0.0895769 -0.232258 0)
(0.0850658 -0.258329 0)
(0.0789572 -0.296958 0)
(0.0717474 -0.323213 0)
(0.0643429 -0.329152 0)
(0.0520818 -0.307302 0)
(0.00874385 -0.0233425 0)
(0.022515 -0.163098 0)
(0.0316458 -0.204752 0)
(0.0373324 -0.203692 0)
(0.0428945 -0.20005 0)
(0.048856 -0.199638 0)
(0.0548135 -0.2001 0)
(0.0606572 -0.200313 0)
(0.0664033 -0.200167 0)
(0.0720173 -0.199739 0)
(0.0774332 -0.199199 0)
(0.0825908 -0.198872 0)
(0.0873968 -0.199242 0)
(0.0915887 -0.200928 0)
(0.0946699 -0.204413 0)
(0.0960068 -0.209575 0)
(0.0950791 -0.215598 0)
(0.0933164 -0.222873 0)
(0.0894467 -0.243623 0)
(0.0791691 -0.274011 0)
(0.0655283 -0.298755 0)
(0.0522229 -0.304316 0)
(0.0397124 -0.282801 0)
(0.00829197 -0.0535983 0)
(0.02023 -0.187378 0)
(0.0285326 -0.218804 0)
(0.034518 -0.215862 0)
(0.040656 -0.212703 0)
(0.0470804 -0.212291 0)
(0.053453 -0.212446 0)
(0.0597176 -0.21236 0)
(0.0659069 -0.211943 0)
(0.0720339 -0.211223 0)
(0.0780892 -0.210339 0)
(0.0840515 -0.209558 0)
(0.0898707 -0.209153 0)
(0.0953884 -0.209333 0)
(0.100292 -0.210308 0)
(0.10415 -0.212322 0)
(0.106778 -0.21551 0)
(0.108658 -0.220501 0)
(0.10839 -0.231145 0)
(0.102239 -0.24838 0)
(0.0908194 -0.270657 0)
(0.0777784 -0.279721 0)
(0.0677287 -0.269871 0)
(0.00757602 -0.0805548 0)
(0.0180281 -0.207908 0)
(0.0259103 -0.231808 0)
(0.0322549 -0.228271 0)
(0.0388376 -0.22575 0)
(0.0456297 -0.225435 0)
(0.052384 -0.225464 0)
(0.0590811 -0.22528 0)
(0.065759 -0.224823 0)
(0.0724494 -0.224091 0)
(0.0791645 -0.223188 0)
(0.0858914 -0.222344 0)
(0.0926068 -0.221761 0)
(0.0992787 -0.221496 0)
(0.10582 -0.221568 0)
(0.11203 -0.222171 0)
(0.117715 -0.223636 0)
(0.122609 -0.226436 0)
(0.126083 -0.230874 0)
(0.126968 -0.238147 0)
(0.123238 -0.250824 0)
(0.115925 -0.25966 0)
(0.108883 -0.2604 0)
(0.00666054 -0.104637 0)
(0.0160978 -0.226636 0)
(0.0238454 -0.245361 0)
(0.0305837 -0.241709 0)
(0.0375463 -0.239656 0)
(0.0446495 -0.239402 0)
(0.051736 -0.239369 0)
(0.0588026 -0.239163 0)
(0.0658776 -0.238748 0)
(0.0729922 -0.238109 0)
(0.0801636 -0.237306 0)
(0.0873769 -0.236533 0)
(0.0946004 -0.236014 0)
(0.101828 -0.235835 0)
(0.109071 -0.235919 0)
(0.116296 -0.236191 0)
(0.123345 -0.236746 0)
(0.129888 -0.237865 0)
(0.135577 -0.239699 0)
(0.14011 -0.24235 0)
(0.142495 -0.246793 0)
(0.142088 -0.251237 0)
(0.140089 -0.254065 0)
(0.00581312 -0.126124 0)
(0.0146075 -0.244116 0)
(0.0223751 -0.259447 0)
(0.0294724 -0.255883 0)
(0.0367583 -0.254158 0)
(0.0441306 -0.253948 0)
(0.0514916 -0.253893 0)
(0.0588484 -0.253698 0)
(0.0662188 -0.25335 0)
(0.0736248 -0.252826 0)
(0.0810827 -0.252141 0)
(0.0885775 -0.251421 0)
(0.0960575 -0.250888 0)
(0.103472 -0.250703 0)
(0.110816 -0.250839 0)
(0.118116 -0.251105 0)
(0.12535 -0.251331 0)
(0.132376 -0.251531 0)
(0.13895 -0.251869 0)
(0.144836 -0.252438 0)
(0.149778 -0.253247 0)
(0.153353 -0.254157 0)
(0.155661 -0.25509 0)
(0.00513631 -0.145536 0)
(0.0135581 -0.260966 0)
(0.0214483 -0.274132 0)
(0.0288728 -0.270691 0)
(0.0364274 -0.269177 0)
(0.0440382 -0.268998 0)
(0.0516382 -0.268936 0)
(0.0592356 -0.268753 0)
(0.06684 -0.268448 0)
(0.0744636 -0.268005 0)
(0.0821202 -0.267406 0)
(0.0898034 -0.266699 0)
(0.0974634 -0.266039 0)
(0.105019 -0.265614 0)
(0.112409 -0.265509 0)
(0.119636 -0.265609 0)
(0.12674 -0.265667 0)
(0.133732 -0.265475 0)
(0.140527 -0.264999 0)
(0.146951 -0.264358 0)
(0.152887 -0.263641 0)
(0.158172 -0.262833 0)
(0.162914 -0.262082 0)
(0.0046549 -0.163508 0)
(0.0129189 -0.277678 0)
(0.0209775 -0.289418 0)
(0.0286934 -0.286057 0)
(0.0364836 -0.284666 0)
(0.0443098 -0.284498 0)
(0.0521263 -0.284428 0)
(0.0599375 -0.284246 0)
(0.0677471 -0.283956 0)
(0.0755599 -0.28355 0)
(0.0833857 -0.283 0)
(0.0912278 -0.282302 0)
(0.0990597 -0.281521 0)
(0.106813 -0.2808 0)
(0.1144 -0.280281 0)
(0.121772 -0.279985 0)
(0.128943 -0.279753 0)
(0.135972 -0.279325 0)
(0.142893 -0.278505 0)
(0.149659 -0.277284 0)
(0.156193 -0.275788 0)
(0.162363 -0.27411 0)
(0.168308 -0.272363 0)
(0.00435302 -0.180581 0)
(0.0126161 -0.294529 0)
(0.0208619 -0.30526 0)
(0.0288232 -0.301916 0)
(0.0368297 -0.30059 0)
(0.0448541 -0.30042 0)
(0.0528678 -0.300335 0)
(0.0608739 -0.300142 0)
(0.0688741 -0.299846 0)
(0.0768693 -0.299445 0)
(0.0848644 -0.298915 0)
(0.0928668 -0.298231 0)
(0.100872 -0.297396 0)
(0.108845 -0.296478 0)
(0.116716 -0.295599 0)
(0.124413 -0.294857 0)
(0.131905 -0.294226 0)
(0.139225 -0.293525 0)
(0.146439 -0.292519 0)
(0.153581 -0.291065 0)
(0.160637 -0.289193 0)
(0.167504 -0.287018 0)
(0.174255 -0.284678 0)
(0.00420427 -0.197228 0)
(0.0125581 -0.311652 0)
(0.020982 -0.321583 0)
(0.0291469 -0.318205 0)
(0.0373462 -0.316913 0)
(0.0455546 -0.316733 0)
(0.0537506 -0.316629 0)
(0.0619385 -0.31642 0)
(0.0701206 -0.316111 0)
(0.0782978 -0.315701 0)
(0.0864728 -0.315173 0)
(0.0946518 -0.314504 0)
(0.102841 -0.313668 0)
(0.111032 -0.312676 0)
(0.119189 -0.311594 0)
(0.127252 -0.310524 0)
(0.13517 -0.309527 0)
(0.142936 -0.308537 0)
(0.150599 -0.307364 0)
(0.158217 -0.305813 0)
(0.165821 -0.303805 0)
(0.173365 -0.3014 0)
(0.180869 -0.298733 0)
(0.00418033 -0.213814 0)
(0.0126646 -0.329087 0)
(0.0212315 -0.338293 0)
(0.0295669 -0.33486 0)
(0.0379291 -0.333592 0)
(0.0463013 -0.333402 0)
(0.054664 -0.333281 0)
(0.0630221 -0.333059 0)
(0.0713793 -0.332743 0)
(0.0797383 -0.332329 0)
(0.088102 -0.331807 0)
(0.0964756 -0.331156 0)
(0.104867 -0.33035 0)
(0.113282 -0.329368 0)
(0.12171 -0.328227 0)
(0.130117 -0.326995 0)
(0.138456 -0.32576 0)
(0.146701 -0.324545 0)
(0.154872 -0.323244 0)
(0.163024 -0.321671 0)
(0.171206 -0.319679 0)
(0.179423 -0.31725 0)
(0.187663 -0.314474 0)
(0.00423497 -0.230565 0)
(0.0128561 -0.346797 0)
(0.0215274 -0.355286 0)
(0.029998 -0.351811 0)
(0.0384964 -0.350576 0)
(0.0470098 -0.350384 0)
(0.0555208 -0.350255 0)
(0.0640349 -0.350034 0)
(0.0725572 -0.349727 0)
(0.0810926 -0.34933 0)
(0.0896456 -0.348834 0)
(0.0982219 -0.348221 0)
(0.106829 -0.347471 0)
(0.115477 -0.346555 0)
(0.124171 -0.345458 0)
(0.132899 -0.344207 0)
(0.14163 -0.34288 0)
(0.150334 -0.341549 0)
(0.15901 -0.340192 0)
(0.167699 -0.33867 0)
(0.176455 -0.336807 0)
(0.185322 -0.334516 0)
(0.194258 -0.331822 0)
(0.00432184 -0.247603 0)
(0.0130667 -0.364719 0)
(0.0218038 -0.37248 0)
(0.0303685 -0.368994 0)
(0.0389778 -0.367813 0)
(0.0476098 -0.367632 0)
(0.0562483 -0.367513 0)
(0.0649003 -0.367314 0)
(0.0735728 -0.36704 0)
(0.0822723 -0.366689 0)
(0.0910056 -0.366251 0)
(0.0997801 -0.36571 0)
(0.108604 -0.365051 0)
(0.117488 -0.364246 0)
(0.126444 -0.363267 0)
(0.135476 -0.362111 0)
(0.144572 -0.360827 0)
(0.153706 -0.359501 0)
(0.162866 -0.358175 0)
(0.172077 -0.356775 0)
(0.181386 -0.355133 0)
(0.190868 -0.353112 0)
(0.200453 -0.35067 0)
(0.00441688 -0.264966 0)
(0.013251 -0.382771 0)
(0.0220072 -0.389807 0)
(0.0306304 -0.386354 0)
(0.0393208 -0.385253 0)
(0.0480444 -0.385103 0)
(0.0567848 -0.385015 0)
(0.0655505 -0.384861 0)
(0.0743506 -0.38465 0)
(0.0831936 -0.384379 0)
(0.0920885 -0.384035 0)
(0.101045 -0.383606 0)
(0.110072 -0.383078 0)
(0.119182 -0.382431 0)
(0.128389 -0.381633 0)
(0.137707 -0.380665 0)
(0.147138 -0.379544 0)
(0.156669 -0.378346 0)
(0.166285 -0.377149 0)
(0.175996 -0.375943 0)
(0.185835 -0.374599 0)
(0.195896 -0.372954 0)
(0.20608 -0.370909 0)
(0.00451048 -0.282621 0)
(0.0133742 -0.400835 0)
(0.0220941 -0.407176 0)
(0.030747 -0.403825 0)
(0.0394855 -0.402833 0)
(0.048267 -0.402736 0)
(0.0570763 -0.402703 0)
(0.0659234 -0.402624 0)
(0.0748195 -0.402507 0)
(0.0837755 -0.40235 0)
(0.0928024 -0.402141 0)
(0.101912 -0.401868 0)
(0.111116 -0.401518 0)
(0.120427 -0.401077 0)
(0.129862 -0.400518 0)
(0.139438 -0.399815 0)
(0.149169 -0.398963 0)
(0.159056 -0.398013 0)
(0.169085 -0.397052 0)
(0.179261 -0.396121 0)
(0.189594 -0.395142 0)
(0.200194 -0.393958 0)
(0.210926 -0.392427 0)
(0.00458452 -0.300487 0)
(0.0134075 -0.418775 0)
(0.0220483 -0.424502 0)
(0.0307006 -0.421333 0)
(0.0394506 -0.420482 0)
(0.0482499 -0.420457 0)
(0.0570868 -0.420503 0)
(0.0659744 -0.420527 0)
(0.0749256 -0.420538 0)
(0.0839534 -0.420532 0)
(0.0930711 -0.420498 0)
(0.102293 -0.420425 0)
(0.111632 -0.420304 0)
(0.121105 -0.42012 0)
(0.130728 -0.419856 0)
(0.140522 -0.419487 0)
(0.150506 -0.418994 0)
(0.160692 -0.418402 0)
(0.171076 -0.417788 0)
(0.181659 -0.41722 0)
(0.192436 -0.416674 0)
(0.203519 -0.41602 0)
(0.214739 -0.415098 0)
(0.00460429 -0.318439 0)
(0.0133384 -0.436474 0)
(0.0218934 -0.44173 0)
(0.0305128 -0.438812 0)
(0.0392319 -0.438116 0)
(0.0480033 -0.43818 0)
(0.0568196 -0.438326 0)
(0.0656988 -0.43848 0)
(0.0746545 -0.438649 0)
(0.0837022 -0.438829 0)
(0.0928575 -0.439009 0)
(0.102136 -0.439181 0)
(0.111556 -0.439336 0)
(0.121133 -0.439463 0)
(0.130887 -0.43955 0)
(0.140838 -0.439575 0)
(0.15101 -0.439518 0)
(0.161424 -0.439381 0)
(0.172085 -0.439219 0)
(0.182996 -0.439108 0)
(0.194141 -0.439066 0)
(0.205633 -0.439005 0)
(0.217264 -0.438771 0)
(0.00453625 -0.33631 0)
(0.0131909 -0.45391 0)
(0.0216954 -0.458849 0)
(0.0302472 -0.456192 0)
(0.0388851 -0.455642 0)
(0.0475766 -0.455802 0)
(0.0563183 -0.456067 0)
(0.0651329 -0.456374 0)
(0.074035 -0.456728 0)
(0.0830417 -0.457124 0)
(0.0921709 -0.457554 0)
(0.101441 -0.458011 0)
(0.110872 -0.458486 0)
(0.120482 -0.458973 0)
(0.130291 -0.459462 0)
(0.140322 -0.459938 0)
(0.150599 -0.46038 0)
(0.161148 -0.460779 0)
(0.171985 -0.461166 0)
(0.183122 -0.461605 0)
(0.194536 -0.462143 0)
(0.206337 -0.462737 0)
(0.218283 -0.463256 0)
(0.0043692 -0.353928 0)
(0.0130237 -0.471216 0)
(0.0215418 -0.475875 0)
(0.0299772 -0.473382 0)
(0.0384727 -0.472948 0)
(0.047024 -0.473209 0)
(0.0556313 -0.473609 0)
(0.0643204 -0.474086 0)
(0.0731049 -0.474647 0)
(0.0820044 -0.475286 0)
(0.0910382 -0.475995 0)
(0.100227 -0.476769 0)
(0.109591 -0.477602 0)
(0.119152 -0.478489 0)
(0.128931 -0.479424 0)
(0.13895 -0.480395 0)
(0.149234 -0.481388 0)
(0.159812 -0.482387 0)
(0.17071 -0.483403 0)
(0.181947 -0.484484 0)
(0.193504 -0.485681 0)
(0.20549 -0.486994 0)
(0.217633 -0.488326 0)
(0.00412218 -0.371178 0)
(0.0128943 -0.488632 0)
(0.0214813 -0.492804 0)
(0.0297255 -0.490253 0)
(0.0380054 -0.489902 0)
(0.0463505 -0.490278 0)
(0.0547572 -0.490828 0)
(0.0632563 -0.491493 0)
(0.0718566 -0.492277 0)
(0.0805801 -0.493178 0)
(0.089447 -0.494188 0)
(0.0984788 -0.495303 0)
(0.107698 -0.496521 0)
(0.117126 -0.497838 0)
(0.126784 -0.49925 0)
(0.136694 -0.500749 0)
(0.146882 -0.502326 0)
(0.157378 -0.503969 0)
(0.168211 -0.505675 0)
(0.179411 -0.507471 0)
(0.190969 -0.509405 0)
(0.20299 -0.5115 0)
(0.215192 -0.5137 0)
(0.00384134 -0.388018 0)
(0.0128211 -0.506372 0)
(0.0214643 -0.509551 0)
(0.0294239 -0.506635 0)
(0.0374045 -0.50635 0)
(0.0454781 -0.506866 0)
(0.0536125 -0.507588 0)
(0.0618541 -0.508454 0)
(0.070201 -0.509477 0)
(0.0786775 -0.510655 0)
(0.0873046 -0.511982 0)
(0.0961035 -0.513455 0)
(0.105097 -0.515075 0)
(0.114307 -0.51684 0)
(0.123754 -0.518747 0)
(0.13346 -0.520793 0)
(0.14345 -0.522973 0)
(0.153751 -0.525281 0)
(0.164398 -0.527711 0)
(0.175427 -0.530275 0)
(0.186838 -0.533006 0)
(0.198736 -0.535938 0)
(0.210841 -0.539051 0)
(0.00359831 -0.404461 0)
(0.0127815 -0.524467 0)
(0.0213466 -0.525915 0)
(0.0289343 -0.522342 0)
(0.0365274 -0.522134 0)
(0.0442711 -0.522828 0)
(0.052059 -0.523739 0)
(0.0599711 -0.524823 0)
(0.0679923 -0.526097 0)
(0.0761471 -0.527563 0)
(0.0844578 -0.529218 0)
(0.0929447 -0.531061 0)
(0.10163 -0.533092 0)
(0.110535 -0.535313 0)
(0.11968 -0.537723 0)
(0.129086 -0.540322 0)
(0.138775 -0.543111 0)
(0.148775 -0.546088 0)
(0.159121 -0.549252 0)
(0.169848 -0.552606 0)
(0.180971 -0.556171 0)
(0.192589 -0.559979 0)
(0.204437 -0.564034 0)
(0.00349956 -0.420587 0)
(0.0127564 -0.542692 0)
(0.0209717 -0.541597 0)
(0.0281311 -0.537221 0)
(0.0352498 -0.537128 0)
(0.0426093 -0.538032 0)
(0.0499794 -0.539142 0)
(0.0574856 -0.540454 0)
(0.0651055 -0.541989 0)
(0.0728598 -0.543752 0)
(0.0807725 -0.545741 0)
(0.0888629 -0.547957 0)
(0.0971524 -0.550403 0)
(0.105661 -0.55308 0)
(0.114409 -0.555993 0)
(0.123415 -0.559144 0)
(0.132701 -0.562537 0)
(0.142293 -0.566175 0)
(0.152223 -0.570063 0)
(0.162526 -0.574204 0)
(0.173222 -0.57861 0)
(0.184406 -0.583309 0)
(0.195839 -0.588318 0)
(0.00368177 -0.43662 0)
(0.012773 -0.560555 0)
(0.0202631 -0.556226 0)
(0.0269758 -0.55115 0)
(0.0335411 -0.551232 0)
(0.0404542 -0.552352 0)
(0.047341 -0.553662 0)
(0.0543638 -0.555203 0)
(0.0615054 -0.557002 0)
(0.068779 -0.559062 0)
(0.0762098 -0.561385 0)
(0.0838164 -0.563973 0)
(0.0916189 -0.566829 0)
(0.0996371 -0.569958 0)
(0.107889 -0.573365 0)
(0.116393 -0.577056 0)
(0.125169 -0.581039 0)
(0.134242 -0.58532 0)
(0.14364 -0.589909 0)
(0.153397 -0.594813 0)
(0.163531 -0.600042 0)
(0.174126 -0.605618 0)
(0.184987 -0.611565 0)
(0.00425537 -0.452959 0)
(0.0128909 -0.577338 0)
(0.0192458 -0.569389 0)
(0.0255147 -0.563985 0)
(0.0314612 -0.564309 0)
(0.0378483 -0.565627 0)
(0.0441901 -0.567128 0)
(0.0506554 -0.568895 0)
(0.0572438 -0.570953 0)
(0.0639596 -0.573306 0)
(0.0708276 -0.575956 0)
(0.0778657 -0.578906 0)
(0.0850928 -0.582161 0)
(0.0925276 -0.585728 0)
(0.100187 -0.589613 0)
(0.108087 -0.593825 0)
(0.116247 -0.598373 0)
(0.124688 -0.603269 0)
(0.133437 -0.608524 0)
(0.142521 -0.61415 0)
(0.151962 -0.62016 0)
(0.16182 -0.626572 0)
(0.17195 -0.633413 0)
(0.00521107 -0.47019 0)
(0.0131262 -0.592281 0)
(0.0179879 -0.580791 0)
(0.0238053 -0.575617 0)
(0.0290837 -0.576242 0)
(0.0348528 -0.577729 0)
(0.040587 -0.579416 0)
(0.0464269 -0.581404 0)
(0.0523916 -0.583717 0)
(0.0584786 -0.586355 0)
(0.0647095 -0.58932 0)
(0.0711015 -0.592618 0)
(0.0776717 -0.596255 0)
(0.0844377 -0.600239 0)
(0.0914145 -0.604579 0)
(0.0986167 -0.609284 0)
(0.10606 -0.614366 0)
(0.113762 -0.619838 0)
(0.121747 -0.625715 0)
(0.130038 -0.632011 0)
(0.138656 -0.638743 0)
(0.147643 -0.64593 0)
(0.156893 -0.653598 0)
(0.00634294 -0.488938 0)
(0.0133542 -0.604732 0)
(0.016522 -0.590368 0)
(0.0218493 -0.586024 0)
(0.026423 -0.586984 0)
(0.0314883 -0.58862 0)
(0.0365512 -0.590497 0)
(0.0417048 -0.592705 0)
(0.0469812 -0.595265 0)
(0.0523751 -0.598176 0)
(0.0579026 -0.601441 0)
(0.0635792 -0.605067 0)
(0.0694202 -0.609063 0)
(0.0754408 -0.613436 0)
(0.0816543 -0.618197 0)
(0.0880726 -0.623357 0)
(0.0947077 -0.628928 0)
(0.101575 -0.634925 0)
(0.108692 -0.641365 0)
(0.116081 -0.648263 0)
(0.12376 -0.655639 0)
(0.131749 -0.663515 0)
(0.139984 -0.67192 0)
(0.0072899 -0.509041 0)
(0.0133072 -0.613821 0)
(0.0148173 -0.597874 0)
(0.019594 -0.594832 0)
(0.0234362 -0.596111 0)
(0.0277355 -0.59789 0)
(0.0320727 -0.599958 0)
(0.036491 -0.60238 0)
(0.0410251 -0.605171 0)
(0.0456697 -0.608333 0)
(0.0504353 -0.611871 0)
(0.0553355 -0.615793 0)
(0.0603837 -0.620108 0)
(0.0655932 -0.624827 0)
(0.0709751 -0.629958 0)
(0.076538 -0.635514 0)
(0.0822898 -0.641508 0)
(0.0882415 -0.647954 0)
(0.0944088 -0.65487 0)
(0.10081 -0.662275 0)
(0.107459 -0.670189 0)
(0.114352 -0.678633 0)
(0.121466 -0.687637 0)
(0.00776622 -0.529517 0)
(0.0127706 -0.618954 0)
(0.0128373 -0.603178 0)
(0.0169968 -0.601637 0)
(0.0201006 -0.60317 0)
(0.0236033 -0.605088 0)
(0.0271791 -0.607339 0)
(0.0308297 -0.609959 0)
(0.0345828 -0.612961 0)
(0.038436 -0.616348 0)
(0.0423955 -0.620127 0)
(0.0464726 -0.624307 0)
(0.0506797 -0.628898 0)
(0.0550286 -0.63391 0)
(0.0595282 -0.639353 0)
(0.0641838 -0.645239 0)
(0.0689991 -0.651581 0)
(0.0739804 -0.658395 0)
(0.0791405 -0.665703 0)
(0.0844956 -0.673523 0)
(0.0900593 -0.681874 0)
(0.0958151 -0.690773 0)
(0.101765 -0.700248 0)
(0.00765373 -0.550942 0)
(0.0116614 -0.621705 0)
(0.0105942 -0.608039 0)
(0.0140388 -0.607884 0)
(0.0164241 -0.609605 0)
(0.0191214 -0.611669 0)
(0.0219094 -0.614103 0)
(0.0247668 -0.616917 0)
(0.0277092 -0.620123 0)
(0.0307378 -0.623726 0)
(0.0338574 -0.627734 0)
(0.0370776 -0.632156 0)
(0.0404091 -0.637 0)
(0.0438612 -0.642279 0)
(0.0474393 -0.648002 0)
(0.0511442 -0.654183 0)
(0.0549757 -0.660839 0)
(0.0589364 -0.667987 0)
(0.0630366 -0.67565 0)
(0.0672911 -0.683845 0)
(0.0717159 -0.69259 0)
(0.0762976 -0.701902 0)
(0.0810392 -0.711807 0)
(0.00675795 -0.573172 0)
(0.00977474 -0.622953 0)
(0.00808829 -0.613191 0)
(0.0106524 -0.614092 0)
(0.012315 -0.615978 0)
(0.0141851 -0.618213 0)
(0.0161427 -0.620832 0)
(0.018165 -0.623837 0)
(0.0202558 -0.627235 0)
(0.0224174 -0.631033 0)
(0.0246542 -0.635242 0)
(0.0269733 -0.639871 0)
(0.0293819 -0.644932 0)
(0.0318839 -0.650436 0)
(0.0344788 -0.656399 0)
(0.0371626 -0.662833 0)
(0.0399323 -0.669758 0)
(0.0427907 -0.677191 0)
(0.0457485 -0.68515 0)
(0.048819 -0.693653 0)
(0.0520095 -0.702717 0)
(0.0553051 -0.712362 0)
(0.0586914 -0.722618 0)
(0.00498069 -0.589897 0)
(0.00696847 -0.619092 0)
(0.00525753 -0.614235 0)
(0.00671825 -0.615834 0)
(0.00761137 -0.617909 0)
(0.00864153 -0.620324 0)
(0.00974686 -0.6231 0)
(0.0109091 -0.626245 0)
(0.0121221 -0.629771 0)
(0.0133845 -0.63369 0)
(0.0146981 -0.638017 0)
(0.0160663 -0.642766 0)
(0.0174917 -0.64795 0)
(0.0189738 -0.653583 0)
(0.020509 -0.65968 0)
(0.0220927 -0.666256 0)
(0.0237231 -0.673326 0)
(0.0254042 -0.680904 0)
(0.0271452 -0.689008 0)
(0.0289538 -0.697654 0)
(0.0308248 -0.706862 0)
(0.0327388 -0.716653 0)
(0.0346838 -0.727046 0)
(0.00240506 -0.600468 0)
(0.00315553 -0.615461 0)
(0.00190802 -0.614654 0)
(0.0022802 -0.616666 0)
(0.00250044 -0.618917 0)
(0.00279611 -0.62146 0)
(0.00312945 -0.624324 0)
(0.00348907 -0.627533 0)
(0.00386802 -0.631114 0)
(0.00426328 -0.635092 0)
(0.00467439 -0.639486 0)
(0.00510244 -0.64431 0)
(0.00554902 -0.649572 0)
(0.00601515 -0.655277 0)
(0.00650082 -0.661433 0)
(0.00700502 -0.668054 0)
(0.00752623 -0.675164 0)
(0.00806291 -0.682787 0)
(0.00861371 -0.690941 0)
(0.00917781 -0.699638 0)
(0.00975602 -0.708888 0)
(0.0103517 -0.718705 0)
(0.0109689 -0.729118 0)
(0.334608 0.0601442 0)
(0.36108 0.0104366 0)
(0.439151 0.000139142 0)
(0.552421 -0.0137914 0)
(0.34775 -0.0947629 0)
(0.448784 -0.123691 0)
(0.541935 -0.112019 0)
(0.63286 -0.119424 0)
(0.344011 -0.0994696 0)
(0.457296 -0.121195 0)
(0.527142 -0.119374 0)
(0.572499 -0.130879 0)
(0.390986 -0.226054 0)
(0.469687 -0.218404 0)
(0.399676 -0.164723 0)
(0.310165 -0.160593 0)
(0.33245 -0.262959 0)
(0.277927 -0.055485 0)
(0.212522 -0.0425861 0)
(0.309688 -0.184084 0)
(0.330847 -0.223421 0)
(0.318934 -0.110517 0)
(0.343769 -0.131021 0)
(0.390851 -0.265008 0)
(0.285708 -0.257066 0)
(0.324845 -0.126736 0)
(0.368865 -0.117603 0)
(0.322041 -0.208999 0)
(0.200955 -0.272351 0)
(0.241682 -0.149959 0)
(0.265832 -0.114341 0)
(0.184865 -0.155097 0)
(0.099566 -0.268672 0)
(0.11995 -0.159073 0)
(0.135279 -0.10651 0)
(0.105868 -0.123647 0)
(0.0309906 -0.255762 0)
(0.0380715 -0.16535 0)
(0.0674232 -0.11493 0)
(0.102731 -0.134955 0)
(0.0241745 -0.249195 0)
(0.0317526 -0.17948 0)
(0.0775431 -0.144828 0)
(0.127853 -0.157385 0)
(0.0598938 -0.248658 0)
(0.0724218 -0.199882 0)
(0.115782 -0.174261 0)
(0.149715 -0.171609 0)
(0.104435 -0.249191 0)
(0.115912 -0.216408 0)
(0.146097 -0.192882 0)
(0.164873 -0.177671 0)
(0.138918 -0.249124 0)
(0.147758 -0.22664 0)
(0.166747 -0.203765 0)
(0.1785 -0.180817 0)
(0.159637 -0.251439 0)
(0.169543 -0.233853 0)
(0.183546 -0.211195 0)
(0.193766 -0.184069 0)
(0.171461 -0.257499 0)
(0.184817 -0.241265 0)
(0.199121 -0.218298 0)
(0.211424 -0.189059 0)
(0.180008 -0.266592 0)
(0.197315 -0.250399 0)
(0.214682 -0.227049 0)
(0.230997 -0.196637 0)
(0.188332 -0.278081 0)
(0.209461 -0.261755 0)
(0.23078 -0.238203 0)
(0.251747 -0.207128 0)
(0.197087 -0.291672 0)
(0.221876 -0.275375 0)
(0.247291 -0.251902 0)
(0.273039 -0.220586 0)
(0.205932 -0.30726 0)
(0.234285 -0.291237 0)
(0.263813 -0.268168 0)
(0.294437 -0.237067 0)
(0.214476 -0.324771 0)
(0.246312 -0.309341 0)
(0.279988 -0.287059 0)
(0.315637 -0.256689 0)
(0.2225 -0.344116 0)
(0.257703 -0.329684 0)
(0.295531 -0.308645 0)
(0.336332 -0.279583 0)
(0.229826 -0.365187 0)
(0.268227 -0.352217 0)
(0.310138 -0.332947 0)
(0.356148 -0.305844 0)
(0.236221 -0.387856 0)
(0.277598 -0.376847 0)
(0.323442 -0.359934 0)
(0.374637 -0.335531 0)
(0.241411 -0.411973 0)
(0.285486 -0.403444 0)
(0.335034 -0.389532 0)
(0.391289 -0.368652 0)
(0.24511 -0.437359 0)
(0.291541 -0.431834 0)
(0.34447 -0.421603 0)
(0.405527 -0.405142 0)
(0.247055 -0.463796 0)
(0.295411 -0.461783 0)
(0.351275 -0.455932 0)
(0.4167 -0.444837 0)
(0.247028 -0.49102 0)
(0.296774 -0.492989 0)
(0.354974 -0.492202 0)
(0.424114 -0.487445 0)
(0.244857 -0.518709 0)
(0.29535 -0.525072 0)
(0.355119 -0.529983 0)
(0.427068 -0.532507 0)
(0.240384 -0.546486 0)
(0.290902 -0.557565 0)
(0.35131 -0.568703 0)
(0.424902 -0.579358 0)
(0.233448 -0.573943 0)
(0.283225 -0.589934 0)
(0.34322 -0.60767 0)
(0.417049 -0.627109 0)
(0.223908 -0.600681 0)
(0.272161 -0.621632 0)
(0.33062 -0.646113 0)
(0.403081 -0.674696 0)
(0.211703 -0.626296 0)
(0.25764 -0.652084 0)
(0.313406 -0.683191 0)
(0.382757 -0.720897 0)
(0.196897 -0.650357 0)
(0.239722 -0.680692 0)
(0.291627 -0.718023 0)
(0.356049 -0.764406 0)
(0.179658 -0.672548 0)
(0.218595 -0.707004 0)
(0.265501 -0.749901 0)
(0.323185 -0.804067 0)
(0.160197 -0.692595 0)
(0.194562 -0.730581 0)
(0.235453 -0.778087 0)
(0.284739 -0.838549 0)
(0.138845 -0.709613 0)
(0.168136 -0.750307 0)
(0.202287 -0.801092 0)
(0.241952 -0.86564 0)
(0.116152 -0.723145 0)
(0.140098 -0.765737 0)
(0.167235 -0.818443 0)
(0.19689 -0.884606 0)
(0.0923385 -0.735527 0)
(0.110858 -0.779613 0)
(0.131122 -0.833369 0)
(0.15141 -0.899249 0)
(0.0667623 -0.746938 0)
(0.0797983 -0.792103 0)
(0.0935063 -0.846268 0)
(0.105845 -0.910657 0)
(0.0393931 -0.751428 0)
(0.0468981 -0.796906 0)
(0.0545106 -0.850773 0)
(0.0606672 -0.913146 0)
(0.012442 -0.75348 0)
(0.0147416 -0.79895 0)
(0.0170245 -0.852368 0)
(0.0187136 -0.913318 0)
(0.677563 -0.0786248 0)
(0.780533 -0.148161 0)
(0.865324 -0.24026 0)
(0.933131 -0.326185 0)
(0.991564 -0.403949 0)
(1.025 -0.468596 0)
(1.0012 -0.44135 0)
(0.89622 -0.326354 0)
(0.777439 -0.178025 0)
(0.708549 -0.076431 0)
(0.679814 0.0780347 0)
(0.668819 0.378471 0)
(0.723253 0.447573 0)
(0.92254 0.61966 0)
(1.02576 0.739434 0)
(1.03534 0.743107 0)
(0.932474 0.549328 0)
(0.68805 0.0717354 0)
(0.303634 -0.398246 0)
(0.710397 -0.157085 0)
(0.769916 -0.207858 0)
(0.828273 -0.288672 0)
(0.885618 -0.376763 0)
(0.902141 -0.432253 0)
(0.855254 -0.473483 0)
(0.781016 -0.326637 0)
(0.729172 -0.268089 0)
(0.647435 -0.190657 0)
(0.589352 -0.0518022 0)
(0.541762 0.104105 0)
(0.502443 0.28 0)
(0.518532 0.480996 0)
(0.589332 0.486256 0)
(0.842717 0.651189 0)
(0.9784 0.723359 0)
(0.971975 0.639249 0)
(0.742706 0.31247 0)
(0.320881 -0.0942468 0)
(0.624395 -0.188929 0)
(0.66144 -0.223969 0)
(0.669358 -0.33865 0)
(0.701019 -0.422203 0)
(0.773407 -0.40477 0)
(0.779098 -0.432158 0)
(0.678695 -0.332923 0)
(0.533455 -0.231949 0)
(0.414362 -0.139033 0)
(0.365558 -0.0038846 0)
(0.343543 0.159083 0)
(0.283433 0.276394 0)
(0.257646 0.41218 0)
(0.300745 0.422576 0)
(0.450133 0.463367 0)
(0.730259 0.6291 0)
(0.818502 0.689476 0)
(0.648268 0.527084 0)
(0.269656 0.210245 0)
(0.369173 -0.275649 0)
(0.520381 -0.209407 0)
(0.651 -0.390817 0)
(0.66931 -0.455177 0)
(0.615302 -0.439334 0)
(0.50352 -0.354818 0)
(0.323794 -0.216513 0)
(0.164763 -0.117206 0)
(0.118552 -0.0881965 0)
(0.127219 0.0151438 0)
(0.124344 0.192565 0)
(0.0194743 0.329322 0)
(-0.0762439 0.401669 0)
(-0.107457 0.369244 0)
(-0.0159795 0.357281 0)
(0.190343 0.448427 0)
(0.469097 0.674866 0)
(0.458161 0.679257 0)
(0.180672 0.455206 0)
(0.413376 -0.319016 0)
(0.464385 -0.364493 0)
(0.443971 -0.394964 0)
(0.350712 -0.397886 0)
(0.220773 -0.332084 0)
(0.0658777 -0.201936 0)
(-0.0686476 -0.100717 0)
(-0.0968779 -0.100078 0)
(-0.0648476 -0.11904 0)
(-0.0677285 0.00849248 0)
(-0.0946647 0.241693 0)
(-0.247131 0.423639 0)
(-0.448458 0.491942 0)
(-0.620901 0.380041 0)
(-0.63725 0.233409 0)
(-0.23796 0.403619 0)
(0.0351465 0.525447 0)
(0.259988 0.728224 0)
(0.086682 0.613355 0)
(0.356097 -0.334502 0)
(0.276291 -0.324757 0)
(0.16625 -0.301986 0)
(0.0387564 -0.287739 0)
(-0.0862972 -0.21991 0)
(-0.175303 -0.12547 0)
(-0.194613 -0.10478 0)
(-0.178978 -0.135307 0)
(-0.190555 -0.124259 0)
(-0.234216 0.0407464 0)
(-0.292747 0.323609 0)
(-0.486848 0.56213 0)
(-0.873748 0.677676 0)
(-1.23692 0.525037 0)
(-1.09771 0.19633 0)
(-0.49164 0.1835 0)
(-0.214297 0.314536 0)
(0.11814 0.692885 0)
(0.00686051 0.683401 0)
(0.203543 -0.245733 0)
(0.0871302 -0.231217 0)
(0.00232147 -0.222141 0)
(-0.0769751 -0.216355 0)
(-0.139938 -0.173752 0)
(-0.171392 -0.122381 0)
(-0.182578 -0.103423 0)
(-0.207029 -0.123803 0)
(-0.269993 -0.097052 0)
(-0.346211 0.097812 0)
(-0.43224 0.435306 0)
(-0.72465 0.802717 0)
(-1.34519 1.04693 0)
(-1.65977 0.615518 0)
(-1.08312 -0.379731 0)
(-0.530903 -0.489303 0)
(-0.278581 0.190469 0)
(0.0250946 0.598447 0)
(-0.0513653 0.688952 0)
(0.100873 -0.178865 0)
(0.0514103 -0.189906 0)
(0.020259 -0.194546 0)
(-0.0269009 -0.189805 0)
(-0.0783448 -0.156175 0)
(-0.117255 -0.104641 0)
(-0.150275 -0.0756359 0)
(-0.20448 -0.0834735 0)
(-0.299283 -0.0499908 0)
(-0.394038 0.172216 0)
(-0.509447 0.604052 0)
(-0.837033 1.07779 0)
(-1.24862 1.14657 0)
(-0.990307 0.246757 0)
(-0.463097 -0.681286 0)
(-0.443304 -0.570261 0)
(-0.290689 0.0848299 0)
(-0.0391993 0.504142 0)
(-0.0854477 0.649067 0)
(0.107723 -0.160501 0)
(0.0950316 -0.175434 0)
(0.0653561 -0.171521 0)
(0.0159546 -0.15512 0)
(-0.0352617 -0.117924 0)
(-0.0798978 -0.073203 0)
(-0.123554 -0.0385632 0)
(-0.187592 -0.0308182 0)
(-0.291645 0.0118013 0)
(-0.397728 0.267219 0)
(-0.509141 0.770879 0)
(-0.716547 1.23992 0)
(-0.866742 1.14745 0)
(-0.656733 0.222107 0)
(-0.384629 -0.723437 0)
(-0.370695 -0.544272 0)
(-0.275593 -0.00425511 0)
(-0.0825898 0.429782 0)
(-0.100542 0.586777 0)
(0.129386 -0.163649 0)
(0.115191 -0.160673 0)
(0.0829627 -0.144022 0)
(0.0411653 -0.119514 0)
(-0.00293065 -0.0843292 0)
(-0.0466912 -0.0402242 0)
(-0.0949351 0.00228843 0)
(-0.161357 0.0283617 0)
(-0.26501 0.0832767 0)
(-0.366225 0.350394 0)
(-0.434845 0.871068 0)
(-0.504397 1.29398 0)
(-0.498915 1.12151 0)
(-0.58805 0.437275 0)
(-0.288629 -0.877182 0)
(-0.316647 -0.602032 0)
(-0.241068 -0.108493 0)
(-0.103771 0.37364 0)
(-0.103623 0.514484 0)
(0.140838 -0.163376 0)
(0.124012 -0.144785 0)
(0.0986721 -0.120772 0)
(0.0668312 -0.0928591 0)
(0.0292812 -0.0547137 0)
(-0.0119326 -0.00790811 0)
(-0.0598544 0.0434691 0)
(-0.123176 0.0892976 0)
(-0.220975 0.154304 0)
(-0.309024 0.402448 0)
(-0.324962 0.894896 0)
(-0.296092 1.27809 0)
(-0.216474 1.03745 0)
(-0.269831 0.259286 0)
(-0.0661799 -1.04504 0)
(-0.293174 -0.570364 0)
(-0.23647 -0.183713 0)
(-0.119255 0.324743 0)
(-0.101634 0.438519 0)
(0.151147 -0.158859 0)
(0.136746 -0.132449 0)
(0.118703 -0.103462 0)
(0.0942883 -0.0706661 0)
(0.0628267 -0.0286073 0)
(0.0260933 0.0224961 0)
(-0.017883 0.0814196 0)
(-0.0734168 0.143992 0)
(-0.158598 0.219179 0)
(-0.234204 0.42788 0)
(-0.20729 0.856461 0)
(-0.108318 1.2147 0)
(0.0403237 0.997416 0)
(0.0185663 0.230648 0)
(0.0236261 -0.952283 0)
(-0.277718 -0.504822 0)
(-0.245905 -0.233842 0)
(-0.136798 0.26651 0)
(-0.0949887 0.362185 0)
(0.163335 -0.15403 0)
(0.15393 -0.123325 0)
(0.141935 -0.0904387 0)
(0.123946 -0.0530903 0)
(0.0991563 -0.0068682 0)
(0.0685776 0.0488637 0)
(0.0313073 0.11348 0)
(-0.014156 0.188354 0)
(-0.0799565 0.274766 0)
(-0.145626 0.440385 0)
(-0.0996963 0.779004 0)
(0.0424111 1.11022 0)
(0.22226 0.954301 0)
(0.184786 0.282606 0)
(0.0573685 -0.720551 0)
(-0.231902 -0.478165 0)
(-0.247483 -0.245175 0)
(-0.147656 0.194287 0)
(-0.0822015 0.287079 0)
(0.178923 -0.151306 0)
(0.17511 -0.11803 0)
(0.168664 -0.081858 0)
(0.156618 -0.0401908 0)
(0.138539 0.0102049 0)
(0.114784 0.0702333 0)
(0.0856651 0.13944 0)
(0.0510555 0.220567 0)
(0.00785033 0.315976 0)
(-0.0440435 0.449715 0)
(-0.00503873 0.694304 0)
(0.153163 0.978193 0)
(0.343131 0.897187 0)
(0.341456 0.317619 0)
(0.14262 -0.546623 0)
(-0.246507 -0.370844 0)
(-0.234226 -0.216847 0)
(-0.145736 0.107725 0)
(-0.0664748 0.2162 0)
(0.1982 -0.151655 0)
(0.199707 -0.116454 0)
(0.198347 -0.0771535 0)
(0.191932 -0.031542 0)
(0.180409 0.0226669 0)
(0.163739 0.0863197 0)
(0.142905 0.159046 0)
(0.118501 0.242744 0)
(0.0927276 0.340486 0)
(0.0622143 0.458083 0)
(0.0869681 0.627073 0)
(0.226058 0.839019 0)
(0.421257 0.821973 0)
(0.455602 0.357613 0)
(0.22873 -0.251231 0)
(-0.268651 -0.309665 0)
(-0.214657 -0.214595 0)
(-0.145053 0.0302214 0)
(-0.0565468 0.146806 0)
(0.220434 -0.155137 0)
(0.226797 -0.118261 0)
(0.230337 -0.0761195 0)
(0.229533 -0.0271072 0)
(0.224436 0.0304316 0)
(0.21481 0.0970897 0)
(0.201791 0.172437 0)
(0.186198 0.257093 0)
(0.171436 0.353422 0)
(0.157281 0.459873 0)
(0.175746 0.579927 0)
(0.26755 0.717409 0)
(0.448651 0.732102 0)
(0.498996 0.42793 0)
(0.319341 0.0294869 0)
(-0.210896 -0.15657 0)
(-0.20344 -0.208514 0)
(-0.160381 -0.0150291 0)
(-0.0534769 0.0704344 0)
(0.244762 -0.1617 0)
(0.25577 -0.123352 0)
(0.264267 -0.0787735 0)
(0.269192 -0.026875 0)
(0.270443 0.0335747 0)
(0.267623 0.102851 0)
(0.261633 0.180363 0)
(0.253047 0.265548 0)
(0.244634 0.359723 0)
(0.236873 0.457432 0)
(0.251935 0.549758 0)
(0.295188 0.633322 0)
(0.431287 0.650226 0)
(0.481595 0.468574 0)
(0.357581 0.224272 0)
(0.0795097 0.089926 0)
(-0.198262 -0.217322 0)
(-0.178834 -0.0691924 0)
(-0.0437509 -0.0168096 0)
(0.270362 -0.171386 0)
(0.286119 -0.131772 0)
(0.299822 -0.0852042 0)
(0.310673 -0.0308906 0)
(0.318298 0.0321481 0)
(0.322102 0.103924 0)
(0.322419 0.183728 0)
(0.319156 0.270066 0)
(0.314335 0.36324 0)
(0.306882 0.455802 0)
(0.314038 0.535129 0)
(0.324087 0.589159 0)
(0.397463 0.598379 0)
(0.426688 0.488813 0)
(0.342587 0.33059 0)
(0.246355 0.222918 0)
(-0.0667325 -0.132741 0)
(-0.182955 -0.109352 0)
(-0.0267562 -0.109177 0)
(0.296636 -0.18431 0)
(0.317441 -0.143734 0)
(0.336744 -0.0956248 0)
(0.353824 -0.0392846 0)
(0.367997 0.0261579 0)
(0.378392 0.100595 0)
(0.384663 0.183233 0)
(0.385768 0.271993 0)
(0.3831 0.36627 0)
(0.374182 0.458187 0)
(0.369355 0.534086 0)
(0.358422 0.576698 0)
(0.374244 0.58218 0)
(0.367444 0.511905 0)
(0.289222 0.397825 0)
(0.213918 0.304394 0)
(0.016178 0.0781124 0)
(-0.17179 -0.0696535 0)
(-0.00583531 -0.192018 0)
(0.323229 -0.200663 0)
(0.349451 -0.159527 0)
(0.374807 -0.110312 0)
(0.39853 -0.0522771 0)
(0.419634 0.0154334 0)
(0.436882 0.0928597 0)
(0.449121 0.179069 0)
(0.454636 0.271915 0)
(0.453354 0.369638 0)
(0.442817 0.465261 0)
(0.425907 0.544339 0)
(0.398482 0.587708 0)
(0.37228 0.596562 0)
(0.325837 0.553603 0)
(0.22602 0.461722 0)
(0.133374 0.380348 0)
(0.0324472 0.171989 0)
(-0.160797 -0.0426241 0)
(0.0194761 -0.257842 0)
(0.349876 -0.220663 0)
(0.381883 -0.179448 0)
(0.413771 -0.129591 0)
(0.44466 -0.0701819 0)
(0.473296 -0.000186967 0)
(0.498031 0.0805939 0)
(0.51684 0.171212 0)
(0.527438 0.26982 0)
(0.527447 0.373634 0)
(0.51509 0.476613 0)
(0.488309 0.56422 0)
(0.445673 0.61631 0)
(0.391438 0.635106 0)
(0.308163 0.619873 0)
(0.186832 0.532316 0)
(0.0416472 0.443332 0)
(0.0723804 0.251046 0)
(-0.156221 -0.0192069 0)
(0.048874 -0.309942 0)
(0.376256 -0.244523 0)
(0.414409 -0.203797 0)
(0.453357 -0.153847 0)
(0.492147 -0.0934728 0)
(0.529183 -0.021288 0)
(0.56235 0.063139 0)
(0.588932 0.159109 0)
(0.605541 0.265188 0)
(0.607733 0.378217 0)
(0.593334 0.491827 0)
(0.558904 0.592314 0)
(0.502198 0.658337 0)
(0.42904 0.691413 0)
(0.317981 0.705453 0)
(0.193347 0.620486 0)
(-0.0337678 0.493452 0)
(0.12979 0.273899 0)
(-0.160284 0.0131512 0)
(0.0833409 -0.349843 0)
(0.401951 -0.272437 0)
(0.446602 -0.232892 0)
(0.49319 -0.183544 0)
(0.540708 -0.122778 0)
(0.587275 -0.0487498 0)
(0.630342 0.0394195 0)
(0.66645 0.141852 0)
(0.690528 0.257336 0)
(0.69651 0.382767 0)
(0.680505 0.510567 0)
(0.639671 0.627477 0)
(0.57014 0.710999 0)
(0.481757 0.75959 0)
(0.356064 0.797285 0)
(0.242564 0.728723 0)
(-0.0396416 0.545817 0)
(0.177948 0.28201 0)
(-0.17426 0.0474193 0)
(0.124018 -0.378573 0)
(0.426448 -0.304578 0)
(0.477927 -0.267064 0)
(0.532774 -0.219203 0)
(0.589955 -0.15884 0)
(0.647497 -0.083553 0)
(0.702617 0.0083035 0)
(0.750462 0.118007 0)
(0.784043 0.245153 0)
(0.795904 0.386192 0)
(0.779898 0.532245 0)
(0.733072 0.669366 0)
(0.651149 0.773236 0)
(0.545821 0.83603 0)
(0.4139 0.884883 0)
(0.313736 0.841788 0)
(0.03819 0.624982 0)
(0.216439 0.311708 0)
(-0.199289 0.0848143 0)
(0.171897 -0.397778 0)
(0.44914 -0.341085 0)
(0.507719 -0.306638 0)
(0.571418 -0.261384 0)
(0.639302 -0.202574 0)
(0.709658 -0.127085 0)
(0.779259 -0.0319339 0)
(0.841333 0.0856128 0)
(0.887596 0.226984 0)
(0.908961 0.387326 0)
(0.896103 0.556199 0)
(0.843036 0.718373 0)
(0.746347 0.846407 0)
(0.618217 0.922408 0)
(0.475225 0.969603 0)
(0.381023 0.940336 0)
(0.126245 0.718105 0)
(0.269323 0.363718 0)
(-0.237494 0.123958 0)
(0.228102 -0.408037 0)
(0.469305 -0.382034 0)
(0.535143 -0.35189 0)
(0.608164 -0.310668 0)
(0.68793 -0.255087 0)
(0.773008 -0.180917 0)
(0.859563 -0.0831955 0)
(0.93968 0.0424635 0)
(1.00401 0.200148 0)
(1.04138 0.383306 0)
(1.03711 0.581643 0)
(0.977498 0.777327 0)
(0.859102 0.934955 0)
(0.698222 1.02337 0)
(0.526799 1.06058 0)
(0.430015 1.02563 0)
(0.173727 0.827192 0)
(0.331022 0.435149 0)
(-0.291741 0.165231 0)
(0.292991 -0.410439 0)
(0.4861 -0.427389 0)
(0.559162 -0.40299 0)
(0.641757 -0.36761 0)
(0.734671 -0.317565 0)
(0.836068 -0.246418 0)
(0.941765 -0.147863 0)
(1.04786 -0.0145041 0)
(1.14059 0.159139 0)
(1.20398 0.368475 0)
(1.21676 0.605204 0)
(1.15027 0.847218 0)
(0.996898 1.04542 0)
(0.787493 1.15036 0)
(0.565024 1.17256 0)
(0.454373 1.11057 0)
(0.157643 0.938277 0)
(0.39431 0.52154 0)
(-0.354553 0.208399 0)
(0.365339 -0.40966 0)
(0.498577 -0.476948 0)
(0.578514 -0.459944 0)
(0.670679 -0.432596 0)
(0.77766 -0.390968 0)
(0.896561 -0.324815 0)
(1.02634 -0.231031 0)
(1.17116 -0.0955218 0)
(1.30603 0.0948427 0)
(1.40644 0.336048 0)
(1.44361 0.626711 0)
(1.37065 0.944188 0)
(1.16685 1.20014 0)
(0.886517 1.31951 0)
(0.590009 1.31889 0)
(0.452231 1.21181 0)
(0.0936311 1.0478 0)
(0.452067 0.598574 0)
(-0.411712 0.257163 0)
(0.436381 -0.411553 0)
(0.505705 -0.530288 0)
(0.591767 -0.522533 0)
(0.693126 -0.50566 0)
(0.81405 -0.47596 0)
(0.951914 -0.418621 0)
(1.11478 -0.339301 0)
(1.30798 -0.211511 0)
(1.4998 -0.00501722 0)
(1.6477 0.274568 0)
(1.72023 0.63109 0)
(1.64506 1.04138 0)
(1.37662 1.38696 0)
(0.99578 1.54032 0)
(0.596741 1.51229 0)
(0.412512 1.34632 0)
(-0.0203727 1.14879 0)
(0.461871 0.724515 0)
(-0.455458 0.299444 0)
(0.475591 -0.411538 0)
(0.506417 -0.586706 0)
(0.597449 -0.590158 0)
(0.706757 -0.586346 0)
(0.840487 -0.573102 0)
(1.00028 -0.532207 0)
(1.2052 -0.47719 0)
(1.43825 -0.377019 0)
(1.71651 -0.149342 0)
(1.90626 0.161532 0)
(2.0032 0.618253 0)
(1.94188 1.18843 0)
(1.61231 1.64632 0)
(1.10276 1.83354 0)
(0.572011 1.76523 0)
(0.312832 1.53085 0)
(-0.170077 1.23529 0)
(0.12544 0.759305 0)
(-0.455304 0.275348 0)
(0.413971 -0.369943 0)
(0.499724 -0.645182 0)
(0.594126 -0.661618 0)
(0.708608 -0.673717 0)
(0.854303 -0.682015 0)
(1.03732 -0.668996 0)
(1.2795 -0.647818 0)
(1.54687 -0.595696 0)
(1.91586 -0.33444 0)
(2.08458 0.0697075 0)
(2.0752 0.624123 0)
(2.02411 1.38348 0)
(1.72547 2.00633 0)
(1.14985 2.23112 0)
(0.496841 2.08767 0)
(0.137083 1.77652 0)
(-0.340276 1.40967 0)
(-0.0378916 0.60901 0)
(-0.416953 0.2298 0)
(0.184835 -0.391362 0)
(0.484863 -0.704362 0)
(0.580382 -0.735061 0)
(0.69601 -0.766145 0)
(0.85327 -0.799935 0)
(1.05187 -0.829449 0)
(1.31396 -0.848262 0)
(1.63491 -0.824737 0)
(1.95807 -0.504646 0)
(1.94601 0.0959064 0)
(1.59831 0.620023 0)
(1.57836 1.36023 0)
(1.48122 2.24928 0)
(1.03112 2.64981 0)
(0.323402 2.46249 0)
(-0.110933 2.06 0)
(-0.348553 1.41339 0)
(-0.235683 0.666801 0)
(-0.40569 0.25143 0)
(-0.103187 -0.680971 0)
(0.461392 -0.762545 0)
(0.554901 -0.808152 0)
(0.667756 -0.860721 0)
(0.832515 -0.922233 0)
(1.03183 -1.00782 0)
(1.29991 -1.05082 0)
(1.66608 -0.999872 0)
(1.6387 -0.633193 0)
(1.49303 0.20118 0)
(1.21513 0.817924 0)
(1.06787 1.43958 0)
(0.987422 2.35989 0)
(0.675983 3.02495 0)
(-0.0142037 2.83567 0)
(-0.424085 2.28824 0)
(-0.428437 1.39395 0)
(-0.311527 0.688431 0)
(-0.38123 0.215015 0)
(0.0686668 -0.809919 0)
(0.429145 -0.817789 0)
(0.516815 -0.878368 0)
(0.623659 -0.953498 0)
(0.78538 -1.04517 0)
(0.978268 -1.19027 0)
(1.2365 -1.20624 0)
(1.52731 -1.05788 0)
(0.915795 -0.479245 0)
(0.96203 0.32475 0)
(0.951186 1.02939 0)
(0.530135 1.62975 0)
(0.469436 2.45502 0)
(0.0573229 3.397 0)
(-0.514052 3.17574 0)
(-0.803541 2.44526 0)
(-0.559283 1.30138 0)
(-0.379632 0.590604 0)
(-0.306293 0.0833825 0)
(0.220382 -0.889472 0)
(0.388191 -0.868184 0)
(0.465829 -0.943067 0)
(0.562547 -1.04038 0)
(0.708098 -1.16648 0)
(0.901977 -1.36454 0)
(1.11264 -1.28959 0)
(1.19268 -0.952544 0)
(0.442704 -0.320062 0)
(0.755773 0.405845 0)
(0.763692 1.23134 0)
(-0.0401009 1.91812 0)
(-0.0779523 2.65013 0)
(-0.761062 3.73737 0)
(-1.05201 3.3985 0)
(-0.988258 2.29026 0)
(-0.503283 1.04963 0)
(-0.395763 0.542233 0)
(-0.195054 -0.147675 0)
(0.240201 -0.805926 0)
(0.33904 -0.911358 0)
(0.402253 -0.998401 0)
(0.481739 -1.11562 0)
(0.598628 -1.27917 0)
(0.790416 -1.51868 0)
(0.890867 -1.30702 0)
(0.827299 -0.802347 0)
(0.149923 -0.241194 0)
(0.531745 0.365154 0)
(0.270032 1.44767 0)
(-0.614451 2.30436 0)
(-0.714905 2.95831 0)
(-1.5619 3.97659 0)
(-1.40919 3.33243 0)
(-0.920467 1.96901 0)
(-0.485658 0.869987 0)
(-0.376246 0.409047 0)
(-0.0892152 -0.292744 0)
(0.182684 -0.811295 0)
(0.283336 -0.943705 0)
(0.32799 -1.03828 0)
(0.380788 -1.16923 0)
(0.455956 -1.36457 0)
(0.600088 -1.62151 0)
(0.520088 -1.22537 0)
(0.318628 -0.642461 0)
(-0.104548 -0.209956 0)
(0.289869 0.58608 0)
(-0.350892 1.78008 0)
(-1.13347 2.75763 0)
(-1.44176 3.36781 0)
(-2.1913 4.0709 0)
(-1.60773 3.05369 0)
(-0.825482 1.65177 0)
(-0.482962 0.760072 0)
(-0.355864 0.265233 0)
(-0.0567124 -0.736377 0)
(-0.2304 -0.926076 0)
(0.22441 -0.963503 0)
(0.248049 -1.05833 0)
(0.266389 -1.19078 0)
(0.286654 -1.39701 0)
(0.30729 -1.6247 0)
(0.0254293 -0.9845 0)
(-0.270325 -0.49466 0)
(-0.390505 -0.187607 0)
(-0.253096 0.832324 0)
(-0.823977 2.15293 0)
(-1.52765 3.18036 0)
(-2.15292 3.84865 0)
(-2.65338 4.00654 0)
(-1.5941 2.46535 0)
(-0.651565 1.08227 0)
(-0.476734 0.685895 0)
(-0.224069 0.213695 0)
(0.229105 -0.31384 0)
(0.137868 -0.819352 0)
(0.166285 -0.974872 0)
(0.170463 -1.06157 0)
(0.154084 -1.17792 0)
(0.112451 -1.35746 0)
(-0.0389875 -1.49268 0)
(-0.360635 -0.782551 0)
(-0.578638 -0.388999 0)
(-0.695617 -0.0162248 0)
(-0.583271 0.947459 0)
(-1.17918 2.50226 0)
(-1.93531 3.63558 0)
(-2.75194 4.30739 0)
(-2.51514 3.64095 0)
(-1.08431 1.60983 0)
(-0.589622 0.859671 0)
(-0.416868 0.513752 0)
(0.00624316 -0.269423 0)
(0.197952 -0.893172 0)
(0.0240702 -0.796432 0)
(0.111606 -0.980511 0)
(0.103574 -1.05341 0)
(0.0661357 -1.13842 0)
(-0.0228974 -1.24966 0)
(-0.301961 -1.24769 0)
(-0.569543 -0.666904 0)
(-0.669771 -0.406535 0)
(-0.761526 -0.184347 0)
(-0.856963 1.31867 0)
(-1.51567 2.87147 0)
(-2.23741 4.20651 0)
(-2.67996 4.60164 0)
(-1.66428 2.69349 0)
(-0.830667 1.07366 0)
(-0.572513 0.662483 0)
(-0.267336 0.328647 0)
(0.364511 -0.203063 0)
(0.16422 -0.494278 0)
(0.0328877 -0.687109 0)
(0.0617883 -0.977173 0)
(0.0521928 -1.03685 0)
(0.0203167 -1.09031 0)
(-0.0637207 -1.12076 0)
(-0.339491 -1.04157 0)
(-0.653063 -0.508751 0)
(-0.715172 -0.0980735 0)
(-0.811476 0.382704 0)
(-1.10892 1.59181 0)
(-1.88269 3.42152 0)
(-2.04179 4.33912 0)
(-1.69669 3.82777 0)
(-1.03849 1.93669 0)
(-0.709127 0.877968 0)
(-0.500005 0.497199 0)
(0.273695 -0.149772 0)
(0.269023 -0.364774 0)
(0.0876366 -0.52342 0)
(0.0522115 -0.658495 0)
(0.0186219 -0.973857 0)
(0.0148859 -1.02634 0)
(0.00473384 -1.06379 0)
(-0.0207053 -1.05978 0)
(-0.0664714 -0.957788 0)
(0.00472188 -0.647762 0)
(-0.0391662 -0.5164 0)
(1.58243 -0.330827 0)
(-0.46448 3.23483 0)
(-1.54006 3.09742 0)
(0.0442008 3.61274 0)
(-0.128446 4.18109 0)
(-1.22474 2.99061 0)
(-2.05476 1.28444 0)
(-2.57313 -0.694923 0)
(-1.059 -0.526834 0)
(-0.185704 -0.509653 0)
(-0.0435291 -0.533036 0)
(0.00970479 -0.635054 0)
)
;

boundaryField
{
    leftWall
    {
        type            noSlip;
    }
    rightWall
    {
        type            noSlip;
    }
    lowerWall
    {
        type            noSlip;
    }
    atmosphere
    {
        type            pressureInletOutletVelocity;
        value           nonuniform List<vector> 
46
(
(0 -0.600468 0)
(0 -0.615461 0)
(0 -0.614654 0)
(0 -0.616666 0)
(0 -0.618917 0)
(0 -0.62146 0)
(0 -0.624324 0)
(0 -0.627533 0)
(0 -0.631114 0)
(0 -0.635092 0)
(0 -0.639486 0)
(0 -0.64431 0)
(0 -0.649572 0)
(0 -0.655277 0)
(0 -0.661433 0)
(0 -0.668054 0)
(0 -0.675164 0)
(0 -0.682787 0)
(0 -0.690941 0)
(0 -0.699638 0)
(0 -0.708888 0)
(0 -0.718705 0)
(0 -0.729118 0)
(0 -0.75348 0)
(0 -0.79895 0)
(0 -0.852368 0)
(0 -0.913318 0)
(0 -0.973857 0)
(0 -1.02634 0)
(0 -1.06379 0)
(0 -1.05978 0)
(0 -0.957788 0)
(0 -0.647762 0)
(0 -0.5164 0)
(0 -0.330827 0)
(-0.46448 3.23483 0)
(-1.54006 3.09742 0)
(0.0442008 3.61274 0)
(-0.128446 4.18109 0)
(-1.22474 2.99061 0)
(-2.05476 1.28444 0)
(0 -0.694923 0)
(0 -0.526834 0)
(0 -0.509653 0)
(0 -0.533036 0)
(0 -0.635054 0)
)
;
    }
    defaultFaces
    {
        type            empty;
    }
}


// ************************************************************************* //
