/*--------------------------------*- C++ -*----------------------------------*\
| =========                 |                                                 |
| \\      /  F ield         | OpenFOAM: The Open Source CFD Toolbox           |
|  \\    /   O peration     | Version:  2206                                  |
|   \\  /    A nd           | Website:  www.openfoam.com                      |
|    \\/     M anipulation  |                                                 |
\*---------------------------------------------------------------------------*/
FoamFile
{
    version     2.0;
    format      ascii;
    arch        "LSB;label=32;scalar=64";
    class       volVectorField;
    location    "0.775";
    object      U;
}
// * * * * * * * * * * * * * * * * * * * * * * * * * * * * * * * * * * * * * //

dimensions      [0 1 -1 0 0 0 0];

internalField   nonuniform List<vector> 
2268
(
(-0.00563832 0.00201434 0)
(0.00134377 -0.00929072 0)
(0.0143296 -0.0122631 0)
(0.0246461 -0.00787543 0)
(0.0300374 -0.00340038 0)
(0.0314086 -0.000437268 0)
(0.0309558 0.000883502 0)
(0.0300445 0.00129452 0)
(0.0291554 0.00150949 0)
(0.0282722 0.00186729 0)
(0.0272214 0.00246081 0)
(0.0258344 0.00323781 0)
(0.0241097 0.00402544 0)
(0.0221064 0.00468769 0)
(0.0200392 0.00516747 0)
(0.0179254 0.00536886 0)
(0.016822 0.00446954 0)
(0.0156762 0.00261759 0)
(0.0191835 -0.00256993 0)
(0.0214608 -0.00494305 0)
(0.0338066 -0.0168033 0)
(0.0492917 -0.0206935 0)
(0.047996 0.0411271 0)
(-0.0073906 0.00582546 0)
(0.00320467 -0.0288147 0)
(0.0126247 -0.0345438 0)
(0.0228795 -0.0220873 0)
(0.0269214 -0.0094602 0)
(0.0283306 -0.00162689 0)
(0.0284063 0.00138191 0)
(0.0283989 0.00181954 0)
(0.0286232 0.00161249 0)
(0.0289742 0.00160137 0)
(0.0294322 0.00193388 0)
(0.0299448 0.00241293 0)
(0.0305298 0.00276569 0)
(0.0312315 0.00276426 0)
(0.0323755 0.00222001 0)
(0.0333292 0.000871501 0)
(0.0369472 -0.00160874 0)
(0.0377543 -0.00599813 0)
(0.0484807 -0.0130767 0)
(0.04725 -0.0221247 0)
(0.0757032 -0.0379014 0)
(0.0557005 -0.0163477 0)
(0.0533138 0.138141 0)
(-0.00605659 0.00890314 0)
(0.00409287 -0.0465587 0)
(0.0112882 -0.0529263 0)
(0.0201159 -0.0334133 0)
(0.0237758 -0.0142252 0)
(0.0262358 -0.00298436 0)
(0.0276948 0.00107738 0)
(0.0289501 0.0015356 0)
(0.0299592 0.00113253 0)
(0.0305971 0.00104201 0)
(0.0307705 0.00137783 0)
(0.0304639 0.00189349 0)
(0.029866 0.00232352 0)
(0.0290109 0.00228095 0)
(0.0279641 0.00134234 0)
(0.0267468 -0.00108238 0)
(0.025874 -0.00530357 0)
(0.0229279 -0.0133338 0)
(0.0257179 -0.0244577 0)
(0.0172505 -0.0461951 0)
(0.0340763 -0.0511118 0)
(-0.00161176 0.0510749 0)
(0.0125222 0.231749 0)
(-0.0032873 0.00884296 0)
(0.00445708 -0.0612309 0)
(0.0095309 -0.0680737 0)
(0.0177797 -0.0449371 0)
(0.0213324 -0.0226156 0)
(0.0251746 -0.00971451 0)
(0.0282042 -0.00462394 0)
(0.0308211 -0.00308067 0)
(0.0328102 -0.00210036 0)
(0.0340696 -0.000594872 0)
(0.0345945 0.00131983 0)
(0.034307 0.00325001 0)
(0.0330172 0.0047997 0)
(0.0305579 0.00579314 0)
(0.02701 0.00602272 0)
(0.0222384 0.00514791 0)
(0.0162489 0.00282695 0)
(0.00821831 -0.00131199 0)
(-0.00141972 -0.0079554 0)
(-0.0160564 -0.0228282 0)
(-0.0414503 -0.0183371 0)
(-0.0508024 0.0582496 0)
(-0.0198381 0.176847 0)
(-0.00264913 0.00852607 0)
(0.000816367 -0.0686396 0)
(0.00537185 -0.0788467 0)
(0.0150897 -0.0535299 0)
(0.0205185 -0.029005 0)
(0.0268479 -0.0154111 0)
(0.0323091 -0.00951719 0)
(0.0367315 -0.00685234 0)
(0.0397015 -0.00459987 0)
(0.0410523 -0.00171135 0)
(0.0409946 0.00199144 0)
(0.0399047 0.00635708 0)
(0.0380975 0.011033 0)
(0.0355028 0.0154914 0)
(0.0318755 0.0191242 0)
(0.0270507 0.0215075 0)
(0.020878 0.0225053 0)
(0.013186 0.022452 0)
(0.00363753 0.0224325 0)
(-0.0105824 0.019273 0)
(-0.0286079 0.0120654 0)
(-0.0352666 0.0299999 0)
(-0.0176721 0.0820698 0)
(-0.00332786 0.00930151 0)
(-0.00322796 -0.0766494 0)
(-0.000997491 -0.0974283 0)
(0.0136833 -0.0736315 0)
(0.0229663 -0.0477911 0)
(0.0311291 -0.0330631 0)
(0.0378027 -0.0246073 0)
(0.0432351 -0.0179727 0)
(0.0473281 -0.0110111 0)
(0.0503216 -0.003718 0)
(0.0523144 0.00244782 0)
(0.0530511 0.00705161 0)
(0.051976 0.0110403 0)
(0.0483275 0.015058 0)
(0.0418546 0.0190327 0)
(0.0328706 0.0226814 0)
(0.0222448 0.0257434 0)
(0.0110404 0.0282587 0)
(0.000335026 0.031661 0)
(-0.00730578 0.0340089 0)
(-0.00979568 0.0288004 0)
(-0.00605007 0.0230632 0)
(0.00367722 0.0571801 0)
(0.00547155 0.0174401 0)
(0.00703197 -0.0747442 0)
(0.00860819 -0.115074 0)
(0.0252735 -0.0965307 0)
(0.0405085 -0.0623421 0)
(0.0536758 -0.041683 0)
(0.0640591 -0.030651 0)
(0.0714578 -0.0224988 0)
(0.0740212 -0.0153965 0)
(0.070893 -0.00942557 0)
(0.0638454 -0.00202773 0)
(0.0562719 0.00860259 0)
(0.0493916 0.0231695 0)
(0.0418588 0.0397645 0)
(0.0320348 0.0550895 0)
(0.0196393 0.0660324 0)
(0.00580586 0.0712387 0)
(-0.00634762 0.0707621 0)
(-0.0152772 0.0644473 0)
(-0.0194863 0.0426687 0)
(-0.0149611 0.014626 0)
(0.00335052 0.0127074 0)
(-0.0029106 0.0944057 0)
(0.0241989 -0.0163065 0)
(0.052734 -0.0737712 0)
(0.0739643 -0.135578 0)
(0.0839352 -0.139311 0)
(0.0958176 -0.108627 0)
(0.10665 -0.0815374 0)
(0.112257 -0.0652768 0)
(0.114883 -0.0438641 0)
(0.115002 -0.0118644 0)
(0.105308 0.0171972 0)
(0.091362 0.0308356 0)
(0.0777292 0.0327028 0)
(0.0665818 0.034763 0)
(0.0563459 0.0417508 0)
(0.0482897 0.0515251 0)
(0.0416213 0.0598989 0)
(0.0346281 0.0634326 0)
(0.0299116 0.0563828 0)
(0.0209101 0.0448864 0)
(0.0299902 0.0181005 0)
(0.0259945 -0.0068517 0)
(0.00432383 -0.0173702 0)
(-0.069444 0.0287339 0)
(0.0460743 -0.0721907 0)
(0.0410281 0.0138496 0)
(-0.346897 0.0588272 0)
(-0.825969 -0.0647631 0)
(-0.556063 -0.35656 0)
(-0.00368913 -0.511592 0)
(0.538751 -0.437093 0)
(0.950253 -0.314046 0)
(1.12008 -0.174045 0)
(0.874661 -0.0295759 0)
(0.449616 0.0782072 0)
(0.178838 -0.0104261 0)
(0.167797 -0.163411 0)
(0.282303 -0.207974 0)
(0.471913 -0.120231 0)
(0.586812 -0.0878552 0)
(0.451077 -0.00783805 0)
(0.169208 0.0753213 0)
(-0.0842233 -0.0433158 0)
(0.0685686 -0.0191835 0)
(-0.108796 0.291114 0)
(-0.313586 0.599359 0)
(-0.579022 0.454868 0)
(0.364704 -0.843957 0)
(0.563756 -1.04897 0)
(0.811059 -0.864414 0)
(0.853936 -0.474432 0)
(0.651428 0.241736 0)
(0.522974 0.733606 0)
(0.57093 0.478864 0)
(0.462562 0.319929 0)
(0.265719 0.0988352 0)
(0.0685401 -0.0770765 0)
(0.496913 -0.329762 0)
(1.21886 0.312104 0)
(0.838729 0.406432 0)
(0.40132 0.400458 0)
(0.0493098 0.162802 0)
(0.126252 -0.0151597 0)
(-0.0163076 0.42938 0)
(0.0858012 0.733016 0)
(0.339434 -0.142184 0)
(0.796379 -1.19282 0)
(0.646024 -1.07745 0)
(0.228714 -0.333584 0)
(-0.783243 0.191664 0)
(-0.380717 0.3775 0)
(-0.275125 0.264364 0)
(-0.223363 0.298394 0)
(-0.369987 0.377554 0)
(-0.524587 0.312449 0)
(-0.283317 -0.639751 0)
(0.406925 -1.34144 0)
(1.0445 -0.142653 0)
(1.24939 1.00192 0)
(0.455668 0.837464 0)
(0.0827219 0.386888 0)
(0.00435634 -0.163472 0)
(0.183312 0.28614 0)
(0.277149 0.382805 0)
(0.779228 -0.472471 0)
(0.916414 -1.06231 0)
(0.547991 -0.702442 0)
(-0.822306 0.725382 0)
(-0.983053 0.110401 0)
(-0.832983 0.0293016 0)
(-0.971839 0.333087 0)
(-1.47144 0.786863 0)
(-1.83792 0.899455 0)
(-1.21376 -0.193008 0)
(-0.185114 -1.69556 0)
(0.0863421 -1.60081 0)
(0.320491 -0.761086 0)
(1.11335 1.06734 0)
(0.428925 1.90528 0)
(0.0971502 0.582506 0)
(-0.268856 -0.253161 0)
(0.282726 0.211818 0)
(0.52721 -0.249431 0)
(0.841467 -0.743704 0)
(0.847363 -0.897763 0)
(-0.0700312 0.447487 0)
(-1.28911 1.03169 0)
(-0.943456 0.181385 0)
(-0.948214 0.223053 0)
(-1.48057 0.815597 0)
(-2.1638 1.10756 0)
(-1.49478 -0.0927303 0)
(-0.523214 -1.51811 0)
(-0.108628 -2.10056 0)
(-0.130111 -1.82227 0)
(0.0460706 -1.45053 0)
(0.667766 0.299846 0)
(0.313191 2.43846 0)
(0.100878 0.742078 0)
(-0.36386 -0.246795 0)
(0.319087 -0.3114 0)
(0.590349 -0.5884 0)
(0.64339 -0.785069 0)
(0.44656 -0.323517 0)
(-0.838822 1.97154 0)
(-1.13206 0.831616 0)
(-0.819366 0.201444 0)
(-0.879242 0.501177 0)
(-1.44787 1.34255 0)
(-1.69996 1.03124 0)
(-0.789239 -0.713066 0)
(-0.161896 -1.93807 0)
(-0.425802 -2.11159 0)
(-0.511972 -1.87324 0)
(-0.202605 -1.61797 0)
(0.269151 0.494425 0)
(0.122771 2.96173 0)
(0.0995733 0.847437 0)
(-0.0502523 -0.247293 0)
(0.265756 -0.651466 0)
(0.400564 -0.73286 0)
(0.215981 -0.544384 0)
(-0.0532367 0.807462 0)
(-0.623611 2.81175 0)
(-1.00809 1.02417 0)
(-0.691741 0.171994 0)
(-0.701974 0.626724 0)
(-1.0921 1.74505 0)
(-1.1094 0.897162 0)
(-0.574389 -1.27807 0)
(-0.211618 -1.98734 0)
(-1.34496 -1.44628 0)
(-0.938766 -2.11464 0)
(-0.735166 -2.0804 0)
(-0.0662131 0.0719578 0)
(-0.0209637 3.1753 0)
(0.101723 0.862523 0)
(0.204289 -0.45768 0)
(0.107941 -0.739151 0)
(-0.0728357 -0.686027 0)
(-0.51167 -0.17225 0)
(-0.58926 1.06395 0)
(-0.297835 2.64028 0)
(-0.7118 1.30074 0)
(-0.451797 0.132707 0)
(-0.527874 0.644614 0)
(-0.789524 1.79558 0)
(-0.685851 0.810654 0)
(-0.671871 -1.51443 0)
(-0.970309 -1.42776 0)
(-1.19271 -1.49642 0)
(-0.581618 -2.53841 0)
(-0.812312 -2.52141 0)
(-0.0605304 -0.42276 0)
(-0.0888608 2.9674 0)
(0.129014 0.896891 0)
(0.0317088 -0.110927 0)
(0.0829411 -0.14256 0)
(0.114377 -0.160995 0)
(0.118226 -0.148586 0)
(0.117634 -0.109366 0)
(0.116085 -0.0680178 0)
(0.108287 -0.0434552 0)
(0.104765 -0.0252434 0)
(0.108082 0.00653958 0)
(0.113254 0.0293679 0)
(0.114581 0.0385584 0)
(0.135035 0.0427074 0)
(0.163102 0.0510522 0)
(0.179226 0.0601158 0)
(0.18721 0.06846 0)
(0.19171 0.0768278 0)
(0.185045 0.0847327 0)
(0.177789 0.0815724 0)
(0.151273 0.0671139 0)
(0.108419 0.0399215 0)
(-0.0173405 0.0552607 0)
(-0.231836 0.10262 0)
(-0.350502 0.00751627 0)
(0.0243154 -0.166404 0)
(0.0794039 -0.179095 0)
(0.112778 -0.157488 0)
(0.122066 -0.122735 0)
(0.143298 -0.085404 0)
(0.1752 -0.0550972 0)
(0.220776 -0.0479058 0)
(0.294474 -0.0474339 0)
(0.40434 -0.0128946 0)
(0.448909 0.0157242 0)
(0.495722 0.0117116 0)
(0.580505 -0.0128465 0)
(0.622434 -0.00338839 0)
(0.535949 0.0500753 0)
(0.355805 0.0858747 0)
(0.2556 0.103916 0)
(0.221052 0.116531 0)
(0.201702 0.124814 0)
(0.156131 0.14397 0)
(0.0357146 0.212934 0)
(-0.171549 0.340379 0)
(-0.232076 0.33 0)
(-0.148519 0.0744224 0)
(0.0286442 -0.196137 0)
(0.101058 -0.22227 0)
(0.14844 -0.197713 0)
(0.17225 -0.184575 0)
(0.226344 -0.197669 0)
(0.258643 -0.16466 0)
(0.301325 -0.189086 0)
(0.132339 -0.207027 0)
(-0.0183003 -0.0918841 0)
(0.0613586 -0.0660858 0)
(0.0323301 -0.131992 0)
(0.0593677 -0.0532541 0)
(0.023828 0.163703 0)
(-0.0130355 0.273511 0)
(-0.0215195 0.248687 0)
(-0.019699 0.187894 0)
(-0.029424 0.132786 0)
(-0.00658858 0.149705 0)
(-0.0117847 0.246496 0)
(-0.0184008 0.314984 0)
(-0.0899012 0.375914 0)
(-0.0710116 0.290689 0)
(0.0567181 0.0289221 0)
(0.0196003 -0.378227 0)
(0.00146211 -0.35428 0)
(-0.0834924 -0.257921 0)
(-0.213489 -0.224003 0)
(-0.267784 -0.247384 0)
(-0.231606 0.0211006 0)
(-0.160355 0.111606 0)
(-0.247207 0.139723 0)
(-0.188964 0.021788 0)
(-0.165828 -0.0486168 0)
(-0.169621 -0.0551308 0)
(-0.204641 -0.00175644 0)
(-0.196607 0.118957 0)
(-0.166682 0.181238 0)
(-0.128915 0.175707 0)
(-0.111226 0.150141 0)
(-0.126064 0.115119 0)
(-0.147455 0.127735 0)
(-0.136494 0.21059 0)
(-0.0847023 0.303291 0)
(-0.0641098 0.337718 0)
(0.0106644 0.157568 0)
(0.000387536 -0.0412485 0)
(-0.112863 -0.213015 0)
(-0.281793 -0.0319026 0)
(-0.333309 0.0271378 0)
(-0.337956 -0.0911953 0)
(-0.332209 -0.190819 0)
(-0.311131 -0.186476 0)
(-0.229343 -0.149696 0)
(-0.135158 -0.157601 0)
(-0.0925312 -0.146344 0)
(-0.106115 -0.0725463 0)
(-0.142907 -0.0333841 0)
(-0.185986 0.0308016 0)
(-0.192591 0.091708 0)
(-0.174243 0.136606 0)
(-0.15601 0.155075 0)
(-0.149851 0.158518 0)
(-0.163315 0.149142 0)
(-0.187785 0.148538 0)
(-0.189212 0.178021 0)
(-0.149798 0.237449 0)
(-0.0862299 0.257261 0)
(-0.029802 0.153551 0)
(-0.0777 0.104443 0)
(-0.167147 0.0224817 0)
(-0.258039 -0.0638071 0)
(-0.22329 -0.138011 0)
(-0.205059 -0.201719 0)
(-0.207717 -0.223423 0)
(-0.198186 -0.175842 0)
(-0.172724 -0.110341 0)
(-0.15083 -0.0747184 0)
(-0.158385 -0.0532186 0)
(-0.16916 -0.0290759 0)
(-0.182756 0.00256748 0)
(-0.193273 0.0467315 0)
(-0.193311 0.0916061 0)
(-0.187155 0.127429 0)
(-0.180696 0.149204 0)
(-0.177267 0.160197 0)
(-0.180023 0.163447 0)
(-0.188079 0.165934 0)
(-0.192143 0.17486 0)
(-0.175955 0.19525 0)
(-0.129976 0.200822 0)
(-0.10784 0.156902 0)
(-0.126982 0.111907 0)
(-0.102962 0.178864 0)
(-0.161227 0.0504487 0)
(-0.188899 -0.0625495 0)
(-0.201796 -0.157311 0)
(-0.194949 -0.212829 0)
(-0.179076 -0.207745 0)
(-0.162939 -0.170619 0)
(-0.153892 -0.12926 0)
(-0.158111 -0.0822082 0)
(-0.17135 -0.0314251 0)
(-0.187046 0.0137727 0)
(-0.199573 0.0576382 0)
(-0.203359 0.0938488 0)
(-0.200811 0.121755 0)
(-0.195367 0.140724 0)
(-0.189726 0.152382 0)
(-0.185549 0.15929 0)
(-0.183049 0.164712 0)
(-0.181183 0.170108 0)
(-0.173519 0.176362 0)
(-0.15447 0.176536 0)
(-0.145597 0.157217 0)
(-0.152875 0.133107 0)
(-0.0639819 0.284201 0)
(-0.110898 0.0932986 0)
(-0.151698 -0.0660088 0)
(-0.162306 -0.174888 0)
(-0.154036 -0.231265 0)
(-0.15207 -0.213245 0)
(-0.154288 -0.161381 0)
(-0.163042 -0.105222 0)
(-0.176375 -0.054301 0)
(-0.190261 -0.00976839 0)
(-0.201331 0.0295522 0)
(-0.207644 0.0648632 0)
(-0.20894 0.0949786 0)
(-0.205607 0.118459 0)
(-0.199221 0.135234 0)
(-0.191809 0.146384 0)
(-0.184793 0.153824 0)
(-0.178612 0.159569 0)
(-0.173199 0.164334 0)
(-0.167249 0.167867 0)
(-0.160432 0.167433 0)
(-0.158597 0.158968 0)
(-0.166772 0.148548 0)
(-0.0389663 0.361397 0)
(-0.0753392 0.157073 0)
(-0.126911 -0.0243423 0)
(-0.136101 -0.164314 0)
(-0.134492 -0.230322 0)
(-0.141633 -0.20891 0)
(-0.153882 -0.152982 0)
(-0.169373 -0.0934363 0)
(-0.184694 -0.0413195 0)
(-0.197227 0.001773 0)
(-0.205311 0.0373502 0)
(-0.208199 0.0669579 0)
(-0.206349 0.0914254 0)
(-0.200929 0.111072 0)
(-0.193392 0.126202 0)
(-0.185266 0.137522 0)
(-0.177705 0.146132 0)
(-0.171286 0.153136 0)
(-0.166157 0.15903 0)
(-0.162344 0.163609 0)
(-0.160684 0.165453 0)
(-0.163393 0.163742 0)
(-0.172697 0.161086 0)
(-0.0204854 0.409348 0)
(-0.0531971 0.210789 0)
(-0.110001 0.00874798 0)
(-0.113258 -0.157961 0)
(-0.120489 -0.223693 0)
(-0.134151 -0.194626 0)
(-0.152816 -0.13368 0)
(-0.171209 -0.0741124 0)
(-0.186003 -0.0257734 0)
(-0.195692 0.0118788 0)
(-0.200118 0.0417008 0)
(-0.199771 0.0660224 0)
(-0.195641 0.086145 0)
(-0.188977 0.102855 0)
(-0.181112 0.116724 0)
(-0.173319 0.128347 0)
(-0.166521 0.138344 0)
(-0.16126 0.147245 0)
(-0.157797 0.155264 0)
(-0.156387 0.162305 0)
(-0.157688 0.167805 0)
(-0.162877 0.171704 0)
(-0.172842 0.175095 0)
(-0.00834048 0.436153 0)
(-0.0450567 0.25833 0)
(-0.0996754 0.0419528 0)
(-0.100067 -0.148233 0)
(-0.112581 -0.210458 0)
(-0.129273 -0.1755 0)
(-0.149936 -0.112792 0)
(-0.167802 -0.0565373 0)
(-0.1802 -0.014003 0)
(-0.186498 0.0175137 0)
(-0.187657 0.0419924 0)
(-0.184984 0.0621257 0)
(-0.179697 0.0794276 0)
(-0.172976 0.0947071 0)
(-0.165898 0.108417 0)
(-0.159383 0.120898 0)
(-0.154069 0.132477 0)
(-0.150376 0.143374 0)
(-0.14857 0.153699 0)
(-0.148916 0.163403 0)
(-0.151897 0.172384 0)
(-0.15823 0.180716 0)
(-0.168429 0.188978 0)
(-0.00587063 0.460366 0)
(-0.05146 0.305258 0)
(-0.0945194 0.067876 0)
(-0.0941396 -0.137884 0)
(-0.108123 -0.195027 0)
(-0.12485 -0.155229 0)
(-0.144334 -0.0928415 0)
(-0.159641 -0.0415743 0)
(-0.168838 -0.00557196 0)
(-0.172159 0.020029 0)
(-0.171131 0.0399252 0)
(-0.167322 0.0569996 0)
(-0.161968 0.0726559 0)
(-0.156051 0.0874749 0)
(-0.150333 0.10165 0)
(-0.14538 0.115278 0)
(-0.141577 0.128452 0)
(-0.1392 0.14122 0)
(-0.138493 0.153697 0)
(-0.139735 0.165891 0)
(-0.143359 0.177917 0)
(-0.149866 0.189928 0)
(-0.159711 0.202348 0)
(-0.0122504 0.495339 0)
(-0.0638564 0.350428 0)
(-0.091857 0.0866868 0)
(-0.0927089 -0.127711 0)
(-0.10535 -0.180211 0)
(-0.119957 -0.136837 0)
(-0.136339 -0.0760469 0)
(-0.148143 -0.0302169 0)
(-0.154133 -0.000414549 0)
(-0.155152 0.020143 0)
(-0.152932 0.0366525 0)
(-0.148993 0.051868 0)
(-0.144331 0.0668255 0)
(-0.13961 0.0817554 0)
(-0.135262 0.0965913 0)
(-0.131579 0.111249 0)
(-0.12882 0.125718 0)
(-0.127171 0.140033 0)
(-0.126875 0.154323 0)
(-0.128235 0.168713 0)
(-0.131643 0.183407 0)
(-0.137555 0.19867 0)
(-0.14641 0.214836 0)
(-0.021328 0.541946 0)
(-0.0722048 0.39095 0)
(-0.0895363 0.100777 0)
(-0.0923781 -0.118815 0)
(-0.10258 -0.167933 0)
(-0.11401 -0.122023 0)
(-0.126529 -0.0632572 0)
(-0.134651 -0.0224391 0)
(-0.137788 0.00217398 0)
(-0.137227 0.0188917 0)
(-0.13459 0.033195 0)
(-0.131031 0.0474494 0)
(-0.12724 0.062239 0)
(-0.12357 0.0774515 0)
(-0.120217 0.0928326 0)
(-0.117307 0.108223 0)
(-0.115002 0.123601 0)
(-0.113482 0.139081 0)
(-0.112979 0.154812 0)
(-0.113817 0.171056 0)
(-0.116349 0.188047 0)
(-0.121008 0.206169 0)
(-0.128228 0.225749 0)
(-0.027336 0.594459 0)
(-0.0722554 0.426835 0)
(-0.0862268 0.113479 0)
(-0.0907901 -0.111276 0)
(-0.0986618 -0.158873 0)
(-0.106749 -0.111337 0)
(-0.11544 -0.0545087 0)
(-0.120205 -0.0178861 0)
(-0.121059 0.0027169 0)
(-0.119419 0.0167828 0)
(-0.116665 0.0298563 0)
(-0.11358 0.0437731 0)
(-0.110479 0.0586341 0)
(-0.107475 0.0740574 0)
(-0.104615 0.0897233 0)
(-0.101941 0.105519 0)
(-0.0995846 0.121487 0)
(-0.097722 0.137785 0)
(-0.0965551 0.154629 0)
(-0.0963912 0.172329 0)
(-0.0975179 0.191216 0)
(-0.100326 0.211714 0)
(-0.105237 0.234292 0)
(-0.0279422 0.646197 0)
(-0.065128 0.459869 0)
(-0.0810098 0.127012 0)
(-0.0869247 -0.104586 0)
(-0.0930028 -0.152939 0)
(-0.0980735 -0.104596 0)
(-0.103395 -0.049358 0)
(-0.105384 -0.0160124 0)
(-0.104495 0.00171698 0)
(-0.102128 0.0142035 0)
(-0.0993376 0.0267258 0)
(-0.0965525 0.0405947 0)
(-0.093829 0.0555259 0)
(-0.0910956 0.0709984 0)
(-0.0882948 0.0867396 0)
(-0.0854408 0.102683 0)
(-0.0826737 0.118934 0)
(-0.080141 0.135726 0)
(-0.0779915 0.153323 0)
(-0.076439 0.172039 0)
(-0.0757334 0.192317 0)
(-0.0761571 0.21462 0)
(-0.0780333 0.239584 0)
(-0.0231341 0.691231 0)
(-0.0537804 0.491583 0)
(-0.0734216 0.142411 0)
(-0.0805315 -0.0982016 0)
(-0.0853516 -0.149716 0)
(-0.087907 -0.101291 0)
(-0.0904557 -0.0471619 0)
(-0.0903082 -0.016208 0)
(-0.0881841 -0.000369727 0)
(-0.0853561 0.0113205 0)
(-0.0825688 0.0237429 0)
(-0.0799331 0.0376719 0)
(-0.0773018 0.0525751 0)
(-0.0744963 0.067925 0)
(-0.0714549 0.083515 0)
(-0.0682189 0.0993801 0)
(-0.064838 0.11565 0)
(-0.0613989 0.132626 0)
(-0.0580323 0.150577 0)
(-0.054837 0.169816 0)
(-0.0519359 0.190854 0)
(-0.0494955 0.214221 0)
(-0.0476841 0.240635 0)
(-0.0137472 0.725128 0)
(-0.0407271 0.522492 0)
(-0.0636566 0.159553 0)
(-0.0715062 -0.0917998 0)
(-0.0755161 -0.148701 0)
(-0.0760912 -0.100792 0)
(-0.0764894 -0.0472238 0)
(-0.0748604 -0.0178711 0)
(-0.0720016 -0.00315159 0)
(-0.0689765 0.00826425 0)
(-0.0662333 0.0208096 0)
(-0.0636418 0.0347992 0)
(-0.0609328 0.0495555 0)
(-0.0579197 0.0646132 0)
(-0.0545135 0.0798606 0)
(-0.0507424 0.0954133 0)
(-0.0466057 0.111471 0)
(-0.042132 0.128289 0)
(-0.0374389 0.146159 0)
(-0.0324536 0.165419 0)
(-0.0271702 0.186522 0)
(-0.0216538 0.210033 0)
(-0.0157319 0.236656 0)
(-0.000490498 0.746004 0)
(-0.0266778 0.552474 0)
(-0.0519989 0.177699 0)
(-0.0594311 -0.0854438 0)
(-0.0630635 -0.149322 0)
(-0.0623251 -0.102311 0)
(-0.0612595 -0.0487856 0)
(-0.0588533 -0.0203704 0)
(-0.0557643 -0.00623004 0)
(-0.0528333 0.0052274 0)
(-0.0502111 0.0179399 0)
(-0.047644 0.0318925 0)
(-0.0448126 0.0463493 0)
(-0.0415233 0.0609554 0)
(-0.0376979 0.0756789 0)
(-0.0333368 0.0907302 0)
(-0.0284121 0.106314 0)
(-0.0228964 0.122634 0)
(-0.0168059 0.139999 0)
(-0.0100409 0.158773 0)
(-0.00245826 0.179272 0)
(0.0060381 0.202028 0)
(0.0157416 0.227644 0)
(0.013793 0.750369 0)
(-0.0111731 0.584717 0)
(-0.0367916 0.196382 0)
(-0.0432155 -0.0792716 0)
(-0.0470963 -0.150645 0)
(-0.0461524 -0.104712 0)
(-0.0445639 -0.0509518 0)
(-0.0421759 -0.0230389 0)
(-0.039365 -0.00918903 0)
(-0.036819 0.00240488 0)
(-0.0344465 0.0152211 0)
(-0.0319328 0.0289499 0)
(-0.0289851 0.0429247 0)
(-0.0254674 0.0569136 0)
(-0.0212427 0.0709794 0)
(-0.0162775 0.0853078 0)
(-0.0105925 0.10014 0)
(-0.00407679 0.115672 0)
(0.00334263 0.132165 0)
(0.0117867 0.149933 0)
(0.0214444 0.169248 0)
(0.0325695 0.190516 0)
(0.0455436 0.214165 0)
(0.0234601 0.737708 0)
(0.00530212 0.615474 0)
(-0.0156647 0.215252 0)
(-0.0213396 -0.0726993 0)
(-0.026678 -0.151011 0)
(-0.0272683 -0.106367 0)
(-0.0264615 -0.0526285 0)
(-0.0249245 -0.0251833 0)
(-0.0228682 -0.0116269 0)
(-0.0209381 3.61622e-06 0)
(-0.0189724 0.0127191 0)
(-0.0166337 0.0260254 0)
(-0.0136367 0.0393275 0)
(-0.00988489 0.0525116 0)
(-0.00532214 0.0657519 0)
(0.000129298 0.0791769 0)
(0.00653191 0.0930289 0)
(0.0139685 0.107502 0)
(0.0225512 0.122795 0)
(0.0324426 0.139151 0)
(0.0438764 0.156786 0)
(0.0571674 0.176009 0)
(0.0726871 0.197023 0)
(0.0278732 0.712027 0)
(0.021644 0.634773 0)
(0.0104255 0.232552 0)
(0.00675135 -0.0654383 0)
(-0.00182084 -0.148282 0)
(-0.00614534 -0.1053 0)
(-0.00749101 -0.0528054 0)
(-0.00746787 -0.0262572 0)
(-0.00652756 -0.0131574 0)
(-0.00541915 -0.00173494 0)
(-0.00398519 0.0105814 0)
(-0.00189325 0.0232138 0)
(0.00105182 0.0356453 0)
(0.00493269 0.047868 0)
(0.00978473 0.0600626 0)
(0.0156711 0.0724192 0)
(0.0226709 0.0850988 0)
(0.030881 0.0982692 0)
(0.0404274 0.112098 0)
(0.0515072 0.126757 0)
(0.0643663 0.142393 0)
(0.0793169 0.159209 0)
(0.0966806 0.177227 0)
(0.0286214 0.676707 0)
(0.0358266 0.638096 0)
(0.0379811 0.243874 0)
(0.0388573 -0.0573619 0)
(0.0264912 -0.141658 0)
(0.0155683 -0.100407 0)
(0.0110969 -0.0503665 0)
(0.00973459 -0.0256565 0)
(0.00933245 -0.0134693 0)
(0.00942112 -0.00263518 0)
(0.0102266 0.00895548 0)
(0.0119914 0.0206156 0)
(0.0148244 0.0319594 0)
(0.0187574 0.0430446 0)
(0.0238124 0.054054 0)
(0.0300395 0.065153 0)
(0.0375076 0.0764792 0)
(0.0463387 0.0881591 0)
(0.0566645 0.100325 0)
(0.0686764 0.113085 0)
(0.0826088 0.126522 0)
(0.098745 0.140754 0)
(0.117389 0.155669 0)
(0.0265911 0.635574 0)
(0.0458784 0.623914 0)
(0.0632199 0.244945 0)
(0.0696849 -0.0496204 0)
(0.0541681 -0.130795 0)
(0.0369442 -0.0908699 0)
(0.0288427 -0.0447 0)
(0.0257694 -0.0231396 0)
(0.0240367 -0.0125029 0)
(0.0231279 -0.00264622 0)
(0.0233071 0.00786045 0)
(0.0247219 0.0182823 0)
(0.0273984 0.0283338 0)
(0.0313245 0.0381162 0)
(0.0365027 0.0477916 0)
(0.0429757 0.0574912 0)
(0.0508089 0.0673205 0)
(0.0601169 0.0773756 0)
(0.0710257 0.0877339 0)
(0.0837246 0.0984599 0)
(0.0984194 0.109594 0)
(0.11536 0.121186 0)
(0.134833 0.133053 0)
(0.0220769 0.593641 0)
(0.0509347 0.592807 0)
(0.0834232 0.232849 0)
(0.095377 -0.0436095 0)
(0.0776502 -0.11503 0)
(0.055674 -0.0764936 0)
(0.0445773 -0.0363335 0)
(0.0399382 -0.0190329 0)
(0.0370387 -0.0103785 0)
(0.0352744 -0.00183803 0)
(0.0349102 0.00727214 0)
(0.0360056 0.0162171 0)
(0.0385178 0.0248052 0)
(0.0424012 0.0331452 0)
(0.047645 0.0413617 0)
(0.0542825 0.0495472 0)
(0.0623744 0.0577685 0)
(0.072024 0.0660875 0)
(0.0833458 0.0745438 0)
(0.0965178 0.0831657 0)
(0.111699 0.0919563 0)
(0.129133 0.100925 0)
(0.149039 0.109857 0)
(0.0161212 0.55489 0)
(0.0530459 0.54743 0)
(0.0983675 0.208434 0)
(0.113895 -0.0393324 0)
(0.0945796 -0.095193 0)
(0.0700372 -0.0585473 0)
(0.0573274 -0.0261701 0)
(0.0516417 -0.0137845 0)
(0.0478866 -0.00733699 0)
(0.0455039 -0.000374851 0)
(0.0447462 0.00709054 0)
(0.0455993 0.0143817 0)
(0.0479729 0.0213788 0)
(0.0518034 0.0281695 0)
(0.0570724 0.0348308 0)
(0.0638055 0.0414116 0)
(0.0720574 0.0479444 0)
(0.0819178 0.0544578 0)
(0.0934886 0.0609615 0)
(0.106924 0.0674557 0)
(0.122354 0.0739065 0)
(0.140016 0.0803028 0)
(0.160042 0.0864236 0)
(0.0106639 0.519637 0)
(0.0557533 0.491406 0)
(0.10922 0.175509 0)
(0.124946 -0.0353758 0)
(0.104222 -0.0724547 0)
(0.0793498 -0.0389934 0)
(0.0666011 -0.0154261 0)
(0.0605143 -0.00795242 0)
(0.0562861 -0.0037095 0)
(0.0535767 0.00150543 0)
(0.0526161 0.00716616 0)
(0.0533334 0.0127002 0)
(0.0556177 0.0180329 0)
(0.059403 0.0232076 0)
(0.0646692 0.0282507 0)
(0.071436 0.0331709 0)
(0.0797513 0.03797 0)
(0.0896901 0.0426477 0)
(0.101343 0.0471881 0)
(0.114839 0.0515676 0)
(0.130293 0.0557267 0)
(0.147913 0.0596207 0)
(0.16779 0.0630643 0)
(0.00778362 0.485036 0)
(0.0609484 0.428315 0)
(0.116394 0.13945 0)
(0.128885 -0.029633 0)
(0.107045 -0.0482296 0)
(0.0838458 -0.0199186 0)
(0.0723643 -0.00522146 0)
(0.0664414 -0.0020646 0)
(0.0621272 0.00013749 0)
(0.0593927 0.00353144 0)
(0.0584258 0.00732794 0)
(0.0591251 0.0110822 0)
(0.0613813 0.0147308 0)
(0.0651362 0.0182665 0)
(0.0703751 0.0216687 0)
(0.0771134 0.0249123 0)
(0.0853916 0.0279732 0)
(0.095271 0.0308258 0)
(0.106832 0.0334322 0)
(0.120182 0.0357459 0)
(0.135426 0.037687 0)
(0.152734 0.0391791 0)
(0.172177 0.0400886 0)
(0.00856296 0.447639 0)
(0.0673264 0.361815 0)
(0.119036 0.105567 0)
(0.126212 -0.0205743 0)
(0.104217 -0.0243033 0)
(0.0843111 -0.0030951 0)
(0.0748873 0.0036744 0)
(0.0695253 0.00345725 0)
(0.065476 0.00384942 0)
(0.0629891 0.00543937 0)
(0.0621931 0.00740962 0)
(0.0629796 0.0094333 0)
(0.0652631 0.0114317 0)
(0.0690018 0.013351 0)
(0.074186 0.0151338 0)
(0.0808293 0.0167284 0)
(0.0889658 0.0180886 0)
(0.0986469 0.0191668 0)
(0.109944 0.0199057 0)
(0.122946 0.0202372 0)
(0.137749 0.0200701 0)
(0.154481 0.0193052 0)
(0.173197 0.0178515 0)
(0.012399 0.405749 0)
(0.0719097 0.295888 0)
(0.116149 0.0777771 0)
(0.117773 -0.00816556 0)
(0.0972548 -0.00269512 0)
(0.0817124 0.0103533 0)
(0.0745964 0.0109031 0)
(0.0700396 0.00830622 0)
(0.0665442 0.00712185 0)
(0.0645157 0.00700931 0)
(0.0640241 0.00727355 0)
(0.0649805 0.00767332 0)
(0.067332 0.00810397 0)
(0.0710559 0.00847466 0)
(0.0761494 0.00870268 0)
(0.0826268 0.00871659 0)
(0.0905187 0.00845158 0)
(0.0998708 0.00784075 0)
(0.110747 0.00681019 0)
(0.123221 0.00527463 0)
(0.137375 0.00313974 0)
(0.153308 0.000295421 0)
(0.171051 -0.00332414 0)
(0.017336 0.360063 0)
(0.072653 0.234785 0)
(0.107814 0.0582737 0)
(0.105129 0.00613988 0)
(0.0878386 0.0148131 0)
(0.0769453 0.0200715 0)
(0.0719869 0.0164216 0)
(0.0683788 0.0122735 0)
(0.06564 0.00973163 0)
(0.0641994 0.00809149 0)
(0.064092 0.00683177 0)
(0.0652657 0.00575527 0)
(0.0677001 0.00473798 0)
(0.0713933 0.00366571 0)
(0.0763508 0.0024396 0)
(0.0825906 0.000973478 0)
(0.0901437 -0.000813136 0)
(0.0990536 -0.00300268 0)
(0.109377 -0.00568203 0)
(0.121178 -0.00894711 0)
(0.134522 -0.0128928 0)
(0.149495 -0.0176305 0)
(0.166106 -0.0232188 0)
(0.0213772 0.312909 0)
(0.0694047 0.181761 0)
(0.09533 0.0466092 0)
(0.0902208 0.0198569 0)
(0.0774057 0.0272564 0)
(0.0707459 0.0263777 0)
(0.0676016 0.0203503 0)
(0.065 0.0152316 0)
(0.0631103 0.0115548 0)
(0.0623035 0.00861302 0)
(0.0625993 0.00604125 0)
(0.0639934 0.00366501 0)
(0.0664992 0.00134826 0)
(0.070128 -0.00103343 0)
(0.0748969 -0.00358808 0)
(0.0808307 -0.00641251 0)
(0.0879634 -0.00959919 0)
(0.0963383 -0.0132417 0)
(0.106007 -0.0174364 0)
(0.117026 -0.0222845 0)
(0.129452 -0.0278837 0)
(0.143367 -0.0343435 0)
(0.158771 -0.0417296 0)
(0.0234915 0.266963 0)
(0.0629536 0.138327 0)
(0.080627 0.0411566 0)
(0.0752978 0.030988 0)
(0.0671151 0.0348204 0)
(0.0637005 0.029941 0)
(0.0619638 0.0228662 0)
(0.0603518 0.0171525 0)
(0.0592942 0.0125738 0)
(0.0590808 0.00857765 0)
(0.0597489 0.00491406 0)
(0.0613314 0.00142582 0)
(0.0638664 -0.00202769 0)
(0.0673816 -0.00557145 0)
(0.0719053 -0.00931717 0)
(0.0774699 -0.0133684 0)
(0.0841133 -0.0178256 0)
(0.0918796 -0.0227897 0)
(0.100817 -0.0283636 0)
(0.11098 -0.0346525 0)
(0.122421 -0.0417598 0)
(0.135221 -0.0497955 0)
(0.149385 -0.0588396 0)
(0.0236061 0.224323 0)
(0.0547995 0.104714 0)
(0.0657903 0.0398466 0)
(0.0616097 0.0384551 0)
(0.0573478 0.038399 0)
(0.056191 0.0315012 0)
(0.0555556 0.0241875 0)
(0.0548227 0.018122 0)
(0.0544819 0.0128701 0)
(0.0547639 0.00806273 0)
(0.0557285 0.00351776 0)
(0.0574349 -0.000902058 0)
(0.0599399 -0.00532965 0)
(0.0632843 -0.0098861 0)
(0.0675062 -0.0146832 0)
(0.0726445 -0.0198276 0)
(0.0787409 -0.025424 0)
(0.0858401 -0.0315783 0)
(0.0939896 -0.0383984 0)
(0.103242 -0.0459937 0)
(0.113649 -0.0544744 0)
(0.125292 -0.0639542 0)
(0.138182 -0.0745283 0)
(0.0222031 0.186276 0)
(0.0460628 0.0801451 0)
(0.0519825 0.040472 0)
(0.0497656 0.0423246 0)
(0.0484186 0.0392914 0)
(0.0486139 0.0317645 0)
(0.0487455 0.0245849 0)
(0.0487056 0.018328 0)
(0.0489166 0.0126104 0)
(0.0495586 0.00720354 0)
(0.0507153 0.00196945 0)
(0.0524669 -0.00320974 0)
(0.0548745 -0.00845376 0)
(0.0579889 -0.0138758 0)
(0.061855 -0.0195844 0)
(0.0665161 -0.0256863 0)
(0.0720159 -0.0322883 0)
(0.0783993 -0.0394994 0)
(0.0857128 -0.0474313 0)
(0.0940072 -0.0561978 0)
(0.103332 -0.0659149 0)
(0.113762 -0.0767016 0)
(0.125313 -0.0886649 0)
(0.0198981 0.153336 0)
(0.0376289 0.063195 0)
(0.0400466 0.0416607 0)
(0.0398605 0.0435058 0)
(0.0402279 0.0386149 0)
(0.0410978 0.0312367 0)
(0.041765 0.024322 0)
(0.0422221 0.0179979 0)
(0.0428013 0.0119882 0)
(0.0436646 0.00615086 0)
(0.0449076 0.000390593 0)
(0.046617 -0.00539655 0)
(0.048858 -0.0113133 0)
(0.0516843 -0.0174631 0)
(0.0551433 -0.0239495 0)
(0.0592794 -0.0308776 0)
(0.0641357 -0.0383546 0)
(0.069755 -0.0464913 0)
(0.0761807 -0.0554021 0)
(0.0834582 -0.0652034 0)
(0.0916313 -0.0760153 0)
(0.100765 -0.0879609 0)
(0.110872 -0.101157 0)
(0.0172481 0.12545 0)
(0.0300398 0.052247 0)
(0.0301349 0.0425109 0)
(0.0315121 0.0428124 0)
(0.0327121 0.0370766 0)
(0.0338695 0.0301978 0)
(0.0348086 0.0236251 0)
(0.0355628 0.0172487 0)
(0.0363257 0.0110553 0)
(0.0372687 0.00490074 0)
(0.0384918 -0.00127775 0)
(0.0400745 -0.00755872 0)
(0.0420801 -0.0140319 0)
(0.0445591 -0.0207925 0)
(0.0475566 -0.0279392 0)
(0.0511145 -0.0355741 0)
(0.0552723 -0.0438035 0)
(0.0600681 -0.0527381 0)
(0.0655387 -0.0624919 0)
(0.0717216 -0.0731822 0)
(0.0786528 -0.0849306 0)
(0.086384 -0.0978626 0)
(0.0949243 -0.112103 0)
(0.0145499 0.102213 0)
(0.023404 0.0457185 0)
(0.0220595 0.0426297 0)
(0.0243894 0.0410865 0)
(0.0257904 0.0351834 0)
(0.0270016 0.028782 0)
(0.0279366 0.0224863 0)
(0.0287335 0.0162098 0)
(0.0295745 0.0098598 0)
(0.0304655 0.00343979 0)
(0.0315708 -0.00306981 0)
(0.0329515 -0.00973833 0)
(0.0346548 -0.0166518 0)
(0.0367251 -0.0239005 0)
(0.0392032 -0.0315783 0)
(0.0421263 -0.039784 0)
(0.0455285 -0.0486214 0)
(0.0494415 -0.0581994 0)
(0.0538951 -0.0686308 0)
(0.0589189 -0.080033 0)
(0.0645425 -0.0925295 0)
(0.0708061 -0.106248 0)
(0.0777163 -0.121324 0)
(0.0117291 0.0834251 0)
(0.0174804 0.0426696 0)
(0.0155007 0.0424032 0)
(0.0180848 0.0392629 0)
(0.0192239 0.0336216 0)
(0.0203124 0.0276232 0)
(0.0212343 0.0215077 0)
(0.0219027 0.0153791 0)
(0.0225155 0.00904962 0)
(0.0232836 0.0024573 0)
(0.0242275 -0.00425324 0)
(0.0253561 -0.011175 0)
(0.0267096 -0.0183938 0)
(0.0283304 -0.025994 0)
(0.0302555 -0.0340646 0)
(0.032517 -0.0427006 0)
(0.035143 -0.0520037 0)
(0.038159 -0.062081 0)
(0.0415886 -0.0730451 0)
(0.0454557 -0.0850146 0)
(0.0497848 -0.0981152 0)
(0.0546054 -0.112478 0)
(0.0599247 -0.128245 0)
(0.00880107 0.0697936 0)
(0.0122214 0.0422866 0)
(0.0100382 0.0422834 0)
(0.0123518 0.0381827 0)
(0.0131305 0.0328441 0)
(0.0138846 0.0272547 0)
(0.0146311 0.0213435 0)
(0.0152012 0.0151793 0)
(0.0155549 0.00890198 0)
(0.0160492 0.00244958 0)
(0.0168159 -0.00428453 0)
(0.0176639 -0.0113358 0)
(0.0186504 -0.0187527 0)
(0.0198172 -0.0266007 0)
(0.0211951 -0.0349585 0)
(0.0228087 -0.0439149 0)
(0.0246785 -0.0535667 0)
(0.0268226 -0.0640176 0)
(0.029258 -0.0753772 0)
(0.0320014 -0.087762 0)
(0.03507 -0.101296 0)
(0.0384816 -0.116107 0)
(0.0422443 -0.132337 0)
(0.00550569 0.0610224 0)
(0.0071677 0.0432439 0)
(0.00560892 0.0423405 0)
(0.0071437 0.0378384 0)
(0.00756356 0.0327254 0)
(0.00809541 0.0273178 0)
(0.00844452 0.0215337 0)
(0.00878761 0.015407 0)
(0.00916896 0.0090473 0)
(0.00952703 0.00264967 0)
(0.00991176 -0.0041286 0)
(0.0103951 -0.0112726 0)
(0.0109841 -0.0188117 0)
(0.0116881 -0.0268023 0)
(0.0125192 -0.0353168 0)
(0.0134892 -0.0444394 0)
(0.0146085 -0.0542631 0)
(0.0158867 -0.0648881 0)
(0.0173328 -0.0764215 0)
(0.0189557 -0.0889784 0)
(0.0207642 -0.102681 0)
(0.0227672 -0.117661 0)
(0.0249722 -0.134056 0)
(0.00203829 0.0549892 0)
(0.00242431 0.0432004 0)
(0.00187521 0.0413557 0)
(0.00242812 0.0364389 0)
(0.00248144 0.0314836 0)
(0.00266493 0.0260092 0)
(0.00276729 0.0201951 0)
(0.00284853 0.0141255 0)
(0.00304613 0.00775577 0)
(0.00322003 0.00100059 0)
(0.00330765 -0.0059932 0)
(0.00346167 -0.0132987 0)
(0.00366152 -0.020988 0)
(0.00390223 -0.0291331 0)
(0.00418491 -0.0378128 0)
(0.00451237 -0.047114 0)
(0.00488761 -0.0571319 0)
(0.00531364 -0.0679686 0)
(0.00579367 -0.0797342 0)
(0.00633106 -0.0925469 0)
(0.00692904 -0.106533 0)
(0.00759135 -0.121827 0)
(0.00832188 -0.138575 0)
(-0.18219 -0.0223673 0)
(-0.0251764 -0.0564257 0)
(0.0547482 -0.0634438 0)
(0.165249 -0.00343886 0)
(-0.20739 -0.339046 0)
(-0.179467 -0.165076 0)
(-0.045671 -0.117679 0)
(-0.0170557 -0.126411 0)
(-0.0332635 -0.0716659 0)
(-0.147613 -0.170126 0)
(-0.263237 -0.141249 0)
(-0.255532 0.123746 0)
(-0.062574 -0.0522956 0)
(-0.160928 -0.00918766 0)
(-0.270879 -0.0282451 0)
(-0.272759 -0.0585563 0)
(-0.151556 0.0594593 0)
(-0.194899 0.0257568 0)
(-0.230951 0.0320544 0)
(-0.272538 0.0567201 0)
(-0.15628 0.0790669 0)
(-0.196007 0.0642395 0)
(-0.239621 0.0574973 0)
(-0.277921 0.0545657 0)
(-0.173049 0.114997 0)
(-0.205943 0.103584 0)
(-0.242654 0.100286 0)
(-0.27955 0.100717 0)
(-0.185403 0.139183 0)
(-0.212474 0.133466 0)
(-0.243961 0.13299 0)
(-0.278599 0.135906 0)
(-0.189715 0.159392 0)
(-0.214151 0.160003 0)
(-0.243592 0.163163 0)
(-0.27657 0.168234 0)
(-0.189122 0.179402 0)
(-0.212301 0.185277 0)
(-0.240654 0.192622 0)
(-0.272778 0.200835 0)
(-0.18419 0.198402 0)
(-0.206506 0.209475 0)
(-0.234267 0.221558 0)
(-0.26613 0.233843 0)
(-0.174622 0.216526 0)
(-0.195977 0.232935 0)
(-0.223373 0.250438 0)
(-0.2551 0.267893 0)
(-0.159919 0.233601 0)
(-0.179826 0.255523 0)
(-0.206636 0.279336 0)
(-0.238019 0.303799 0)
(-0.13958 0.248904 0)
(-0.15705 0.276533 0)
(-0.182219 0.307552 0)
(-0.211917 0.340881 0)
(-0.113491 0.261487 0)
(-0.127093 0.294669 0)
(-0.148878 0.333396 0)
(-0.175583 0.378299 0)
(-0.0822099 0.270166 0)
(-0.0899794 0.308219 0)
(-0.105291 0.354908 0)
(-0.125167 0.413974 0)
(-0.0468548 0.273472 0)
(-0.0463923 0.31468 0)
(-0.0526499 0.367541 0)
(-0.0531176 0.432766 0)
(-0.00946902 0.269812 0)
(0.000364308 0.311957 0)
(0.0041352 0.365177 0)
(0.0331901 0.430217 0)
(0.0277125 0.25921 0)
(0.0454693 0.299393 0)
(0.0596747 0.347036 0)
(0.108772 0.408405 0)
(0.0621775 0.242872 0)
(0.0855189 0.27851 0)
(0.10913 0.317865 0)
(0.163318 0.371796 0)
(0.0927817 0.222024 0)
(0.119277 0.252232 0)
(0.150149 0.283101 0)
(0.199582 0.327175 0)
(0.119095 0.198269 0)
(0.147129 0.222811 0)
(0.182427 0.24679 0)
(0.225061 0.28019 0)
(0.141082 0.172795 0)
(0.170196 0.192009 0)
(0.206433 0.210355 0)
(0.246211 0.234736 0)
(0.15906 0.146365 0)
(0.189164 0.161042 0)
(0.223997 0.174147 0)
(0.264342 0.191156 0)
(0.173506 0.119527 0)
(0.203898 0.130173 0)
(0.23798 0.13886 0)
(0.277394 0.147848 0)
(0.184512 0.0926719 0)
(0.214548 0.0993445 0)
(0.248532 0.104436 0)
(0.286309 0.106168 0)
(0.191945 0.0661167 0)
(0.221277 0.0689009 0)
(0.254594 0.0704722 0)
(0.291303 0.0677338 0)
(0.19568 0.0401935 0)
(0.22395 0.0394115 0)
(0.255869 0.0374813 0)
(0.291002 0.0320259 0)
(0.195706 0.0152835 0)
(0.222562 0.0113962 0)
(0.252598 0.00628566 0)
(0.285588 -0.00143244 0)
(0.192301 -0.00829077 0)
(0.217509 -0.0148676 0)
(0.245535 -0.022801 0)
(0.276236 -0.032751 0)
(0.185956 -0.0303544 0)
(0.209442 -0.039345 0)
(0.235547 -0.049837 0)
(0.264074 -0.0621279 0)
(0.177175 -0.0508677 0)
(0.198955 -0.0621135 0)
(0.223239 -0.0749983 0)
(0.249773 -0.0897466 0)
(0.166324 -0.0698554 0)
(0.186408 -0.0832405 0)
(0.208866 -0.098411 0)
(0.233475 -0.11562 0)
(0.153613 -0.087296 0)
(0.171941 -0.102683 0)
(0.192454 -0.120018 0)
(0.215011 -0.139547 0)
(0.139144 -0.103027 0)
(0.155573 -0.120231 0)
(0.173941 -0.139544 0)
(0.194158 -0.161173 0)
(0.122962 -0.116924 0)
(0.137285 -0.135724 0)
(0.153265 -0.156759 0)
(0.170814 -0.180235 0)
(0.105122 -0.129045 0)
(0.11716 -0.149168 0)
(0.130572 -0.171621 0)
(0.145264 -0.196656 0)
(0.0859705 -0.139192 0)
(0.0956964 -0.160382 0)
(0.106549 -0.184003 0)
(0.118439 -0.210379 0)
(0.0662947 -0.146866 0)
(0.0737932 -0.168964 0)
(0.0821787 -0.193603 0)
(0.0913704 -0.221132 0)
(0.0467506 -0.151427 0)
(0.0520258 -0.174096 0)
(0.0579173 -0.199338 0)
(0.0643594 -0.227488 0)
(0.0276082 -0.153298 0)
(0.0306692 -0.176186 0)
(0.0340855 -0.201658 0)
(0.0378228 -0.230032 0)
(0.00920084 -0.158229 0)
(0.010225 -0.181652 0)
(0.011379 -0.207721 0)
(0.0126517 -0.236753 0)
(0.144074 -0.378441 0)
(-0.175184 -0.542173 0)
(-0.809972 -0.158274 0)
(-0.918086 -0.099951 0)
(-0.94691 0.990888 0)
(-0.328145 2.20787 0)
(-0.377815 1.38254 0)
(-0.268922 0.152008 0)
(-0.471215 0.756169 0)
(-0.678871 1.78988 0)
(-0.476168 0.776391 0)
(-0.559931 -1.2382 0)
(-1.00126 -1.42533 0)
(-0.603591 -1.80651 0)
(-0.343175 -2.51078 0)
(-0.668281 -2.54725 0)
(-0.638671 -0.683266 0)
(-0.125251 2.74216 0)
(0.158998 0.934986 0)
(-0.385567 -0.403618 0)
(-0.613992 -0.181825 0)
(-0.706966 -0.16411 0)
(-0.959569 -0.0433647 0)
(-1.08538 0.842456 0)
(-0.538151 1.85576 0)
(-0.275111 1.26306 0)
(-0.252851 0.280071 0)
(-0.483634 0.938876 0)
(-0.593029 1.7527 0)
(-0.254374 0.638487 0)
(-0.129723 -1.01782 0)
(-0.608628 -1.54668 0)
(-0.38864 -1.87416 0)
(-0.221928 -2.44741 0)
(-0.472735 -2.39704 0)
(-0.743857 -0.938484 0)
(-0.10275 2.54612 0)
(0.178467 0.941863 0)
(-0.357705 -0.0541351 0)
(-0.500054 -0.145613 0)
(-0.635042 -0.0598238 0)
(-0.844244 0.118237 0)
(-0.985624 0.768312 0)
(-0.645942 1.54582 0)
(-0.221726 1.0255 0)
(-0.190915 0.353294 0)
(-0.425798 0.991257 0)
(-0.367559 1.63669 0)
(-0.0964789 0.707322 0)
(0.165072 -0.899772 0)
(-0.33423 -1.50406 0)
(-0.180841 -1.88915 0)
(-0.068062 -2.40664 0)
(-0.304203 -2.21499 0)
(-0.52217 -1.1618 0)
(-0.0762731 2.35609 0)
(0.19248 0.957696 0)
(-0.313677 -0.0761067 0)
(-0.455484 -0.0274623 0)
(-0.581446 0.0229329 0)
(-0.678696 0.203431 0)
(-0.67437 0.709817 0)
(-0.39726 1.30627 0)
(-0.0666503 1.06894 0)
(0.113217 0.329051 0)
(-0.206585 0.912467 0)
(0.231174 1.34936 0)
(0.0335331 0.732357 0)
(0.352149 -0.905015 0)
(-0.237199 -1.47754 0)
(0.138272 -1.9028 0)
(0.14545 -2.34546 0)
(-0.107868 -2.05738 0)
(-0.235571 -1.32998 0)
(-0.0503591 2.23948 0)
(0.203038 0.983676 0)
(-0.345605 0.0290081 0)
(-0.439724 0.0374608 0)
(-0.527823 0.0726465 0)
(-0.560663 0.217233 0)
(-0.425692 0.599525 0)
(-0.0825584 1.07067 0)
(0.168764 0.982586 0)
(0.349917 0.441298 0)
(-0.0590172 0.869353 0)
(0.618881 1.15765 0)
(0.167972 0.757657 0)
(0.380174 -0.793034 0)
(-0.128585 -1.56041 0)
(0.429828 -1.99769 0)
(0.372017 -2.24719 0)
(0.139937 -1.93349 0)
(0.0432772 -1.41129 0)
(-0.0247686 2.22893 0)
(0.210442 1.02212 0)
(-0.335183 0.0587199 0)
(-0.411016 0.080527 0)
(-0.479816 0.105926 0)
(-0.495853 0.191333 0)
(-0.345324 0.44166 0)
(0.0393837 0.807299 0)
(0.358388 0.829408 0)
(0.472237 0.528124 0)
(0.0116079 0.851242 0)
(0.646988 1.06666 0)
(0.137856 0.918925 0)
(0.252331 -0.695456 0)
(0.157273 -1.80397 0)
(0.560692 -2.01846 0)
(0.53708 -2.14869 0)
(0.386765 -1.8632 0)
(0.250858 -1.32643 0)
(-0.0485374 2.1917 0)
(0.210914 1.0731 0)
(-0.330489 0.106257 0)
(-0.392786 0.120907 0)
(-0.445934 0.133497 0)
(-0.459744 0.164622 0)
(-0.356889 0.292687 0)
(-0.0536496 0.550819 0)
(0.316274 0.716637 0)
(0.439434 0.618188 0)
(-0.0204174 0.864627 0)
(0.553348 0.997022 0)
(0.0532917 0.978694 0)
(0.419508 -0.566747 0)
(0.369714 -1.90732 0)
(0.489295 -2.08748 0)
(0.560532 -2.11009 0)
(0.523146 -1.84244 0)
(0.385893 -1.1951 0)
(-0.0871716 2.14761 0)
(0.210338 1.13427 0)
(-0.326316 0.143423 0)
(-0.383055 0.155061 0)
(-0.427338 0.157497 0)
(-0.440289 0.151338 0)
(-0.385856 0.190456 0)
(-0.205759 0.35601 0)
(0.0885989 0.596025 0)
(0.285492 0.688247 0)
(-0.150466 0.870099 0)
(0.377964 0.928854 0)
(0.0122282 0.968232 0)
(0.604163 -0.599301 0)
(0.454278 -1.87457 0)
(0.224836 -2.18124 0)
(0.270297 -2.18922 0)
(0.374778 -1.76315 0)
(0.334185 -1.00395 0)
(-0.10003 2.13139 0)
(0.210882 1.17949 0)
(-0.322937 0.176911 0)
(-0.379975 0.185917 0)
(-0.423036 0.179361 0)
(-0.436988 0.149179 0)
(-0.418 0.133985 0)
(-0.340306 0.234033 0)
(-0.165144 0.483823 0)
(0.0377121 0.734984 0)
(-0.284494 0.849 0)
(0.107636 0.886614 0)
(0.0826873 0.761816 0)
(0.755499 -0.774104 0)
(0.556606 -1.69676 0)
(0.408506 -2.05098 0)
(0.202215 -2.17589 0)
(0.0159105 -1.80876 0)
(0.0396884 -0.583333 0)
(-0.16328 2.2251 0)
(0.194239 1.19752 0)
(-0.319837 0.21136 0)
(-0.382483 0.218765 0)
(-0.432319 0.203054 0)
(-0.449852 0.155164 0)
(-0.452851 0.11058 0)
(-0.449644 0.171963 0)
(-0.372849 0.416345 0)
(-0.219555 0.733444 0)
(-0.37308 0.827603 0)
(-0.180072 0.804352 0)
(0.176176 0.247276 0)
(0.627632 -0.77874 0)
(0.582938 -1.56016 0)
(0.59303 -1.93762 0)
(0.415208 -1.98887 0)
(-0.168566 -1.71769 0)
(-0.0272705 -0.694951 0)
(-0.183085 2.15871 0)
(0.19898 1.21403 0)
(-0.315387 0.248221 0)
(-0.388894 0.257589 0)
(-0.453975 0.233185 0)
(-0.477915 0.167564 0)
(-0.490092 0.109121 0)
(-0.535356 0.154967 0)
(-0.541605 0.383672 0)
(-0.450896 0.706561 0)
(-0.50063 0.808927 0)
(-0.494398 0.678975 0)
(0.0569918 0.191033 0)
(0.379044 -0.94265 0)
(0.600062 -1.60844 0)
(0.663704 -1.8846 0)
(0.527086 -1.81782 0)
(-0.1703 -1.53726 0)
(0.0564691 -0.77015 0)
(-0.15752 2.00131 0)
(0.225076 1.25372 0)
(-0.307021 0.28863 0)
(-0.396744 0.305008 0)
(-0.487033 0.273849 0)
(-0.518826 0.185366 0)
(-0.526063 0.119817 0)
(-0.597462 0.172939 0)
(-0.671647 0.385903 0)
(-0.671434 0.709483 0)
(-0.743065 0.835371 0)
(-0.797962 0.542006 0)
(-0.272271 -0.392926 0)
(0.341869 -1.25653 0)
(0.626865 -1.70035 0)
(0.628664 -1.841 0)
(0.444607 -1.60974 0)
(-0.190103 -1.35656 0)
(0.0180192 -0.696493 0)
(-0.22951 2.0027 0)
(0.250724 1.25063 0)
(-0.292292 0.335364 0)
(-0.40407 0.367677 0)
(-0.531146 0.331675 0)
(-0.563284 0.202299 0)
(-0.527495 0.129483 0)
(-0.603296 0.222335 0)
(-0.74629 0.437469 0)
(-0.854729 0.784347 0)
(-0.971772 0.909551 0)
(-0.803561 0.365489 0)
(0.0750623 -0.850642 0)
(0.421479 -1.41534 0)
(0.595693 -1.72919 0)
(0.386408 -1.74592 0)
(0.231546 -1.37793 0)
(-0.20439 -1.23296 0)
(0.0605812 -0.746589 0)
(-0.285208 1.97759 0)
(0.280357 1.24085 0)
(-0.263975 0.386205 0)
(-0.400483 0.439652 0)
(-0.590234 0.405513 0)
(-0.614759 0.222398 0)
(-0.445305 0.125713 0)
(-0.481039 0.289657 0)
(-0.696058 0.528098 0)
(-0.897759 0.864004 0)
(-0.967575 0.853145 0)
(-0.442454 -0.0604942 0)
(0.220253 -1.11793 0)
(0.407667 -1.53726 0)
(0.342917 -1.67833 0)
(0.0717417 -1.60661 0)
(0.18344 -1.30996 0)
(-0.140903 -1.18704 0)
(0.203371 -0.748285 0)
(-0.324153 1.89476 0)
(0.318956 1.24122 0)
(-0.227561 0.450988 0)
(-0.416118 0.557444 0)
(-0.694283 0.527121 0)
(-0.610442 0.145301 0)
(-0.190636 -0.0280331 0)
(-0.177405 0.423675 0)
(-0.493522 0.664021 0)
(-0.797144 0.974455 0)
(-0.78389 0.780886 0)
(-0.0916599 -0.464309 0)
(0.259396 -1.28589 0)
(0.127161 -1.49455 0)
(-0.0823604 -1.54947 0)
(-0.0379567 -1.59495 0)
(0.238065 -1.34681 0)
(-0.012095 -1.16944 0)
(0.366584 -0.69838 0)
(-0.341253 1.83527 0)
(0.364711 1.24745 0)
(-0.160453 0.527821 0)
(-0.321356 0.654339 0)
(-0.524501 0.50404 0)
(-0.223147 -0.0718221 0)
(-0.0436915 -0.22163 0)
(0.123504 0.444608 0)
(-0.125338 0.848946 0)
(-0.502306 1.02742 0)
(-0.422623 0.410041 0)
(0.164416 -0.743634 0)
(0.0353025 -1.25432 0)
(-0.301409 -1.3209 0)
(-0.102762 -1.62373 0)
(0.0805118 -1.71511 0)
(0.320824 -1.4265 0)
(0.113328 -1.1409 0)
(0.474152 -0.633423 0)
(-0.353566 1.87229 0)
(0.416572 1.25746 0)
(-0.0701159 0.57451 0)
(-0.0704564 0.717291 0)
(-0.307792 0.548844 0)
(0.0738172 -0.177462 0)
(-0.0102957 -0.305216 0)
(0.276419 0.377529 0)
(0.293053 1.02153 0)
(-0.073029 1.14288 0)
(-0.271292 0.418575 0)
(0.300266 -0.783389 0)
(-0.583071 -1.03324 0)
(-0.185799 -1.44549 0)
(0.0426891 -1.78711 0)
(0.171307 -1.81032 0)
(0.345392 -1.49028 0)
(0.172329 -1.10076 0)
(0.499859 -0.550018 0)
(-0.395083 1.98146 0)
(0.473344 1.26827 0)
(0.0155908 0.565308 0)
(0.214185 0.731 0)
(-0.0390132 0.591399 0)
(0.228291 -0.21079 0)
(-0.00324688 -0.346881 0)
(0.267079 0.241327 0)
(0.528292 1.03847 0)
(0.2907 1.30162 0)
(-0.0940573 0.579367 0)
(0.320031 -0.629262 0)
(-0.515655 -1.02293 0)
(0.0828436 -1.64368 0)
(0.144773 -1.87903 0)
(0.197147 -1.85955 0)
(0.316877 -1.53127 0)
(0.174306 -1.05734 0)
(0.460135 -0.452615 0)
(-0.458276 2.06109 0)
(0.52984 1.27387 0)
(0.101536 0.504341 0)
(0.391641 0.680176 0)
(0.282404 0.584922 0)
(0.3695 -0.124038 0)
(0.0412864 -0.349194 0)
(0.1994 0.131867 0)
(0.600667 0.977038 0)
(0.482136 1.45222 0)
(0.127052 0.382568 0)
(0.369234 -0.403942 0)
(0.0626036 -1.08209 0)
(0.27144 -1.69048 0)
(0.239845 -1.90157 0)
(0.235724 -1.87701 0)
(0.303255 -1.55457 0)
(0.169905 -1.01209 0)
(0.401242 -0.349901 0)
(-0.491608 2.08158 0)
(0.576822 1.27397 0)
(0.180381 0.423646 0)
(0.445152 0.564315 0)
(0.49887 0.556483 0)
(0.552872 0.0420883 0)
(0.183703 -0.295655 0)
(0.159125 -0.0399877 0)
(0.61412 0.870641 0)
(0.690389 1.53029 0)
(0.509062 0.464927 0)
(0.679071 -0.413774 0)
(0.559985 -1.0989 0)
(0.471432 -1.62774 0)
(0.358924 -1.87008 0)
(0.327014 -1.87283 0)
(0.350654 -1.55332 0)
(0.194415 -0.953267 0)
(0.365217 -0.246324 0)
(-0.538683 2.08536 0)
(0.604923 1.2799 0)
(0.242948 0.351435 0)
(0.426964 0.430389 0)
(0.571209 0.494939 0)
(0.628117 0.167264 0)
(0.293779 -0.173826 0)
(0.0411005 -0.130696 0)
(0.535098 0.688926 0)
(0.861269 1.43867 0)
(0.860796 0.579188 0)
(1.00663 -0.369024 0)
(0.862202 -1.0449 0)
(0.648414 -1.51703 0)
(0.503284 -1.81011 0)
(0.468165 -1.85962 0)
(0.472242 -1.523 0)
(0.268495 -0.866135 0)
(0.340999 -0.0833156 0)
(-0.542893 2.09048 0)
(0.609672 1.30249 0)
(0.285954 0.294059 0)
(0.404732 0.321304 0)
(0.560179 0.416524 0)
(0.652928 0.262688 0)
(0.412701 -0.00179354 0)
(-0.00465933 -0.160037 0)
(0.312836 0.488484 0)
(0.806353 1.16897 0)
(1.00405 0.542138 0)
(1.18706 -0.343755 0)
(1.04045 -0.987349 0)
(0.806898 -1.40491 0)
(0.66492 -1.74561 0)
(0.630722 -1.84663 0)
(0.630533 -1.47783 0)
(0.400658 -0.753616 0)
(0.404675 0.109082 0)
(-0.620159 2.04783 0)
(0.601588 1.30301 0)
(0.310958 0.242762 0)
(0.40244 0.243418 0)
(0.534642 0.332711 0)
(0.656 0.306534 0)
(0.60061 0.172572 0)
(0.312745 -0.0445381 0)
(0.176513 0.258416 0)
(0.58984 0.826391 0)
(1.02995 0.435532 0)
(1.31369 -0.314485 0)
(1.19168 -0.902476 0)
(0.96024 -1.2928 0)
(0.83945 -1.68075 0)
(0.77341 -1.82694 0)
(0.75737 -1.43672 0)
(0.574964 -0.632689 0)
(0.531018 0.313106 0)
(-0.329176 2.01161 0)
(0.591465 1.24892 0)
(0.326138 0.194025 0)
(0.403584 0.183358 0)
(0.510222 0.244595 0)
(0.640341 0.269838 0)
(0.70706 0.225052 0)
(0.64122 0.108125 0)
(0.471409 0.205692 0)
(0.693989 0.507692 0)
(1.17836 0.180802 0)
(1.42886 -0.393829 0)
(1.28288 -0.815344 0)
(1.1034 -1.19787 0)
(1.01872 -1.61362 0)
(0.901423 -1.78377 0)
(0.84785 -1.38798 0)
(0.723133 -0.524201 0)
(0.621874 0.484641 0)
(0.0944513 1.9994 0)
(0.592599 1.41038 0)
(0.338708 0.149205 0)
(0.407102 0.136425 0)
(0.488907 0.16395 0)
(0.60384 0.186806 0)
(0.718938 0.175052 0)
(0.786183 0.132905 0)
(0.801649 0.193529 0)
(0.985617 0.277537 0)
(1.3252 0.0174845 0)
(1.40934 -0.366662 0)
(1.30733 -0.733983 0)
(1.24336 -1.14373 0)
(1.18875 -1.54823 0)
(1.04406 -1.71089 0)
(0.925144 -1.32798 0)
(0.823439 -0.430632 0)
(0.682656 0.603034 0)
(0.370074 2.01993 0)
(0.586905 1.73519 0)
(0.344583 0.104028 0)
(0.414456 0.0971895 0)
(0.484595 0.108908 0)
(0.576416 0.118122 0)
(0.683486 0.108966 0)
(0.778563 0.0883973 0)
(0.87671 0.110178 0)
(1.05528 0.119873 0)
(1.23812 -0.0507938 0)
(1.31674 -0.354069 0)
(1.35906 -0.72347 0)
(1.38598 -1.12613 0)
(1.33519 -1.48281 0)
(1.17783 -1.61339 0)
(1.00271 -1.25035 0)
(0.888149 -0.335209 0)
(0.725091 0.7065 0)
(0.462831 2.0802 0)
(0.531672 2.05836 0)
(0.343475 0.0608499 0)
(0.4111 0.0551028 0)
(0.484492 0.0608301 0)
(0.572203 0.0650615 0)
(0.675514 0.0550647 0)
(0.780302 0.0328077 0)
(0.884708 0.0257529 0)
(1.01525 0.0115705 0)
(1.16392 -0.128165 0)
(1.31468 -0.411062 0)
(1.44971 -0.768305 0)
(1.50284 -1.12398 0)
(1.44392 -1.41432 0)
(1.28498 -1.50249 0)
(1.0903 -1.14532 0)
(0.922394 -0.241381 0)
(0.741572 0.825465 0)
(0.44632 2.18468 0)
(0.438184 2.34464 0)
(0.338612 0.0223375 0)
(0.40121 0.0128504 0)
(0.474556 0.00790901 0)
(0.565535 0.000940518 0)
(0.672078 -0.013498 0)
(0.778485 -0.0300275 0)
(0.877374 -0.0387064 0)
(0.997364 -0.0757097 0)
(1.16876 -0.229522 0)
(1.37131 -0.510314 0)
(1.52899 -0.830209 0)
(1.56801 -1.11932 0)
(1.50717 -1.34617 0)
(1.36819 -1.39222 0)
(1.18121 -1.02081 0)
(0.965462 -0.127213 0)
(0.742675 0.972536 0)
(0.385239 2.32719 0)
(0.32639 2.58341 0)
(0.330047 -0.0133141 0)
(0.389788 -0.0276835 0)
(0.461318 -0.0427573 0)
(0.550207 -0.0596603 0)
(0.65281 -0.0758376 0)
(0.757267 -0.0886424 0)
(0.866905 -0.108546 0)
(1.01549 -0.179347 0)
(1.21706 -0.356653 0)
(1.42299 -0.620922 0)
(1.55462 -0.883017 0)
(1.57006 -1.10908 0)
(1.5293 -1.291 0)
(1.43746 -1.29552 0)
(1.26516 -0.896674 0)
(1.01653 0.0184998 0)
(0.740934 1.13904 0)
(0.307867 2.50497 0)
(0.209385 2.76284 0)
(0.318224 -0.0471407 0)
(0.375933 -0.0669497 0)
(0.445063 -0.0912714 0)
(0.530182 -0.117256 0)
(0.629025 -0.138028 0)
(0.73848 -0.15683 0)
(0.869403 -0.197391 0)
(1.04223 -0.297826 0)
(1.24112 -0.482889 0)
(1.41276 -0.714431 0)
(1.50873 -0.918197 0)
(1.52106 -1.10392 0)
(1.52827 -1.26389 0)
(1.49794 -1.21937 0)
(1.33458 -0.764629 0)
(1.03673 0.195835 0)
(0.723459 1.34733 0)
(0.212665 2.71345 0)
(0.072551 2.8843 0)
(0.303957 -0.0795899 0)
(0.359746 -0.105038 0)
(0.425689 -0.137813 0)
(0.505491 -0.172854 0)
(0.600481 -0.202436 0)
(0.715203 -0.235033 0)
(0.85756 -0.297422 0)
(1.02847 -0.413699 0)
(1.19907 -0.590084 0)
(1.33296 -0.786414 0)
(1.41331 -0.947889 0)
(1.45362 -1.1221 0)
(1.52631 -1.27459 0)
(1.55093 -1.15996 0)
(1.38781 -0.612007 0)
(1.03813 0.403627 0)
(0.680348 1.59098 0)
(0.0855259 2.97953 0)
(-0.105242 2.91306 0)
(0.287527 -0.11079 0)
(0.341034 -0.141601 0)
(0.402931 -0.181412 0)
(0.475863 -0.225229 0)
(0.56441 -0.266718 0)
(0.676271 -0.315681 0)
(0.811886 -0.394087 0)
(0.962107 -0.513794 0)
(1.10373 -0.676898 0)
(1.21862 -0.84815 0)
(1.30824 -0.989362 0)
(1.39596 -1.17647 0)
(1.53336 -1.323 0)
(1.60219 -1.11546 0)
(1.43484 -0.443271 0)
(1.02604 0.645213 0)
(0.623905 1.88385 0)
(-0.0717251 3.29507 0)
(-0.324565 2.82121 0)
(0.268723 -0.140454 0)
(0.319111 -0.176146 0)
(0.376429 -0.221414 0)
(0.442084 -0.272807 0)
(0.521578 -0.326007 0)
(0.622302 -0.389019 0)
(0.74051 -0.477601 0)
(0.868298 -0.59747 0)
(0.994341 -0.753449 0)
(1.10651 -0.912951 0)
(1.21801 -1.05204 0)
(1.35045 -1.26781 0)
(1.53633 -1.403 0)
(1.64061 -1.08064 0)
(1.48133 -0.264176 0)
(1.00838 0.921531 0)
(0.604583 2.21441 0)
(-0.217862 3.64891 0)
(-0.54168 2.59662 0)
(0.247285 -0.168001 0)
(0.293435 -0.208112 0)
(0.345604 -0.257611 0)
(0.404219 -0.31483 0)
(0.473949 -0.377471 0)
(0.56104 -0.451381 0)
(0.662275 -0.5483 0)
(0.774228 -0.671423 0)
(0.894654 -0.827866 0)
(1.00534 -0.985375 0)
(1.13974 -1.13357 0)
(1.29716 -1.38534 0)
(1.5057 -1.50863 0)
(1.64806 -1.054 0)
(1.51576 -0.0741891 0)
(0.996654 1.20026 0)
(0.679596 2.53968 0)
(-0.283433 4.07715 0)
(-0.578384 2.24793 0)
(0.223022 -0.192761 0)
(0.263835 -0.236787 0)
(0.309999 -0.289802 0)
(0.361793 -0.35156 0)
(0.42283 -0.421665 0)
(0.498349 -0.504818 0)
(0.587147 -0.610375 0)
(0.687198 -0.739753 0)
(0.802636 -0.90006 0)
(0.903152 -1.06211 0)
(1.05673 -1.22456 0)
(1.21256 -1.51249 0)
(1.41806 -1.63325 0)
(1.60947 -1.04511 0)
(1.5289 0.11043 0)
(0.967783 1.47864 0)
(0.835846 2.83483 0)
(-0.303196 4.56899 0)
(-0.106183 1.97895 0)
(0.195883 -0.214336 0)
(0.230712 -0.261673 0)
(0.270354 -0.317892 0)
(0.31566 -0.383763 0)
(0.369464 -0.460352 0)
(0.435676 -0.551862 0)
(0.514071 -0.665513 0)
(0.601062 -0.801661 0)
(0.707188 -0.965623 0)
(0.788907 -1.13786 0)
(0.954177 -1.31461 0)
(1.08777 -1.63397 0)
(1.2678 -1.77098 0)
(1.51318 -1.06476 0)
(1.51019 0.274939 0)
(0.910042 1.73989 0)
(0.960961 3.09024 0)
(-0.440345 4.93923 0)
(0.739665 2.01487 0)
(0.166372 -0.232686 0)
(0.19531 -0.282794 0)
(0.228723 -0.342155 0)
(0.267896 -0.412156 0)
(0.314849 -0.494623 0)
(0.371745 -0.593319 0)
(0.438379 -0.713393 0)
(0.509711 -0.855633 0)
(0.601824 -1.02217 0)
(0.662103 -1.20941 0)
(0.82489 -1.39817 0)
(0.932957 -1.74129 0)
(1.05649 -1.91889 0)
(1.34085 -1.11753 0)
(1.44514 0.434615 0)
(0.828446 1.97239 0)
(0.962104 3.36235 0)
(-0.735803 5.10203 0)
(0.953485 2.01565 0)
(0.135714 -0.247972 0)
(0.159232 -0.300602 0)
(0.186824 -0.36312 0)
(0.219527 -0.437092 0)
(0.258471 -0.524548 0)
(0.304423 -0.628783 0)
(0.357165 -0.753468 0)
(0.412199 -0.900705 0)
(0.486524 -1.06946 0)
(0.528912 -1.27223 0)
(0.669446 -1.47153 0)
(0.759209 -1.82742 0)
(0.788536 -2.06249 0)
(1.07578 -1.20852 0)
(1.33702 0.535557 0)
(0.746391 2.19391 0)
(0.930832 3.67651 0)
(-0.835683 5.18728 0)
(0.980112 2.01172 0)
(0.104864 -0.259965 0)
(0.12303 -0.314751 0)
(0.144465 -0.379824 0)
(0.16964 -0.456687 0)
(0.199116 -0.547406 0)
(0.233147 -0.654956 0)
(0.271703 -0.782326 0)
(0.312189 -0.932427 0)
(0.366609 -1.10325 0)
(0.396767 -1.31453 0)
(0.49797 -1.52269 0)
(0.564755 -1.8754 0)
(0.498369 -2.15279 0)
(0.703304 -1.32671 0)
(1.19437 0.532438 0)
(0.676876 2.38967 0)
(0.950249 4.01709 0)
(-0.832185 5.33133 0)
(0.966234 2.00763 0)
(0.0738604 -0.266808 0)
(0.0864099 -0.322687 0)
(0.101228 -0.388879 0)
(0.118466 -0.466904 0)
(0.138528 -0.558927 0)
(0.161666 -0.667763 0)
(0.187925 -0.796149 0)
(0.216282 -0.946813 0)
(0.251835 -1.11902 0)
(0.273295 -1.32859 0)
(0.331301 -1.54054 0)
(0.358391 -1.87104 0)
(0.254913 -2.13547 0)
(0.235792 -1.50925 0)
(1.00733 0.473219 0)
(0.627345 2.51298 0)
(1.0977 4.26174 0)
(-0.750785 5.37712 0)
(0.930481 2.08618 0)
(0.043371 -0.269511 0)
(0.0506212 -0.326067 0)
(0.0593044 -0.39299 0)
(0.0695028 -0.471944 0)
(0.0815352 -0.565178 0)
(0.0955821 -0.675367 0)
(0.111587 -0.805048 0)
(0.12915 -0.956452 0)
(0.149325 -1.13041 0)
(0.162857 -1.33501 0)
(0.189015 -1.5466 0)
(0.179182 -1.84481 0)
(0.0962917 -2.04765 0)
(-0.142819 -1.71618 0)
(0.786395 0.256551 0)
(0.619527 2.57785 0)
(1.37244 4.56923 0)
(-0.28206 5.58592 0)
(0.858479 1.9782 0)
(0.0145732 -0.277128 0)
(0.0171276 -0.335221 0)
(0.0202573 -0.403889 0)
(0.023992 -0.484922 0)
(0.0284444 -0.580608 0)
(0.033637 -0.693558 0)
(0.0394929 -0.826226 0)
(0.0458548 -0.980676 0)
(0.0528637 -1.15837 0)
(0.057792 -1.36327 0)
(0.0659077 -1.57697 0)
(0.0533539 -1.85562 0)
(0.00996494 -2.01069 0)
(-0.146761 -1.78521 0)
(0.453725 -0.185425 0)
(0.566104 2.23699 0)
(1.76548 4.39142 0)
(2.72717 5.08559 0)
(1.00589 3.62931 0)
)
;

boundaryField
{
    leftWall
    {
        type            noSlip;
    }
    rightWall
    {
        type            noSlip;
    }
    lowerWall
    {
        type            noSlip;
    }
    atmosphere
    {
        type            pressureInletOutletVelocity;
        value           nonuniform List<vector> 
46
(
(0.00203829 0.0549892 0)
(0.00242431 0.0432004 0)
(0.00187521 0.0413557 0)
(0.00242812 0.0364389 0)
(0.00248144 0.0314836 0)
(0.00266493 0.0260092 0)
(0.00276729 0.0201951 0)
(0.00284853 0.0141255 0)
(0.00304613 0.00775577 0)
(0.00322003 0.00100059 0)
(0 -0.0059932 0)
(0 -0.0132987 0)
(0 -0.020988 0)
(0 -0.0291331 0)
(0 -0.0378128 0)
(0 -0.047114 0)
(0 -0.0571319 0)
(0 -0.0679686 0)
(0 -0.0797342 0)
(0 -0.0925469 0)
(0 -0.106533 0)
(0 -0.121827 0)
(0 -0.138575 0)
(0 -0.158229 0)
(0 -0.181652 0)
(0 -0.207721 0)
(0 -0.236753 0)
(0 -0.277128 0)
(0 -0.335221 0)
(0 -0.403889 0)
(0 -0.484922 0)
(0 -0.580608 0)
(0 -0.693558 0)
(0 -0.826226 0)
(0 -0.980676 0)
(0 -1.15837 0)
(0 -1.36327 0)
(0 -1.57697 0)
(0 -1.85562 0)
(0 -2.01069 0)
(0 -1.78521 0)
(0 -0.185425 0)
(0.566104 2.23699 0)
(1.76548 4.39142 0)
(2.72717 5.08559 0)
(1.00589 3.62931 0)
)
;
    }
    defaultFaces
    {
        type            empty;
    }
}


// ************************************************************************* //
