/*--------------------------------*- C++ -*----------------------------------*\
| =========                 |                                                 |
| \\      /  F ield         | OpenFOAM: The Open Source CFD Toolbox           |
|  \\    /   O peration     | Version:  2206                                  |
|   \\  /    A nd           | Website:  www.openfoam.com                      |
|    \\/     M anipulation  |                                                 |
\*---------------------------------------------------------------------------*/
FoamFile
{
    version     2.0;
    format      ascii;
    arch        "LSB;label=32;scalar=64";
    class       surfaceScalarField;
    location    "0.05";
    object      phi;
}
// * * * * * * * * * * * * * * * * * * * * * * * * * * * * * * * * * * * * * //

dimensions      [0 3 -1 0 0 0 0];

oriented        oriented;

internalField   nonuniform List<scalar> 
4432
(
7.75913e-06
-7.75913e-06
1.59544e-05
-8.19536e-06
2.41293e-05
-8.17495e-06
3.25043e-05
-8.37503e-06
4.11869e-05
-8.68254e-06
5.0277e-05
-9.09007e-06
5.98932e-05
-9.61617e-06
7.01803e-05
-1.02871e-05
8.1319e-05
-1.11388e-05
9.354e-05
-1.22209e-05
0.000107145
-1.3605e-05
0.000122518
-1.53726e-05
0.000140214
-1.76963e-05
0.000160985
-2.07708e-05
0.000184816
-2.38312e-05
0.000216497
-3.16812e-05
0.000257427
-4.09303e-05
0.000301788
-4.43605e-05
0.000301538
2.50564e-07
0.000281672
1.9865e-05
0.000236151
4.55214e-05
0.000147418
8.87329e-05
0.000147419
7.52504e-06
-1.52841e-05
1.54207e-05
-1.60909e-05
2.32969e-05
-1.60511e-05
3.13419e-05
-1.64201e-05
3.96409e-05
-1.69815e-05
4.82704e-05
-1.77196e-05
5.7317e-05
-1.86628e-05
6.68797e-05
-1.98499e-05
7.70733e-05
-2.13323e-05
8.80318e-05
-2.31794e-05
9.99138e-05
-2.54871e-05
0.000112914
-2.83732e-05
0.000127288
-3.20704e-05
0.000143307
-3.67897e-05
0.000161285
-4.18091e-05
0.00018409
-5.44863e-05
0.000217105
-7.3945e-05
0.000247304
-7.45597e-05
0.000269223
-2.16687e-05
0.000234679
5.44094e-05
0.000161913
0.000118288
7.66726e-05
0.000173973
0.000224092
7.08246e-06
-2.23667e-05
1.44338e-05
-2.34422e-05
2.17664e-05
-2.33837e-05
2.92195e-05
-2.38731e-05
3.68462e-05
-2.46081e-05
4.46921e-05
-2.55655e-05
5.28044e-05
-2.67751e-05
6.12305e-05
-2.8276e-05
7.00163e-05
-3.01182e-05
7.9203e-05
-3.23663e-05
8.88206e-05
-3.51048e-05
9.88812e-05
-3.84338e-05
0.000109342
-4.25308e-05
0.000120033
-4.74815e-05
0.000130964
-5.27397e-05
0.000142435
-6.59572e-05
0.000142939
-7.44494e-05
0.000123976
-5.55965e-05
7.62739e-05
2.6034e-05
2.50392e-05
0.000105645
-7.85552e-06
0.000151182
-1.85877e-05
0.000184705
0.000205503
6.48813e-06
-2.88548e-05
1.31315e-05
-3.00856e-05
1.97598e-05
-3.0012e-05
2.64567e-05
-3.057e-05
3.32444e-05
-3.13958e-05
4.01401e-05
-3.24612e-05
4.71566e-05
-3.37916e-05
5.4299e-05
-3.54184e-05
6.15606e-05
-3.73797e-05
6.89162e-05
-3.9722e-05
7.63125e-05
-4.25011e-05
8.36555e-05
-4.57767e-05
9.07743e-05
-4.96496e-05
9.7396e-05
-5.41032e-05
0.000103333
-5.86767e-05
0.000108748
-7.13722e-05
0.000106028
-7.17295e-05
6.06699e-05
-1.02377e-05
-5.5414e-06
9.22442e-05
-3.67908e-05
0.000136894
-4.25652e-05
0.000156957
-2.90529e-05
0.000171195
0.00017645
5.80112e-06
-3.46558e-05
1.16548e-05
-3.59392e-05
1.74992e-05
-3.58564e-05
2.33672e-05
-3.6438e-05
2.92567e-05
-3.72853e-05
3.51639e-05
-3.83685e-05
4.10784e-05
-3.97062e-05
4.69793e-05
-4.13194e-05
5.28319e-05
-4.32323e-05
5.85819e-05
-4.5472e-05
6.41486e-05
-4.80679e-05
6.9418e-05
-5.1046e-05
7.42211e-05
-5.44528e-05
7.834e-05
-5.8222e-05
8.16586e-05
-6.19954e-05
8.40259e-05
-7.37395e-05
7.46211e-05
-6.23247e-05
1.91234e-05
4.52599e-05
-1.81023e-05
0.000129469
-2.75756e-05
0.000146368
-2.49099e-05
0.00015429
-1.43774e-05
0.000160664
0.000162072
5.07663e-06
-3.97324e-05
1.01256e-05
-4.09882e-05
1.51725e-05
-4.09033e-05
2.02091e-05
-4.14744e-05
2.52177e-05
-4.22938e-05
3.01823e-05
-4.33331e-05
3.50799e-05
-4.46037e-05
3.98782e-05
-4.61177e-05
4.4533e-05
-4.78871e-05
4.89852e-05
-4.99242e-05
5.31572e-05
-5.22397e-05
5.69503e-05
-5.48392e-05
6.02346e-05
-5.7737e-05
6.28741e-05
-6.08616e-05
6.4824e-05
-6.39452e-05
6.58359e-05
-7.47514e-05
4.73652e-05
-4.38542e-05
-2.10309e-06
9.47279e-05
-1.24746e-05
0.000139841
-1.19859e-05
0.00014588
-8.78152e-06
0.000151086
-4.29465e-06
0.000156175
0.000157778
4.35963e-06
-4.40922e-05
8.63694e-06
-4.52656e-05
1.29191e-05
-4.51855e-05
1.71688e-05
-4.57242e-05
2.1361e-05
-4.64861e-05
2.54739e-05
-4.74459e-05
2.94799e-05
-4.86098e-05
3.33445e-05
-4.99824e-05
3.7025e-05
-5.15677e-05
4.04691e-05
-5.33682e-05
4.36134e-05
-5.53839e-05
4.6384e-05
-5.76098e-05
4.86869e-05
-6.00399e-05
5.04426e-05
-6.26173e-05
5.16396e-05
-6.51422e-05
5.17283e-05
-7.48402e-05
3.08096e-05
-2.29355e-05
1.19223e-06
0.000124346
1.32753e-06
0.000139706
4.49308e-06
0.000142715
7.37486e-06
0.000148204
7.98543e-06
0.000155566
0.000165764
3.68031e-06
-4.77724e-05
7.24481e-06
-4.88301e-05
1.08215e-05
-4.87622e-05
1.43544e-05
-4.9257e-05
1.78159e-05
-4.99476e-05
2.11827e-05
-5.08128e-05
2.44277e-05
-5.18548e-05
2.75191e-05
-5.30738e-05
3.04199e-05
-5.44684e-05
3.30876e-05
-5.60359e-05
3.54744e-05
-5.77708e-05
3.75299e-05
-5.96653e-05
3.91943e-05
-6.17043e-05
4.04786e-05
-6.39015e-05
4.12727e-05
-6.59363e-05
4.18441e-05
-7.54119e-05
1.55874e-05
3.32141e-06
8.50116e-06
0.000131431
1.57062e-05
0.0001325
2.3911e-05
0.000134508
3.00759e-05
0.000142036
2.98594e-05
0.000155783
0.000195623
1.85342e-06
-1.85342e-06
3.58838e-06
-1.73554e-06
5.07101e-06
-1.48303e-06
6.24217e-06
-1.17149e-06
7.07911e-06
-8.37231e-07
7.59066e-06
-5.11886e-07
7.80584e-06
-2.1562e-07
7.76484e-06
4.10326e-08
7.5159e-06
2.48912e-07
7.09779e-06
4.18107e-07
6.54635e-06
5.51356e-07
5.89198e-06
6.54133e-07
5.15977e-06
7.32037e-07
4.36978e-06
7.90042e-07
3.53759e-06
8.32256e-07
2.67536e-06
8.62049e-07
1.79289e-06
8.82129e-07
8.9814e-07
8.94425e-07
8.97911e-07
2.01137e-06
-3.8654e-06
3.87905e-06
-3.60395e-06
5.44213e-06
-3.04666e-06
6.64446e-06
-2.37441e-06
7.47369e-06
-1.66707e-06
7.95237e-06
-9.90795e-07
8.12172e-06
-3.85251e-07
8.03452e-06
1.28047e-07
7.74127e-06
5.41971e-07
7.28277e-06
8.76343e-07
6.69583e-06
1.13814e-06
6.01114e-06
1.33892e-06
5.25329e-06
1.49002e-06
4.44161e-06
1.60166e-06
3.59102e-06
1.6825e-06
2.71312e-06
1.73948e-06
1.81693e-06
1.77782e-06
9.09588e-07
1.8013e-06
1.80728e-06
2.35375e-06
-6.21956e-06
4.49823e-06
-5.74899e-06
6.21508e-06
-4.76389e-06
7.46259e-06
-3.62222e-06
8.25668e-06
-2.46165e-06
8.65186e-06
-1.38648e-06
8.7148e-06
-4.48181e-07
8.52222e-06
3.20613e-07
8.1291e-06
9.35001e-07
7.58365e-06
1.42191e-06
6.9244e-06
1.79763e-06
6.18137e-06
2.08204e-06
5.37762e-06
2.29374e-06
4.53053e-06
2.44873e-06
3.65292e-06
2.56002e-06
2.75428e-06
2.63776e-06
1.84191e-06
2.68968e-06
9.21422e-07
2.72136e-06
2.7285e-06
2.9656e-06
-9.18545e-06
5.58295e-06
-8.36663e-06
7.52597e-06
-6.70722e-06
8.80395e-06
-4.90054e-06
9.50105e-06
-3.15872e-06
9.73473e-06
-1.6202e-06
9.61058e-06
-3.24138e-07
9.24698e-06
6.84198e-07
8.6998e-06
1.48221e-06
8.02347e-06
2.09832e-06
7.25718e-06
2.56401e-06
6.42901e-06
2.91034e-06
5.5589e-06
3.16408e-06
4.66069e-06
3.34712e-06
3.74384e-06
3.47671e-06
2.81503e-06
3.56612e-06
1.87901e-06
3.62524e-06
9.38986e-07
3.66101e-06
3.66722e-06
4.02633e-06
-1.3212e-05
7.38948e-06
-1.17299e-05
9.59692e-06
-8.91477e-06
1.08148e-05
-6.11895e-06
1.12806e-05
-3.62474e-06
1.12198e-05
-1.55911e-06
1.0807e-05
8.90078e-08
1.01876e-05
1.30379e-06
9.42249e-06
2.24731e-06
8.56899e-06
2.95203e-06
7.66267e-06
3.47064e-06
6.72604e-06
3.84728e-06
5.77314e-06
4.11726e-06
4.81238e-06
4.30803e-06
3.84852e-06
4.44042e-06
2.88428e-06
4.53002e-06
1.92094e-06
4.58819e-06
9.58666e-07
4.62282e-06
4.62558e-06
5.88856e-06
-1.91007e-05
1.03881e-05
-1.62298e-05
1.27851e-05
-1.13116e-05
1.36926e-05
-7.02657e-06
1.36708e-05
-3.60277e-06
1.30978e-05
-9.85959e-07
1.22816e-05
9.0525e-07
1.12995e-05
2.28588e-06
1.02498e-05
3.2973e-06
9.17689e-06
4.02543e-06
8.10392e-06
4.54392e-06
7.04227e-06
4.90916e-06
5.9966e-06
5.1633e-06
4.96748e-06
5.33742e-06
3.95351e-06
5.4543e-06
2.95248e-06
5.53069e-06
1.96161e-06
5.57864e-06
9.77557e-07
5.60636e-06
5.60286e-06
7.94358e-06
-2.70442e-05
1.5119e-05
-2.34054e-05
1.76101e-05
-1.38027e-05
1.76576e-05
-7.07407e-06
1.66896e-05
-2.63489e-06
1.53462e-05
3.576e-07
1.39262e-05
2.32545e-06
1.24915e-05
3.72068e-06
1.11054e-05
4.68378e-06
9.78538e-06
5.3457e-06
8.53236e-06
5.79722e-06
7.34036e-06
6.10164e-06
6.20085e-06
6.30338e-06
5.10464e-06
6.43383e-06
4.04321e-06
6.5155e-06
3.00885e-06
6.56468e-06
1.99426e-06
6.59288e-06
9.92441e-07
6.60775e-06
6.59506e-06
1.86383e-05
-4.56827e-05
2.54725e-05
-3.024e-05
2.52364e-05
-1.3567e-05
2.28808e-05
-4.71836e-06
2.02058e-05
4.04283e-08
1.78012e-05
2.76251e-06
1.55913e-05
4.53534e-06
1.36305e-05
5.68153e-06
1.18851e-05
6.42944e-06
1.03165e-05
6.91461e-06
8.89027e-06
7.22392e-06
7.57759e-06
7.41503e-06
6.35434e-06
7.52709e-06
5.20087e-06
7.58721e-06
4.10129e-06
7.61476e-06
3.04225e-06
7.62352e-06
2.01197e-06
7.623e-06
9.99947e-07
7.61938e-06
7.59469e-06
1.81019e-06
-4.95827e-05
3.54668e-06
-5.05666e-05
5.29263e-06
-5.05081e-05
7.0115e-06
-5.09759e-05
8.68787e-06
-5.16239e-05
1.03088e-05
-5.24338e-05
1.18598e-05
-5.34059e-05
1.33246e-05
-5.45385e-05
1.4685e-05
-5.58288e-05
1.59208e-05
-5.72716e-05
1.701e-05
-5.886e-05
1.79266e-05
-6.05819e-05
1.86542e-05
-6.2432e-05
1.90915e-05
-6.43389e-05
1.94304e-05
-6.62752e-05
1.82037e-05
-7.41852e-05
-4.31996e-06
2.5845e-05
3.37974e-06
0.000123733
1.4051e-05
0.00012183
2.5221e-05
0.000123339
3.94348e-05
0.000127823
6.27234e-05
0.000132494
0.000143176
0.000115171
1.61524e-06
-5.1198e-05
3.15389e-06
-5.21053e-05
4.70365e-06
-5.20579e-05
6.22585e-06
-5.24981e-05
7.70593e-06
-5.31041e-05
9.1318e-06
-5.38596e-05
1.049e-05
-5.47641e-05
1.17661e-05
-5.58146e-05
1.29441e-05
-5.70067e-05
1.4007e-05
-5.83346e-05
1.49366e-05
-5.97897e-05
1.5714e-05
-6.13593e-05
1.63188e-05
-6.30367e-05
1.67246e-05
-6.47448e-05
1.69876e-05
-6.65381e-05
1.68381e-05
-7.40356e-05
-1.14051e-05
5.40875e-05
2.67135e-06
0.000109656
1.7457e-05
0.000107044
3.30232e-05
0.000107772
5.24472e-05
0.000108398
7.80371e-05
0.000106903
0.000107989
0.000113223
1.4311e-06
-5.26291e-05
2.78485e-06
-5.3459e-05
4.15097e-06
-5.3424e-05
5.49004e-06
-5.38372e-05
6.78852e-06
-5.44026e-05
8.03518e-06
-5.51063e-05
9.21791e-06
-5.59468e-05
1.03239e-05
-5.69205e-05
1.13395e-05
-5.80223e-05
1.22507e-05
-5.92458e-05
1.3043e-05
-6.0582e-05
1.37024e-05
-6.20187e-05
1.42143e-05
-6.35487e-05
1.4572e-05
-6.51025e-05
1.47993e-05
-6.67654e-05
1.46474e-05
-7.38838e-05
-6.3986e-06
7.51339e-05
6.99147e-06
9.62661e-05
2.07789e-05
9.32571e-05
3.51127e-05
9.34384e-05
5.09699e-05
9.25405e-05
6.8849e-05
8.90241e-05
8.37422e-05
9.30958e-05
1.25831e-06
-5.38874e-05
2.43975e-06
-5.46405e-05
3.63471e-06
-5.4619e-05
4.80374e-06
-5.50062e-05
5.93453e-06
-5.55333e-05
7.01674e-06
-5.61884e-05
8.03953e-06
-5.69696e-05
8.99173e-06
-5.78727e-05
9.86188e-06
-5.88925e-05
1.06385e-05
-6.00224e-05
1.13104e-05
-6.12539e-05
1.18674e-05
-6.25758e-05
1.22998e-05
-6.39811e-05
1.26058e-05
-6.54085e-05
1.28032e-05
-6.69628e-05
1.27527e-05
-7.38335e-05
3.03272e-06
8.4854e-05
1.2569e-05
8.67302e-05
2.29335e-05
8.28925e-05
3.39513e-05
8.24204e-05
4.56241e-05
8.08685e-05
5.80382e-05
7.66106e-05
6.95343e-05
7.22457e-05
1.09654e-06
-5.49839e-05
2.1176e-06
-5.56615e-05
3.15309e-06
-5.56545e-05
4.16426e-06
-5.60173e-05
5.13996e-06
-5.65089e-05
6.07087e-06
-5.71193e-05
6.9473e-06
-5.7846e-05
7.75959e-06
-5.8685e-05
8.49806e-06
-5.9631e-05
9.15347e-06
-6.06778e-05
9.71718e-06
-6.18176e-05
1.01822e-05
-6.30408e-05
1.05423e-05
-6.43411e-05
1.07982e-05
-6.56644e-05
1.09653e-05
-6.71299e-05
1.09392e-05
-7.38074e-05
9.1521e-06
8.66413e-05
1.65246e-05
7.93589e-05
2.40935e-05
7.53243e-05
3.22409e-05
7.42738e-05
4.07448e-05
7.23651e-05
4.90671e-05
6.8288e-05
6.20841e-05
5.65169e-05
9.4532e-07
-5.59292e-05
1.8174e-06
-5.65336e-05
2.7041e-06
-5.65412e-05
3.56864e-06
-5.68818e-05
4.40068e-06
-5.7341e-05
5.19192e-06
-5.79105e-05
5.93369e-06
-5.85879e-05
6.6176e-06
-5.93689e-05
7.23545e-06
-6.02488e-05
7.77958e-06
-6.12219e-05
8.24345e-06
-6.22815e-05
8.62238e-06
-6.34198e-05
8.91271e-06
-6.46314e-05
9.1212e-06
-6.58729e-05
9.26064e-06
-6.72693e-05
9.20956e-06
-7.37562e-05
1.34381e-05
8.24129e-05
1.88447e-05
7.39524e-05
2.4309e-05
6.98601e-05
3.01885e-05
6.83945e-05
3.61381e-05
6.64156e-05
4.15476e-05
6.28778e-05
5.78001e-05
4.58311e-05
8.03735e-07
-5.6733e-05
1.5379e-06
-5.72677e-05
2.28542e-06
-5.72887e-05
3.01375e-06
-5.76101e-05
3.71249e-06
-5.80397e-05
4.37426e-06
-5.85723e-05
4.99131e-06
-5.9205e-05
5.55626e-06
-5.99339e-05
6.06213e-06
-6.07547e-05
6.5025e-06
-6.16623e-05
6.87222e-06
-6.26512e-05
7.16752e-06
-6.37151e-05
7.38521e-06
-6.48492e-05
7.54292e-06
-6.60306e-05
7.64844e-06
-6.73748e-05
7.62008e-06
-7.3728e-05
1.49752e-05
7.50584e-05
1.94738e-05
6.94531e-05
2.37037e-05
6.56307e-05
2.79353e-05
6.41629e-05
3.19846e-05
6.23661e-05
3.55025e-05
5.93589e-05
5.51556e-05
3.8147e-05
6.68314e-07
-5.74013e-05
1.27613e-06
-5.78755e-05
1.8938e-06
-5.79064e-05
2.49488e-06
-5.82111e-05
3.06903e-06
-5.86138e-05
3.60991e-06
-5.91132e-05
4.11068e-06
-5.97057e-05
4.56448e-06
-6.03877e-05
4.96497e-06
-6.11552e-05
5.30673e-06
-6.20041e-05
5.58628e-06
-6.29308e-05
5.80115e-06
-6.39299e-05
5.94951e-06
-6.49975e-05
6.05734e-06
-6.61384e-05
6.08337e-06
-6.74008e-05
6.51042e-06
-7.41555e-05
1.538e-05
6.61895e-05
1.94927e-05
6.53393e-05
2.28949e-05
6.22287e-05
2.5856e-05
6.12017e-05
2.84392e-05
5.97826e-05
3.05671e-05
5.72306e-05
5.36513e-05
3.20718e-05
5.52738e-07
-5.79541e-05
1.0361e-06
-5.83588e-05
1.52935e-06
-5.83996e-05
2.00899e-06
-5.86908e-05
2.4662e-06
-5.90711e-05
2.89486e-06
-5.95419e-05
3.28847e-06
-6.00993e-05
3.64e-06
-6.07393e-05
3.94238e-06
-6.14576e-05
4.18928e-06
-6.2251e-05
4.37668e-06
-6.31183e-05
4.50291e-06
-6.40562e-05
4.57427e-06
-6.50688e-05
4.64037e-06
-6.62046e-05
4.39765e-06
-6.7158e-05
6.60059e-06
-7.63584e-05
1.56518e-05
5.71383e-05
1.9967e-05
6.10242e-05
2.25343e-05
5.96611e-05
2.42016e-05
5.95343e-05
2.54279e-05
5.85561e-05
2.63452e-05
5.63127e-05
5.30645e-05
2.69311e-05
4.62146e-07
-5.84162e-05
8.12208e-07
-5.87089e-05
1.19688e-06
-5.87843e-05
1.56764e-06
-5.90615e-05
1.92228e-06
-5.94257e-05
2.25315e-06
-5.98727e-05
2.55391e-06
-6.04001e-05
2.81796e-06
-6.10034e-05
3.03735e-06
-6.16771e-05
3.20206e-06
-6.24157e-05
3.29831e-06
-6.32145e-05
3.30782e-06
-6.40657e-05
3.20326e-06
-6.49641e-05
3.09713e-06
-6.60985e-05
2.16864e-06
-6.62294e-05
3.69804e-06
-7.78875e-05
1.62698e-05
4.45664e-05
2.17761e-05
5.5518e-05
2.30559e-05
5.83801e-05
2.3055e-05
5.95349e-05
2.27794e-05
5.88317e-05
2.25036e-05
5.65884e-05
5.32892e-05
2.22784e-05
3.51142e-07
-5.87673e-05
6.09888e-07
-5.89676e-05
9.24353e-07
-5.90988e-05
1.21578e-06
-5.93529e-05
1.4921e-06
-5.9702e-05
1.74946e-06
-6.01301e-05
1.98257e-06
-6.06333e-05
2.18517e-06
-6.1206e-05
2.34926e-06
-6.18411e-05
2.4627e-06
-6.25292e-05
2.50431e-06
-6.32561e-05
2.43997e-06
-6.40013e-05
2.12054e-06
-6.46446e-05
1.44141e-06
-6.54194e-05
-7.63529e-07
-6.40244e-05
-4.62276e-06
-7.40287e-05
2.06015e-05
1.93424e-05
2.7113e-05
4.90057e-05
2.5169e-05
6.03228e-05
2.23912e-05
6.23111e-05
2.01573e-05
6.10646e-05
1.86153e-05
5.81298e-05
5.42381e-05
1.76659e-05
2.85826e-07
-5.90532e-05
4.97882e-07
-5.91797e-05
7.20547e-07
-5.93214e-05
9.47203e-07
-5.95796e-05
1.16338e-06
-5.99181e-05
1.36629e-06
-6.0333e-05
1.55046e-06
-6.08175e-05
1.70797e-06
-6.13636e-05
1.82818e-06
-6.19614e-05
1.89454e-06
-6.25955e-05
1.89136e-06
-6.32529e-05
1.81593e-06
-6.39259e-05
1.66574e-06
-6.44944e-05
1.27103e-06
-6.50247e-05
5.76133e-06
-6.85147e-05
-4.03615e-07
-6.78636e-05
3.32921e-05
-1.43549e-05
3.80186e-05
4.42797e-05
2.83659e-05
6.99759e-05
2.13523e-05
6.93246e-05
1.67456e-05
6.56713e-05
1.40486e-05
6.08267e-05
5.56605e-05
1.26262e-05
8.79913e-08
-5.91412e-05
1.71694e-07
-5.92634e-05
2.65452e-07
-5.94152e-05
3.45886e-07
-5.966e-05
4.14213e-07
-5.99864e-05
4.68171e-07
-6.0387e-05
5.03923e-07
-6.08532e-05
5.15478e-07
-6.13751e-05
4.93959e-07
-6.19399e-05
4.32421e-07
-6.25338e-05
3.34491e-07
-6.3155e-05
1.52588e-07
-6.3744e-05
1.24945e-06
-6.55911e-05
3.12689e-06
-6.69023e-05
2.20259e-05
-8.74136e-05
3.07206e-05
-7.65581e-05
5.20849e-05
-3.57203e-05
4.86831e-05
4.76807e-05
3.28271e-05
8.5832e-05
1.87367e-05
8.3415e-05
1.13508e-05
7.30573e-05
8.02028e-06
6.41571e-05
5.70119e-05
6.66925e-06
-5.49598e-07
-5.85916e-05
-1.3335e-06
-5.84795e-05
-1.95297e-06
-5.87959e-05
-2.64572e-06
-5.89672e-05
-3.36911e-06
-5.9263e-05
-4.12464e-06
-5.96315e-05
-4.90677e-06
-6.00713e-05
-5.69899e-06
-6.05829e-05
-6.4596e-06
-6.11794e-05
-7.01577e-06
-6.19778e-05
-7.24381e-06
-6.2927e-05
-7.22378e-06
-6.37642e-05
-2.13086e-06
-7.06839e-05
1.3888e-05
-8.29209e-05
1.89328e-05
-9.24582e-05
4.82296e-05
-0.000105855
3.75117e-05
-2.50023e-05
4.56308e-05
3.95616e-05
2.66745e-05
0.000104789
8.80707e-06
0.000101283
1.86098e-06
8.00035e-05
-3.57986e-07
6.63761e-05
5.71923e-05
-5.3799e-07
-2.68894e-06
-5.59023e-05
-5.27032e-06
-5.58992e-05
-7.9739e-06
-5.60926e-05
-1.07076e-05
-5.62343e-05
-1.35028e-05
-5.64683e-05
-1.63484e-05
-5.67863e-05
-1.92099e-05
-5.72087e-05
-2.20049e-05
-5.7787e-05
-2.45403e-05
-5.86433e-05
-2.65608e-05
-5.99575e-05
-2.75905e-05
-6.18973e-05
-2.52532e-05
-6.61012e-05
-1.94193e-05
-7.6518e-05
-9.17364e-06
-9.31672e-05
1.01249e-06
-0.000102645
-1.8564e-06
-0.000102987
-1.06744e-05
-1.61844e-05
-2.59846e-05
5.48718e-05
-2.44368e-05
0.000103241
-1.82227e-05
9.50689e-05
-1.44574e-05
7.62388e-05
-1.15558e-05
6.34751e-05
5.45266e-05
-8.88987e-06
-2.81645e-06
-5.30853e-05
-5.26533e-06
-5.34502e-05
-7.88884e-06
-5.3469e-05
-1.05593e-05
-5.35629e-05
-1.33171e-05
-5.37112e-05
-1.61739e-05
-5.393e-05
-1.91419e-05
-5.42422e-05
-2.22367e-05
-5.46945e-05
-2.55098e-05
-5.53699e-05
-2.91042e-05
-5.63639e-05
-3.29779e-05
-5.80251e-05
-3.79882e-05
-6.10917e-05
-4.88562e-05
-6.56507e-05
-6.82968e-05
-7.37273e-05
-8.69995e-05
-8.39426e-05
-0.000118343
-7.16429e-05
-0.000119729
-1.47985e-05
-0.000104481
3.96241e-05
-7.23992e-05
7.11592e-05
-4.66509e-05
6.93208e-05
-3.20963e-05
6.16848e-05
-2.32222e-05
5.46017e-05
4.85412e-05
-1.72364e-05
-2.72752e-06
-5.03586e-05
-5.40281e-06
-5.07747e-05
-8.11657e-06
-5.07559e-05
-1.08964e-05
-5.07838e-05
-1.37709e-05
-5.08363e-05
-1.6776e-05
-5.09247e-05
-1.99519e-05
-5.1066e-05
-2.33589e-05
-5.12868e-05
-2.71092e-05
-5.16197e-05
-3.1358e-05
-5.2115e-05
-3.64718e-05
-5.29118e-05
-4.36922e-05
-5.38718e-05
-5.45827e-05
-5.47608e-05
-7.11388e-05
-5.71717e-05
-9.74897e-05
-5.75921e-05
-0.00012567
-4.34626e-05
-0.000128094
-1.23742e-05
-0.000111697
2.32275e-05
-8.20829e-05
4.15456e-05
-5.8269e-05
4.55075e-05
-4.22086e-05
4.56249e-05
-3.1271e-05
4.36647e-05
4.09015e-05
-2.36308e-05
-2.68913e-06
-4.76699e-05
-5.41202e-06
-4.80531e-05
-8.15141e-06
-4.80157e-05
-1.09704e-05
-4.79654e-05
-1.38962e-05
-4.79095e-05
-1.69716e-05
-4.78495e-05
-2.02521e-05
-4.77877e-05
-2.38133e-05
-4.77246e-05
-2.77784e-05
-4.76548e-05
-3.23179e-05
-4.75756e-05
-3.77588e-05
-4.74705e-05
-4.45649e-05
-4.70654e-05
-5.31077e-05
-4.62179e-05
-6.53304e-05
-4.49491e-05
-8.27008e-05
-4.02214e-05
-9.82332e-05
-2.793e-05
-0.000101336
-9.27156e-06
-8.86702e-05
1.05627e-05
-7.12752e-05
2.41513e-05
-5.63231e-05
3.0556e-05
-4.4154e-05
3.34562e-05
-3.46031e-05
3.41143e-05
3.35287e-05
-2.72299e-05
-2.66168e-06
-4.50078e-05
-5.36689e-06
-4.53494e-05
-8.10858e-06
-4.52747e-05
-1.09252e-05
-4.51503e-05
-1.38493e-05
-4.49845e-05
-1.69244e-05
-4.47733e-05
-2.0205e-05
-4.45069e-05
-2.37629e-05
-4.41671e-05
-2.76939e-05
-4.3724e-05
-3.21373e-05
-4.3132e-05
-3.73214e-05
-4.22862e-05
-4.34162e-05
-4.09705e-05
-5.05908e-05
-3.90432e-05
-5.94793e-05
-3.60601e-05
-6.93403e-05
-3.03599e-05
-7.65899e-05
-2.068e-05
-7.77402e-05
-8.12085e-06
-7.14953e-05
4.31828e-06
-6.1543e-05
1.41995e-05
-5.16688e-05
2.06823e-05
-4.27261e-05
2.45139e-05
-3.50518e-05
2.64404e-05
2.71243e-05
-2.86472e-05
-2.61821e-06
-4.23891e-05
-5.26871e-06
-4.26985e-05
-7.96971e-06
-4.25732e-05
-1.07388e-05
-4.23818e-05
-1.36075e-05
-4.21163e-05
-1.66142e-05
-4.17672e-05
-1.98019e-05
-4.13173e-05
-2.32285e-05
-4.07407e-05
-2.69585e-05
-3.99935e-05
-3.10796e-05
-3.90105e-05
-3.5686e-05
-3.76795e-05
-4.08151e-05
-3.58412e-05
-4.65364e-05
-3.33216e-05
-5.28783e-05
-2.97179e-05
-5.89166e-05
-2.43211e-05
-6.27644e-05
-1.68317e-05
-6.29339e-05
-7.95088e-06
-5.9457e-05
8.4165e-07
-5.35646e-05
8.30731e-06
-4.68383e-05
1.39565e-05
-4.01916e-05
1.78675e-05
-3.40927e-05
2.03417e-05
2.17406e-05
-2.87089e-05
-2.54599e-06
-3.98441e-05
-5.12404e-06
-4.01212e-05
-7.74599e-06
-3.99516e-05
-1.04292e-05
-3.96985e-05
-1.3199e-05
-3.93469e-05
-1.60839e-05
-3.88823e-05
-1.91167e-05
-3.82847e-05
-2.23332e-05
-3.75243e-05
-2.5771e-05
-3.65553e-05
-2.94693e-05
-3.53119e-05
-3.34489e-05
-3.36995e-05
-3.76888e-05
-3.16008e-05
-4.21419e-05
-2.88684e-05
-4.66055e-05
-2.5254e-05
-5.04412e-05
-2.0485e-05
-5.2712e-05
-1.45607e-05
-5.27235e-05
-7.9392e-06
-5.05301e-05
-1.35154e-06
-4.6721e-05
4.49839e-06
-4.20606e-05
9.29633e-06
-3.71418e-05
1.29487e-05
-3.23586e-05
1.55586e-05
1.7307e-05
-2.79248e-05
-2.44471e-06
-3.73996e-05
-4.92974e-06
-3.76357e-05
-7.44587e-06
-3.74354e-05
-1.00137e-05
-3.71309e-05
-1.26514e-05
-3.67094e-05
-1.53772e-05
-3.61553e-05
-1.82138e-05
-3.54491e-05
-2.1177e-05
-3.45605e-05
-2.42833e-05
-3.34488e-05
-2.75376e-05
-3.20578e-05
-3.09228e-05
-3.03142e-05
-3.43884e-05
-2.81349e-05
-3.78363e-05
-2.54201e-05
-4.10462e-05
-2.20437e-05
-4.36105e-05
-1.79207e-05
-4.50442e-05
-1.31272e-05
-4.5027e-05
-7.95624e-06
-4.35709e-05
-2.80752e-06
-4.09809e-05
1.90839e-06
-3.76569e-05
5.97227e-06
-3.39807e-05
9.27247e-06
-3.02417e-05
1.18198e-05
1.36974e-05
-2.66318e-05
-2.32332e-06
-3.50774e-05
-4.692e-06
-3.52673e-05
-7.08316e-06
-3.50446e-05
-9.51395e-06
-3.47008e-05
-1.19955e-05
-3.42277e-05
-1.45398e-05
-3.36114e-05
-1.71561e-05
-3.28329e-05
-1.98499e-05
-3.1866e-05
-2.2621e-05
-3.06779e-05
-2.54549e-05
-2.9224e-05
-2.83169e-05
-2.74518e-05
-3.11451e-05
-2.53063e-05
-3.38352e-05
-2.27299e-05
-3.62098e-05
-1.96691e-05
-3.80156e-05
-1.61149e-05
-3.89909e-05
-1.21521e-05
-3.89764e-05
-7.97079e-06
-3.79667e-05
-3.81716e-06
-3.61416e-05
8.31729e-08
-3.37115e-05
3.54207e-06
-3.09266e-05
6.48776e-06
-2.79927e-05
8.88632e-06
1.07695e-05
-2.50643e-05
-2.19046e-06
-3.28872e-05
-4.42393e-06
-3.30336e-05
-6.67561e-06
-3.27928e-05
-8.95439e-06
-3.24219e-05
-1.12664e-05
-3.19154e-05
-1.36169e-05
-3.12619e-05
-1.60057e-05
-3.04434e-05
-1.84321e-05
-2.94398e-05
-2.08848e-05
-2.82254e-05
-2.33403e-05
-2.67681e-05
-2.57589e-05
-2.50329e-05
-2.80789e-05
-2.29863e-05
-3.02091e-05
-2.05998e-05
-3.20198e-05
-1.78584e-05
-3.33527e-05
-1.47819e-05
-3.40608e-05
-1.14441e-05
-3.40584e-05
-7.9733e-06
-3.33468e-05
-4.52885e-06
-3.20165e-05
-1.24713e-06
-3.02032e-05
1.729e-06
-2.80655e-05
4.35048e-06
-2.5749e-05
6.57029e-06
8.39368e-06
-2.33725e-05
-2.05231e-06
-3.08353e-05
-4.14009e-06
-3.09463e-05
-6.24229e-06
-3.06909e-05
-8.36012e-06
-3.03033e-05
-1.04967e-05
-2.97796e-05
-1.26496e-05
-2.91088e-05
-1.48154e-05
-2.82769e-05
-1.69873e-05
-2.72684e-05
-1.91485e-05
-2.60642e-05
-2.12732e-05
-2.4643e-05
-2.33228e-05
-2.29834e-05
-2.52421e-05
-2.10671e-05
-2.69581e-05
-1.88837e-05
-2.83792e-05
-1.64372e-05
-2.94051e-05
-1.37559e-05
-2.99493e-05
-1.08999e-05
-2.99634e-05
-7.95927e-06
-2.94523e-05
-5.03974e-06
-2.8458e-05
-2.24121e-06
-2.70853e-05
3.56763e-07
-2.54242e-05
2.68988e-06
-2.35817e-05
4.72851e-06
6.46089e-06
-2.16481e-05
-1.9127e-06
-2.89222e-05
-3.85076e-06
-2.9008e-05
-5.79789e-06
-2.87434e-05
-7.75202e-06
-2.83489e-05
-9.71143e-06
-2.78207e-05
-1.16704e-05
-2.71489e-05
-1.36238e-05
-2.63239e-05
-1.55596e-05
-2.53333e-05
-1.74596e-05
-2.41639e-05
-1.92995e-05
-2.28031e-05
-2.10442e-05
-2.1239e-05
-2.26472e-05
-1.9464e-05
-2.40528e-05
-1.7478e-05
-2.51967e-05
-1.52933e-05
-2.6014e-05
-1.29386e-05
-2.64516e-05
-1.04621e-05
-2.64818e-05
-7.92888e-06
-2.61088e-05
-5.41241e-06
-2.53634e-05
-2.98614e-06
-2.4307e-05
-6.99158e-07
-2.30008e-05
1.38435e-06
-2.15244e-05
3.25289e-06
4.88276e-06
-1.99454e-05
-1.77297e-06
-2.71492e-05
-3.56164e-06
-2.72192e-05
-5.3528e-06
-2.69514e-05
-7.14394e-06
-2.65586e-05
-8.92874e-06
-2.60356e-05
-1.07022e-05
-2.53756e-05
-1.2456e-05
-2.45712e-05
-1.41759e-05
-2.36134e-05
-1.58452e-05
-2.24944e-05
-1.74413e-05
-2.12073e-05
-1.89338e-05
-1.9747e-05
-2.02854e-05
-1.81123e-05
-2.14542e-05
-1.63091e-05
-2.23951e-05
-1.43524e-05
-2.3065e-05
-1.22687e-05
-2.34307e-05
-1.00962e-05
-2.34758e-05
-7.88353e-06
-2.32037e-05
-5.68416e-06
-2.26387e-05
-3.55081e-06
-2.18099e-05
-1.5274e-06
-2.07788e-05
3.53942e-07
-1.95889e-05
2.06368e-06
3.58927e-06
-1.82947e-05
-1.63343e-06
-2.55156e-05
-3.27464e-06
-2.55775e-05
-4.91314e-06
-2.53132e-05
-6.544e-06
-2.49283e-05
-8.16108e-06
-2.44181e-05
-9.75904e-06
-2.37786e-05
-1.1327e-05
-2.30038e-05
-1.28519e-05
-2.20883e-05
-1.43183e-05
-2.10283e-05
-1.57057e-05
-1.98206e-05
-1.69887e-05
-1.84645e-05
-1.81382e-05
-1.69628e-05
-1.91228e-05
-1.53245e-05
-1.99105e-05
-1.35648e-05
-2.04722e-05
-1.1707e-05
-2.07864e-05
-9.78191e-06
-2.08431e-05
-7.82667e-06
-2.06457e-05
-5.88135e-06
-2.0211e-05
-3.98519e-06
-1.95638e-05
-2.17418e-06
-1.87415e-05
-4.67814e-07
-1.77761e-05
1.09878e-06
2.5249e-06
-1.67114e-05
-1.49458e-06
-2.40211e-05
-2.99185e-06
-2.40799e-05
-4.48171e-06
-2.38241e-05
-5.95788e-06
-2.34517e-05
-7.41618e-06
-2.29602e-05
-8.84912e-06
-2.23466e-05
-1.0246e-05
-2.16069e-05
-1.15958e-05
-2.0739e-05
-1.28837e-05
-1.97414e-05
-1.40917e-05
-1.86133e-05
-1.51993e-05
-1.73571e-05
-1.6184e-05
-1.59782e-05
-1.70223e-05
-1.44863e-05
-1.76911e-05
-1.28962e-05
-1.81704e-05
-1.12279e-05
-1.8446e-05
-9.50636e-06
-1.85119e-05
-7.76074e-06
-1.83713e-05
-6.02184e-06
-1.80362e-05
-4.32006e-06
-1.7527e-05
-2.68309e-06
-1.68619e-05
-1.13261e-06
-1.60791e-05
3.16139e-07
1.64712e-06
-1.52012e-05
-1.35721e-06
-2.26635e-05
-2.71487e-06
-2.27227e-05
-4.0606e-06
-2.24783e-05
-5.39018e-06
-2.2122e-05
-6.6987e-06
-2.16526e-05
-7.97775e-06
-2.10679e-05
-9.21849e-06
-2.03664e-05
-1.04108e-05
-1.95478e-05
-1.15409e-05
-1.8612e-05
-1.25938e-05
-1.75607e-05
-1.35532e-05
-1.63978e-05
-1.44016e-05
-1.513e-05
-1.51212e-05
-1.37672e-05
-1.5695e-05
-1.23227e-05
-1.61091e-05
-1.08139e-05
-1.63542e-05
-9.26139e-06
-1.64264e-05
-7.68853e-06
-1.63286e-05
-6.11967e-06
-1.60697e-05
-4.57881e-06
-1.56646e-05
-3.088e-06
-1.51306e-05
-1.66662e-06
-1.44915e-05
-3.22886e-07
9.20803e-07
-1.37652e-05
-1.22301e-06
-2.14405e-05
-2.44489e-06
-2.15013e-05
-3.65297e-06
-2.12699e-05
-4.84398e-06
-2.09317e-05
-6.01146e-06
-2.04857e-05
-7.14816e-06
-1.99311e-05
-8.24648e-06
-1.92685e-05
-9.29667e-06
-1.84985e-05
-1.02868e-05
-1.76222e-05
-1.12047e-05
-1.66428e-05
-1.20374e-05
-1.55653e-05
-1.2771e-05
-1.43968e-05
-1.33919e-05
-1.31466e-05
-1.38876e-05
-1.1827e-05
-1.42485e-05
-1.0453e-05
-1.4468e-05
-9.04189e-06
-1.4544e-05
-7.61265e-06
-1.44787e-05
-6.18497e-06
-1.42793e-05
-4.77818e-06
-1.39569e-05
-3.41034e-06
-1.35263e-05
-2.09724e-06
-1.29989e-05
-8.50408e-07
3.21784e-07
-1.23999e-05
-1.09303e-06
-2.03479e-05
-2.18375e-06
-2.04101e-05
-3.26133e-06
-2.01925e-05
-4.32087e-06
-1.98725e-05
-5.35632e-06
-1.945e-05
-6.36172e-06
-1.89259e-05
-7.32961e-06
-1.83012e-05
-8.25108e-06
-1.75773e-05
-9.11649e-06
-1.67567e-05
-9.91584e-06
-1.58435e-05
-1.06386e-05
-1.48429e-05
-1.12737e-05
-1.3762e-05
-1.18107e-05
-1.26096e-05
-1.22406e-05
-1.1397e-05
-1.25563e-05
-1.01372e-05
-1.27535e-05
-8.84483e-06
-1.28306e-05
-7.53566e-06
-1.27897e-05
-6.22589e-06
-1.26364e-05
-4.93148e-06
-1.23793e-05
-3.66745e-06
-1.20294e-05
-2.44714e-06
-1.1598e-05
-1.28194e-06
-1.73218e-07
-1.11032e-05
-9.67643e-07
-1.93801e-05
-1.93339e-06
-1.94438e-05
-2.88674e-06
-1.92394e-05
-3.82192e-06
-1.89369e-05
-4.73426e-06
-1.85375e-05
-5.61798e-06
-1.80427e-05
-6.4658e-06
-1.74537e-05
-7.27028e-06
-1.67727e-05
-8.02372e-06
-1.60033e-05
-8.71777e-06
-1.51496e-05
-9.34364e-06
-1.42173e-05
-9.89266e-06
-1.32129e-05
-1.03569e-05
-1.21452e-05
-1.07298e-05
-1.1024e-05
-1.10062e-05
-9.86094e-06
-1.11827e-05
-8.66846e-06
-1.12587e-05
-7.45987e-06
-1.12358e-05
-6.24879e-06
-1.11186e-05
-5.04865e-06
-1.09139e-05
-3.87215e-06
-1.06304e-05
-2.73077e-06
-1.02784e-05
-1.63411e-06
-5.87947e-07
-9.86404e-06
-8.47705e-07
-1.85319e-05
-1.69465e-06
-1.8597e-05
-2.52958e-06
-1.84044e-05
-3.34771e-06
-1.81185e-05
-4.14481e-06
-1.77409e-05
-4.91495e-06
-1.72729e-05
-5.65183e-06
-1.67166e-05
-6.34947e-06
-1.60749e-05
-7.00147e-06
-1.53515e-05
-7.60068e-06
-1.45507e-05
-8.13993e-06
-1.36781e-05
-8.61253e-06
-1.27402e-05
-9.01252e-06
-1.17451e-05
-9.33487e-06
-1.07018e-05
-9.5757e-06
-9.62039e-06
-9.73268e-06
-8.51176e-06
-9.80537e-06
-7.38735e-06
-9.79537e-06
-6.25885e-06
-9.70627e-06
-5.13779e-06
-9.54344e-06
-4.03508e-06
-9.31371e-06
-2.96071e-06
-9.02493e-06
-1.92319e-06
-9.2888e-07
-8.68433e-06
-7.33844e-07
-1.77981e-05
-1.46728e-06
-1.78638e-05
-2.18983e-06
-1.76818e-05
-2.89759e-06
-1.74109e-05
-3.58598e-06
-1.70527e-05
-4.24973e-06
-1.6609e-05
-4.88377e-06
-1.60822e-05
-5.48308e-06
-1.54756e-05
-6.04209e-06
-1.47928e-05
-6.55482e-06
-1.40382e-05
-7.01561e-06
-1.32173e-05
-7.41933e-06
-1.23365e-05
-7.7614e-06
-1.14032e-05
-8.03791e-06
-1.04256e-05
-8.24591e-06
-9.41276e-06
-8.38377e-06
-8.37419e-06
-8.45137e-06
-7.31997e-06
-8.4501e-06
-6.26031e-06
-8.38284e-06
-5.20526e-06
-8.25383e-06
-4.16435e-06
-8.06846e-06
-3.14636e-06
-7.83295e-06
-2.15898e-06
-1.20818e-06
-7.55391e-06
-6.25572e-07
-1.71728e-05
-1.25064e-06
-1.72386e-05
-1.86666e-06
-1.70658e-05
-2.4696e-06
-1.6808e-05
-3.05511e-06
-1.64669e-05
-3.61901e-06
-1.60447e-05
-4.15715e-06
-1.5544e-05
-4.66501e-06
-1.49679e-05
-5.13779e-06
-1.43202e-05
-5.57077e-06
-1.36053e-05
-5.95961e-06
-1.28284e-05
-6.30029e-06
-1.1996e-05
-6.5892e-06
-1.11146e-05
-6.82325e-06
-1.0192e-05
-7.0003e-06
-9.23606e-06
-7.11926e-06
-8.25551e-06
-7.18019e-06
-7.25933e-06
-7.1843e-06
-6.25656e-06
-7.13385e-06
-5.25608e-06
-7.03219e-06
-4.26635e-06
-6.8836e-06
-3.29521e-06
-6.69308e-06
-2.34967e-06
-1.43522e-06
-6.46617e-06
-5.2206e-07
-1.66507e-05
-1.04396e-06
-1.67165e-05
-1.55838e-06
-1.65514e-05
-2.06136e-06
-1.63047e-05
-2.54938e-06
-1.59785e-05
-3.01914e-06
-1.55748e-05
-3.46693e-06
-1.50964e-05
-3.88877e-06
-1.45463e-05
-4.28084e-06
-1.39281e-05
-4.63956e-06
-1.32465e-05
-4.96158e-06
-1.25066e-05
-5.24367e-06
-1.17143e-05
-5.48293e-06
-1.08758e-05
-5.67702e-06
-9.99822e-06
-5.82444e-06
-9.08888e-06
-5.92453e-06
-8.1557e-06
-5.97746e-06
-7.20679e-06
-5.98418e-06
-6.25031e-06
-5.94649e-06
-5.29423e-06
-5.86699e-06
-4.34616e-06
-5.74908e-06
-3.41328e-06
-5.59673e-06
-2.50209e-06
-1.61777e-06
-5.41423e-06
-4.22819e-07
-1.62276e-05
-8.46015e-07
-1.62932e-05
-1.26293e-06
-1.61343e-05
-1.67038e-06
-1.58969e-05
-2.06564e-06
-1.5583e-05
-2.44578e-06
-1.51948e-05
-2.80757e-06
-1.47347e-05
-3.14783e-06
-1.42058e-05
-3.46372e-06
-1.3612e-05
-3.75257e-06
-1.29577e-05
-4.01171e-06
-1.22478e-05
-4.23853e-06
-1.14879e-05
-4.43075e-06
-1.0684e-05
-4.58673e-06
-9.84241e-06
-4.70547e-06
-8.97026e-06
-4.78662e-06
-8.07479e-06
-4.83037e-06
-7.16346e-06
-4.83745e-06
-6.24371e-06
-4.80927e-06
-5.32281e-06
-4.74786e-06
-4.40781e-06
-4.6559e-06
-3.50535e-06
-4.53652e-06
-2.62151e-06
-1.76134e-06
-4.39303e-06
-3.27263e-07
-1.59002e-05
-6.55275e-07
-1.59651e-05
-9.78392e-07
-1.58109e-05
-1.29425e-06
-1.55808e-05
-1.60047e-06
-1.52768e-05
-1.8945e-06
-1.49007e-05
-2.1738e-06
-1.44551e-05
-2.43613e-06
-1.39431e-05
-2.67948e-06
-1.33685e-05
-2.90179e-06
-1.27357e-05
-3.10092e-06
-1.20492e-05
-3.27485e-06
-1.13145e-05
-3.42195e-06
-1.0537e-05
-3.54114e-06
-9.72319e-06
-3.63184e-06
-8.87956e-06
-3.69388e-06
-8.01295e-06
-3.72742e-06
-7.13029e-06
-3.73304e-06
-6.23849e-06
-3.71181e-06
-5.34436e-06
-3.66533e-06
-4.45449e-06
-3.59565e-06
-3.57513e-06
-3.50519e-06
-2.71207e-06
-1.87021e-06
-3.39645e-06
-2.33895e-07
-1.56663e-05
-4.7037e-07
-1.57283e-05
-7.03411e-07
-1.55775e-05
-9.31024e-07
-1.53531e-05
-1.15121e-06
-1.50565e-05
-1.36205e-06
-1.46896e-05
-1.5619e-06
-1.42549e-05
-1.7493e-06
-1.37555e-05
-1.92284e-06
-1.31952e-05
-2.08097e-06
-1.25781e-05
-2.22207e-06
-1.19087e-05
-2.34475e-06
-1.1192e-05
-2.448e-06
-1.04337e-05
-2.53122e-06
-9.63981e-06
-2.59411e-06
-8.81662e-06
-2.63662e-06
-7.97059e-06
-2.65891e-06
-7.10829e-06
-2.66145e-06
-6.23626e-06
-2.64505e-06
-5.361e-06
-2.61092e-06
-4.48878e-06
-2.5606e-06
-3.62559e-06
-2.49587e-06
-2.77696e-06
-1.94764e-06
-2.41861e-06
-1.3918e-07
-1.55269e-05
-2.87426e-07
-1.55797e-05
-4.32519e-07
-1.54323e-05
-5.73325e-07
-1.52122e-05
-7.08855e-07
-1.49208e-05
-8.38154e-07
-1.456e-05
-9.60378e-07
-1.41324e-05
-1.07469e-06
-1.36413e-05
-1.18015e-06
-1.30902e-05
-1.27571e-06
-1.2483e-05
-1.36037e-06
-1.18243e-05
-1.43335e-06
-1.1119e-05
-1.49415e-06
-1.03727e-05
-1.54248e-06
-9.5913e-06
-1.57826e-06
-8.78082e-06
-1.60149e-06
-7.9475e-06
-1.61232e-06
-7.09766e-06
-1.61113e-06
-6.23766e-06
-1.59851e-06
-5.37379e-06
-1.57527e-06
-4.51216e-06
-1.54246e-06
-3.65854e-06
-1.50125e-06
-2.81831e-06
-1.99616e-06
-1.45284e-06
-4.04618e-08
-9.64812e-08
-1.47804e-07
-1.96558e-07
-2.43132e-07
-2.87447e-07
-3.29302e-07
-3.68407e-07
-4.04391e-07
-4.36855e-07
-4.65454e-07
-4.89939e-07
-5.1016e-07
-5.26032e-07
-5.37513e-07
-5.44602e-07
-5.47356e-07
-5.45917e-07
-5.40516e-07
-5.31468e-07
-5.19161e-07
-5.04035e-07
-4.8653e-07
5.58029e-05
5.93678e-05
5.32234e-05
2.57871e-06
5.89778e-05
-5.75511e-06
-3.36374e-06
6.23408e-05
0.000105436
6.71544e-05
8.74965e-05
2.05173e-05
7.2647e-05
9.09419e-06
6.62186e-06
6.26614e-05
9.58728e-05
6.43764e-05
8.06785e-05
3.57104e-05
6.67595e-05
2.30133e-05
1.65071e-05
5.68742e-05
7.46999e-05
6.19216e-05
6.67469e-05
4.36631e-05
5.79538e-05
3.18062e-05
2.40022e-05
5.04581e-05
5.85544e-05
5.9884e-05
5.51117e-05
4.71061e-05
4.99108e-05
3.70073e-05
2.94146e-05
4.44981e-05
4.75559e-05
5.81587e-05
4.60221e-05
4.864e-05
4.27819e-05
4.0248e-05
3.33135e-05
3.88832e-05
3.93481e-05
5.69579e-05
3.8531e-05
4.94565e-05
3.64099e-05
4.23681e-05
3.61149e-05
3.36083e-05
3.27151e-05
5.63149e-05
3.21546e-05
5.00164e-05
3.06985e-05
4.38236e-05
3.81306e-05
2.86826e-05
2.70663e-05
5.61784e-05
2.65623e-05
5.05195e-05
2.5512e-05
4.48735e-05
3.95759e-05
2.40669e-05
2.19648e-05
5.64912e-05
2.14511e-05
5.1033e-05
2.06863e-05
4.56385e-05
4.05721e-05
1.96901e-05
1.70212e-05
5.71354e-05
1.65508e-05
5.15037e-05
1.6065e-05
4.61245e-05
4.11585e-05
1.54786e-05
1.19117e-05
5.785e-05
1.16517e-05
5.17637e-05
1.15278e-05
4.62484e-05
4.13098e-05
1.13763e-05
6.36226e-06
5.81574e-05
6.60815e-06
5.15178e-05
7.00482e-06
4.58517e-05
4.09544e-05
7.3601e-06
2.73743e-07
5.7346e-05
1.39734e-06
5.03943e-05
2.50247e-06
4.47466e-05
4.0005e-05
3.45166e-06
-6.15665e-06
5.46131e-05
-3.81235e-06
4.80503e-05
-1.86576e-06
4.28e-05
3.84365e-05
-2.97431e-07
-1.23422e-05
4.97192e-05
-8.6976e-06
4.44059e-05
-5.89107e-06
3.99934e-05
3.6237e-05
-3.69169e-06
-1.73854e-05
4.34742e-05
-1.28183e-05
3.9839e-05
-9.35917e-06
3.65342e-05
3.35549e-05
-6.67703e-06
-2.07808e-05
3.70253e-05
-1.58839e-05
3.49422e-05
-1.20979e-05
3.27483e-05
3.05827e-05
-9.12558e-06
-2.26623e-05
3.10405e-05
-1.78898e-05
3.01699e-05
-1.40729e-05
2.89315e-05
2.75158e-05
-1.10059e-05
-2.34141e-05
2.57459e-05
-1.90036e-05
2.57596e-05
-1.53532e-05
2.52812e-05
2.45041e-05
-1.23413e-05
-2.33682e-05
2.11896e-05
-1.94223e-05
2.1814e-05
-1.60501e-05
2.19092e-05
2.16478e-05
-1.31936e-05
-2.27778e-05
1.7336e-05
-1.93222e-05
1.83588e-05
-1.62806e-05
1.88679e-05
1.9006e-05
-1.36384e-05
-2.18356e-05
1.41078e-05
-1.88506e-05
1.53744e-05
-1.61521e-05
1.617e-05
1.66068e-05
-1.37523e-05
-2.06799e-05
1.1416e-05
-1.81234e-05
1.28186e-05
-1.57563e-05
1.38037e-05
1.44565e-05
-1.36054e-05
-1.94063e-05
9.17517e-06
-1.72278e-05
1.0641e-05
-1.51676e-05
1.17442e-05
1.25481e-05
-1.32585e-05
-1.80787e-05
7.30929e-06
-1.62277e-05
8.7908e-06
-1.44438e-05
9.96101e-06
1.08663e-05
-1.27616e-05
-1.67387e-05
5.75387e-06
-1.51682e-05
7.22093e-06
-1.36293e-05
8.42262e-06
9.39243e-06
-1.21549e-05
-1.54124e-05
4.45531e-06
-1.4081e-05
5.88989e-06
-1.27568e-05
7.09889e-06
8.10618e-06
-1.14701e-05
-1.41156e-05
3.36989e-06
-1.29873e-05
4.76189e-06
-1.18503e-05
5.96225e-06
6.98769e-06
-1.07315e-05
-1.28569e-05
2.46161e-06
-1.19013e-05
3.80646e-06
-1.0927e-05
4.98815e-06
6.01826e-06
-9.95754e-06
-1.16403e-05
1.7019e-06
-1.08319e-05
2.99804e-06
-9.99906e-06
4.15521e-06
5.18091e-06
-9.16185e-06
-1.04672e-05
1.06562e-06
-9.7844e-06
2.31501e-06
-9.07448e-06
3.44502e-06
4.46056e-06
-8.3544e-06
-9.33552e-06
5.36752e-07
-8.76108e-06
1.74021e-06
-8.15847e-06
2.84206e-06
3.84404e-06
-7.54224e-06
-8.24471e-06
9.67763e-08
-7.7629e-06
1.25805e-06
-7.25412e-06
2.33297e-06
3.31988e-06
-6.73022e-06
-7.1893e-06
-2.68099e-07
-6.78876e-06
8.57262e-07
-6.36282e-06
1.90679e-06
2.87833e-06
-5.92145e-06
-6.16651e-06
-5.67905e-07
-5.83726e-06
5.27852e-07
-5.48488e-06
1.55424e-06
2.51107e-06
-5.11775e-06
-5.17296e-06
-8.09275e-07
-4.90638e-06
2.61153e-07
-4.61975e-06
1.26749e-06
2.2112e-06
-4.31993e-06
-4.20296e-06
-9.9946e-07
-3.99305e-06
5.11284e-08
-3.76601e-06
1.04038e-06
1.97316e-06
-3.52796e-06
-3.25247e-06
-1.14359e-06
-3.0936e-06
-1.07853e-07
-2.92168e-06
8.68452e-07
1.79282e-06
-2.74125e-06
-2.31743e-06
-1.24491e-06
-2.20387e-06
-2.21467e-07
-2.08449e-06
7.49129e-07
1.66735e-06
-1.95888e-06
-1.39063e-06
-1.3072e-06
-1.3224e-06
-2.8968e-07
-1.25247e-06
6.79292e-07
1.59486e-06
-1.17984e-06
-4.64973e-07
-4.42715e-07
-4.21949e-07
-3.99477e-07
3.95694e-05
-2.29112e-05
2.63115e-05
-1.69818e-05
1.94306e-05
-6.68581e-06
1.56457e-05
-9.33288e-07
1.31064e-05
2.57995e-06
1.11138e-05
4.75515e-06
9.51322e-06
6.13605e-06
8.18182e-06
7.01313e-06
7.04668e-06
7.56482e-06
6.05834e-06
7.9033e-06
5.18154e-06
8.10129e-06
4.39e-06
8.20707e-06
3.66371e-06
8.25345e-06
2.98737e-06
8.26333e-06
2.34902e-06
8.25296e-06
1.73879e-06
8.23373e-06
1.14825e-06
8.21337e-06
5.70141e-07
8.19702e-06
8.16457e-06
4.19493e-05
-2.19948e-06
2.87221e-05
-3.75487e-06
2.15331e-05
5.03486e-07
1.70286e-05
3.57128e-06
1.3942e-05
5.66691e-06
1.16445e-05
7.05292e-06
9.8494e-06
7.93144e-06
8.39315e-06
8.46948e-06
7.17638e-06
8.78168e-06
6.13429e-06
8.94561e-06
5.2222e-06
9.01369e-06
4.40793e-06
9.02153e-06
3.66766e-06
8.99365e-06
2.98356e-06
8.9473e-06
2.34179e-06
8.89473e-06
1.7311e-06
8.84444e-06
1.14208e-06
8.8022e-06
5.66756e-07
8.77191e-06
8.7311e-06
4.11029e-05
1.35722e-05
2.969e-05
7.65783e-06
2.25894e-05
7.6041e-06
1.78262e-05
8.33473e-06
1.44683e-05
9.02522e-06
1.19803e-05
9.54131e-06
1.00556e-05
9.85632e-06
8.51311e-06
1.00119e-05
7.2397e-06
1.00551e-05
6.16094e-06
1.00245e-05
5.22578e-06
9.94907e-06
4.39778e-06
9.84961e-06
3.65039e-06
9.74093e-06
2.96383e-06
9.63373e-06
2.32286e-06
9.53568e-06
1.71518e-06
9.45206e-06
1.13067e-06
9.38645e-06
5.60844e-07
9.34134e-06
9.29178e-06
3.88858e-05
2.5145e-05
2.93798e-05
1.71642e-05
2.27563e-05
1.42278e-05
1.80688e-05
1.30228e-05
1.46572e-05
1.24372e-05
1.20982e-05
1.21005e-05
1.01147e-05
1.18397e-05
8.53003e-06
1.15964e-05
7.22867e-06
1.13564e-05
6.13284e-06
1.11205e-05
5.18844e-06
1.08936e-05
4.35684e-06
1.06812e-05
3.60993e-06
1.04876e-05
2.92679e-06
1.03167e-05
2.29125e-06
1.01711e-05
1.69037e-06
1.00528e-05
1.11364e-06
9.9629e-06
5.52213e-07
9.90245e-06
9.84393e-06
3.5793e-05
3.38501e-05
2.80738e-05
2.48835e-05
2.21967e-05
2.01051e-05
1.78145e-05
1.74056e-05
1.45165e-05
1.57356e-05
1.19941e-05
1.46231e-05
1.00205e-05
1.38131e-05
8.43839e-06
1.31784e-05
7.13908e-06
1.26557e-05
6.04685e-06
1.22129e-05
5.10793e-06
1.18327e-05
4.2835e-06
1.15054e-05
3.54516e-06
1.12256e-05
2.87162e-06
1.099e-05
2.24639e-06
1.07962e-05
1.65631e-06
1.06427e-05
1.09075e-06
1.05282e-05
5.40765e-07
1.04523e-05
1.03847e-05
3.22971e-05
4.0436e-05
2.61243e-05
3.10563e-05
2.10869e-05
2.51428e-05
1.71443e-05
2.13487e-05
1.40775e-05
1.88027e-05
1.16789e-05
1.70217e-05
9.7761e-06
1.57158e-05
8.23843e-06
1.47161e-05
6.97028e-06
1.39241e-05
5.90221e-06
1.32812e-05
4.98357e-06
1.27513e-05
4.17723e-06
1.23114e-05
3.45568e-06
1.19468e-05
2.79806e-06
1.16474e-05
2.1881e-06
1.1406e-05
1.61289e-06
1.12177e-05
1.06196e-06
1.1079e-05
5.26462e-07
1.09877e-05
1.09113e-05
2.8652e-05
4.53921e-05
2.37803e-05
3.59281e-05
1.95778e-05
2.93459e-05
1.61422e-05
2.47847e-05
1.33832e-05
2.15618e-05
1.11738e-05
1.9231e-05
9.39184e-06
1.74979e-05
7.93534e-06
1.61727e-05
6.72493e-06
1.51347e-05
5.70032e-06
1.43059e-05
4.81618e-06
1.36352e-05
4.03855e-06
1.30887e-05
3.34183e-06
1.26432e-05
2.70632e-06
1.22827e-05
2.11655e-06
1.19956e-05
1.56022e-06
1.17738e-05
1.02732e-06
1.16118e-05
5.0933e-07
1.15058e-05
1.14207e-05
2.49877e-05
4.90871e-05
2.12062e-05
3.97099e-05
1.77906e-05
3.2762e-05
1.48861e-05
2.76894e-05
1.24801e-05
2.39677e-05
1.05058e-05
2.12054e-05
8.88322e-06
1.91206e-05
7.53817e-06
1.7518e-05
6.40848e-06
1.62646e-05
5.44462e-06
1.52698e-05
4.608e-06
1.44717e-05
3.86897e-06
1.38274e-05
3.20465e-06
1.33073e-05
2.59712e-06
1.289e-05
2.03223e-06
1.25603e-05
1.49864e-06
1.23072e-05
9.87056e-07
1.21233e-05
4.89463e-07
1.20035e-05
1.19102e-05
2.13688e-05
5.17854e-05
1.85103e-05
4.25687e-05
1.58198e-05
3.54526e-05
1.34444e-05
3.00646e-05
1.1414e-05
2.59981e-05
9.70412e-06
2.29154e-05
8.26885e-06
2.05561e-05
7.05875e-06
1.87284e-05
6.02861e-06
1.7295e-05
5.14019e-06
1.61582e-05
4.3625e-06
1.52492e-05
3.67087e-06
1.45189e-05
3.04578e-06
1.39323e-05
2.47164e-06
1.3464e-05
1.93597e-06
1.30957e-05
1.42872e-06
1.28143e-05
9.41495e-07
1.26105e-05
4.67022e-07
1.2478e-05
1.23773e-05
1.78202e-05
5.36555e-05
1.57623e-05
4.46266e-05
1.37375e-05
3.74773e-05
1.18757e-05
3.19262e-05
1.02279e-05
2.76459e-05
8.79858e-06
2.43449e-05
7.5689e-06
2.1786e-05
6.51072e-06
1.97869e-05
5.59458e-06
1.82113e-05
4.79343e-06
1.69594e-05
4.08411e-06
1.59585e-05
3.44738e-06
1.51556e-05
2.86745e-06
1.45122e-05
2.33144e-06
1.39999e-05
1.82888e-06
1.35981e-05
1.35119e-06
1.32919e-05
8.91107e-07
1.30706e-05
4.42233e-07
1.2927e-05
1.28196e-05
1.43487e-05
5.47853e-05
1.30091e-05
4.59659e-05
1.15995e-05
3.88864e-05
1.02294e-05
3.32961e-05
8.96051e-06
2.89149e-05
7.81794e-06
2.54877e-05
6.80398e-06
2.28002e-05
5.90865e-06
2.06825e-05
5.11667e-06
1.90035e-05
4.41162e-06
1.76646e-05
3.77803e-06
1.65921e-05
3.20219e-06
1.57315e-05
2.67231e-06
1.50421e-05
2.17844e-06
1.44936e-05
1.71232e-06
1.40641e-05
1.267e-06
1.37371e-05
8.36467e-07
1.35012e-05
4.15377e-07
1.33481e-05
1.3235e-05
1.09594e-05
5.52019e-05
1.02871e-05
4.66378e-05
9.45101e-06
3.97222e-05
8.54787e-06
3.41991e-05
7.64697e-06
2.98159e-05
6.78933e-06
2.63455e-05
5.99436e-06
2.35954e-05
5.26738e-06
2.14097e-05
4.60567e-06
1.96653e-05
4.00256e-06
1.82678e-05
3.44992e-06
1.71449e-05
2.93944e-06
1.62421e-05
2.46338e-06
1.55181e-05
2.01484e-06
1.49421e-05
1.58785e-06
1.4491e-05
1.1772e-06
1.41478e-05
7.78242e-07
1.39003e-05
3.86775e-07
1.37397e-05
1.36218e-05
7.66697e-06
5.48947e-05
7.63022e-06
4.66741e-05
7.33118e-06
4.0021e-05
6.86782e-06
3.46625e-05
6.31859e-06
3.03652e-05
5.73789e-06
2.69263e-05
5.15938e-06
2.41741e-05
4.60149e-06
2.19676e-05
4.07245e-06
2.01944e-05
3.57433e-06
1.8766e-05
3.10574e-06
1.76137e-05
2.66354e-06
1.66844e-05
2.24391e-06
1.59378e-05
1.84301e-06
1.5343e-05
1.45717e-06
1.48768e-05
1.08297e-06
1.45221e-05
7.17164e-07
1.42663e-05
3.56781e-07
1.41003e-05
1.39787e-05
4.50057e-06
5.38454e-05
5.07409e-06
4.61003e-05
5.27603e-06
3.9819e-05
5.2222e-06
3.47164e-05
5.00333e-06
3.05841e-05
4.68636e-06
2.72433e-05
4.31702e-06
2.45434e-05
3.9249e-06
2.23597e-05
3.52763e-06
2.05917e-05
3.13496e-06
1.91588e-05
2.75154e-06
1.79973e-05
2.379e-06
1.70571e-05
2.01729e-06
1.62996e-05
1.66546e-06
1.56949e-05
1.3221e-06
1.52203e-05
9.85545e-07
1.4859e-05
6.54014e-07
1.45981e-05
3.2577e-07
1.44288e-05
1.43046e-05
1.49142e-06
5.20563e-05
2.65575e-06
4.49359e-05
3.31897e-06
3.91558e-05
3.64048e-06
3.43949e-05
3.72624e-06
3.04983e-05
3.65527e-06
2.73142e-05
3.48364e-06
2.47148e-05
3.25047e-06
2.25927e-05
2.98124e-06
2.08609e-05
2.69216e-06
1.9448e-05
2.39321e-06
1.82964e-05
2.09033e-06
1.73601e-05
1.78691e-06
1.66031e-05
1.48472e-06
1.59972e-05
1.18447e-06
1.55209e-05
8.86211e-07
1.51575e-05
5.89593e-07
1.4895e-05
2.94126e-07
1.47245e-05
1.45989e-05
-1.25238e-06
4.96169e-05
3.80716e-07
4.33029e-05
1.4889e-06
3.80477e-05
2.1478e-06
3.3736e-05
2.50907e-06
3.01369e-05
2.66278e-06
2.71602e-05
2.6739e-06
2.47034e-05
2.58994e-06
2.26764e-05
2.44252e-06
2.10082e-05
2.25317e-06
1.96374e-05
2.03638e-06
1.85133e-05
1.80187e-06
1.75947e-05
1.5561e-06
1.68489e-05
1.30329e-06
1.62502e-05
1.04611e-06
1.57784e-05
7.86238e-07
1.54178e-05
5.24711e-07
1.51568e-05
2.62238e-07
1.49872e-05
1.48612e-05
-3.6684e-06
4.66084e-05
-1.59188e-06
4.12264e-05
-1.9687e-07
3.66527e-05
7.61421e-07
3.27776e-05
1.36952e-06
2.95287e-05
1.72435e-06
2.68051e-05
1.90045e-06
2.4527e-05
1.95369e-06
2.2623e-05
1.91985e-06
2.1042e-05
1.82465e-06
1.97326e-05
1.68628e-06
1.86516e-05
1.5177e-06
1.77632e-05
1.328e-06
1.70387e-05
1.12355e-06
1.64549e-05
9.0878e-07
1.59935e-05
6.86868e-07
1.564e-05
4.60156e-07
1.53838e-05
2.30489e-07
1.52171e-05
1.50917e-05
-5.73477e-06
4.32177e-05
-3.33628e-06
3.8828e-05
-1.64904e-06
3.49655e-05
-4.84199e-07
3.16128e-05
3.12369e-07
2.8732e-05
8.52004e-07
2.62652e-05
1.17342e-06
2.42054e-05
1.35053e-06
2.24458e-05
1.42053e-06
2.0972e-05
1.41254e-06
1.97406e-05
1.34767e-06
1.87164e-05
1.2416e-06
1.78692e-05
1.10558e-06
1.71748e-05
9.47758e-07
1.6613e-05
7.74159e-07
1.61674e-05
5.89292e-07
1.58252e-05
3.96689e-07
1.55766e-05
1.99249e-07
1.54146e-05
1.5291e-05
-7.41456e-06
3.96264e-05
-4.8096e-06
3.62232e-05
-2.92546e-06
3.30816e-05
-1.57283e-06
3.02603e-05
-6.16723e-07
2.77758e-05
3.20078e-08
2.56164e-05
4.99624e-07
2.37376e-05
7.874e-07
2.21579e-05
9.5066e-07
2.08086e-05
1.02199e-06
1.96691e-05
1.02473e-06
1.87135e-05
9.76947e-07
1.7917e-05
8.91497e-07
1.72604e-05
7.77994e-07
1.67267e-05
6.43805e-07
1.63019e-05
4.9462e-07
1.59746e-05
3.35026e-07
1.57363e-05
1.68867e-07
1.55808e-05
1.54598e-05
-8.71053e-06
3.59957e-05
-6.00626e-06
3.35192e-05
-3.99856e-06
3.10741e-05
-2.51748e-06
2.87794e-05
-1.43461e-06
2.66931e-05
-6.52613e-07
2.48344e-05
-1.1157e-07
2.31967e-05
2.68216e-07
2.17781e-05
5.14933e-07
2.05618e-05
6.5727e-07
1.95265e-05
7.20967e-07
1.86496e-05
7.26648e-07
1.79112e-05
6.88119e-07
1.72991e-05
6.16099e-07
1.6799e-05
5.19124e-07
1.63991e-05
4.03862e-07
1.609e-05
2.75818e-07
1.58645e-05
1.39664e-07
1.5717e-05
1.55994e-05
-9.6479e-06
3.24503e-05
-6.93486e-06
3.08065e-05
-4.8705e-06
2.90102e-05
-3.31015e-06
2.72194e-05
-2.14027e-06
2.55235e-05
-1.27303e-06
2.39674e-05
-6.42669e-07
2.25665e-05
-1.95817e-07
2.13313e-05
1.12903e-07
2.02529e-05
3.21511e-07
1.93177e-05
4.39053e-07
1.85319e-05
4.93119e-07
1.78572e-05
4.97467e-07
1.72949e-05
4.63669e-07
1.68331e-05
4.01347e-07
1.64617e-05
3.1791e-07
1.61736e-05
2.19644e-07
1.59627e-05
1.11926e-07
1.58246e-05
1.57112e-05
-1.02652e-05
2.90776e-05
-7.61441e-06
2.81563e-05
-5.54946e-06
2.69457e-05
-3.95379e-06
2.56241e-05
-2.73108e-06
2.43012e-05
-1.80345e-06
2.30401e-05
-1.11089e-06
2.18741e-05
-6.01788e-07
2.08222e-05
-2.37855e-07
1.98888e-05
6.92805e-09
1.90727e-05
1.8039e-07
1.83584e-05
2.78155e-07
1.77596e-05
3.21191e-07
1.72522e-05
3.22011e-07
1.68327e-05
2.91521e-07
1.64925e-05
2.37522e-07
1.62278e-05
1.67005e-07
1.60332e-05
8.58981e-08
1.59055e-05
1.57969e-05
-1.06064e-05
2.59322e-05
-8.06986e-06
2.56202e-05
-6.04899e-06
2.49253e-05
-4.45497e-06
2.40306e-05
-3.20935e-06
2.3056e-05
-2.24566e-06
2.20767e-05
-1.50968e-06
2.11382e-05
-9.55538e-07
2.0268e-05
-5.46075e-07
1.94792e-05
-2.50632e-07
1.87772e-05
-5.09144e-08
1.81587e-05
8.21777e-08
1.76268e-05
1.60423e-07
1.71743e-05
1.92081e-07
1.68014e-05
1.9048e-07
1.64944e-05
1.6331e-07
1.62551e-05
1.18312e-07
1.60781e-05
6.17845e-08
1.59618e-05
1.58585e-05
-1.07162e-05
2.30435e-05
-8.32874e-06
2.32333e-05
-6.38566e-06
2.29826e-05
-4.82324e-06
2.24686e-05
-3.58013e-06
2.18132e-05
-2.60136e-06
2.10982e-05
-1.83973e-06
2.03766e-05
-1.25459e-06
1.96828e-05
-8.12152e-07
1.90366e-05
-4.84284e-07
1.84493e-05
-2.49898e-07
1.79245e-05
-8.91057e-08
1.74663e-05
1.21805e-08
1.70734e-05
7.42247e-08
1.67397e-05
9.87361e-08
1.64701e-05
9.57052e-08
1.62582e-05
7.38799e-08
1.60998e-05
3.97364e-08
1.59956e-05
1.58981e-05
-1.06361e-05
2.04216e-05
-8.41876e-06
2.10163e-05
-6.57743e-06
2.11417e-05
-5.06987e-06
2.09613e-05
-3.85025e-06
2.05938e-05
-2.87448e-06
2.01226e-05
-2.10269e-06
1.96049e-05
-1.49958e-06
1.90796e-05
-1.03489e-06
1.8572e-05
-6.82975e-07
1.80975e-05
-4.23319e-07
1.76651e-05
-2.37013e-07
1.72804e-05
-1.09193e-07
1.6946e-05
-2.93729e-08
1.66603e-05
1.52351e-08
1.64258e-05
3.48096e-08
1.62387e-05
3.38482e-08
1.61006e-05
1.98202e-08
1.60093e-05
1.59177e-05
-1.04034e-05
1.80639e-05
-8.36625e-06
1.89795e-05
-6.64241e-06
1.94181e-05
-5.207e-06
1.9526e-05
-4.02758e-06
1.94145e-05
-3.07e-06
1.9165e-05
-2.30147e-06
1.88364e-05
-1.69194e-06
1.84702e-05
-1.21477e-06
1.80949e-05
-8.46888e-07
1.77299e-05
-5.68828e-07
1.73874e-05
-3.63768e-07
1.70757e-05
-2.16857e-07
1.67995e-05
-1.17247e-07
1.6561e-05
-5.36696e-08
1.63624e-05
-1.81097e-08
1.62031e-05
-2.07351e-09
1.60844e-05
1.68196e-09
1.60053e-05
1.59193e-05
-1.005e-05
1.59593e-05
-8.19526e-06
1.7125e-05
-6.59802e-06
1.78209e-05
-5.2469e-06
1.81749e-05
-4.12059e-06
1.82881e-05
-3.19361e-06
1.82381e-05
-2.43976e-06
1.80826e-05
-1.83392e-06
1.78645e-05
-1.35306e-06
1.76144e-05
-9.76692e-07
1.73538e-05
-6.86965e-07
1.7098e-05
-4.68265e-07
1.68574e-05
-3.07136e-07
1.66388e-05
-1.9232e-07
1.64465e-05
-1.13559e-07
1.62838e-05
-6.25412e-08
1.6152e-05
-3.10452e-08
1.60527e-05
-1.2885e-08
1.59868e-05
1.59063e-05
-9.60273e-06
1.40922e-05
-7.92707e-06
1.54494e-05
-6.46045e-06
1.63542e-05
-5.2015e-06
1.69158e-05
-4.13784e-06
1.72244e-05
-3.25137e-06
1.73516e-05
-2.52172e-06
1.73532e-05
-1.92832e-06
1.72714e-05
-1.45159e-06
1.7138e-05
-1.07355e-06
1.69762e-05
-7.78138e-07
1.6803e-05
-5.51098e-07
1.66307e-05
-3.7994e-07
1.64679e-05
-2.53929e-07
1.63207e-05
-1.63444e-07
1.61933e-05
-1.00042e-07
1.60885e-05
-5.61636e-08
1.60086e-05
-2.54329e-08
1.59559e-05
1.58808e-05
-9.08357e-06
1.24443e-05
-7.58008e-06
1.39458e-05
-6.24432e-06
1.50182e-05
-5.08205e-06
1.57533e-05
-4.08778e-06
1.623e-05
-3.24949e-06
1.65134e-05
-2.55185e-06
1.66558e-05
-1.97834e-06
1.66983e-05
-1.51257e-06
1.66727e-05
-1.13899e-06
1.66031e-05
-8.43334e-07
1.65078e-05
-6.12727e-07
1.64004e-05
-4.35704e-07
1.62912e-05
-3.02156e-07
1.61873e-05
-2.0301e-07
1.60942e-05
-1.30293e-07
1.60157e-05
-7.6595e-08
1.59548e-05
-3.56157e-08
1.59148e-05
1.58451e-05
-8.51032e-06
1.0997e-05
-7.1699e-06
1.26051e-05
-5.9626e-06
1.38106e-05
-4.89892e-06
1.46894e-05
-3.97849e-06
1.53095e-05
-3.19413e-06
1.57292e-05
-2.53475e-06
1.59968e-05
-1.98739e-06
1.61514e-05
-1.5385e-06
1.62243e-05
-1.1748e-06
1.62398e-05
-8.83817e-07
1.62172e-05
-6.54025e-07
1.6171e-05
-4.75004e-07
1.61123e-05
-3.37386e-07
1.60497e-05
-2.327e-07
1.59894e-05
-1.53345e-07
1.59362e-05
-9.23021e-08
1.58936e-05
-4.34575e-08
1.58659e-05
1.58017e-05
-7.89709e-06
9.73203e-06
-6.70959e-06
1.14173e-05
-5.62661e-06
1.27273e-05
-4.66148e-06
1.3724e-05
-3.81752e-06
1.44655e-05
-3.09126e-06
1.50031e-05
-2.47507e-06
1.53809e-05
-1.959e-06
1.56358e-05
-1.53203e-06
1.57978e-05
-1.18299e-06
1.58913e-05
-9.01062e-07
1.59357e-05
-6.76068e-07
1.59463e-05
-4.98623e-07
1.5935e-05
-3.60146e-07
1.59112e-05
-2.52798e-07
1.58819e-05
-1.69443e-07
1.58527e-05
-1.03494e-07
1.58276e-05
-4.90737e-08
1.58115e-05
1.57527e-05
-7.25494e-06
8.63227e-06
-6.20992e-06
1.03719e-05
-5.24606e-06
1.17631e-05
-4.37814e-06
1.28559e-05
-3.61186e-06
1.36991e-05
-2.94656e-06
1.43379e-05
-2.37733e-06
1.4812e-05
-1.89673e-06
1.51556e-05
-1.49595e-06
1.53975e-05
-1.16569e-06
1.55616e-05
-8.96705e-07
1.56671e-05
-6.80091e-07
1.57299e-05
-5.07483e-07
1.57625e-05
-3.71107e-07
1.57747e-05
-2.6378e-07
1.57745e-05
-1.78897e-07
1.57677e-05
-1.10346e-07
1.5759e-05
-5.2554e-08
1.57538e-05
1.57003e-05
-6.59241e-06
7.68214e-06
-5.67967e-06
9.45889e-06
-4.82926e-06
1.09124e-05
-4.05628e-06
1.20827e-05
-3.36789e-06
1.30107e-05
-2.76536e-06
1.37355e-05
-2.2459e-06
1.42928e-05
-1.8041e-06
1.47142e-05
-1.43306e-06
1.5027e-05
-1.12513e-06
1.52542e-05
-8.72497e-07
1.54149e-05
-6.67453e-07
1.55251e-05
-5.02621e-07
1.55977e-05
-3.71041e-07
1.5643e-05
-2.66211e-07
1.56695e-05
-1.82102e-07
1.56835e-05
-1.13111e-07
1.56901e-05
-5.40271e-08
1.56949e-05
1.56463e-05
-5.916e-06
6.86767e-06
-5.12596e-06
8.6686e-06
-4.3832e-06
1.01694e-05
-3.70239e-06
1.14017e-05
-3.09134e-06
1.23995e-05
-2.5526e-06
1.31967e-05
-2.08494e-06
1.38253e-05
-1.68457e-06
1.43143e-05
-1.34619e-06
1.46891e-05
-1.0636e-06
1.4972e-05
-8.30267e-07
1.51819e-05
-6.39599e-07
1.53346e-05
-4.85165e-07
1.54432e-05
-3.60811e-07
1.55185e-05
-2.60734e-07
1.55693e-05
-1.79512e-07
1.56023e-05
-1.12083e-07
1.56227e-05
-5.36404e-08
1.56366e-05
1.55928e-05
-5.23055e-06
6.17659e-06
-4.55446e-06
7.99232e-06
-3.91375e-06
9.52851e-06
-3.32209e-06
1.08098e-05
-2.78736e-06
1.18646e-05
-2.31283e-06
1.27222e-05
-1.89837e-06
1.34111e-05
-1.54148e-06
1.39577e-05
-1.23813e-06
1.43862e-05
-9.83403e-07
1.47177e-05
-7.71894e-07
1.49707e-05
-5.98039e-07
1.51608e-05
-4.5631e-07
1.53014e-05
-3.41346e-07
1.54034e-05
-2.48052e-07
1.54759e-05
-1.71633e-07
1.55258e-05
-1.07591e-07
1.55588e-05
-5.15562e-08
1.55806e-05
1.55413e-05
-4.53958e-06
5.59832e-06
-3.96966e-06
7.42228e-06
-3.42578e-06
8.9845e-06
-2.92025e-06
1.03042e-05
-2.46055e-06
1.14048e-05
-2.05023e-06
1.23119e-05
-1.6899e-06
1.30509e-05
-1.37802e-06
1.36461e-05
-1.11162e-06
1.41202e-05
-8.86838e-07
1.44933e-05
-6.99281e-07
1.47833e-05
-5.44328e-07
1.50059e-05
-4.17304e-07
1.51743e-05
-3.13631e-07
1.52996e-05
-2.28918e-07
1.53911e-05
-1.59011e-07
1.54559e-05
-9.99903e-08
1.54998e-05
-4.79489e-08
1.55287e-05
1.54933e-05
-3.84556e-06
5.12393e-06
-3.37506e-06
6.95177e-06
-2.92336e-06
8.53275e-06
-2.50108e-06
9.88181e-06
-2.115e-06
1.10187e-05
-1.76864e-06
1.19656e-05
-1.46301e-06
1.27454e-05
-1.19729e-06
1.33807e-05
-9.69335e-07
1.38925e-05
-7.76183e-07
1.43003e-05
-6.14341e-07
1.46216e-05
-4.80046e-07
1.48716e-05
-3.69436e-07
1.50636e-05
-2.78692e-07
1.52088e-05
-2.04125e-07
1.53164e-05
-1.42225e-07
1.5394e-05
-8.96566e-08
1.54472e-05
-4.30023e-08
1.5482e-05
1.54503e-05
-3.15013e-06
4.74618e-06
-2.77342e-06
6.57514e-06
-2.40985e-06
8.16922e-06
-2.06823e-06
9.5402e-06
-1.75439e-06
1.07049e-05
-1.47157e-06
1.16828e-05
-1.22097e-06
1.24949e-05
-1.00222e-06
1.31621e-05
-8.1386e-07
1.37043e-05
-6.53682e-07
1.41403e-05
-5.18984e-07
1.44869e-05
-4.06793e-07
1.47594e-05
-3.14023e-07
1.49707e-05
-2.3759e-07
1.51322e-05
-1.74498e-07
1.52532e-05
-1.21875e-07
1.53413e-05
-7.69826e-08
1.54023e-05
-3.69084e-08
1.54419e-05
1.54134e-05
-2.45431e-06
4.45938e-06
-2.16686e-06
6.28785e-06
-1.88808e-06
7.89055e-06
-1.62489e-06
9.27708e-06
-1.38203e-06
1.0462e-05
-1.16229e-06
1.14631e-05
-9.66828e-07
1.22996e-05
-7.95619e-07
1.2991e-05
-6.47715e-07
1.35565e-05
-5.21541e-07
1.40142e-05
-4.15109e-07
1.43805e-05
-3.26181e-07
1.46704e-05
-2.52404e-07
1.48969e-05
-1.9141e-07
1.50712e-05
-1.4088e-07
1.52027e-05
-9.8582e-08
1.5299e-05
-6.23721e-08
1.5366e-05
-2.98671e-08
1.54094e-05
1.53834e-05
-1.7587e-06
4.25939e-06
-1.55708e-06
6.0864e-06
-1.36046e-06
7.69406e-06
-1.17389e-06
9.09059e-06
-1.00094e-06
1.02891e-05
-8.43798e-07
1.1306e-05
-7.03501e-07
1.21593e-05
-5.80195e-07
1.28678e-05
-4.73344e-07
1.34497e-05
-3.8193e-07
1.39228e-05
-3.04606e-07
1.43032e-05
-2.39823e-07
1.46056e-05
-1.8593e-07
1.48429e-05
-1.41251e-07
1.50264e-05
-1.04132e-07
1.51655e-05
-7.29747e-08
1.52677e-05
-4.62365e-08
1.53392e-05
-2.20874e-08
1.53851e-05
1.53613e-05
-1.06369e-06
4.1434e-06
-9.45478e-07
5.96832e-06
-8.29119e-07
7.57779e-06
-7.17822e-07
8.97934e-06
-6.13936e-07
1.01853e-05
-5.18987e-07
1.12111e-05
-4.3379e-07
1.20741e-05
-3.58584e-07
1.27926e-05
-2.93169e-07
1.33843e-05
-2.37018e-07
1.38666e-05
-1.8938e-07
1.42555e-05
-1.49357e-07
1.45655e-05
-1.15976e-07
1.48095e-05
-8.82336e-08
1.49987e-05
-6.51314e-08
1.51423e-05
-4.56974e-08
1.52482e-05
-2.8994e-08
1.53225e-05
-1.37938e-08
1.53699e-05
1.53475e-05
-3.62659e-07
-3.24384e-07
-2.8608e-07
-2.48939e-07
-2.13875e-07
-1.81519e-07
-1.52254e-07
-1.26248e-07
-1.035e-07
-8.38791e-08
-6.71645e-08
-5.30717e-08
-4.128e-08
-3.1452e-08
-2.3247e-08
-1.63295e-08
-1.03747e-08
-4.91385e-09
)
;

boundaryField
{
    leftWall
    {
        type            calculated;
        value           uniform 0;
    }
    rightWall
    {
        type            calculated;
        value           uniform 0;
    }
    lowerWall
    {
        type            calculated;
        value           uniform 0;
    }
    atmosphere
    {
        type            calculated;
        value           nonuniform List<scalar> 
46
(
-1.54862e-05
-1.55235e-05
-1.53809e-05
-1.51634e-05
-1.4874e-05
-1.45155e-05
-1.40906e-05
-1.36025e-05
-1.30545e-05
-1.24507e-05
-1.17957e-05
-1.10944e-05
-1.03523e-05
-9.57535e-06
-8.76937e-06
-7.94051e-06
-7.09503e-06
-6.23922e-06
-5.37929e-06
-4.5213e-06
-3.67095e-06
-2.83353e-06
-2.01373e-06
-1.32877e-06
-3.11894e-07
6.58612e-07
1.57248e-06
4.10668e-06
5.93012e-06
7.53953e-06
8.94222e-06
1.01502e-05
1.11787e-05
1.20449e-05
1.27666e-05
1.33616e-05
1.3847e-05
1.42388e-05
1.45514e-05
1.47977e-05
1.49888e-05
1.51341e-05
1.52413e-05
1.53165e-05
1.53644e-05
1.53426e-05
)
;
    }
    defaultFaces
    {
        type            empty;
        value           nonuniform List<scalar> 0();
    }
}


// ************************************************************************* //
