/*--------------------------------*- C++ -*----------------------------------*\
| =========                 |                                                 |
| \\      /  F ield         | OpenFOAM: The Open Source CFD Toolbox           |
|  \\    /   O peration     | Version:  2206                                  |
|   \\  /    A nd           | Website:  www.openfoam.com                      |
|    \\/     M anipulation  |                                                 |
\*---------------------------------------------------------------------------*/
FoamFile
{
    version     2.0;
    format      ascii;
    arch        "LSB;label=32;scalar=64";
    class       volVectorField;
    location    "0.05";
    object      U;
}
// * * * * * * * * * * * * * * * * * * * * * * * * * * * * * * * * * * * * * //

dimensions      [0 1 -1 0 0 0 0];

internalField   nonuniform List<vector> 
2268
(
(0.0145847 -0.0280274 0)
(0.0444525 -0.02968 0)
(0.0751597 -0.0296038 0)
(0.106227 -0.0303493 0)
(0.138213 -0.0315006 0)
(0.171542 -0.0330316 0)
(0.206615 -0.0350191 0)
(0.243923 -0.0375749 0)
(0.284071 -0.0408571 0)
(0.32788 -0.0450929 0)
(0.37597 -0.0506268 0)
(0.431651 -0.0578779 0)
(0.487818 -0.0677975 0)
(0.570851 -0.0812551 0)
(0.638452 -0.0965242 0)
(0.691918 -0.128276 0)
(0.8097 -0.165495 0)
(1.01812 -0.18122 0)
(1.24826 -0.149835 0)
(1.19359 -0.109253 0)
(0.980886 -0.032131 0)
(0.732664 0.139465 0)
(0.360389 0.438328 0)
(0.0141382 -0.0829672 0)
(0.043011 -0.0876161 0)
(0.0726007 -0.0873956 0)
(0.102483 -0.0894951 0)
(0.133135 -0.0927081 0)
(0.164885 -0.0969503 0)
(0.198034 -0.102406 0)
(0.232928 -0.109335 0)
(0.269968 -0.11809 0)
(0.309654 -0.129157 0)
(0.352296 -0.143236 0)
(0.400097 -0.161185 0)
(0.446125 -0.184736 0)
(0.517819 -0.215812 0)
(0.548998 -0.248176 0)
(0.566915 -0.326517 0)
(0.69281 -0.424992 0)
(0.917423 -0.452949 0)
(1.17353 -0.017038 0)
(1.00226 0.219347 0)
(0.749732 0.491419 0)
(0.446107 0.898089 0)
(0.118018 1.33693 0)
(0.0133066 -0.135621 0)
(0.0403331 -0.142624 0)
(0.0678883 -0.142264 0)
(0.0956386 -0.145421 0)
(0.123927 -0.150192 0)
(0.152955 -0.156432 0)
(0.182895 -0.164363 0)
(0.213924 -0.174279 0)
(0.24622 -0.186567 0)
(0.279969 -0.201732 0)
(0.315157 -0.220454 0)
(0.352974 -0.243547 0)
(0.387062 -0.272512 0)
(0.442648 -0.308403 0)
(0.436292 -0.346641 0)
(0.43923 -0.440223 0)
(0.54243 -0.544684 0)
(0.554399 -0.530473 0)
(0.460112 -0.0721741 0)
(0.176623 0.6357 0)
(0.0249175 1.09719 0)
(-0.0430885 1.40784 0)
(-0.0595449 1.62534 0)
(0.0121924 -0.184513 0)
(0.0367832 -0.19304 0)
(0.0616926 -0.192556 0)
(0.0867026 -0.196392 0)
(0.112006 -0.202105 0)
(0.137686 -0.209503 0)
(0.163798 -0.218792 0)
(0.190377 -0.230231 0)
(0.217422 -0.244144 0)
(0.24489 -0.260936 0)
(0.272538 -0.281116 0)
(0.300886 -0.305256 0)
(0.324457 -0.334342 0)
(0.365554 -0.368581 0)
(0.336213 -0.404338 0)
(0.341038 -0.498634 0)
(0.430608 -0.545059 0)
(0.416353 -0.297456 0)
(0.0802232 0.429022 0)
(-0.108838 0.942218 0)
(-0.153735 1.1877 0)
(-0.1389 1.34606 0)
(-0.0626533 1.41299 0)
(0.0109045 -0.22876 0)
(0.0327331 -0.237998 0)
(0.0546913 -0.237428 0)
(0.076676 -0.241586 0)
(0.0987448 -0.247682 0)
(0.12089 -0.255502 0)
(0.143086 -0.265205 0)
(0.165274 -0.276983 0)
(0.187352 -0.291058 0)
(0.209163 -0.307691 0)
(0.230391 -0.327185 0)
(0.251239 -0.349834 0)
(0.267263 -0.376148 0)
(0.29812 -0.405786 0)
(0.257877 -0.435789 0)
(0.270467 -0.524253 0)
(0.34333 -0.502248 0)
(0.259517 0.0866619 0)
(-0.0685139 0.8297 0)
(-0.0938487 1.02856 0)
(-0.103174 1.11882 0)
(-0.0772819 1.19071 0)
(-0.0290955 1.21253 0)
(0.00954621 -0.267931 0)
(0.028514 -0.277209 0)
(0.0474648 -0.276599 0)
(0.066394 -0.280791 0)
(0.085253 -0.286841 0)
(0.103979 -0.294535 0)
(0.1225 -0.303983 0)
(0.140712 -0.315302 0)
(0.158473 -0.328619 0)
(0.175594 -0.344071 0)
(0.191778 -0.361797 0)
(0.207099 -0.381899 0)
(0.218078 -0.404584 0)
(0.241865 -0.429314 0)
(0.198123 -0.45394 0)
(0.217425 -0.535449 0)
(0.275071 -0.401829 0)
(0.111548 0.539759 0)
(-0.0716553 0.996181 0)
(-0.044008 1.05363 0)
(-0.0414494 1.09228 0)
(-0.0254712 1.13012 0)
(-0.00870113 1.1435 0)
(0.00820201 -0.301843 0)
(0.0243836 -0.310678 0)
(0.0404479 -0.310088 0)
(0.0564668 -0.314117 0)
(0.0723187 -0.319844 0)
(0.0879145 -0.327074 0)
(0.103163 -0.33587 0)
(0.117948 -0.346292 0)
(0.132126 -0.358394 0)
(0.14552 -0.372226 0)
(0.157884 -0.387822 0)
(0.169259 -0.40518 0)
(0.176939 -0.424321 0)
(0.195724 -0.444795 0)
(0.15264 -0.464887 0)
(0.175875 -0.540133 0)
(0.225827 -0.22925 0)
(0.0258337 0.839058 0)
(0.0014811 1.01655 0)
(0.0143887 1.04156 0)
(0.0222134 1.07675 0)
(0.0275728 1.11674 0)
(0.0187307 1.14803 0)
(0.00692892 -0.330608 0)
(0.0205035 -0.338696 0)
(0.0339016 -0.338164 0)
(0.0472531 -0.341906 0)
(0.0603882 -0.347155 0)
(0.073212 -0.353745 0)
(0.0856312 -0.361705 0)
(0.097535 -0.37105 0)
(0.108794 -0.381789 0)
(0.119262 -0.393919 0)
(0.128744 -0.407418 0)
(0.137319 -0.422241 0)
(0.142719 -0.438303 0)
(0.157995 -0.455514 0)
(0.118136 -0.471772 0)
(0.142924 -0.541809 0)
(0.185064 -0.122018 0)
(-0.0321394 0.946893 0)
(0.0606869 0.985462 0)
(0.077942 1.00242 0)
(0.104919 1.0494 0)
(0.134215 1.13008 0)
(0.0142981 1.30061 0)
(0.00347988 -0.00374411 0)
(0.0102238 -0.00350289 0)
(0.0162666 -0.0029963 0)
(0.0212504 -0.00236859 0)
(0.0250193 -0.00169358 0)
(0.0275485 -0.00103724 0)
(0.0289105 -0.000441485 0)
(0.0292353 7.17338e-05 0)
(0.0286857 0.000499231 0)
(0.0274312 0.000843237 0)
(0.0256096 0.00111369 0)
(0.023345 0.00132217 0)
(0.0207416 0.00148016 0)
(0.0178841 0.00159778 0)
(0.0148393 0.00168337 0)
(0.0116592 0.00174375 0)
(0.0083848 0.00178445 0)
(0.00505014 0.00180938 0)
(0.00168424 0.00181786 0)
(0.00377521 -0.0115541 0)
(0.0110737 -0.0107878 0)
(0.017517 -0.00916303 0)
(0.0227088 -0.00717887 0)
(0.0265196 -0.00507323 0)
(0.0289707 -0.00305062 0)
(0.0301821 -0.00123616 0)
(0.0303311 0.00030984 0)
(0.0296161 0.00158922 0)
(0.0282027 0.0026149 0)
(0.0262384 0.0034181 0)
(0.0238501 0.00403483 0)
(0.0211415 0.00449992 0)
(0.018195 0.00484433 0)
(0.0150748 0.0050941 0)
(0.0118306 0.00527019 0)
(0.00850096 0.00538873 0)
(0.00511735 0.00546132 0)
(0.00170421 0.00548014 0)
(0.00442427 -0.0203555 0)
(0.0128964 -0.018881 0)
(0.0201487 -0.0157942 0)
(0.025709 -0.0121376 0)
(0.0295329 -0.00836473 0)
(0.031757 -0.00483127 0)
(0.0326096 -0.00172962 0)
(0.0323608 0.000859477 0)
(0.0312579 0.00297014 0)
(0.0294938 0.00464281 0)
(0.0272307 0.00593903 0)
(0.0245974 0.00692479 0)
(0.0216934 0.00766156 0)
(0.0185945 0.00820285 0)
(0.0153573 0.00859278 0)
(0.0120237 0.00886614 0)
(0.00862488 0.00904927 0)
(0.00518634 0.0091612 0)
(0.00172635 0.0091879 0)
(0.0055939 -0.0310712 0)
(0.0161261 -0.0284701 0)
(0.0246861 -0.0231932 0)
(0.0307125 -0.0172528 0)
(0.0343984 -0.0113983 0)
(0.0361294 -0.00613132 0)
(0.0363236 -0.00166607 0)
(0.0354008 0.00197145 0)
(0.0336875 0.00486599 0)
(0.0313888 0.00711315 0)
(0.0286793 0.00882442 0)
(0.0256856 0.0101062 0)
(0.0224975 0.0110516 0)
(0.0191784 0.011738 0)
(0.0157718 0.012227 0)
(0.012308 0.0125662 0)
(0.0088083 0.0127916 0)
(0.00528883 0.0129284 0)
(0.00175924 0.0129556 0)
(0.00766138 -0.0452431 0)
(0.0216334 -0.0404606 0)
(0.0320477 -0.0315686 0)
(0.0384155 -0.022322 0)
(0.0415273 -0.0137931 0)
(0.0422583 -0.00653852 0)
(0.0413541 -0.000695438 0)
(0.0394083 0.00394788 0)
(0.0368062 0.00751577 0)
(0.0337664 0.0102081 0)
(0.0304621 0.0122108 0)
(0.0270024 0.0136806 0)
(0.0234558 0.0147447 0)
(0.0198642 0.0155039 0)
(0.0162523 0.0160359 0)
(0.012634 0.0163993 0)
(0.00901667 0.0166374 0)
(0.00540431 0.0167803 0)
(0.00179608 0.0167986 0)
(0.0108621 -0.0625154 0)
(0.0312435 -0.0557364 0)
(0.043859 -0.0408395 0)
(0.0498592 -0.0267093 0)
(0.051423 -0.0147997 0)
(0.0502634 -0.00540703 0)
(0.0476384 0.00176118 0)
(0.0442563 0.00718309 0)
(0.0404414 0.0111867 0)
(0.036456 0.0141087 0)
(0.0324281 0.0162199 0)
(0.0284218 0.0177287 0)
(0.024467 0.0187941 0)
(0.0205735 0.0195355 0)
(0.0167395 0.0200419 0)
(0.0129584 0.020379 0)
(0.00922061 0.0205945 0)
(0.00551588 0.0207211 0)
(0.00183142 0.0207198 0)
(0.0128652 -0.089529 0)
(0.0452394 -0.0787245 0)
(0.0624438 -0.0510813 0)
(0.0664324 -0.0290462 0)
(0.0645043 -0.0131468 0)
(0.0601264 -0.00184157 0)
(0.0549282 0.00632389 0)
(0.0495694 0.0120745 0)
(0.0442761 0.0161195 0)
(0.0391976 0.0189563 0)
(0.0343696 0.0209323 0)
(0.029782 0.0222952 0)
(0.0254074 0.0232225 0)
(0.0212125 0.0238418 0)
(0.0171641 0.0242455 0)
(0.0132317 0.0245007 0)
(0.00938718 0.0246555 0)
(0.00560484 0.0247421 0)
(0.00185924 0.0247095 0)
(0.0767748 -0.183627 0)
(0.0785611 -0.11738 0)
(0.0939332 -0.057542 0)
(0.0904722 -0.025036 0)
(0.0808066 -0.00622946 0)
(0.071265 0.00583977 0)
(0.0626241 0.0137494 0)
(0.0548103 0.0189802 0)
(0.0478613 0.0224781 0)
(0.0416479 0.0248169 0)
(0.0360316 0.0263661 0)
(0.0308946 0.0273745 0)
(0.0261377 0.0280128 0)
(0.0216791 0.0284005 0)
(0.0174523 0.0286227 0)
(0.0134025 0.0287407 0)
(0.00948253 0.0287971 0)
(0.00565185 0.0288201 0)
(0.00187321 0.0287444 0)
(0.00597797 -0.350291 0)
(0.0176066 -0.357644 0)
(0.0290304 -0.35719 0)
(0.0404254 -0.360658 0)
(0.0515874 -0.365476 0)
(0.062428 -0.371502 0)
(0.0728584 -0.378746 0)
(0.0827768 -0.3872 0)
(0.0920695 -0.39685 0)
(0.100614 -0.407667 0)
(0.108243 -0.419605 0)
(0.115088 -0.432591 0)
(0.118785 -0.446553 0)
(0.13229 -0.461257 0)
(0.0964622 -0.475554 0)
(0.122057 -0.537368 0)
(0.128139 0.0900298 0)
(-0.108998 0.92727 0)
(0.0744768 0.921587 0)
(0.131856 0.935043 0)
(0.210284 0.981078 0)
(0.367431 1.05395 0)
(0.460063 1.27757 0)
(0.00534027 -0.362592 0)
(0.01568 -0.3694 0)
(0.0258054 -0.369018 0)
(0.0359116 -0.372286 0)
(0.0457823 -0.376797 0)
(0.0553366 -0.382427 0)
(0.0644923 -0.389174 0)
(0.0731561 -0.397024 0)
(0.0812273 -0.405948 0)
(0.0886005 -0.415907 0)
(0.095138 -0.426844 0)
(0.10096 -0.438671 0)
(0.103993 -0.451343 0)
(0.116135 -0.46431 0)
(0.0829222 -0.477739 0)
(0.108166 -0.533808 0)
(0.0949892 0.277736 0)
(-0.134586 0.843082 0)
(0.0790597 0.827526 0)
(0.165813 0.837229 0)
(0.269496 0.860048 0)
(0.42713 0.878629 0)
(0.600655 0.936589 0)
(0.00473761 -0.373555 0)
(0.0138657 -0.379806 0)
(0.022777 -0.37951 0)
(0.0316802 -0.382581 0)
(0.040352 -0.386794 0)
(0.0487202 -0.392042 0)
(0.0567098 -0.398316 0)
(0.0642372 -0.405593 0)
(0.0712141 -0.413839 0)
(0.077552 -0.423008 0)
(0.0831402 -0.433038 0)
(0.0880911 -0.443839 0)
(0.0906087 -0.455359 0)
(0.101442 -0.467075 0)
(0.0709927 -0.479492 0)
(0.0949944 -0.531832 0)
(0.0849782 0.502756 0)
(-0.0668345 0.738386 0)
(0.0969148 0.718806 0)
(0.18266 0.722535 0)
(0.277751 0.719924 0)
(0.386879 0.694957 0)
(0.537356 0.645877 0)
(0.00417053 -0.383225 0)
(0.0121654 -0.388921 0)
(0.0199467 -0.38872 0)
(0.0277308 -0.391601 0)
(0.0352923 -0.395532 0)
(0.0425681 -0.40042 0)
(0.0494908 -0.406253 0)
(0.0559865 -0.413002 0)
(0.0619787 -0.420629 0)
(0.0673942 -0.429088 0)
(0.0721453 -0.438315 0)
(0.0763369 -0.448226 0)
(0.078418 -0.458769 0)
(0.0879998 -0.469472 0)
(0.0603855 -0.481022 0)
(0.0826665 -0.531191 0)
(0.0870287 0.586868 0)
(0.0128823 0.658131 0)
(0.11889 0.630339 0)
(0.1865 0.627997 0)
(0.260563 0.61585 0)
(0.336297 0.582134 0)
(0.433388 0.525906 0)
(0.00363808 -0.391691 0)
(0.0105747 -0.396838 0)
(0.0173053 -0.396739 0)
(0.0240488 -0.39944 0)
(0.0305814 -0.403106 0)
(0.0368491 -0.407658 0)
(0.0427921 -0.413082 0)
(0.0483462 -0.419347 0)
(0.0534449 -0.426415 0)
(0.0580276 -0.434239 0)
(0.0620256 -0.44276 0)
(0.0655366 -0.451902 0)
(0.0672244 -0.461618 0)
(0.0756098 -0.471488 0)
(0.0509114 -0.482324 0)
(0.0712231 -0.531099 0)
(0.0855031 0.635395 0)
(0.0641716 0.595925 0)
(0.135178 0.566241 0)
(0.1849 0.559929 0)
(0.239552 0.54646 0)
(0.294047 0.515845 0)
(0.350232 0.468688 0)
(0.00313971 -0.399013 0)
(0.00908986 -0.403623 0)
(0.0148433 -0.403631 0)
(0.0206179 -0.406162 0)
(0.0261961 -0.409581 0)
(0.0315318 -0.413822 0)
(0.036571 -0.418868 0)
(0.0412594 -0.424692 0)
(0.0455394 -0.431254 0)
(0.0493595 -0.438512 0)
(0.052665 -0.446413 0)
(0.0555468 -0.454893 0)
(0.0568572 -0.463909 0)
(0.0640783 -0.473109 0)
(0.0423791 -0.483405 0)
(0.0604474 -0.530926 0)
(0.082659 0.614252 0)
(0.0982012 0.549343 0)
(0.142769 0.520411 0)
(0.17907 0.510932 0)
(0.217942 0.496695 0)
(0.255695 0.469274 0)
(0.289089 0.428809 0)
(0.00267192 -0.405374 0)
(0.00770485 -0.409473 0)
(0.0125503 -0.409587 0)
(0.0174199 -0.411964 0)
(0.0221119 -0.415157 0)
(0.0265837 -0.419116 0)
(0.0307856 -0.423822 0)
(0.0346718 -0.429249 0)
(0.0381925 -0.435362 0)
(0.041304 -0.442122 0)
(0.0439604 -0.449485 0)
(0.046246 -0.457398 0)
(0.0471611 -0.465817 0)
(0.0532121 -0.474488 0)
(0.034599 -0.484325 0)
(0.0500618 -0.530635 0)
(0.0762879 0.569791 0)
(0.11115 0.514743 0)
(0.142754 0.486118 0)
(0.169987 0.475205 0)
(0.197137 0.461302 0)
(0.222375 0.43761 0)
(0.243197 0.404192 0)
(0.00221944 -0.410823 0)
(0.00640205 -0.414392 0)
(0.0104101 -0.414584 0)
(0.0144259 -0.41683 0)
(0.0182917 -0.419817 0)
(0.0219557 -0.423526 0)
(0.0253783 -0.427928 0)
(0.0285167 -0.432997 0)
(0.0313263 -0.438701 0)
(0.0337688 -0.44501 0)
(0.0358049 -0.451893 0)
(0.0375248 -0.459317 0)
(0.0380093 -0.467244 0)
(0.0429725 -0.475574 0)
(0.0275502 -0.484987 0)
(0.0398104 -0.531108 0)
(0.0710052 0.509156 0)
(0.115546 0.483949 0)
(0.140447 0.458955 0)
(0.160752 0.449716 0)
(0.178774 0.437916 0)
(0.194422 0.41792 0)
(0.206616 0.390145 0)
(0.00182556 -0.414375 0)
(0.00525621 -0.417495 0)
(0.00844029 -0.417712 0)
(0.0116125 -0.419857 0)
(0.0147128 -0.422665 0)
(0.0176215 -0.426141 0)
(0.020324 -0.430259 0)
(0.0227753 -0.43499 0)
(0.0249284 -0.440303 0)
(0.0267398 -0.446173 0)
(0.0281681 -0.452588 0)
(0.0293109 -0.459534 0)
(0.0292338 -0.467065 0)
(0.033183 -0.475425 0)
(0.0209484 -0.484467 0)
(0.0276643 -0.536933 0)
(0.0761089 0.443725 0)
(0.120242 0.455228 0)
(0.141021 0.437685 0)
(0.154276 0.433097 0)
(0.163517 0.424422 0)
(0.170527 0.407248 0)
(0.175574 0.382944 0)
(0.00137436 -0.416586 0)
(0.00420245 -0.419445 0)
(0.00669749 -0.419817 0)
(0.00903172 -0.421864 0)
(0.0114742 -0.42454 0)
(0.013725 -0.427833 0)
(0.0157992 -0.431725 0)
(0.0176572 -0.436185 0)
(0.0192503 -0.441182 0)
(0.0205179 -0.446684 0)
(0.021399 -0.452667 0)
(0.0218948 -0.45907 0)
(0.0209221 -0.465999 0)
(0.0231486 -0.474194 0)
(0.0132423 -0.480039 0)
(0.0100554 -0.565577 0)
(0.0704132 0.35367 0)
(0.125912 0.417207 0)
(0.148406 0.423577 0)
(0.152581 0.426788 0)
(0.151127 0.420878 0)
(0.149006 0.405005 0)
(0.147404 0.381778 0)
(0.000766915 -0.427098 0)
(0.00309212 -0.428929 0)
(0.00523873 -0.429774 0)
(0.00698188 -0.431712 0)
(0.00889781 -0.434336 0)
(0.010653 -0.437566 0)
(0.0122645 -0.441374 0)
(0.0136989 -0.445725 0)
(0.0149047 -0.450578 0)
(0.0158176 -0.455889 0)
(0.016359 -0.461579 0)
(0.01631 -0.467519 0)
(0.0146849 -0.473231 0)
(0.0142719 -0.479964 0)
(0.00339733 -0.472605 0)
(0.00481755 -0.602165 0)
(-0.00364342 0.285291 0)
(0.159191 0.390011 0)
(0.177533 0.426174 0)
(0.157733 0.436094 0)
(0.139949 0.429517 0)
(0.127353 0.411477 0)
(0.119117 0.38613 0)
(0.000873291 -0.435233 0)
(0.00270355 -0.435567 0)
(0.00395764 -0.436489 0)
(0.00547201 -0.438275 0)
(0.00692804 -0.440673 0)
(0.00830958 -0.443611 0)
(0.00958563 -0.447045 0)
(0.0107149 -0.450923 0)
(0.011631 -0.455177 0)
(0.0122783 -0.459702 0)
(0.0124903 -0.464382 0)
(0.0120759 -0.469185 0)
(0.0106935 -0.472309 0)
(0.01172 -0.47674 0)
(0.00219467 -0.458332 0)
(0.0991149 -0.502444 0)
(0.00269503 0.0356585 0)
(0.243941 0.342252 0)
(0.232856 0.455106 0)
(0.163913 0.469272 0)
(0.123879 0.453779 0)
(0.100623 0.426826 0)
(0.087074 0.394873 0)
(0.000239322 -0.38276 0)
(0.000886977 -0.38433 0)
(0.0014317 -0.385253 0)
(0.00201273 -0.386865 0)
(0.00250595 -0.388939 0)
(0.00290962 -0.391459 0)
(0.00320775 -0.39438 0)
(0.00336467 -0.397639 0)
(0.00333884 -0.40114 0)
(0.00309198 -0.404725 0)
(0.00245351 -0.408347 0)
(0.00214515 -0.411839 0)
(-0.00137283 -0.415492 0)
(0.0183681 -0.417849 0)
(0.033164 -0.469043 0)
(0.231492 -0.412428 0)
(0.282657 -0.220865 0)
(0.293558 0.457165 0)
(0.308106 0.609096 0)
(0.164556 0.543897 0)
(0.0938974 0.496056 0)
(0.0616713 0.449108 0)
(0.0469229 0.405355 0)
(-0.000239722 -0.363318 0)
(-0.00696742 -0.363748 0)
(-0.0105769 -0.365164 0)
(-0.0150586 -0.36709 0)
(-0.0197005 -0.369709 0)
(-0.0245556 -0.372961 0)
(-0.029624 -0.37681 0)
(-0.0348275 -0.38123 0)
(-0.0400142 -0.386223 0)
(-0.0448392 -0.391907 0)
(-0.04744 -0.398351 0)
(-0.0463385 -0.40572 0)
(-0.0506428 -0.430709 0)
(0.029918 -0.45538 0)
(0.120376 -0.719206 0)
(0.155536 -0.594205 0)
(0.367155 -0.38203 0)
(0.321488 0.0581648 0)
(0.234499 0.606249 0)
(0.0738491 0.663219 0)
(0.025256 0.552662 0)
(-2.01182e-05 0.470655 0)
(-0.00501894 0.411741 0)
(-0.00283912 -0.533617 0)
(-0.0285973 -0.531781 0)
(-0.0431775 -0.533921 0)
(-0.0612301 -0.534553 0)
(-0.0793517 -0.536238 0)
(-0.097905 -0.538558 0)
(-0.116695 -0.541545 0)
(-0.135265 -0.545352 0)
(-0.153176 -0.550487 0)
(-0.168531 -0.558286 0)
(-0.175609 -0.568224 0)
(-0.175831 -0.585687 0)
(-0.15966 -0.664229 0)
(-0.0850237 -0.798519 0)
(0.073639 -0.783139 0)
(-0.175155 -0.976573 0)
(0.0778843 -0.00582103 0)
(-0.105509 0.360849 0)
(-0.218328 0.776176 0)
(-0.167589 0.72395 0)
(-0.11515 0.569678 0)
(-0.0900069 0.4709 0)
(-0.0688579 0.403934 0)
(-0.0097594 -0.366505 0)
(-0.0264068 -0.367689 0)
(-0.0432048 -0.368291 0)
(-0.0603567 -0.369007 0)
(-0.0782302 -0.370138 0)
(-0.0966915 -0.371797 0)
(-0.115777 -0.37419 0)
(-0.135606 -0.377752 0)
(-0.156459 -0.383328 0)
(-0.177827 -0.392145 0)
(-0.201983 -0.40735 0)
(-0.235317 -0.437778 0)
(-0.263507 -0.496361 0)
(-0.329619 -0.5935 0)
(-0.539924 -0.637366 0)
(-0.764295 -0.510119 0)
(-0.802674 -0.116665 0)
(-0.65493 0.491983 0)
(-0.608739 0.700807 0)
(-0.386068 0.616846 0)
(-0.258044 0.506707 0)
(-0.181862 0.429832 0)
(-0.132832 0.373314 0)
(-0.00905771 -0.377309 0)
(-0.0267848 -0.380485 0)
(-0.0442345 -0.380443 0)
(-0.0622447 -0.381004 0)
(-0.080833 -0.381936 0)
(-0.100136 -0.383297 0)
(-0.120364 -0.385231 0)
(-0.141863 -0.387997 0)
(-0.16511 -0.39199 0)
(-0.190692 -0.397725 0)
(-0.221556 -0.406605 0)
(-0.260835 -0.418858 0)
(-0.308293 -0.435443 0)
(-0.393275 -0.474651 0)
(-0.561775 -0.521652 0)
(-0.770222 -0.451061 0)
(-0.859415 -0.146256 0)
(-0.788811 0.215818 0)
(-0.638529 0.409095 0)
(-0.448398 0.41606 0)
(-0.32483 0.389764 0)
(-0.238434 0.356015 0)
(-0.178767 0.323264 0)
(-0.00901659 -0.351702 0)
(-0.0266552 -0.354463 0)
(-0.0442912 -0.35422 0)
(-0.0626381 -0.354093 0)
(-0.0815055 -0.354027 0)
(-0.101185 -0.354055 0)
(-0.121977 -0.354249 0)
(-0.144307 -0.354707 0)
(-0.168761 -0.355528 0)
(-0.196358 -0.356886 0)
(-0.229211 -0.359089 0)
(-0.26805 -0.360682 0)
(-0.314276 -0.3595 0)
(-0.383921 -0.354651 0)
(-0.491874 -0.327146 0)
(-0.608843 -0.242774 0)
(-0.666736 -0.0935704 0)
(-0.630572 0.0739664 0)
(-0.525175 0.206918 0)
(-0.415398 0.26191 0)
(-0.327081 0.280752 0)
(-0.256334 0.278819 0)
(-0.201438 0.267651 0)
(-0.00877296 -0.333564 0)
(-0.026318 -0.336014 0)
(-0.0440851 -0.335655 0)
(-0.0623767 -0.335053 0)
(-0.0812148 -0.334258 0)
(-0.100886 -0.333265 0)
(-0.121684 -0.332042 0)
(-0.144015 -0.330521 0)
(-0.168444 -0.328565 0)
(-0.195846 -0.325973 0)
(-0.22736 -0.322194 0)
(-0.263633 -0.315604 0)
(-0.306543 -0.305208 0)
(-0.361192 -0.288725 0)
(-0.426578 -0.251925 0)
(-0.485543 -0.176047 0)
(-0.512391 -0.065737 0)
(-0.493264 0.0447404 0)
(-0.437238 0.126855 0)
(-0.371074 0.17707 0)
(-0.308918 0.204515 0)
(-0.254266 0.215854 0)
(-0.208084 0.217288 0)
(-0.00851839 -0.314141 0)
(-0.0258283 -0.316513 0)
(-0.0433895 -0.315833 0)
(-0.0613261 -0.31471 0)
(-0.0798237 -0.313152 0)
(-0.0991003 -0.311118 0)
(-0.119391 -0.308508 0)
(-0.141017 -0.305148 0)
(-0.164423 -0.300753 0)
(-0.190187 -0.294893 0)
(-0.218805 -0.286785 0)
(-0.250527 -0.275106 0)
(-0.286257 -0.25842 0)
(-0.327046 -0.23377 0)
(-0.369373 -0.194559 0)
(-0.402726 -0.135724 0)
(-0.415553 -0.0613282 0)
(-0.403779 0.0150642 0)
(-0.371905 0.0776385 0)
(-0.329712 0.121616 0)
(-0.285408 0.15015 0)
(-0.243379 0.166751 0)
(-0.205552 0.174845 0)
(-0.00834084 -0.295537 0)
(-0.0251838 -0.297746 0)
(-0.042183 -0.296684 0)
(-0.059577 -0.295058 0)
(-0.0774749 -0.292803 0)
(-0.0960442 -0.289837 0)
(-0.115457 -0.286033 0)
(-0.13592 -0.28118 0)
(-0.157715 -0.274941 0)
(-0.181161 -0.266822 0)
(-0.206404 -0.256085 0)
(-0.233398 -0.241744 0)
(-0.262167 -0.222604 0)
(-0.292074 -0.196517 0)
(-0.320063 -0.160405 0)
(-0.340477 -0.113255 0)
(-0.347785 -0.0588384 0)
(-0.34024 -0.00427127 0)
(-0.319993 0.0438139 0)
(-0.291775 0.0817408 0)
(-0.260026 0.109337 0)
(-0.227987 0.128015 0)
(-0.197557 0.139675 0)
(-0.00812162 -0.277829 0)
(-0.0242874 -0.279711 0)
(-0.0405313 -0.278354 0)
(-0.0572306 -0.276307 0)
(-0.0743231 -0.27348 0)
(-0.091948 -0.269764 0)
(-0.110219 -0.265022 0)
(-0.129241 -0.259039 0)
(-0.149145 -0.2515 0)
(-0.170053 -0.241956 0)
(-0.191917 -0.229797 0)
(-0.214493 -0.214307 0)
(-0.237381 -0.194614 0)
(-0.259578 -0.169508 0)
(-0.278878 -0.137855 0)
(-0.292165 -0.0998744 0)
(-0.296715 -0.0580295 0)
(-0.291689 -0.0162925 0)
(-0.278156 0.0217026 0)
(-0.258481 0.0536788 0)
(-0.235311 0.0788765 0)
(-0.210825 0.0976445 0)
(-0.186538 0.110893 0)
(-0.00777232 -0.260795 0)
(-0.0231318 -0.262305 0)
(-0.0385538 -0.260763 0)
(-0.0544148 -0.258412 0)
(-0.0705465 -0.255168 0)
(-0.0870643 -0.250923 0)
(-0.104028 -0.245534 0)
(-0.121469 -0.238807 0)
(-0.139411 -0.230479 0)
(-0.157839 -0.220188 0)
(-0.176604 -0.207484 0)
(-0.195376 -0.191872 0)
(-0.213628 -0.172811 0)
(-0.230437 -0.149718 0)
(-0.244328 -0.122302 0)
(-0.253536 -0.0911085 0)
(-0.256631 -0.0577605 0)
(-0.25315 -0.0245671 0)
(-0.243758 0.00632124 0)
(-0.229599 0.0334403 0)
(-0.212364 0.05598 0)
(-0.193491 0.0738763 0)
(-0.174113 0.0875197 0)
(-0.00730278 -0.244456 0)
(-0.0217911 -0.24563 0)
(-0.0363612 -0.243956 0)
(-0.0512664 -0.241387 0)
(-0.0663404 -0.237864 0)
(-0.0816599 -0.233288 0)
(-0.0972411 -0.22752 0)
(-0.113071 -0.220397 0)
(-0.129105 -0.211713 0)
(-0.145245 -0.201199 0)
(-0.1613 -0.188547 0)
(-0.17693 -0.173443 0)
(-0.19163 -0.155594 0)
(-0.20467 -0.134782 0)
(-0.215075 -0.111059 0)
(-0.221811 -0.0849724 0)
(-0.224095 -0.0576139 0)
(-0.221675 -0.0304271 0)
(-0.214938 -0.0047805 0)
(-0.204503 0.0184473 0)
(-0.191449 0.0385057 0)
(-0.176762 0.0551677 0)
(-0.161251 0.0685627 0)
(-0.00677633 -0.229029 0)
(-0.0203631 -0.229926 0)
(-0.0340461 -0.228142 0)
(-0.0479212 -0.225421 0)
(-0.0618888 -0.221725 0)
(-0.0759774 -0.216968 0)
(-0.0901735 -0.211031 0)
(-0.104436 -0.203783 0)
(-0.118684 -0.195065 0)
(-0.132781 -0.184693 0)
(-0.146526 -0.17247 0)
(-0.159609 -0.158216 0)
(-0.171603 -0.1418 0)
(-0.181961 -0.123195 0)
(-0.190039 -0.102575 0)
(-0.19521 -0.0804083 0)
(-0.19703 -0.0574554 0)
(-0.195346 -0.0346544 0)
(-0.190367 -0.012914 0)
(-0.182565 0.00713781 0)
(-0.172526 0.0249937 0)
(-0.160982 0.0403353 0)
(-0.148506 0.0531582 0)
(-0.00625029 -0.214675 0)
(-0.0189192 -0.215364 0)
(-0.0316724 -0.213491 0)
(-0.044488 -0.21068 0)
(-0.057336 -0.206901 0)
(-0.0702031 -0.202079 0)
(-0.0830599 -0.196127 0)
(-0.0958465 -0.18894 0)
(-0.108461 -0.180404 0)
(-0.120763 -0.170399 0)
(-0.132562 -0.158812 0)
(-0.143589 -0.145553 0)
(-0.153506 -0.13059 0)
(-0.161912 -0.113984 0)
(-0.168375 -0.0959401 0)
(-0.172504 -0.0768388 0)
(-0.17403 -0.057224 0)
(-0.172873 -0.0377305 0)
(-0.169167 -0.018998 0)
(-0.163252 -0.0015343 0)
(-0.155435 0.0144185 0)
(-0.146268 0.0284878 0)
(-0.136177 0.040599 0)
(-0.00575055 -0.201422 0)
(-0.0174921 -0.201971 0)
(-0.0292848 -0.20005 0)
(-0.0410436 -0.197212 0)
(-0.0527841 -0.193428 0)
(-0.0644691 -0.188639 0)
(-0.0760572 -0.182782 0)
(-0.0874751 -0.175781 0)
(-0.0986197 -0.167559 0)
(-0.10936 -0.158047 0)
(-0.119523 -0.147186 0)
(-0.128886 -0.134948 0)
(-0.137186 -0.121355 0)
(-0.144135 -0.106505 0)
(-0.149438 -0.0905957 0)
(-0.152842 -0.0739323 0)
(-0.154183 -0.0569158 0)
(-0.153423 -0.0399994 0)
(-0.150646 -0.0236373 0)
(-0.146059 -0.00821823 0)
(-0.139938 0.00606501 0)
(-0.132611 0.0189593 0)
(-0.124411 0.0303199 0)
(-0.00527858 -0.189235 0)
(-0.0160872 -0.189701 0)
(-0.0269096 -0.187779 0)
(-0.0376361 -0.184972 0)
(-0.0483013 -0.181247 0)
(-0.0588605 -0.176568 0)
(-0.0692604 -0.170886 0)
(-0.0794244 -0.164153 0)
(-0.0892588 -0.156324 0)
(-0.0986435 -0.147363 0)
(-0.107427 -0.137251 0)
(-0.115431 -0.125994 0)
(-0.122455 -0.113647 0)
(-0.128288 -0.100317 0)
(-0.132727 -0.0861815 0)
(-0.135605 -0.0714855 0)
(-0.136818 -0.0565327 0)
(-0.136346 -0.0416568 0)
(-0.134252 -0.0271867 0)
(-0.130683 -0.0134236 0)
(-0.125862 -0.000588077 0)
(-0.119964 0.0112472 0)
(-0.113263 0.0218741 0)
(-0.00482709 -0.178059 0)
(-0.0147073 -0.178487 0)
(-0.0245663 -0.176609 0)
(-0.0342962 -0.173876 0)
(-0.0439337 -0.170264 0)
(-0.0534306 -0.165749 0)
(-0.0627267 -0.160297 0)
(-0.0717521 -0.153883 0)
(-0.080422 -0.146486 0)
(-0.0886276 -0.138093 0)
(-0.0962421 -0.128711 0)
(-0.103124 -0.118369 0)
(-0.109121 -0.107133 0)
(-0.114079 -0.0951122 0)
(-0.117854 -0.0824585 0)
(-0.120333 -0.0693716 0)
(-0.121451 -0.0560868 0)
(-0.121198 -0.0428576 0)
(-0.119626 -0.0299343 0)
(-0.116838 -0.0175483 0)
(-0.112978 -0.00588845 0)
(-0.10822 0.00497895 0)
(-0.102733 0.0149129 0)
(-0.00438905 -0.167858 0)
(-0.0133543 -0.168279 0)
(-0.0222713 -0.166474 0)
(-0.0310482 -0.163847 0)
(-0.0397134 -0.160383 0)
(-0.0482137 -0.156066 0)
(-0.056492 -0.150877 0)
(-0.0644865 -0.144809 0)
(-0.0721191 -0.137856 0)
(-0.0792945 -0.130022 0)
(-0.0859099 -0.121329 0)
(-0.0918543 -0.111822 0)
(-0.0970102 -0.10157 0)
(-0.101263 -0.0906733 0)
(-0.10451 -0.0792651 0)
(-0.106675 -0.0675085 0)
(-0.107714 -0.05559 0)
(-0.107624 -0.0437074 0)
(-0.106445 -0.0320557 0)
(-0.104255 -0.0208136 0)
(-0.101163 -0.0101377 0)
(-0.0973144 -0.000139313 0)
(-0.0928055 0.00915944 0)
(-0.00396317 -0.15861 0)
(-0.0120344 -0.159039 0)
(-0.0200421 -0.157324 0)
(-0.0279142 -0.154822 0)
(-0.0356615 -0.151525 0)
(-0.0432316 -0.147423 0)
(-0.0505748 -0.142512 0)
(-0.0576342 -0.136796 0)
(-0.0643391 -0.130278 0)
(-0.0706099 -0.122976 0)
(-0.0763637 -0.114923 0)
(-0.0815126 -0.106167 0)
(-0.0859651 -0.0967787 0)
(-0.0896352 -0.0868484 0)
(-0.0924499 -0.0764918 0)
(-0.0943556 -0.0658446 0)
(-0.0953236 -0.0550579 0)
(-0.0953544 -0.0442894 0)
(-0.0944795 -0.0336948 0)
(-0.0927602 -0.0234187 0)
(-0.0902797 -0.0135895 0)
(-0.087132 -0.0043084 0)
(-0.0834226 0.00440158 0)
(-0.00354933 -0.150295 0)
(-0.0107558 -0.150735 0)
(-0.0178944 -0.149119 0)
(-0.0249084 -0.146749 0)
(-0.0317904 -0.143623 0)
(-0.0384956 -0.139742 0)
(-0.0449791 -0.135109 0)
(-0.051187 -0.129734 0)
(-0.0570586 -0.123631 0)
(-0.0625293 -0.116825 0)
(-0.0675315 -0.109353 0)
(-0.0719941 -0.101267 0)
(-0.0758462 -0.0926317 0)
(-0.0790233 -0.0835311 0)
(-0.0814728 -0.0740656 0)
(-0.0831567 -0.0643495 0)
(-0.0840555 -0.0545072 0)
(-0.0841714 -0.0446672 0)
(-0.0835296 -0.0349564 0)
(-0.0821772 -0.0254935 0)
(-0.080178 -0.0163838 0)
(-0.0776092 -0.00771565 0)
(-0.0745629 0.000450931 0)
(-0.00314773 -0.142885 0)
(-0.00952577 -0.143337 0)
(-0.0158386 -0.141819 0)
(-0.022038 -0.139579 0)
(-0.0281073 -0.136623 0)
(-0.0340083 -0.132957 0)
(-0.0396974 -0.128591 0)
(-0.0451263 -0.123538 0)
(-0.0502454 -0.117819 0)
(-0.0550018 -0.111465 0)
(-0.0593391 -0.104515 0)
(-0.0631997 -0.0970182 0)
(-0.0665292 -0.0890372 0)
(-0.0692797 -0.080648 0)
(-0.0714121 -0.0719386 0)
(-0.072899 -0.0630064 0)
(-0.0737267 -0.0539553 0)
(-0.0738987 -0.0448923 0)
(-0.0734356 -0.0359231 0)
(-0.0723748 -0.0271474 0)
(-0.0707685 -0.0186549 0)
(-0.0686786 -0.0105228 0)
(-0.0661548 -0.00280805 0)
(-0.00276143 -0.13635 0)
(-0.00835023 -0.136812 0)
(-0.013879 -0.135384 0)
(-0.0193065 -0.133268 0)
(-0.0246127 -0.130474 0)
(-0.0297618 -0.127011 0)
(-0.0347131 -0.122892 0)
(-0.0394263 -0.118136 0)
(-0.0438608 -0.112767 0)
(-0.047972 -0.106819 0)
(-0.0517126 -0.100329 0)
(-0.0550372 -0.0933457 0)
(-0.0579041 -0.0859292 0)
(-0.060277 -0.0781479 0)
(-0.0621267 -0.0700789 0)
(-0.0634325 -0.0618062 0)
(-0.0641855 -0.0534183 0)
(-0.0643896 -0.0450063 0)
(-0.0640618 -0.0366597 0)
(-0.0632318 -0.0284637 0)
(-0.0619402 -0.0204953 0)
(-0.0602354 -0.0128199 0)
(-0.0581624 -0.00548643 0)
(-0.00239301 -0.130655 0)
(-0.00723078 -0.131124 0)
(-0.0120147 -0.129777 0)
(-0.0167114 -0.127775 0)
(-0.0212978 -0.125129 0)
(-0.02574 -0.121851 0)
(-0.0300038 -0.117956 0)
(-0.034056 -0.113468 0)
(-0.0378617 -0.108412 0)
(-0.0413829 -0.10282 0)
(-0.0445814 -0.0967306 0)
(-0.0474217 -0.0901919 0)
(-0.0498717 -0.0832588 0)
(-0.0519037 -0.0759936 0)
(-0.0534948 -0.0684643 0)
(-0.0546301 -0.0607444 0)
(-0.0553039 -0.0529112 0)
(-0.0555204 -0.0450433 0)
(-0.0552936 -0.0372182 0)
(-0.0546471 -0.0295095 0)
(-0.0536128 -0.0219848 0)
(-0.0522293 -0.0147028 0)
(-0.050535 -0.00770922 0)
(-0.00204141 -0.125761 0)
(-0.00616418 -0.126233 0)
(-0.0102405 -0.124957 0)
(-0.0142436 -0.123056 0)
(-0.0181476 -0.120542 0)
(-0.0219237 -0.117429 0)
(-0.0255442 -0.113735 0)
(-0.0289806 -0.109483 0)
(-0.0322024 -0.104699 0)
(-0.0351781 -0.099416 0)
(-0.0378781 -0.0936718 0)
(-0.0402747 -0.0875123 0)
(-0.0423429 -0.0809885 0)
(-0.0440606 -0.0741569 0)
(-0.0454107 -0.0670787 0)
(-0.0463824 -0.0598192 0)
(-0.0469724 -0.0524469 0)
(-0.0471851 -0.045031 0)
(-0.0470316 -0.0376395 0)
(-0.0465307 -0.030337 0)
(-0.0457074 -0.0231835 0)
(-0.044593 -0.0162321 0)
(-0.0432191 -0.00952457 0)
(-0.00170444 -0.121633 0)
(-0.00514544 -0.122106 0)
(-0.00854829 -0.120891 0)
(-0.0118896 -0.119077 0)
(-0.0151449 -0.116677 0)
(-0.0182914 -0.113708 0)
(-0.0213056 -0.110188 0)
(-0.0241625 -0.106139 0)
(-0.0268363 -0.101588 0)
(-0.0293028 -0.0965668 0)
(-0.0315392 -0.091114 0)
(-0.0335237 -0.0852725 0)
(-0.0352362 -0.0790898 0)
(-0.0366596 -0.0726174 0)
(-0.0377811 -0.0659111 0)
(-0.0385936 -0.0590305 0)
(-0.0390957 -0.0520367 0)
(-0.0392909 -0.0449917 0)
(-0.0391883 -0.037956 0)
(-0.0388025 -0.0309874 0)
(-0.0381532 -0.02414 0)
(-0.0372651 -0.0174625 0)
(-0.0361634 -0.0109936 0)
(-0.00138087 -0.118228 0)
(-0.00416912 -0.1187 0)
(-0.00692713 -0.117535 0)
(-0.00963456 -0.115795 0)
(-0.0122713 -0.113494 0)
(-0.0148185 -0.110647 0)
(-0.0172557 -0.107273 0)
(-0.0195618 -0.103394 0)
(-0.0217173 -0.0990375 0)
(-0.0237039 -0.094235 0)
(-0.0255041 -0.0890234 0)
(-0.0271004 -0.0834432 0)
(-0.0284768 -0.0775387 0)
(-0.0296205 -0.0713581 0)
(-0.0305226 -0.0649531 0)
(-0.031179 -0.0583783 0)
(-0.0315888 -0.0516896 0)
(-0.0317553 -0.0449431 0)
(-0.0316855 -0.0381934 0)
(-0.0313907 -0.0314936 0)
(-0.0308864 -0.0248931 0)
(-0.030192 -0.0184375 0)
(-0.0293274 -0.0121638 0)
(-0.0010691 -0.11547 0)
(-0.00322822 -0.115938 0)
(-0.00536566 -0.114814 0)
(-0.0074642 -0.113135 0)
(-0.00950752 -0.110916 0)
(-0.0114792 -0.108172 0)
(-0.0133624 -0.10492 0)
(-0.0151415 -0.101182 0)
(-0.0168026 -0.0969863 0)
(-0.0183322 -0.0923635 0)
(-0.0197166 -0.0873485 0)
(-0.020942 -0.0819795 0)
(-0.0219965 -0.0762984 0)
(-0.0228711 -0.0703509 0)
(-0.0235604 -0.0641856 0)
(-0.024062 -0.0578532 0)
(-0.0243758 -0.0514053 0)
(-0.0245042 -0.0448935 0)
(-0.0244526 -0.0383684 0)
(-0.0242299 -0.0318791 0)
(-0.0238481 -0.025472 0)
(-0.023322 -0.0191901 0)
(-0.0226671 -0.0130693 0)
(-0.000764267 -0.113632 0)
(-0.00231302 -0.11409 0)
(-0.00385498 -0.112989 0)
(-0.00536779 -0.11135 0)
(-0.00683846 -0.109184 0)
(-0.0082541 -0.106505 0)
(-0.00960295 -0.103332 0)
(-0.0108749 -0.0996875 0)
(-0.0120604 -0.0955984 0)
(-0.0131498 -0.0910953 0)
(-0.0141327 -0.0862116 0)
(-0.0149992 -0.0809845 0)
(-0.0157413 -0.0754548 0)
(-0.0163538 -0.0696669 0)
(-0.0168337 -0.0636672 0)
(-0.0171799 -0.0575036 0)
(-0.0173927 -0.0512243 0)
(-0.0174743 -0.044878 0)
(-0.0174287 -0.0385121 0)
(-0.0172627 -0.0321732 0)
(-0.0169852 -0.0259049 0)
(-0.0166073 -0.0197481 0)
(-0.0161408 -0.0137374 0)
(-0.000452118 -0.113396 0)
(-0.00140011 -0.113819 0)
(-0.00236452 -0.112726 0)
(-0.00330282 -0.111098 0)
(-0.00421005 -0.108943 0)
(-0.00507961 -0.106278 0)
(-0.00590556 -0.103121 0)
(-0.00668235 -0.0994959 0)
(-0.00740415 -0.0954303 0)
(-0.00806438 -0.0909541 0)
(-0.00865634 -0.0861011 0)
(-0.00917418 -0.080909 0)
(-0.00961366 -0.0754192 0)
(-0.00997224 -0.0696758 0)
(-0.0102487 -0.0637246 0)
(-0.0104427 -0.0576126 0)
(-0.0105547 -0.0513871 0)
(-0.0105866 -0.0450957 0)
(-0.0105414 -0.0387852 0)
(-0.0104238 -0.0325009 0)
(-0.0102398 -0.0262856 0)
(-0.00999684 -0.0201788 0)
(-0.00970256 -0.0142149 0)
(-0.000129672 -0.110784 0)
(-0.000448689 -0.111077 0)
(-0.000801939 -0.110054 0)
(-0.00113016 -0.108502 0)
(-0.00144295 -0.106441 0)
(-0.00174124 -0.103887 0)
(-0.00202408 -0.10086 0)
(-0.00228987 -0.0973806 0)
(-0.00253644 -0.0934744 0)
(-0.00276124 -0.0891688 0)
(-0.00296183 -0.0844957 0)
(-0.00313627 -0.0794905 0)
(-0.00328323 -0.074192 0)
(-0.00340196 -0.0686409 0)
(-0.00349202 -0.0628796 0)
(-0.00355326 -0.0569516 0)
(-0.00358587 -0.0509013 0)
(-0.00359047 -0.0447734 0)
(-0.00356829 -0.0386124 0)
(-0.0035211 -0.0324616 0)
(-0.00345121 -0.0263619 0)
(-0.00336133 -0.0203515 0)
(-0.00325437 -0.0144641 0)
(0.685371 0.580783 0)
(0.410158 0.0688605 0)
(0.325474 -0.0366464 0)
(0.390935 -0.0222792 0)
(0.793153 0.417847 0)
(0.664869 0.0506598 0)
(0.51105 -0.00596764 0)
(0.434969 -0.00113714 0)
(0.649416 0.359998 0)
(0.596246 0.169773 0)
(0.481653 0.106964 0)
(0.399959 0.0753814 0)
(0.496831 0.385255 0)
(0.473578 0.254506 0)
(0.409393 0.177132 0)
(0.353687 0.128858 0)
(0.385194 0.381811 0)
(0.377851 0.286403 0)
(0.345774 0.21716 0)
(0.309698 0.168212 0)
(0.310312 0.367736 0)
(0.309978 0.299403 0)
(0.292816 0.242419 0)
(0.268468 0.196994 0)
(0.25658 0.358737 0)
(0.25751 0.306704 0)
(0.247097 0.25887 0)
(0.230326 0.217713 0)
(0.214071 0.35363 0)
(0.214174 0.311051 0)
(0.207126 0.269837 0)
(0.195358 0.232598 0)
(0.178127 0.351341 0)
(0.176827 0.314321 0)
(0.171491 0.277553 0)
(0.163082 0.24331 0)
(0.145704 0.351989 0)
(0.142957 0.317522 0)
(0.138651 0.283197 0)
(0.132756 0.250893 0)
(0.113934 0.355136 0)
(0.110346 0.320694 0)
(0.107208 0.287139 0)
(0.103655 0.255832 0)
(0.0802122 0.359572 0)
(0.0772258 0.323104 0)
(0.0760791 0.289108 0)
(0.0752132 0.258156 0)
(0.042059 0.36308 0)
(0.0422581 0.323308 0)
(0.0445796 0.28833 0)
(0.0471389 0.257545 0)
(-0.00186109 0.361973 0)
(0.00508585 0.319258 0)
(0.0126991 0.283731 0)
(0.0195612 0.253492 0)
(-0.0502153 0.35132 0)
(-0.0329819 0.308582 0)
(-0.0186588 0.274258 0)
(-0.00690699 0.245659 0)
(-0.097108 0.327644 0)
(-0.068922 0.289902 0)
(-0.0477358 0.259386 0)
(-0.0312457 0.233832 0)
(-0.13386 0.292384 0)
(-0.098606 0.264025 0)
(-0.0724592 0.239689 0)
(-0.0523133 0.218507 0)
(-0.156637 0.251962 0)
(-0.11967 0.234088 0)
(-0.0914247 0.216856 0)
(-0.0692813 0.200726 0)
(-0.167696 0.212571 0)
(-0.132515 0.203559 0)
(-0.104513 0.192912 0)
(-0.0819325 0.181742 0)
(-0.170638 0.177128 0)
(-0.138798 0.17469 0)
(-0.112451 0.169448 0)
(-0.0905589 0.162655 0)
(-0.168122 0.14632 0)
(-0.140173 0.148508 0)
(-0.116205 0.14743 0)
(-0.095705 0.144257 0)
(-0.162086 0.120072 0)
(-0.138028 0.125365 0)
(-0.116716 0.127356 0)
(-0.0979863 0.127039 0)
(-0.153939 0.0979946 0)
(-0.133473 0.105254 0)
(-0.114812 0.109411 0)
(-0.0979974 0.111267 0)
(-0.144645 0.0795506 0)
(-0.127351 0.0879648 0)
(-0.111175 0.0935896 0)
(-0.0962659 0.0970425 0)
(-0.134831 0.0641847 0)
(-0.120266 0.0731988 0)
(-0.106337 0.0797687 0)
(-0.0932336 0.0843584 0)
(-0.124894 0.0513896 0)
(-0.112646 0.0606349 0)
(-0.1007 0.0677715 0)
(-0.0892566 0.0731417 0)
(-0.115077 0.0407269 0)
(-0.10478 0.049966 0)
(-0.0945611 0.0574021 0)
(-0.0846133 0.0632842 0)
(-0.105522 0.031829 0)
(-0.0968611 0.0409153 0)
(-0.0881347 0.048467 0)
(-0.0795169 0.0546628 0)
(-0.0963008 0.0243938 0)
(-0.0890142 0.0332419 0)
(-0.0815716 0.0407856 0)
(-0.0741276 0.0471518 0)
(-0.0874477 0.0181741 0)
(-0.0813156 0.0267395 0)
(-0.0749761 0.0341953 0)
(-0.0685636 0.0406304 0)
(-0.0789655 0.012969 0)
(-0.0738087 0.0212338 0)
(-0.068418 0.0285529 0)
(-0.0629101 0.034987 0)
(-0.0708513 0.0086114 0)
(-0.0665154 0.0165778 0)
(-0.0619417 0.0237343 0)
(-0.0572273 0.0301216 0)
(-0.063064 0.00497241 0)
(-0.0594378 0.0126507 0)
(-0.0555724 0.0196336 0)
(-0.0515556 0.0259458 0)
(-0.055605 0.00193909 0)
(-0.0525763 0.00935039 0)
(-0.0493237 0.0161608 0)
(-0.0459217 0.0223828 0)
(-0.0484232 -0.00058043 0)
(-0.0459107 0.00659281 0)
(-0.0431966 0.0132399 0)
(-0.0403406 0.0193663 0)
(-0.0414898 -0.00264456 0)
(-0.0394262 0.00431164 0)
(-0.0371878 0.0108078 0)
(-0.0348194 0.0168399 0)
(-0.0347714 -0.0043233 0)
(-0.0331052 0.00244797 0)
(-0.0312887 0.00881115 0)
(-0.0293591 0.0147561 0)
(-0.0282316 -0.00566849 0)
(-0.0269194 0.000952487 0)
(-0.0254848 0.0072062 0)
(-0.0239552 0.0130759 0)
(-0.0218371 -0.00671145 0)
(-0.0208432 -0.000211746 0)
(-0.0197577 0.00595977 0)
(-0.0185993 0.0117692 0)
(-0.0155551 -0.00747674 0)
(-0.0148499 -0.00105872 0)
(-0.014086 0.0050501 0)
(-0.0132808 0.0108142 0)
(-0.00933974 -0.00799541 0)
(-0.00891147 -0.00161182 0)
(-0.00845842 0.00446225 0)
(-0.00799022 0.0101975 0)
(-0.00312705 -0.00829788 0)
(-0.00298146 -0.00194277 0)
(-0.00284893 0.00412477 0)
(-0.00269901 0.00984296 0)
(0.362741 -0.136982 0)
(0.207018 -0.104449 0)
(0.141419 -0.0440388 0)
(0.11415 -0.0124508 0)
(0.0941656 0.00469814 0)
(0.0793508 0.0151087 0)
(0.0676434 0.0215608 0)
(0.0580509 0.0256813 0)
(0.0499715 0.0283254 0)
(0.04301 0.0300008 0)
(0.0368923 0.0310328 0)
(0.0314185 0.0316372 0)
(0.0264376 0.0319602 0)
(0.021834 0.0321033 0)
(0.0175186 0.0321391 0)
(0.0134199 0.0321185 0)
(0.00947796 0.0320766 0)
(0.00564234 0.0320364 0)
(0.00186885 0.0319208 0)
(0.344956 -0.0494965 0)
(0.228071 -0.0392456 0)
(0.160304 -0.0121768 0)
(0.125253 0.00514026 0)
(0.10126 0.0166162 0)
(0.0837757 0.023876 0)
(0.0704491 0.0284709 0)
(0.0598284 0.0313491 0)
(0.0510795 0.0331057 0)
(0.0436779 0.0341274 0)
(0.0372705 0.0346688 0)
(0.0316077 0.0349005 0)
(0.0265072 0.034939 0)
(0.0218329 0.0348657 0)
(0.0174813 0.0347386 0)
(0.0133702 0.034598 0)
(0.00943199 0.0344714 0)
(0.00561068 0.034377 0)
(0.00185765 0.0342285 0)
(0.320294 0.0266487 0)
(0.230132 0.00947195 0)
(0.168827 0.0165435 0)
(0.13144 0.0240796 0)
(0.105522 0.0297309 0)
(0.0865648 0.0335892 0)
(0.0722021 0.0360169 0)
(0.0608833 0.0374286 0)
(0.0516716 0.0381525 0)
(0.0439673 0.0384252 0)
(0.0373658 0.038412 0)
(0.0315835 0.0382274 0)
(0.0264153 0.0379514 0)
(0.0217102 0.0376408 0)
(0.0173535 0.037336 0)
(0.0132553 0.0370649 0)
(0.00934191 0.0368465 0)
(0.0055536 0.0366938 0)
(0.0018382 0.0365107 0)
(0.292279 0.0791494 0)
(0.222612 0.0509154 0)
(0.169356 0.0444267 0)
(0.132984 0.0433035 0)
(0.106928 0.0434769 0)
(0.0875588 0.0438325 0)
(0.07277 0.0439434 0)
(0.061123 0.0437678 0)
(0.0516843 0.043371 0)
(0.0438343 0.0428326 0)
(0.0371478 0.0422214 0)
(0.0313243 0.0415902 0)
(0.0261466 0.0409784 0)
(0.0214547 0.0404152 0)
(0.0171274 0.0399219 0)
(0.0130695 0.0395129 0)
(0.0092042 0.0391979 0)
(0.00546913 0.0389841 0)
(0.00180984 0.0387652 0)
(0.263038 0.120119 0)
(0.208688 0.0857378 0)
(0.163825 0.0698092 0)
(0.130525 0.0617276 0)
(0.105675 0.0571016 0)
(0.0867646 0.0541456 0)
(0.0721179 0.0519697 0)
(0.0605094 0.0501889 0)
(0.0510859 0.0486434 0)
(0.0432552 0.0472684 0)
(0.0365993 0.0460389 0)
(0.0308178 0.0449457 0)
(0.0256921 0.043987 0)
(0.0210601 0.0431634 0)
(0.0167985 0.042476 0)
(0.01281 0.0419252 0)
(0.009017 0.0415113 0)
(0.00535626 0.0412349 0)
(0.00177227 0.0409795 0)
(0.233415 0.151079 0)
(0.191167 0.113793 0)
(0.154165 0.0919193 0)
(0.124872 0.0786247 0)
(0.1021 0.0700213 0)
(0.0843136 0.0641311 0)
(0.0702895 0.0598322 0)
(0.0590529 0.0565152 0)
(0.0498754 0.0538492 0)
(0.0422256 0.0516484 0)
(0.0357154 0.0498039 0)
(0.0300599 0.0482496 0)
(0.0250489 0.0469439 0)
(0.0205244 0.0458597 0)
(0.0163652 0.0449781 0)
(0.0124759 0.0442854 0)
(0.00877974 0.0437726 0)
(0.00521466 0.0434337 0)
(0.00172534 0.0431419 0)
(0.204304 0.174333 0)
(0.171744 0.136076 0)
(0.141774 0.110622 0)
(0.116785 0.0935874 0)
(0.0966025 0.0818403 0)
(0.0804097 0.0734789 0)
(0.0673855 0.0673058 0)
(0.0568034 0.0625873 0)
(0.048078 0.0588753 0)
(0.0407586 0.0558912 0)
(0.0345035 0.0534574 0)
(0.0290552 0.0514583 0)
(0.0242198 0.0498166 0)
(0.0198494 0.0484791 0)
(0.015829 0.0474083 0)
(0.0120679 0.0465773 0)
(0.00849305 0.045968 0)
(0.00504464 0.0455682 0)
(0.00166916 0.0452409 0)
(0.176184 0.191755 0)
(0.151413 0.153541 0)
(0.127633 0.126036 0)
(0.106918 0.106436 0)
(0.089583 0.0923134 0)
(0.0752888 0.0819635 0)
(0.0635423 0.0742105 0)
(0.0538401 0.0682688 0)
(0.0457407 0.0636205 0)
(0.0388832 0.0599224 0)
(0.0329821 0.0569445 0)
(0.0278159 0.0545307 0)
(0.0232131 0.0525736 0)
(0.0190407 0.0509972 0)
(0.0151938 0.0497472 0)
(0.011589 0.048785 0)
(0.00815872 0.048084 0)
(0.0048472 0.0476262 0)
(0.00160403 0.0472648 0)
(0.149161 0.204634 0)
(0.130768 0.166944 0)
(0.112433 0.138386 0)
(0.0958129 0.117129 0)
(0.0814124 0.101305 0)
(0.0691943 0.0894334 0)
(0.058915 0.0804113 0)
(0.0502615 0.0734504 0)
(0.0429268 0.0679999 0)
(0.0366408 0.0636772 0)
(0.0311793 0.0602157 0)
(0.0263611 0.0574293 0)
(0.0220422 0.055186 0)
(0.0181078 0.0533911 0)
(0.0144662 0.0519764 0)
(0.0110436 0.0508933 0)
(0.0077797 0.0501077 0)
(0.00462398 0.0495961 0)
(0.00153048 0.049203 0)
(0.123118 0.213845 0)
(0.110145 0.176868 0)
(0.09666 0.147918 0)
(0.0839029 0.125706 0)
(0.0724218 0.108757 0)
(0.062362 0.0957966 0)
(0.0536658 0.0858144 0)
(0.0461777 0.0780497 0)
(0.0397109 0.071946 0)
(0.0340826 0.0671019 0)
(0.0291301 0.0632292 0)
(0.0247154 0.060121 0)
(0.0207243 0.0576276 0)
(0.0170629 0.0556401 0)
(0.0136549 0.0540793 0)
(0.0104379 0.0528884 0)
(0.00735998 0.052027 0)
(0.00437725 0.0514672 0)
(0.00144924 0.0510454 0)
(0.0978668 0.2199 0)
(0.0897412 0.183724 0)
(0.0806665 0.154858 0)
(0.0715396 0.132245 0)
(0.0629017 0.114664 0)
(0.0550131 0.101008 0)
(0.0479557 0.0903623 0)
(0.0417031 0.0820101 0)
(0.0361738 0.0754088 0)
(0.0312657 0.0701548 0)
(0.0268754 0.0659508 0)
(0.022908 0.0625784 0)
(0.0192803 0.0598765 0)
(0.015921 0.0577265 0)
(0.0127706 0.0560414 0)
(0.00977925 0.0547582 0)
(0.00690447 0.0538316 0)
(0.00410981 0.0532303 0)
(0.00136124 0.0527832 0)
(0.0732597 0.223026 0)
(0.0697096 0.187781 0)
(0.0647312 0.159391 0)
(0.0590159 0.136841 0)
(0.0531071 0.119056 0)
(0.0473511 0.10506 0)
(0.0419395 0.0940281 0)
(0.0369524 0.0852984 0)
(0.0323993 0.0783553 0)
(0.0282508 0.0728062 0)
(0.0244591 0.0683551 0)
(0.0209708 0.0647801 0)
(0.0177335 0.0619149 0)
(0.0146992 0.0596356 0)
(0.0118257 0.0578506 0)
(0.00907633 0.0564924 0)
(0.00641885 0.0555126 0)
(0.0038249 0.054877 0)
(0.00126754 0.0544087 0)
(0.0492832 0.223246 0)
(0.0502224 0.1892 0)
(0.0491014 0.161676 0)
(0.046586 0.1396 0)
(0.0432641 0.121988 0)
(0.0395617 0.107971 0)
(0.0357626 0.0968101 0)
(0.0320363 0.0879017 0)
(0.0284704 0.0807682 0)
(0.0250998 0.075038 0)
(0.0219271 0.070425 0)
(0.0189377 0.066711 0)
(0.016109 0.0637299 0)
(0.0134158 0.0613566 0)
(0.0108334 0.0594974 0)
(0.00833857 0.058083 0)
(0.00590935 0.0570627 0)
(0.00352608 0.056401 0)
(0.00116928 0.0559156 0)
(0.0261336 0.220491 0)
(0.0315106 0.188099 0)
(0.0340199 0.161857 0)
(0.03448 0.140637 0)
(0.033575 0.123538 0)
(0.0318132 0.109786 0)
(0.0295595 0.0987285 0)
(0.0270594 0.0898254 0)
(0.0244675 0.0826445 0)
(0.0218736 0.076843 0)
(0.0193253 0.072152 0)
(0.0168433 0.0683623 0)
(0.0144327 0.0653132 0)
(0.0120902 0.0628818 0)
(0.009808 0.0609752 0)
(0.00757591 0.0595239 0)
(0.00538259 0.0584765 0)
(0.00321712 0.0577971 0)
(0.00106769 0.057299 0)
(0.00424206 0.214733 0)
(0.0138764 0.18456 0)
(0.0197339 0.160092 0)
(0.0229096 0.140084 0)
(0.0242208 0.1238 0)
(0.0242563 0.110567 0)
(0.0234524 0.0998211 0)
(0.0221186 0.09109 0)
(0.0204659 0.0839938 0)
(0.0186306 0.0782242 0)
(0.0166985 0.0735349 0)
(0.0147216 0.0697311 0)
(0.0127304 0.0666609 0)
(0.0107417 0.0642072 0)
(0.00876367 0.0622801 0)
(0.00679857 0.0608112 0)
(0.00484538 0.0597503 0)
(0.00290191 0.0590617 0)
(0.000964032 0.0585554 0)
(-0.0159098 0.206153 0)
(-0.00233796 0.178875 0)
(0.00651644 0.15649 0)
(0.012067 0.138086 0)
(0.0153616 0.122887 0)
(0.017024 0.110393 0)
(0.0175496 0.100142 0)
(0.0173009 0.0917295 0)
(0.0165351 0.0848363 0)
(0.0154253 0.079193 0)
(0.014089 0.0745798 0)
(0.0126053 0.0708198 0)
(0.0110273 0.0677738 0)
(0.00938953 0.0653323 0)
(0.00771463 0.0634105 0)
(0.00601671 0.0619434 0)
(0.00430455 0.0608824 0)
(0.00258438 0.0601931 0)
(0.000859576 0.059683 0)
(-0.0336239 0.195081 0)
(-0.0168832 0.171338 0)
(-0.00548579 0.1514 0)
(0.00216191 0.134799 0)
(0.00713802 0.120913 0)
(0.0102311 0.109357 0)
(0.0119453 0.0997572 0)
(0.0126824 0.0917883 0)
(0.0127368 0.0852017 0)
(0.012307 0.0797687 0)
(0.011536 0.0752988 0)
(0.0105254 0.0716361 0)
(0.00934721 0.0686561 0)
(0.00805185 0.0662594 0)
(0.00667457 0.0643679 0)
(0.00524023 0.0629208 0)
(0.00376679 0.0618726 0)
(0.00226839 0.061191 0)
(0.00075558 0.0606816 0)
(-0.0484212 0.182069 0)
(-0.029408 0.162252 0)
(-0.0160916 0.145135 0)
(-0.00676035 0.130486 0)
(-0.000332339 0.118059 0)
(0.00398039 0.107538 0)
(0.00671857 0.0987448 0)
(0.00832741 0.0913185 0)
(0.00912461 0.0851264 0)
(0.00931957 0.0799765 0)
(0.00907471 0.0757096 0)
(0.00850971 0.0721919 0)
(0.00771231 0.069316 0)
(0.0067458 0.0669941 0)
(0.00565642 0.0651559 0)
(0.00447857 0.0637461 0)
(0.00323851 0.062723 0)
(0.00195766 0.0620569 0)
(0.000653259 0.0615523 0)
(-0.0601168 0.167871 0)
(-0.0397717 0.152083 0)
(-0.0251437 0.137892 0)
(-0.0145738 0.125374 0)
(-0.00702391 0.1145 0)
(-0.00167858 0.105122 0)
(0.00194652 0.0971424 0)
(0.00428676 0.0903736 0)
(0.00574402 0.0846519 0)
(0.00650084 0.0798464 0)
(0.00673615 0.075834 0)
(0.00658325 0.0725027 0)
(0.00614248 0.0697647 0)
(0.00548698 0.0675446 0)
(0.0046721 0.0657805 0)
(0.00374049 0.0644237 0)
(0.00272572 0.0634372 0)
(0.00165568 0.0627938 0)
(0.000553759 0.062298 0)
(-0.0687953 0.153198 0)
(-0.0479819 0.141302 0)
(-0.0326156 0.12999 0)
(-0.0212176 0.119627 0)
(-0.0128379 0.110365 0)
(-0.00672811 0.10222 0)
(-0.00237572 0.0950939 0)
(0.000626347 0.0890181 0)
(0.00263408 0.0838189 0)
(0.00388259 0.0794117 0)
(0.00454666 0.0756977 0)
(0.0047674 0.0725872 0)
(0.0046552 0.0700159 0)
(0.00428929 0.0679212 0)
(0.00373232 0.0662497 0)
(0.00303393 0.0649602 0)
(0.00223386 0.0640202 0)
(0.00136565 0.0634061 0)
(0.000458132 0.0629226 0)
(-0.0747278 0.138629 0)
(-0.0541483 0.130309 0)
(-0.0385496 0.121728 0)
(-0.026699 0.113456 0)
(-0.0177705 0.105795 0)
(-0.0111013 0.0988781 0)
(-0.00619718 0.0927174 0)
(-0.0026652 0.087341 0)
(-0.000179075 0.0826908 0)
(0.00149324 0.0786984 0)
(0.00252805 0.075329 0)
(0.00307981 0.0724655 0)
(0.00326541 0.0700855 0)
(0.00316477 0.0681363 0)
(0.00284645 0.0665732 0)
(0.00236592 0.0653632 0)
(0.0017678 0.0644786 0)
(0.00109043 0.0638997 0)
(0.000367318 0.0634318 0)
(-0.0782758 0.124594 0)
(-0.0584532 0.119429 0)
(-0.0430361 0.113353 0)
(-0.0310582 0.107056 0)
(-0.0218352 0.100943 0)
(-0.0147962 0.0952369 0)
(-0.00949146 0.0900374 0)
(-0.00555678 0.0854025 0)
(-0.00269452 0.0813261 0)
(-0.000656711 0.0777768 0)
(0.000703206 0.0747383 0)
(0.00153402 0.0721576 0)
(0.00198572 0.0699901 0)
(0.00212361 0.068204 0)
(0.00202242 0.066762 0)
(0.00174249 0.0656419 0)
(0.00133172 0.0648203 0)
(0.00083248 0.0642815 0)
(0.000282133 0.0638318 0)
(-0.0798266 0.11138 0)
(-0.061117 0.108913 0)
(-0.0461996 0.10507 0)
(-0.0343616 0.100589 0)
(-0.025063 0.0959392 0)
(-0.0178279 0.091403 0)
(-0.0122618 0.0871405 0)
(-0.0080367 0.0832468 0)
(-0.00488077 0.0797576 0)
(-0.00256832 0.0766812 0)
(-0.000936805 0.0739807 0)
(0.000151736 0.0716897 0)
(0.000827429 0.0697451 0)
(0.00117425 0.0681393 0)
(0.00126663 0.0668279 0)
(0.00116866 0.0658066 0)
(0.000929095 0.0650538 0)
(0.000593893 0.0645592 0)
(0.000203261 0.0641301 0)
(-0.0797524 0.0991534 0)
(-0.0623719 0.0989339 0)
(-0.0481825 0.0970353 0)
(-0.0366944 0.0941913 0)
(-0.0275018 0.0908949 0)
(-0.0202221 0.0874658 0)
(-0.0145203 0.0841044 0)
(-0.0101085 0.0809363 0)
(-0.00674233 0.0780297 0)
(-0.00421816 0.075418 0)
(-0.00237422 0.0731008 0)
(-0.00107754 0.0710948 0)
(-0.000203647 0.0693819 0)
(0.000324685 0.0679506 0)
(0.000583947 0.0667822 0)
(0.000648566 0.0658679 0)
(0.000562699 0.0651886 0)
(0.000376371 0.0647416 0)
(0.000131245 0.0643348 0)
(-0.0783879 0.0879917 0)
(-0.0624435 0.0896049 0)
(-0.0491333 0.0893668 0)
(-0.0381514 0.0879698 0)
(-0.0292106 0.0859038 0)
(-0.0220144 0.0835042 0)
(-0.0162869 0.0809958 0)
(-0.0117814 0.0785271 0)
(-0.00828253 0.0761903 0)
(-0.00560684 0.0740394 0)
(-0.00360196 0.0721007 0)
(-0.00214093 0.0703926 0)
(-0.00111104 0.0689192 0)
(-0.00042883 0.067664 0)
(-1.77569e-05 0.0666426 0)
(0.000185911 0.0658344 0)
(0.000234659 0.0652339 0)
(0.000181275 0.0648377 0)
(6.64668e-05 0.0644545 0)
(-0.07602 0.0779083 0)
(-0.0615392 0.0809876 0)
(-0.049197 0.0821439 0)
(-0.0388314 0.0820064 0)
(-0.0302548 0.0810419 0)
(-0.0232471 0.0795857 0)
(-0.0175878 0.0778736 0)
(-0.0130704 0.0760691 0)
(-0.00950851 0.0742813 0)
(-0.00673904 0.072581 0)
(-0.00462228 0.0710116 0)
(-0.00303884 0.0696007 0)
(-0.00188577 0.0683641 0)
(-0.00107893 0.0673015 0)
(-0.000544179 0.0664242 0)
(-0.000220195 0.0657223 0)
(-5.18453e-05 0.0652022 0)
(9.82151e-06 0.0648565 0)
(9.15962e-06 0.0644977 0)
(-0.0728874 0.0688741 0)
(-0.0598433 0.073106 0)
(-0.0485092 0.0754161 0)
(-0.0388313 0.0763602 0)
(-0.0307021 0.0763693 0)
(-0.0239664 0.0757663 0)
(-0.0184537 0.0747883 0)
(-0.0139951 0.0736061 0)
(-0.0104323 0.0723402 0)
(-0.00762218 0.0710735 0)
(-0.00543901 0.0698619 0)
(-0.00377289 0.0687431 0)
(-0.00252841 0.0677408 0)
(-0.00162482 0.0668683 0)
(-0.000991404 0.0661363 0)
(-0.000567524 0.0655465 0)
(-0.000299136 0.0651049 0)
(-0.000139022 0.0648112 0)
(-4.04745e-05 0.0644736 0)
(-0.0691837 0.0608341 0)
(-0.0575142 0.0659571 0)
(-0.047193 0.0692097 0)
(-0.0382433 0.0710717 0)
(-0.0306195 0.0719314 0)
(-0.0242202 0.0720914 0)
(-0.0189182 0.0717823 0)
(-0.0145785 0.0711766 0)
(-0.0110691 0.0704006 0)
(-0.00826637 0.0695459 0)
(-0.00605861 0.0686773 0)
(-0.00434621 0.067841 0)
(-0.00304142 0.0670686 0)
(-0.00206811 0.0663809 0)
(-0.00135912 0.0657933 0)
(-0.000856092 0.0653142 0)
(-0.00050645 0.0649511 0)
(-0.00026391 0.0647109 0)
(-8.20303e-05 0.0643953 0)
(-0.0650627 0.0537191 0)
(-0.0546855 0.0595196 0)
(-0.0453571 0.063533 0)
(-0.0371523 0.0661659 0)
(-0.0300717 0.0677614 0)
(-0.0240565 0.0685967 0)
(-0.0190162 0.0688909 0)
(-0.0148458 0.0688132 0)
(-0.0114367 0.0684921 0)
(-0.00868398 0.0680242 0)
(-0.00648958 0.0674809 0)
(-0.00476435 0.0669148 0)
(-0.00342839 0.0663639 0)
(-0.00241094 0.0658553 0)
(-0.00164897 0.0654089 0)
(-0.00108674 0.0650376 0)
(-0.000673651 0.0647524 0)
(-0.000364977 0.0645647 0)
(-0.000115615 0.0642713 0)
(-0.0606445 0.0474541 0)
(-0.0514679 0.0537606 0)
(-0.0430957 0.0583815 0)
(-0.035635 0.061656 0)
(-0.029119 0.0638819 0)
(-0.0235219 0.0653095 0)
(-0.0187832 0.0661424 0)
(-0.0148232 0.0665435 0)
(-0.0115546 0.0666404 0)
(-0.0088891 0.0665318 0)
(-0.00674202 0.0662935 0)
(-0.00503445 0.065983 0)
(-0.00369435 0.0656431 0)
(-0.00265677 0.0653059 0)
(-0.00186314 0.0649954 0)
(-0.00126077 0.0647287 0)
(-0.00080165 0.0645191 0)
(-0.000442875 0.0643821 0)
(-0.000141506 0.0641109 0)
(-0.0560216 0.0419643 0)
(-0.0479513 0.0486413 0)
(-0.0404891 0.0537422 0)
(-0.0337596 0.0575457 0)
(-0.0278173 0.0603074 0)
(-0.022661 0.0622496 0)
(-0.0182538 0.0635593 0)
(-0.0145375 0.0643904 0)
(-0.011443 0.0648675 0)
(-0.00889703 0.0650894 0)
(-0.00682736 0.0651341 0)
(-0.00516494 0.0650625 0)
(-0.00384551 0.0649212 0)
(-0.00281007 0.0647463 0)
(-0.00200471 0.0645651 0)
(-0.00138029 0.0643983 0)
(-0.000891766 0.0642612 0)
(-0.000498393 0.0641726 0)
(-0.000160005 0.0639234 0)
(-0.0512635 0.0371779 0)
(-0.0442081 0.0441201 0)
(-0.0376052 0.049596 0)
(-0.0315857 0.0538322 0)
(-0.026217 0.0570454 0)
(-0.0215153 0.059431 0)
(-0.0174617 0.0611588 0)
(-0.0140154 0.0623728 0)
(-0.0111227 0.0631922 0)
(-0.00872389 0.0637149 0)
(-0.006758 0.0640194 0)
(-0.00516527 0.0641686 0)
(-0.00388898 0.0642121 0)
(-0.0028761 0.0641889 0)
(-0.00207752 0.0641294 0)
(-0.001448 0.0640567 0)
(-0.000945754 0.0639884 0)
(-0.000532587 0.0639454 0)
(-0.000171483 0.0637177 0)
(-0.0464221 0.0330289 0)
(-0.0402958 0.0401553 0)
(-0.0345002 0.0459211 0)
(-0.0291651 0.0505082 0)
(-0.0243636 0.0540987 0)
(-0.0201233 0.0568631 0)
(-0.0164387 0.0589543 0)
(-0.0132826 0.0605056 0)
(-0.0106145 0.0616304 0)
(-0.00838626 0.0624238 0)
(-0.00654701 0.062964 0)
(-0.00504566 0.063315 0)
(-0.00383264 0.0635284 0)
(-0.00286083 0.0636454 0)
(-0.00208602 0.0636987 0)
(-0.00146706 0.0637138 0)
(-0.000965767 0.0637096 0)
(-0.000546741 0.0637088 0)
(-0.000176372 0.0635019 0)
(-0.0415349 0.0294573 0)
(-0.0362595 0.036707 0)
(-0.0312209 0.0426941 0)
(-0.0265421 0.0475632 0)
(-0.0222972 0.0514663 0)
(-0.01852 0.0545515 0)
(-0.0152146 0.0569555 0)
(-0.0123643 0.058801 0)
(-0.00993903 0.060195 0)
(-0.00790088 0.0612292 0)
(-0.00620789 0.0619808 0)
(-0.00481685 0.0625138 0)
(-0.00368494 0.0628813 0)
(-0.0027708 0.0631261 0)
(-0.00203515 0.0632828 0)
(-0.00144111 0.0633784 0)
(-0.000954279 0.0634333 0)
(-0.000542318 0.0634711 0)
(-0.000175162 0.063284 0)
(-0.0366284 0.0264101 0)
(-0.0321341 0.0337381 0)
(-0.0278054 0.039892 0)
(-0.0237548 0.0449855 0)
(-0.0200533 0.0491453 0)
(-0.0167374 0.0524991 0)
(-0.0138173 0.0551693 0)
(-0.0112841 0.0572683 0)
(-0.0091164 0.0588967 0)
(-0.00728449 0.0601423 0)
(-0.00575438 0.0610806 0)
(-0.00448997 0.0617756 0)
(-0.00345478 0.0622809 0)
(-0.00261299 0.0626405 0)
(-0.00193027 0.0628904 0)
(-0.00137412 0.0630587 0)
(-0.000914036 0.063167 0)
(-0.000520935 0.0632395 0)
(-0.000168388 0.0630709 0)
(-0.0317201 0.0238409 0)
(-0.027946 0.0312151 0)
(-0.0242847 0.0374929 0)
(-0.0208353 0.0427631 0)
(-0.0176631 0.0471308 0)
(-0.0148044 0.0507069 0)
(-0.0122728 0.0536005 0)
(-0.010065 0.0559148 0)
(-0.00816615 0.0577441 0)
(-0.00655365 0.0591722 0)
(-0.00520028 0.060273 0)
(-0.00407638 0.0611096 0)
(-0.00315134 0.0617359 0)
(-0.00239474 0.0621969 0)
(-0.0017771 0.0625291 0)
(-0.00127036 0.062762 0)
(-0.000848002 0.0629178 0)
(-0.000484337 0.0630207 0)
(-0.000156622 0.0628693 0)
(-0.0268209 0.0217104 0)
(-0.0237153 0.0291087 0)
(-0.0206837 0.0354768 0)
(-0.0178108 0.0408839 0)
(-0.015154 0.0454176 0)
(-0.0127471 0.0491744 0)
(-0.0106051 0.0522522 0)
(-0.00872839 0.0547459 0)
(-0.00710717 0.0567438 0)
(-0.0057246 0.0583266 0)
(-0.00455936 0.0595656 0)
(-0.00358754 0.0605235 0)
(-0.00278406 0.061254 0)
(-0.00212365 0.0618024 0)
(-0.00158162 0.062206 0)
(-0.00113434 0.0624947 0)
(-0.000759314 0.0626917 0)
(-0.000434363 0.0628208 0)
(-0.000140467 0.0626849 0)
(-0.0219362 0.0199857 0)
(-0.0194564 0.0273939 0)
(-0.0170228 0.0338263 0)
(-0.0147046 0.0393371 0)
(-0.0125501 0.0440002 0)
(-0.0105892 0.0479003 0)
(-0.00883654 0.0511261 0)
(-0.0072947 0.0537653 0)
(-0.00595765 0.0559014 0)
(-0.00481324 0.0576114 0)
(-0.00384525 0.0589651 0)
(-0.00303499 0.0600239 0)
(-0.00236251 0.0608415 0)
(-0.00180752 0.0614631 0)
(-0.00135002 0.0619266 0)
(-0.000970727 0.0622624 0)
(-0.000651236 0.062494 0)
(-0.000372935 0.0626449 0)
(-0.000120554 0.0625227 0)
(-0.0170675 0.0186408 0)
(-0.0151798 0.02605 0)
(-0.0133183 0.0325262 0)
(-0.0115364 0.0381127 0)
(-0.00987287 0.042873 0)
(-0.00835236 0.0468827 0)
(-0.00698792 0.0502231 0)
(-0.00578327 0.052976 0)
(-0.00473511 0.0552208 0)
(-0.00383508 0.0570317 0)
(-0.00307144 0.0584766 0)
(-0.00243025 0.0596162 0)
(-0.00189639 0.0605037 0)
(-0.00145432 0.0611843 0)
(-0.00108862 0.0616961 0)
(-0.000784343 0.0620698 0)
(-0.000527128 0.0623294 0)
(-0.000302035 0.0624976 0)
(-9.75377e-05 0.0623872 0)
(-0.0122136 0.0176557 0)
(-0.0108932 0.0250608 0)
(-0.00958369 0.0315643 0)
(-0.00832365 0.0372023 0)
(-0.00714154 0.0420311 0)
(-0.00605636 0.0461195 0)
(-0.00507873 0.0495432 0)
(-0.00421253 0.0523797 0)
(-0.00345644 0.0547049 0)
(-0.0028053 0.0565909 0)
(-0.00225129 0.0581042 0)
(-0.00178485 0.0593045 0)
(-0.00139543 0.0602446 0)
(-0.00107209 0.0609698 0)
(-0.00080387 0.0615181 0)
(-0.000580074 0.0619206 0)
(-0.000390408 0.0622015 0)
(-0.000223703 0.0623824 0)
(-7.21046e-05 0.0622817 0)
(-0.00737271 0.0170178 0)
(-0.0066024 0.0244157 0)
(-0.00583075 0.0309329 0)
(-0.0050818 0.0366013 0)
(-0.00437394 0.0414725 0)
(-0.00371999 0.0456109 0)
(-0.00312765 0.0490883 0)
(-0.0026004 0.0519792 0)
(-0.00213831 0.0543574 0)
(-0.00173898 0.0562932 0)
(-0.00139816 0.057852 0)
(-0.00111041 0.0590929 0)
(-0.000869538 0.0600684 0)
(-0.000669042 0.0608235 0)
(-0.000502329 0.0613964 0)
(-0.000362919 0.0618183 0)
(-0.000244565 0.0621136 0)
(-0.000140052 0.0623028 0)
(-4.49902e-05 0.0622092 0)
(-0.00250565 0.0166476 0)
(-0.00225877 0.0240373 0)
(-0.00200666 0.030559 0)
(-0.00175825 0.0362426 0)
(-0.00152052 0.0411367 0)
(-0.0012986 0.0453033 0)
(-0.00109585 0.0488118 0)
(-0.000914058 0.0517347 0)
(-0.000753771 0.0541444 0)
(-0.000614542 0.05611 0)
(-0.000495197 0.0576963 0)
(-0.000394054 0.058962 0)
(-0.000309113 0.059959 0)
(-0.000238203 0.0607324 0)
(-0.000179086 0.0613205 0)
(-0.000129536 0.0617543 0)
(-8.7404e-05 0.0620586 0)
(-5.00123e-05 0.0622524 0)
(-1.59998e-05 0.062164 0)
)
;

boundaryField
{
    leftWall
    {
        type            noSlip;
    }
    rightWall
    {
        type            noSlip;
    }
    lowerWall
    {
        type            noSlip;
    }
    atmosphere
    {
        type            pressureInletOutletVelocity;
        value           nonuniform List<vector> 
46
(
(0 -0.110784 0)
(0 -0.111077 0)
(0 -0.110054 0)
(0 -0.108502 0)
(0 -0.106441 0)
(0 -0.103887 0)
(0 -0.10086 0)
(0 -0.0973806 0)
(0 -0.0934744 0)
(0 -0.0891688 0)
(0 -0.0844957 0)
(0 -0.0794905 0)
(0 -0.074192 0)
(0 -0.0686409 0)
(0 -0.0628796 0)
(0 -0.0569516 0)
(0 -0.0509013 0)
(0 -0.0447734 0)
(0 -0.0386124 0)
(0 -0.0324616 0)
(0 -0.0263619 0)
(0 -0.0203515 0)
(0 -0.0144641 0)
(0 -0.00829788 0)
(0 -0.00194277 0)
(-0.00284893 0.00412477 0)
(-0.00269901 0.00984296 0)
(-0.00250565 0.0166476 0)
(-0.00225877 0.0240373 0)
(-0.00200666 0.030559 0)
(-0.00175825 0.0362426 0)
(-0.00152052 0.0411367 0)
(-0.0012986 0.0453033 0)
(-0.00109585 0.0488118 0)
(-0.000914058 0.0517347 0)
(-0.000753771 0.0541444 0)
(-0.000614542 0.05611 0)
(-0.000495197 0.0576963 0)
(-0.000394054 0.058962 0)
(-0.000309113 0.059959 0)
(-0.000238203 0.0607324 0)
(-0.000179086 0.0613205 0)
(-0.000129536 0.0617543 0)
(-8.7404e-05 0.0620586 0)
(-5.00123e-05 0.0622524 0)
(-1.59998e-05 0.062164 0)
)
;
    }
    defaultFaces
    {
        type            empty;
    }
}


// ************************************************************************* //
