/*--------------------------------*- C++ -*----------------------------------*\
| =========                 |                                                 |
| \\      /  F ield         | OpenFOAM: The Open Source CFD Toolbox           |
|  \\    /   O peration     | Version:  2206                                  |
|   \\  /    A nd           | Website:  www.openfoam.com                      |
|    \\/     M anipulation  |                                                 |
\*---------------------------------------------------------------------------*/
FoamFile
{
    version     2.0;
    format      ascii;
    arch        "LSB;label=32;scalar=64";
    class       volVectorField;
    location    "0.15";
    object      U;
}
// * * * * * * * * * * * * * * * * * * * * * * * * * * * * * * * * * * * * * //

dimensions      [0 1 -1 0 0 0 0];

internalField   nonuniform List<vector> 
2268
(
(0.00734652 -0.00707466 0)
(0.024629 -0.00924385 0)
(0.0437127 -0.00871097 0)
(0.0618595 -0.00820899 0)
(0.0789845 -0.0079191 0)
(0.0955149 -0.00765017 0)
(0.11146 -0.00731275 0)
(0.126618 -0.00688245 0)
(0.140766 -0.00634495 0)
(0.153665 -0.00568092 0)
(0.165025 -0.00486384 0)
(0.174489 -0.00385638 0)
(0.181595 -0.00259292 0)
(0.185819 -0.000914694 0)
(0.186267 0.00150861 0)
(0.18122 0.00457577 0)
(0.170153 0.00788022 0)
(0.153052 0.0109027 0)
(0.130376 0.0132182 0)
(0.103292 0.0145309 0)
(0.0736089 0.0145584 0)
(0.0433502 0.0134385 0)
(0.0141562 0.0121189 0)
(0.00733537 -0.021283 0)
(0.0248094 -0.0278274 0)
(0.0441416 -0.0262653 0)
(0.0624738 -0.0247714 0)
(0.0797827 -0.023906 0)
(0.0965168 -0.0231103 0)
(0.112686 -0.0221146 0)
(0.128094 -0.0208432 0)
(0.142528 -0.0192531 0)
(0.155757 -0.0172878 0)
(0.16751 -0.0148721 0)
(0.177464 -0.0119087 0)
(0.185277 -0.0082671 0)
(0.190561 -0.00374835 0)
(0.193147 0.00189646 0)
(0.193497 0.00876597 0)
(0.190685 0.016592 0)
(0.183044 0.0249177 0)
(0.168719 0.0331521 0)
(0.146043 0.0404931 0)
(0.114074 0.045887 0)
(0.0731346 0.0486045 0)
(0.025521 0.0489363 0)
(0.00730094 -0.035588 0)
(0.0249501 -0.0465845 0)
(0.044574 -0.0440161 0)
(0.0631244 -0.0415228 0)
(0.08065 -0.0400832 0)
(0.0976365 -0.0387816 0)
(0.114102 -0.0371617 0)
(0.129861 -0.0350924 0)
(0.144716 -0.0325037 0)
(0.158454 -0.0293054 0)
(0.170819 -0.0253793 0)
(0.181507 -0.0205821 0)
(0.19016 -0.0147537 0)
(0.196319 -0.00774988 0)
(0.199477 0.000481346 0)
(0.199093 0.0102329 0)
(0.194658 0.0217586 0)
(0.185694 0.0351359 0)
(0.171324 0.0500441 0)
(0.150018 0.0655531 0)
(0.119826 0.0800347 0)
(0.0790687 0.091317 0)
(0.0283958 0.0970276 0)
(0.00726785 -0.0499757 0)
(0.0251642 -0.0656053 0)
(0.045197 -0.0620575 0)
(0.0640771 -0.0585486 0)
(0.0819257 -0.0565437 0)
(0.0992806 -0.0547742 0)
(0.116178 -0.0525869 0)
(0.132452 -0.0497916 0)
(0.147923 -0.0462931 0)
(0.162399 -0.0419704 0)
(0.175649 -0.036664 0)
(0.187392 -0.0301802 0)
(0.19728 -0.0222944 0)
(0.204881 -0.0127628 0)
(0.209674 -0.00128969 0)
(0.210959 0.0123224 0)
(0.207835 0.0282999 0)
(0.199325 0.0468258 0)
(0.184373 0.0679311 0)
(0.161702 0.0912193 0)
(0.129661 0.115295 0)
(0.0861549 0.137279 0)
(0.0309991 0.151463 0)
(0.00723296 -0.0644358 0)
(0.0254423 -0.0849554 0)
(0.0459925 -0.0804646 0)
(0.0653041 -0.0759192 0)
(0.0835709 -0.0733667 0)
(0.101397 -0.0711882 0)
(0.118849 -0.0685175 0)
(0.135782 -0.0650997 0)
(0.152042 -0.0608156 0)
(0.167467 -0.055517 0)
(0.181856 -0.0490049 0)
(0.194963 -0.0410312 0)
(0.206479 -0.0312992 0)
(0.216008 -0.0194613 0)
(0.223041 -0.00510843 0)
(0.226905 0.0121831 0)
(0.226653 0.0328502 0)
(0.220999 0.0572654 0)
(0.208273 0.0856399 0)
(0.186357 0.117799 0)
(0.152886 0.152607 0)
(0.104388 0.186376 0)
(0.0395384 0.210069 0)
(0.00720458 -0.0790239 0)
(0.0257871 -0.104759 0)
(0.0469402 -0.0993633 0)
(0.0667721 -0.0937478 0)
(0.0855435 -0.0906666 0)
(0.103936 -0.0881517 0)
(0.122053 -0.0851027 0)
(0.139779 -0.0811924 0)
(0.15699 -0.0762809 0)
(0.173555 -0.070198 0)
(0.189317 -0.0627095 0)
(0.204077 -0.0535174 0)
(0.217583 -0.0422548 0)
(0.229504 -0.0284744 0)
(0.239395 -0.0116284 0)
(0.24665 0.00895308 0)
(0.250378 0.0340003 0)
(0.249235 0.0643618 0)
(0.241155 0.100866 0)
(0.223024 0.144105 0)
(0.190189 0.193833 0)
(0.135709 0.249091 0)
(0.048537 0.299232 0)
(0.00722148 -0.093821 0)
(0.0262175 -0.125101 0)
(0.0479975 -0.118849 0)
(0.0684076 -0.112132 0)
(0.087751 -0.108536 0)
(0.106785 -0.105758 0)
(0.125659 -0.102441 0)
(0.144289 -0.0981773 0)
(0.162586 -0.0928107 0)
(0.180463 -0.086157 0)
(0.197813 -0.0779568 0)
(0.214503 -0.0678731 0)
(0.230359 -0.0554819 0)
(0.245144 -0.0402527 0)
(0.258532 -0.021517 0)
(0.270037 0.00156028 0)
(0.278966 0.0301128 0)
(0.284168 0.0655691 0)
(0.283659 0.109785 0)
(0.273831 0.164367 0)
(0.249891 0.231111 0)
(0.198171 0.30508 0)
(0.0973179 0.388133 0)
(0.0073196 -0.108691 0)
(0.0267317 -0.145818 0)
(0.0490938 -0.138762 0)
(0.0701093 -0.130927 0)
(0.0900629 -0.126837 0)
(0.109778 -0.123864 0)
(0.129458 -0.120385 0)
(0.149055 -0.115903 0)
(0.168517 -0.110246 0)
(0.187808 -0.103226 0)
(0.206886 -0.0945683 0)
(0.225702 -0.0839099 0)
(0.244188 -0.0707863 0)
(0.262254 -0.0546022 0)
(0.279748 -0.0345859 0)
(0.296442 -0.00970148 0)
(0.311821 0.021403 0)
(0.325333 0.0608801 0)
(0.335113 0.112342 0)
(0.338602 0.180283 0)
(0.323933 0.275413 0)
(0.293514 0.40897 0)
(0.0874337 0.624151 0)
(-0.000199459 0.00859993 0)
(-0.155435 0.043385 0)
(-0.662363 0.106365 0)
(-1.43985 0.120363 0)
(-1.94239 0.0135578 0)
(-1.48158 -0.21046 0)
(-0.03189 -0.381215 0)
(0.626426 -0.374259 0)
(2.02632 -0.11458 0)
(2.40404 0.125198 0)
(1.61697 0.128737 0)
(0.94013 0.0667801 0)
(0.649935 0.0371704 0)
(0.469905 0.0245338 0)
(0.33644 0.0177195 0)
(0.238012 0.013774 0)
(0.15924 0.0114473 0)
(0.0916306 0.0101396 0)
(0.0299566 0.00965815 0)
(-0.112699 0.0821748 0)
(-0.45666 0.16019 0)
(-0.925932 0.243265 0)
(-1.24499 0.201196 0)
(-0.984205 -0.00479031 0)
(-0.279831 -0.284274 0)
(0.986741 -0.629781 0)
(1.17815 -0.639213 0)
(1.69128 -0.293437 0)
(2.29218 0.191189 0)
(1.8397 0.314578 0)
(1.14527 0.215897 0)
(0.762468 0.130334 0)
(0.535595 0.0827642 0)
(0.378787 0.0580791 0)
(0.265999 0.0444959 0)
(0.177146 0.0367079 0)
(0.101656 0.0324099 0)
(0.0331493 0.0304044 0)
(-0.142291 0.182575 0)
(-0.410231 0.244028 0)
(-0.565993 0.282518 0)
(-0.473839 0.121637 0)
(0.183636 -0.154813 0)
(1.04079 -0.55228 0)
(1.63222 -0.807229 0)
(1.69444 -0.775518 0)
(1.77295 -0.432235 0)
(2.01737 0.190881 0)
(1.65842 0.461984 0)
(1.04563 0.363311 0)
(0.71295 0.228764 0)
(0.506441 0.143604 0)
(0.36156 0.0997684 0)
(0.255557 0.0760313 0)
(0.170877 0.0625587 0)
(0.0982972 0.0551717 0)
(0.0320771 0.0517327 0)
(-0.127565 0.273658 0)
(-0.248696 0.262769 0)
(-0.100051 0.220093 0)
(0.428608 -0.000538633 0)
(1.19097 -0.363116 0)
(1.7476 -0.726581 0)
(1.90723 -0.881696 0)
(1.84917 -0.81213 0)
(1.80986 -0.484425 0)
(1.84816 0.222367 0)
(1.40239 0.584972 0)
(0.899384 0.49658 0)
(0.647611 0.314139 0)
(0.473607 0.197733 0)
(0.34428 0.13824 0)
(0.245903 0.105857 0)
(0.165403 0.0874077 0)
(0.0954719 0.0772525 0)
(0.0311996 0.0725033 0)
(-0.115014 0.337827 0)
(-0.0553905 0.204553 0)
(0.342904 0.0798235 0)
(1.0981 -0.236896 0)
(1.71443 -0.567868 0)
(1.9516 -0.787137 0)
(1.90254 -0.851017 0)
(1.70292 -0.752415 0)
(1.60038 -0.421853 0)
(1.57359 0.413566 0)
(1.05724 0.736388 0)
(0.735438 0.601816 0)
(0.579657 0.379611 0)
(0.440028 0.243541 0)
(0.326841 0.173077 0)
(0.236187 0.133811 0)
(0.159916 0.111158 0)
(0.0926451 0.0985887 0)
(0.0303219 0.0926641 0)
(-0.128403 0.373427 0)
(0.129278 0.0525588 0)
(0.927114 -0.198613 0)
(1.57548 -0.448723 0)
(1.8926 -0.653401 0)
(1.94247 -0.773839 0)
(1.77322 -0.777213 0)
(1.42128 -0.665933 0)
(1.26187 -0.30255 0)
(1.12931 0.493855 0)
(0.716359 0.828972 0)
(0.590647 0.662014 0)
(0.5114 0.424335 0)
(0.404503 0.281472 0)
(0.307628 0.204306 0)
(0.225187 0.159873 0)
(0.153606 0.133791 0)
(0.0893613 0.119162 0)
(0.0292962 0.112206 0)
(0.156002 0.37476 0)
(1.06579 -0.144011 0)
(1.50985 -0.357146 0)
(1.79699 -0.532086 0)
(1.9151 -0.674264 0)
(1.87492 -0.743686 0)
(1.70623 -0.705393 0)
(1.28524 -0.581428 0)
(0.931929 -0.192936 0)
(0.638194 0.556427 0)
(0.439078 0.872599 0)
(0.469587 0.685955 0)
(0.445863 0.452663 0)
(0.368119 0.312105 0)
(0.286926 0.23182 0)
(0.212985 0.18389 0)
(0.146488 0.155176 0)
(0.0856182 0.138866 0)
(0.0281215 0.131036 0)
(0.987279 -0.213194 0)
(1.54751 -0.319282 0)
(1.76997 -0.420988 0)
(1.8778 -0.556472 0)
(1.90754 -0.675125 0)
(1.84447 -0.717523 0)
(1.6188 -0.605796 0)
(1.14638 -0.425052 0)
(0.580309 -0.0723821 0)
(0.271845 0.606208 0)
(0.258949 0.860961 0)
(0.378582 0.675271 0)
(0.38733 0.467659 0)
(0.332554 0.335999 0)
(0.265534 0.255575 0)
(0.199983 0.205697 0)
(0.138761 0.175143 0)
(0.0815085 0.157544 0)
(0.0268245 0.149002 0)
(0.00759887 -0.132622 0)
(0.0276672 -0.179495 0)
(0.0508361 -0.171103 0)
(0.0727803 -0.16154 0)
(0.0936983 -0.156847 0)
(0.114491 -0.153812 0)
(0.135446 -0.150386 0)
(0.156567 -0.145951 0)
(0.177864 -0.14033 0)
(0.199378 -0.133352 0)
(0.221173 -0.124756 0)
(0.243332 -0.114193 0)
(0.265975 -0.101211 0)
(0.289276 -0.0852305 0)
(0.313476 -0.0654919 0)
(0.339001 -0.040969 0)
(0.366324 -0.0102604 0)
(0.397037 0.028364 0)
(0.431521 0.0779431 0)
(0.479602 0.140767 0)
(0.530701 0.230196 0)
(0.656808 0.326807 0)
(0.695152 0.572267 0)
(0.00798016 -0.166329 0)
(0.0290384 -0.227453 0)
(0.0532674 -0.217263 0)
(0.0762697 -0.20539 0)
(0.098397 -0.200112 0)
(0.120615 -0.197374 0)
(0.143245 -0.194517 0)
(0.166346 -0.190767 0)
(0.190006 -0.185975 0)
(0.214359 -0.180032 0)
(0.239581 -0.172759 0)
(0.265903 -0.163909 0)
(0.293629 -0.15318 0)
(0.323171 -0.140212 0)
(0.355099 -0.124593 0)
(0.390225 -0.105851 0)
(0.429692 -0.0834877 0)
(0.475093 -0.0570995 0)
(0.528493 -0.0260948 0)
(0.593237 0.00834911 0)
(0.672196 0.0506237 0)
(0.767207 0.0751214 0)
(0.894695 0.150786 0)
(0.00849938 -0.202058 0)
(0.0303763 -0.277348 0)
(0.0551831 -0.265241 0)
(0.0787901 -0.251382 0)
(0.10177 -0.245964 0)
(0.125068 -0.243991 0)
(0.148961 -0.242234 0)
(0.173532 -0.239815 0)
(0.198912 -0.236642 0)
(0.225286 -0.232695 0)
(0.252879 -0.227896 0)
(0.281961 -0.222127 0)
(0.312865 -0.215254 0)
(0.346003 -0.207152 0)
(0.381876 -0.197723 0)
(0.421101 -0.186935 0)
(0.464411 -0.174872 0)
(0.512599 -0.161849 0)
(0.566749 -0.148406 0)
(0.62748 -0.135985 0)
(0.697057 -0.125329 0)
(0.773636 -0.123073 0)
(0.866065 -0.117421 0)
(0.00912593 -0.239786 0)
(0.0315211 -0.328077 0)
(0.0562931 -0.313723 0)
(0.0799588 -0.298376 0)
(0.103332 -0.293312 0)
(0.127232 -0.292435 0)
(0.151835 -0.292064 0)
(0.177217 -0.291298 0)
(0.203536 -0.290123 0)
(0.230992 -0.288598 0)
(0.259814 -0.286724 0)
(0.290262 -0.284476 0)
(0.322637 -0.281832 0)
(0.357289 -0.278798 0)
(0.394609 -0.275421 0)
(0.435046 -0.271812 0)
(0.47908 -0.268167 0)
(0.527213 -0.264823 0)
(0.580026 -0.262213 0)
(0.637816 -0.261139 0)
(0.701197 -0.262 0)
(0.76966 -0.267844 0)
(0.842712 -0.274238 0)
(0.00978226 -0.279448 0)
(0.03228 -0.378446 0)
(0.0563595 -0.361466 0)
(0.0795259 -0.345333 0)
(0.102784 -0.341144 0)
(0.126729 -0.341582 0)
(0.151401 -0.342717 0)
(0.176869 -0.343734 0)
(0.203302 -0.344708 0)
(0.230896 -0.345754 0)
(0.259862 -0.346924 0)
(0.290431 -0.348251 0)
(0.322856 -0.349775 0)
(0.357419 -0.351567 0)
(0.394413 -0.353732 0)
(0.434158 -0.356422 0)
(0.476956 -0.359845 0)
(0.523095 -0.364297 0)
(0.572901 -0.370112 0)
(0.626261 -0.377838 0)
(0.683715 -0.38776 0)
(0.744437 -0.401384 0)
(0.807577 -0.416321 0)
(0.0103679 -0.320692 0)
(0.0324714 -0.42717 0)
(0.0552388 -0.407313 0)
(0.0774103 -0.391243 0)
(0.100058 -0.388382 0)
(0.123467 -0.390211 0)
(0.147559 -0.392821 0)
(0.172405 -0.395589 0)
(0.198172 -0.398673 0)
(0.225046 -0.402221 0)
(0.253212 -0.406312 0)
(0.282868 -0.411009 0)
(0.314227 -0.416389 0)
(0.347517 -0.422548 0)
(0.382965 -0.429609 0)
(0.420827 -0.437723 0)
(0.461304 -0.447062 0)
(0.50463 -0.457853 0)
(0.551036 -0.470272 0)
(0.600261 -0.484699 0)
(0.653433 -0.501049 0)
(0.708202 -0.520363 0)
(0.76729 -0.540258 0)
(0.01078 -0.36283 0)
(0.0319616 -0.472955 0)
(0.0528966 -0.450261 0)
(0.0736741 -0.435176 0)
(0.0952485 -0.43395 0)
(0.117567 -0.437107 0)
(0.140473 -0.441061 0)
(0.164048 -0.445449 0)
(0.188456 -0.450491 0)
(0.213859 -0.456345 0)
(0.240417 -0.463102 0)
(0.268299 -0.470847 0)
(0.297686 -0.47968 0)
(0.328773 -0.489717 0)
(0.36175 -0.501087 0)
(0.396848 -0.513937 0)
(0.434217 -0.528414 0)
(0.474149 -0.544697 0)
(0.516755 -0.562861 0)
(0.561937 -0.583246 0)
(0.611252 -0.605416 0)
(0.66036 -0.630562 0)
(0.719384 -0.655904 0)
(0.0109355 -0.404865 0)
(0.0306986 -0.514605 0)
(0.0494117 -0.489497 0)
(0.0684992 -0.476246 0)
(0.0885857 -0.476748 0)
(0.10931 -0.481046 0)
(0.1305 -0.48615 0)
(0.15225 -0.491957 0)
(0.174706 -0.49872 0)
(0.198003 -0.506589 0)
(0.222272 -0.515666 0)
(0.247656 -0.52606 0)
(0.274308 -0.537893 0)
(0.3024 -0.551305 0)
(0.332104 -0.56645 0)
(0.363651 -0.583488 0)
(0.397172 -0.602582 0)
(0.433086 -0.623903 0)
(0.471297 -0.647511 0)
(0.512398 -0.673764 0)
(0.557242 -0.701921 0)
(0.601545 -0.733696 0)
(0.661548 -0.765492 0)
(0.0108177 -0.446032 0)
(0.0287787 -0.551501 0)
(0.045015 -0.524768 0)
(0.062208 -0.513985 0)
(0.080451 -0.51607 0)
(0.0991651 -0.521227 0)
(0.118213 -0.527227 0)
(0.137694 -0.534184 0)
(0.157725 -0.54234 0)
(0.178402 -0.551836 0)
(0.199825 -0.562787 0)
(0.222102 -0.575324 0)
(0.245355 -0.589602 0)
(0.269726 -0.605797 0)
(0.295365 -0.624107 0)
(0.32249 -0.644744 0)
(0.351222 -0.667941 0)
(0.382095 -0.693938 0)
(0.414762 -0.722929 0)
(0.450985 -0.755347 0)
(0.489152 -0.79051 0)
(0.530348 -0.830617 0)
(0.58492 -0.87222 0)
(0.0104723 -0.485546 0)
(0.0263957 -0.583192 0)
(0.0400219 -0.555948 0)
(0.0552039 -0.548005 0)
(0.0713301 -0.551358 0)
(0.0877351 -0.557062 0)
(0.104345 -0.563689 0)
(0.121246 -0.571475 0)
(0.13851 -0.58063 0)
(0.156192 -0.591282 0)
(0.174349 -0.603555 0)
(0.193039 -0.617603 0)
(0.21233 -0.633613 0)
(0.23231 -0.651795 0)
(0.253067 -0.672396 0)
(0.27475 -0.695697 0)
(0.297411 -0.722014 0)
(0.321549 -0.751728 0)
(0.346591 -0.785247 0)
(0.375277 -0.823113 0)
(0.40253 -0.865085 0)
(0.439417 -0.913808 0)
(0.4721 -0.970271 0)
(0.0099597 -0.521957 0)
(0.0237355 -0.608739 0)
(0.0346234 -0.582309 0)
(0.0477474 -0.577309 0)
(0.0615736 -0.58154 0)
(0.0754901 -0.587513 0)
(0.0894835 -0.594499 0)
(0.103605 -0.602768 0)
(0.117871 -0.612478 0)
(0.1323 -0.623743 0)
(0.146878 -0.636688 0)
(0.161611 -0.651473 0)
(0.176484 -0.668295 0)
(0.191491 -0.687379 0)
(0.20662 -0.708981 0)
(0.221895 -0.733407 0)
(0.237229 -0.761004 0)
(0.252945 -0.79232 0)
(0.268273 -0.827922 0)
(0.286107 -0.868302 0)
(0.298967 -0.912807 0)
(0.325173 -0.966468 0)
(0.322637 -1.04075 0)
(0.00934976 -0.555382 0)
(0.020789 -0.628053 0)
(0.028666 -0.604034 0)
(0.0397173 -0.60189 0)
(0.0510617 -0.606562 0)
(0.0623488 -0.612553 0)
(0.0735777 -0.61963 0)
(0.0847525 -0.628011 0)
(0.0958172 -0.637806 0)
(0.106764 -0.649082 0)
(0.117487 -0.661957 0)
(0.127971 -0.676572 0)
(0.138102 -0.693075 0)
(0.147778 -0.711704 0)
(0.156923 -0.732692 0)
(0.165414 -0.756372 0)
(0.173138 -0.783015 0)
(0.180264 -0.813328 0)
(0.185866 -0.848308 0)
(0.193255 -0.887924 0)
(0.195158 -0.929055 0)
(0.209105 -0.983216 0)
(0.187445 -1.07594 0)
(0.00911873 -0.587582 0)
(0.017443 -0.641698 0)
(0.021538 -0.622231 0)
(0.0305434 -0.62286 0)
(0.0390733 -0.627467 0)
(0.047454 -0.633162 0)
(0.0556584 -0.639959 0)
(0.0636257 -0.647958 0)
(0.0712025 -0.657268 0)
(0.0784507 -0.667943 0)
(0.0851855 -0.680096 0)
(0.0914063 -0.693781 0)
(0.0969938 -0.70916 0)
(0.101782 -0.726498 0)
(0.105775 -0.74598 0)
(0.108798 -0.768035 0)
(0.111281 -0.792905 0)
(0.113188 -0.821337 0)
(0.113436 -0.855769 0)
(0.11854 -0.895557 0)
(0.124095 -0.934397 0)
(0.134351 -0.992369 0)
(0.127215 -1.12307 0)
(0.00991124 -0.616206 0)
(0.0135879 -0.64927 0)
(0.013144 -0.63692 0)
(0.0200235 -0.63995 0)
(0.0257138 -0.644065 0)
(0.0310612 -0.649204 0)
(0.036173 -0.655435 0)
(0.0409484 -0.662639 0)
(0.045085 -0.670976 0)
(0.048643 -0.68066 0)
(0.0520755 -0.691712 0)
(0.0548135 -0.703989 0)
(0.0572656 -0.717851 0)
(0.0599111 -0.733561 0)
(0.0614282 -0.751135 0)
(0.0628267 -0.771848 0)
(0.0670313 -0.795934 0)
(0.0753649 -0.823188 0)
(0.0867655 -0.863246 0)
(0.107401 -0.919543 0)
(0.154485 -0.969123 0)
(0.206283 -1.01982 0)
(0.280541 -1.24227 0)
(0.0122935 -0.637602 0)
(0.00800886 -0.639323 0)
(0.00492983 -0.641222 0)
(0.00919723 -0.645959 0)
(0.012631 -0.649132 0)
(0.0153068 -0.653507 0)
(0.0180119 -0.659252 0)
(0.0207954 -0.665634 0)
(0.0241691 -0.672402 0)
(0.0252331 -0.6816 0)
(0.0295422 -0.692235 0)
(0.0322671 -0.703572 0)
(0.0369046 -0.718815 0)
(0.0511184 -0.736694 0)
(0.0691092 -0.754784 0)
(0.101639 -0.787052 0)
(0.131106 -0.826728 0)
(0.176441 -0.867076 0)
(0.232285 -0.925322 0)
(0.279234 -1.02703 0)
(0.347829 -1.10334 0)
(0.39494 -1.17216 0)
(0.46786 -1.25436 0)
(0.00540942 -0.65637 0)
(-0.00576318 -0.613992 0)
(0.0095244 -0.641947 0)
(0.00957544 -0.646804 0)
(0.0143127 -0.6494 0)
(0.0184817 -0.653817 0)
(0.0236225 -0.660989 0)
(0.0299598 -0.669643 0)
(0.0411796 -0.67524 0)
(0.0499607 -0.68822 0)
(0.0643077 -0.704709 0)
(0.0810461 -0.714154 0)
(0.101884 -0.752203 0)
(0.126994 -0.787729 0)
(0.150429 -0.81793 0)
(0.178271 -0.863877 0)
(0.207573 -0.9243 0)
(0.239915 -0.976969 0)
(0.276661 -1.04118 0)
(0.316212 -1.13762 0)
(0.357021 -1.21831 0)
(0.380471 -1.25874 0)
(0.410917 -1.19812 0)
(-0.00178413 -0.645977 0)
(-0.00351888 -0.648368 0)
(0.0121009 -0.661788 0)
(0.0125831 -0.662627 0)
(0.0180947 -0.667418 0)
(0.0224658 -0.673532 0)
(0.0268058 -0.683418 0)
(0.0315518 -0.694858 0)
(0.0373149 -0.706932 0)
(0.0446268 -0.725064 0)
(0.0532669 -0.74434 0)
(0.0614736 -0.769465 0)
(0.0698453 -0.80076 0)
(0.0774255 -0.833943 0)
(0.0867988 -0.874322 0)
(0.0944369 -0.921059 0)
(0.100683 -0.971904 0)
(0.107569 -1.03312 0)
(0.121998 -1.11486 0)
(0.142761 -1.2105 0)
(0.160974 -1.28666 0)
(0.162509 -1.27483 0)
(0.148104 -1.13001 0)
(-0.00262825 -0.642516 0)
(-0.00414874 -0.66993 0)
(-0.00168219 -0.672304 0)
(-0.00292593 -0.671768 0)
(-0.00256547 -0.675621 0)
(-0.00298766 -0.680944 0)
(-0.00370171 -0.6889 0)
(-0.0048162 -0.699606 0)
(-0.00652419 -0.713006 0)
(-0.00871861 -0.728512 0)
(-0.0116298 -0.747052 0)
(-0.0146731 -0.769816 0)
(-0.0194617 -0.796269 0)
(-0.0260425 -0.827771 0)
(-0.0355081 -0.862322 0)
(-0.0477914 -0.901853 0)
(-0.0619173 -0.951791 0)
(-0.0739 -1.02517 0)
(-0.0837735 -1.1231 0)
(-0.0931639 -1.22675 0)
(-0.108292 -1.28264 0)
(-0.130883 -1.22652 0)
(-0.163557 -1.05273 0)
(-0.00357063 -0.627194 0)
(-0.0101083 -0.661421 0)
(-0.0167208 -0.660495 0)
(-0.0224272 -0.66167 0)
(-0.0283842 -0.665165 0)
(-0.0341131 -0.670545 0)
(-0.0403569 -0.677902 0)
(-0.0473215 -0.687162 0)
(-0.0551663 -0.698624 0)
(-0.0641295 -0.712663 0)
(-0.0745134 -0.729449 0)
(-0.0869152 -0.748736 0)
(-0.10161 -0.771054 0)
(-0.119323 -0.795992 0)
(-0.14065 -0.82417 0)
(-0.165436 -0.858088 0)
(-0.19319 -0.905096 0)
(-0.225785 -0.974756 0)
(-0.26578 -1.06855 0)
(-0.314646 -1.16028 0)
(-0.368242 -1.20255 0)
(-0.419906 -1.15576 0)
(-0.461723 -1.02139 0)
(-0.00489398 -0.604708 0)
(-0.0149448 -0.64053 0)
(-0.0246725 -0.640632 0)
(-0.0344066 -0.642877 0)
(-0.0443114 -0.64612 0)
(-0.0543726 -0.650982 0)
(-0.0649599 -0.657294 0)
(-0.0763473 -0.665209 0)
(-0.0887915 -0.674798 0)
(-0.10264 -0.686046 0)
(-0.118304 -0.69903 0)
(-0.13614 -0.713831 0)
(-0.156627 -0.730363 0)
(-0.18046 -0.748583 0)
(-0.20829 -0.768346 0)
(-0.240526 -0.791375 0)
(-0.278553 -0.823941 0)
(-0.326472 -0.874216 0)
(-0.389824 -0.942037 0)
(-0.468302 -1.01193 0)
(-0.553914 -1.05445 0)
(-0.644034 -1.03814 0)
(-0.734877 -0.953774 0)
(-0.0052891 -0.584427 0)
(-0.0175702 -0.618532 0)
(-0.0293982 -0.619718 0)
(-0.041406 -0.621748 0)
(-0.0536293 -0.624544 0)
(-0.0663919 -0.628267 0)
(-0.0798272 -0.632974 0)
(-0.0941798 -0.638743 0)
(-0.109712 -0.645561 0)
(-0.126695 -0.653442 0)
(-0.14545 -0.662354 0)
(-0.166336 -0.672187 0)
(-0.189794 -0.682724 0)
(-0.216385 -0.693572 0)
(-0.246551 -0.704502 0)
(-0.280638 -0.71634 0)
(-0.320173 -0.731973 0)
(-0.369457 -0.755603 0)
(-0.433489 -0.788778 0)
(-0.512243 -0.825621 0)
(-0.602737 -0.85153 0)
(-0.70833 -0.846863 0)
(-0.82664 -0.794125 0)
(-0.00559134 -0.561548 0)
(-0.0188538 -0.593394 0)
(-0.0322655 -0.594066 0)
(-0.0458389 -0.595282 0)
(-0.0597542 -0.597117 0)
(-0.0742673 -0.599506 0)
(-0.0895116 -0.602513 0)
(-0.105676 -0.60611 0)
(-0.12297 -0.610281 0)
(-0.141619 -0.614951 0)
(-0.161865 -0.620008 0)
(-0.183973 -0.625308 0)
(-0.208259 -0.630634 0)
(-0.235041 -0.635629 0)
(-0.264529 -0.639907 0)
(-0.296893 -0.643582 0)
(-0.332934 -0.647782 0)
(-0.374721 -0.653948 0)
(-0.424329 -0.661848 0)
(-0.481696 -0.668794 0)
(-0.547607 -0.67107 0)
(-0.627978 -0.663079 0)
(-0.72241 -0.63247 0)
(-0.00623072 -0.535128 0)
(-0.0202415 -0.565024 0)
(-0.0342513 -0.565126 0)
(-0.0487459 -0.565673 0)
(-0.0636813 -0.566586 0)
(-0.0791353 -0.5678 0)
(-0.0952938 -0.569302 0)
(-0.112266 -0.571034 0)
(-0.130214 -0.572914 0)
(-0.149314 -0.574857 0)
(-0.169742 -0.57673 0)
(-0.191685 -0.578358 0)
(-0.215348 -0.57951 0)
(-0.240928 -0.579866 0)
(-0.268536 -0.579099 0)
(-0.298278 -0.57723 0)
(-0.330618 -0.574944 0)
(-0.366433 -0.572965 0)
(-0.405962 -0.57035 0)
(-0.448101 -0.56413 0)
(-0.49368 -0.551616 0)
(-0.548187 -0.531143 0)
(-0.611902 -0.498032 0)
(-0.00645828 -0.508468 0)
(-0.0209953 -0.536059 0)
(-0.0355042 -0.535693 0)
(-0.0504562 -0.535612 0)
(-0.0658166 -0.535625 0)
(-0.0815835 -0.535735 0)
(-0.0979053 -0.535865 0)
(-0.114903 -0.535951 0)
(-0.132686 -0.535892 0)
(-0.151377 -0.535576 0)
(-0.171102 -0.534876 0)
(-0.191985 -0.533631 0)
(-0.214137 -0.531631 0)
(-0.23764 -0.528599 0)
(-0.262516 -0.524226 0)
(-0.288803 -0.518386 0)
(-0.316827 -0.511396 0)
(-0.347143 -0.503783 0)
(-0.379676 -0.49524 0)
(-0.413302 -0.483935 0)
(-0.447952 -0.467597 0)
(-0.486109 -0.444552 0)
(-0.527074 -0.412229 0)
(-0.00641994 -0.480215 0)
(-0.0210684 -0.50592 0)
(-0.0358863 -0.505147 0)
(-0.0508517 -0.504518 0)
(-0.0661405 -0.5038 0)
(-0.0817736 -0.502984 0)
(-0.0978172 -0.501991 0)
(-0.114363 -0.500755 0)
(-0.131503 -0.499206 0)
(-0.149315 -0.49723 0)
(-0.167877 -0.494697 0)
(-0.187257 -0.491465 0)
(-0.207513 -0.487366 0)
(-0.22867 -0.482179 0)
(-0.250693 -0.475638 0)
(-0.273537 -0.467516 0)
(-0.29731 -0.457836 0)
(-0.322257 -0.44697 0)
(-0.348298 -0.43522 0)
(-0.374803 -0.422041 0)
(-0.401708 -0.405947 0)
(-0.430077 -0.385115 0)
(-0.458597 -0.357461 0)
(-0.00631931 -0.45231 0)
(-0.0210312 -0.476753 0)
(-0.0358167 -0.47578 0)
(-0.0504416 -0.474757 0)
(-0.0652864 -0.473544 0)
(-0.0803779 -0.472055 0)
(-0.0957832 -0.470251 0)
(-0.111542 -0.468056 0)
(-0.127716 -0.465415 0)
(-0.144361 -0.462248 0)
(-0.161511 -0.458442 0)
(-0.179188 -0.453874 0)
(-0.197405 -0.448405 0)
(-0.216156 -0.441873 0)
(-0.235389 -0.434088 0)
(-0.255025 -0.424868 0)
(-0.27504 -0.414131 0)
(-0.295459 -0.402009 0)
(-0.316149 -0.388762 0)
(-0.336833 -0.374349 0)
(-0.357673 -0.358073 0)
(-0.379226 -0.338717 0)
(-0.40017 -0.314901 0)
(-0.00624778 -0.424889 0)
(-0.0206506 -0.44852 0)
(-0.034848 -0.447456 0)
(-0.0488719 -0.446178 0)
(-0.0630509 -0.444595 0)
(-0.0773594 -0.442631 0)
(-0.0918736 -0.440257 0)
(-0.10663 -0.437428 0)
(-0.121655 -0.434077 0)
(-0.136974 -0.43013 0)
(-0.152603 -0.425508 0)
(-0.168539 -0.420112 0)
(-0.184769 -0.413833 0)
(-0.201264 -0.406552 0)
(-0.217965 -0.398138 0)
(-0.234789 -0.388457 0)
(-0.251683 -0.37741 0)
(-0.268608 -0.365035 0)
(-0.285399 -0.351572 0)
(-0.301868 -0.33726 0)
(-0.318185 -0.321863 0)
(-0.334638 -0.304474 0)
(-0.350233 -0.283975 0)
(-0.00619381 -0.398354 0)
(-0.0198163 -0.421254 0)
(-0.0330319 -0.420208 0)
(-0.0462648 -0.41886 0)
(-0.0595764 -0.417071 0)
(-0.0729665 -0.414852 0)
(-0.0864613 -0.412145 0)
(-0.100099 -0.408947 0)
(-0.11389 -0.405204 0)
(-0.127834 -0.400845 0)
(-0.141934 -0.3958 0)
(-0.156182 -0.390001 0)
(-0.170557 -0.383368 0)
(-0.185021 -0.375815 0)
(-0.19951 -0.367252 0)
(-0.213943 -0.357592 0)
(-0.228255 -0.346757 0)
(-0.242379 -0.334724 0)
(-0.256154 -0.321631 0)
(-0.269463 -0.307758 0)
(-0.282516 -0.293188 0)
(-0.295494 -0.277444 0)
(-0.307604 -0.259736 0)
(-0.00588766 -0.373415 0)
(-0.0183468 -0.395359 0)
(-0.0305125 -0.394403 0)
(-0.0428645 -0.393029 0)
(-0.0551916 -0.391163 0)
(-0.0675668 -0.388822 0)
(-0.0799873 -0.385972 0)
(-0.0924613 -0.382587 0)
(-0.104997 -0.37864 0)
(-0.11759 -0.374085 0)
(-0.130229 -0.368867 0)
(-0.142899 -0.36293 0)
(-0.155581 -0.356221 0)
(-0.168239 -0.34868 0)
(-0.18082 -0.340247 0)
(-0.193252 -0.330872 0)
(-0.205475 -0.320505 0)
(-0.217424 -0.309113 0)
(-0.228951 -0.296762 0)
(-0.239942 -0.283682 0)
(-0.250586 -0.270079 0)
(-0.261054 -0.255778 0)
(-0.270765 -0.240297 0)
(-0.00527678 -0.350262 0)
(-0.0165394 -0.371159 0)
(-0.0277297 -0.370371 0)
(-0.0390571 -0.369015 0)
(-0.0503502 -0.36717 0)
(-0.0616465 -0.364799 0)
(-0.0729531 -0.361922 0)
(-0.0842582 -0.358496 0)
(-0.0955612 -0.354496 0)
(-0.106861 -0.349898 0)
(-0.118145 -0.344669 0)
(-0.129391 -0.338769 0)
(-0.140575 -0.33216 0)
(-0.151665 -0.324804 0)
(-0.162619 -0.316668 0)
(-0.173376 -0.307724 0)
(-0.183884 -0.297949 0)
(-0.19409 -0.287315 0)
(-0.203868 -0.275836 0)
(-0.213105 -0.263664 0)
(-0.22195 -0.251034 0)
(-0.230582 -0.237993 0)
(-0.238567 -0.224332 0)
(-0.00456929 -0.329187 0)
(-0.014804 -0.349175 0)
(-0.0250828 -0.34847 0)
(-0.0352736 -0.347152 0)
(-0.0454852 -0.34534 0)
(-0.0556746 -0.342997 0)
(-0.0658464 -0.340134 0)
(-0.0759982 -0.336736 0)
(-0.0861206 -0.332781 0)
(-0.0962038 -0.328249 0)
(-0.106234 -0.323118 0)
(-0.11619 -0.317365 0)
(-0.126046 -0.310966 0)
(-0.135772 -0.3039 0)
(-0.145328 -0.296148 0)
(-0.154667 -0.287698 0)
(-0.163744 -0.278543 0)
(-0.172517 -0.26867 0)
(-0.18089 -0.258068 0)
(-0.188748 -0.24682 0)
(-0.196195 -0.235128 0)
(-0.20342 -0.223176 0)
(-0.210103 -0.210989 0)
(-0.00403699 -0.310457 0)
(-0.0132759 -0.329743 0)
(-0.0225492 -0.329018 0)
(-0.0316603 -0.327719 0)
(-0.0407845 -0.325908 0)
(-0.0498895 -0.323605 0)
(-0.0589621 -0.320779 0)
(-0.0680051 -0.317435 0)
(-0.0770073 -0.313568 0)
(-0.0859507 -0.309158 0)
(-0.0948178 -0.304186 0)
(-0.10359 -0.298636 0)
(-0.112244 -0.292497 0)
(-0.120752 -0.285761 0)
(-0.129082 -0.278418 0)
(-0.137192 -0.270464 0)
(-0.145043 -0.261903 0)
(-0.152602 -0.252731 0)
(-0.159804 -0.242936 0)
(-0.166541 -0.232553 0)
(-0.172865 -0.221734 0)
(-0.178968 -0.210726 0)
(-0.184622 -0.199725 0)
(-0.00371031 -0.293998 0)
(-0.0118803 -0.312625 0)
(-0.020015 -0.311907 0)
(-0.0281381 -0.310606 0)
(-0.0362189 -0.308809 0)
(-0.0442887 -0.306538 0)
(-0.0523269 -0.303774 0)
(-0.060323 -0.300513 0)
(-0.0682656 -0.296752 0)
(-0.0761399 -0.292481 0)
(-0.0839284 -0.287688 0)
(-0.0916123 -0.282362 0)
(-0.0991707 -0.276497 0)
(-0.10658 -0.27009 0)
(-0.113812 -0.263138 0)
(-0.120833 -0.255643 0)
(-0.12761 -0.247615 0)
(-0.134119 -0.239058 0)
(-0.140319 -0.22997 0)
(-0.146118 -0.220363 0)
(-0.151518 -0.210346 0)
(-0.156702 -0.200182 0)
(-0.161524 -0.190154 0)
(-0.00335874 -0.279546 0)
(-0.0104632 -0.297427 0)
(-0.0175111 -0.296765 0)
(-0.0246659 -0.295465 0)
(-0.0317657 -0.293711 0)
(-0.0388521 -0.291488 0)
(-0.0459085 -0.288804 0)
(-0.0529152 -0.285649 0)
(-0.0598603 -0.282012 0)
(-0.0667337 -0.27789 0)
(-0.0735214 -0.273279 0)
(-0.080205 -0.268177 0)
(-0.0867638 -0.262582 0)
(-0.0931758 -0.256492 0)
(-0.099418 -0.249909 0)
(-0.105465 -0.242839 0)
(-0.111288 -0.235292 0)
(-0.116871 -0.227279 0)
(-0.122192 -0.218805 0)
(-0.127174 -0.209877 0)
(-0.131786 -0.200587 0)
(-0.136197 -0.191191 0)
(-0.140325 -0.181987 0)
(-0.00285796 -0.266806 0)
(-0.00899976 -0.283966 0)
(-0.0151419 -0.283349 0)
(-0.0213322 -0.282076 0)
(-0.0275069 -0.280372 0)
(-0.0336562 -0.27822 0)
(-0.0397703 -0.275625 0)
(-0.045836 -0.272582 0)
(-0.0518423 -0.269081 0)
(-0.0577781 -0.265119 0)
(-0.0636306 -0.260697 0)
(-0.069384 -0.255815 0)
(-0.0750199 -0.250477 0)
(-0.0805189 -0.244687 0)
(-0.0858613 -0.238451 0)
(-0.0910267 -0.231775 0)
(-0.0959929 -0.22467 0)
(-0.100745 -0.217148 0)
(-0.10527 -0.209218 0)
(-0.109509 -0.200885 0)
(-0.113418 -0.192235 0)
(-0.117147 -0.183522 0)
(-0.120666 -0.175015 0)
(-0.0023412 -0.255715 0)
(-0.00762517 -0.272336 0)
(-0.0129623 -0.27174 0)
(-0.0182274 -0.270504 0)
(-0.0235111 -0.268843 0)
(-0.0287623 -0.266763 0)
(-0.0339769 -0.264252 0)
(-0.0391496 -0.261309 0)
(-0.0442691 -0.257936 0)
(-0.0493217 -0.254131 0)
(-0.0542944 -0.249894 0)
(-0.0591743 -0.245226 0)
(-0.0639472 -0.240132 0)
(-0.0685974 -0.234621 0)
(-0.0731085 -0.228699 0)
(-0.0774636 -0.222378 0)
(-0.0816443 -0.215668 0)
(-0.0856364 -0.208583 0)
(-0.0894289 -0.201132 0)
(-0.0929763 -0.193318 0)
(-0.0962375 -0.185213 0)
(-0.0993432 -0.177064 0)
(-0.102298 -0.169117 0)
(-0.00194682 -0.24619 0)
(-0.00641877 -0.262476 0)
(-0.0109366 -0.261896 0)
(-0.0153361 -0.260676 0)
(-0.0197535 -0.259055 0)
(-0.0241456 -0.257034 0)
(-0.0285083 -0.2546 0)
(-0.0328339 -0.251754 0)
(-0.0371101 -0.2485 0)
(-0.0413245 -0.24484 0)
(-0.0454657 -0.240774 0)
(-0.049523 -0.236307 0)
(-0.0534843 -0.231443 0)
(-0.0573373 -0.22619 0)
(-0.0610692 -0.220558 0)
(-0.0646664 -0.214557 0)
(-0.0681141 -0.208198 0)
(-0.0713991 -0.201495 0)
(-0.0745102 -0.194459 0)
(-0.0774135 -0.187093 0)
(-0.0800769 -0.179449 0)
(-0.0826053 -0.171738 0)
(-0.0850227 -0.164202 0)
(-0.00160383 -0.238096 0)
(-0.00524217 -0.254172 0)
(-0.00894418 -0.253582 0)
(-0.0125417 -0.252354 0)
(-0.0161487 -0.250757 0)
(-0.019738 -0.248776 0)
(-0.0233021 -0.246409 0)
(-0.0268276 -0.243657 0)
(-0.0303048 -0.24052 0)
(-0.0337264 -0.236996 0)
(-0.0370844 -0.233087 0)
(-0.0403684 -0.228801 0)
(-0.0435668 -0.224144 0)
(-0.0466689 -0.219125 0)
(-0.0496651 -0.213753 0)
(-0.0525459 -0.208038 0)
(-0.0553004 -0.201989 0)
(-0.0579178 -0.19562 0)
(-0.060388 -0.188943 0)
(-0.0626879 -0.181966 0)
(-0.0647962 -0.174717 0)
(-0.0667846 -0.167351 0)
(-0.0686829 -0.160096 0)
(-0.00111313 -0.23223 0)
(-0.00384918 -0.247906 0)
(-0.00685047 -0.247284 0)
(-0.00970962 -0.24604 0)
(-0.012583 -0.244447 0)
(-0.0154298 -0.242489 0)
(-0.0182455 -0.240167 0)
(-0.0210186 -0.237482 0)
(-0.0237451 -0.234431 0)
(-0.0264224 -0.231011 0)
(-0.0290446 -0.227222 0)
(-0.0316027 -0.223072 0)
(-0.0340866 -0.218568 0)
(-0.0364874 -0.213722 0)
(-0.0387979 -0.208542 0)
(-0.0410113 -0.203039 0)
(-0.0431198 -0.197222 0)
(-0.0451152 -0.191104 0)
(-0.0469887 -0.184699 0)
(-0.0487269 -0.178018 0)
(-0.0503169 -0.171079 0)
(-0.0517962 -0.163969 0)
(-0.0531916 -0.156886 0)
(-0.000397477 -0.22968 0)
(-0.00216108 -0.243915 0)
(-0.00457988 -0.243281 0)
(-0.00672455 -0.242072 0)
(-0.00889044 -0.240521 0)
(-0.0110061 -0.238617 0)
(-0.0130805 -0.236357 0)
(-0.0151131 -0.233738 0)
(-0.0171058 -0.230759 0)
(-0.019058 -0.227418 0)
(-0.020965 -0.223719 0)
(-0.02282 -0.219668 0)
(-0.0246167 -0.215273 0)
(-0.0263498 -0.210544 0)
(-0.028015 -0.205493 0)
(-0.0296075 -0.200128 0)
(-0.0311215 -0.194463 0)
(-0.0325502 -0.18851 0)
(-0.0338868 -0.182283 0)
(-0.035123 -0.175795 0)
(-0.0362513 -0.169063 0)
(-0.0372832 -0.162128 0)
(-0.0382353 -0.155127 0)
(0.000331658 -0.229086 0)
(-0.000474283 -0.240079 0)
(-0.0022664 -0.239471 0)
(-0.00365127 -0.238436 0)
(-0.00505558 -0.237037 0)
(-0.00638961 -0.235271 0)
(-0.00767345 -0.233133 0)
(-0.00891787 -0.230625 0)
(-0.0101305 -0.227748 0)
(-0.0113136 -0.224508 0)
(-0.0124656 -0.220911 0)
(-0.013584 -0.216967 0)
(-0.0146671 -0.212686 0)
(-0.0157136 -0.20808 0)
(-0.0167222 -0.203158 0)
(-0.0176905 -0.197935 0)
(-0.0186147 -0.192421 0)
(-0.0194902 -0.186629 0)
(-0.0203123 -0.180574 0)
(-0.0210758 -0.174269 0)
(-0.021777 -0.167731 0)
(-0.0224169 -0.160981 0)
(-0.0229966 -0.154083 0)
(0.000613672 -0.229247 0)
(0.000512457 -0.236534 0)
(-0.00043483 -0.235966 0)
(-0.000974247 -0.235191 0)
(-0.0014995 -0.233969 0)
(-0.00196468 -0.232327 0)
(-0.00239622 -0.230282 0)
(-0.00280697 -0.227846 0)
(-0.00320345 -0.225029 0)
(-0.00358789 -0.221843 0)
(-0.00396053 -0.218297 0)
(-0.00432124 -0.214405 0)
(-0.00467023 -0.210179 0)
(-0.00500789 -0.205632 0)
(-0.00533444 -0.200777 0)
(-0.00564951 -0.195626 0)
(-0.00595215 -0.190193 0)
(-0.00624097 -0.18449 0)
(-0.00651427 -0.178533 0)
(-0.00677011 -0.172337 0)
(-0.00700642 -0.165918 0)
(-0.00722031 -0.159296 0)
(-0.00740683 -0.152496 0)
(1.06571 0.288184 0)
(1.11986 0.0433296 0)
(1.28915 -0.0296093 0)
(1.5881 -0.0478635 0)
(1.10793 -0.165253 0)
(1.29616 -0.329729 0)
(1.46694 -0.307525 0)
(1.66728 -0.278341 0)
(1.05907 -0.197562 0)
(1.26619 -0.294269 0)
(1.43104 -0.318198 0)
(1.60499 -0.320815 0)
(1.00565 -0.3398 0)
(1.21395 -0.445799 0)
(1.39425 -0.487331 0)
(1.59377 -0.494485 0)
(0.960617 -0.474029 0)
(1.16032 -0.56222 0)
(1.35113 -0.611061 0)
(1.57161 -0.601252 0)
(0.909652 -0.602314 0)
(1.08789 -0.695816 0)
(1.29281 -0.746704 0)
(1.51458 -0.690272 0)
(0.840053 -0.728287 0)
(0.998947 -0.832389 0)
(1.21231 -0.850356 0)
(1.35679 -0.676531 0)
(0.744865 -0.849201 0)
(0.903946 -0.952392 0)
(1.12859 -0.896318 0)
(1.10046 -0.579291 0)
(0.630312 -0.966308 0)
(0.798152 -1.04123 0)
(0.933241 -0.861244 0)
(0.69351 -0.358047 0)
(0.511846 -1.07718 0)
(0.679429 -1.08611 0)
(0.668951 -0.731615 0)
(-0.0460691 0.12214 0)
(0.391103 -1.15526 0)
(0.449031 -1.04513 0)
(0.295192 -0.409002 0)
(-0.511688 0.338419 0)
(0.30956 -1.18751 0)
(0.231903 -0.959608 0)
(-0.152705 -0.0173615 0)
(-0.605984 0.404382 0)
(0.294305 -1.19586 0)
(0.0526617 -0.772825 0)
(-0.386964 0.158947 0)
(-0.513655 0.398193 0)
(0.253496 -1.16126 0)
(-0.0994265 -0.530828 0)
(-0.441595 0.280717 0)
(-0.399551 0.379933 0)
(0.184382 -0.990963 0)
(-0.058334 -0.432676 0)
(-0.400643 0.353978 0)
(-0.324184 0.371698 0)
(0.104941 -0.756668 0)
(0.0233277 -0.315397 0)
(-0.337308 0.441289 0)
(-0.301816 0.377785 0)
(-0.0112483 -0.638555 0)
(0.0550681 -0.208761 0)
(-0.324569 0.542701 0)
(-0.322637 0.399536 0)
(-0.170909 -0.634409 0)
(-0.0476693 -0.148313 0)
(-0.395173 0.614909 0)
(-0.380746 0.426463 0)
(-0.45134 -0.633222 0)
(-0.337768 -0.0122376 0)
(-0.569234 0.642863 0)
(-0.466977 0.428394 0)
(-0.82959 -0.616203 0)
(-0.797054 0.00564223 0)
(-0.750096 0.584535 0)
(-0.535371 0.374266 0)
(-0.99264 -0.5137 0)
(-1.02767 0.0307384 0)
(-0.790607 0.410986 0)
(-0.548747 0.272411 0)
(-0.867545 -0.449026 0)
(-0.919081 -0.0633482 0)
(-0.713596 0.213923 0)
(-0.517525 0.173815 0)
(-0.710453 -0.362424 0)
(-0.748182 -0.0985605 0)
(-0.607979 0.0813 0)
(-0.478023 0.111709 0)
(-0.5872 -0.30521 0)
(-0.608778 -0.112366 0)
(-0.525251 0.0189848 0)
(-0.445095 0.0752326 0)
(-0.498689 -0.273354 0)
(-0.513866 -0.124977 0)
(-0.465017 -0.0157979 0)
(-0.412128 0.0475179 0)
(-0.429766 -0.24863 0)
(-0.443855 -0.133659 0)
(-0.414572 -0.0423094 0)
(-0.377206 0.0239721 0)
(-0.373121 -0.229883 0)
(-0.387008 -0.136403 0)
(-0.369591 -0.0583091 0)
(-0.342747 0.00476907 0)
(-0.326042 -0.214876 0)
(-0.339427 -0.13686 0)
(-0.329364 -0.0683197 0)
(-0.310072 -0.00984801 0)
(-0.286083 -0.202248 0)
(-0.298755 -0.135697 0)
(-0.293285 -0.0749229 0)
(-0.279408 -0.021069 0)
(-0.251514 -0.191426 0)
(-0.263318 -0.133545 0)
(-0.26081 -0.079151 0)
(-0.250807 -0.0296586 0)
(-0.221132 -0.182053 0)
(-0.231958 -0.13094 0)
(-0.231361 -0.081827 0)
(-0.224184 -0.0361606 0)
(-0.194049 -0.173891 0)
(-0.203847 -0.128122 0)
(-0.204473 -0.0834133 0)
(-0.199377 -0.0410981 0)
(-0.169597 -0.166784 0)
(-0.178358 -0.125288 0)
(-0.179734 -0.084227 0)
(-0.176165 -0.044818 0)
(-0.147248 -0.160596 0)
(-0.154996 -0.122555 0)
(-0.156787 -0.0845175 0)
(-0.154355 -0.0475937 0)
(-0.126592 -0.155222 0)
(-0.133381 -0.119999 0)
(-0.135345 -0.08448 0)
(-0.133751 -0.0496756 0)
(-0.10732 -0.150601 0)
(-0.113202 -0.117676 0)
(-0.115162 -0.0842336 0)
(-0.114168 -0.0512027 0)
(-0.0891927 -0.146685 0)
(-0.0941898 -0.115633 0)
(-0.0960163 -0.0838846 0)
(-0.0954366 -0.0523121 0)
(-0.0720243 -0.143355 0)
(-0.0761235 -0.113851 0)
(-0.0777134 -0.083492 0)
(-0.0774057 -0.0530937 0)
(-0.0557208 -0.140692 0)
(-0.0588768 -0.112385 0)
(-0.0601067 -0.0831115 0)
(-0.0599206 -0.0536253 0)
(-0.0400143 -0.139202 0)
(-0.0422489 -0.111639 0)
(-0.0430625 -0.0830059 0)
(-0.0428739 -0.0540572 0)
(-0.0241125 -0.138282 0)
(-0.0255563 -0.111368 0)
(-0.0260973 -0.0832108 0)
(-0.0259851 -0.0545372 0)
(-0.00780442 -0.136705 0)
(-0.00837533 -0.11033 0)
(-0.00865303 -0.0827064 0)
(-0.00871938 -0.0544904 0)
(1.83237 -0.201413 0)
(1.88442 -0.320275 0)
(1.9055 -0.437079 0)
(1.92196 -0.558429 0)
(1.90335 -0.642403 0)
(1.74755 -0.61668 0)
(1.38819 -0.413251 0)
(0.834325 -0.183311 0)
(0.258792 0.1455 0)
(0.0547487 0.654769 0)
(0.147464 0.786374 0)
(0.277491 0.637812 0)
(0.307152 0.477046 0)
(0.279616 0.362576 0)
(0.232042 0.285847 0)
(0.179103 0.235559 0)
(0.126199 0.203606 0)
(0.0747874 0.184773 0)
(0.0247025 0.17545 0)
(1.81328 -0.346703 0)
(1.90244 -0.433301 0)
(1.97056 -0.520203 0)
(1.98037 -0.581728 0)
(1.81492 -0.563675 0)
(1.45868 -0.394527 0)
(0.905897 -0.0815728 0)
(0.390944 0.190474 0)
(0.0592288 0.419596 0)
(-0.00674753 0.646597 0)
(0.0986257 0.683101 0)
(0.196476 0.586592 0)
(0.229975 0.474905 0)
(0.220886 0.383518 0)
(0.190706 0.315753 0)
(0.151286 0.268159 0)
(0.108552 0.236445 0)
(0.0650436 0.217176 0)
(0.0215863 0.207357 0)
(1.77545 -0.372215 0)
(1.90611 -0.458069 0)
(1.93544 -0.518541 0)
(1.78218 -0.467679 0)
(1.44891 -0.307702 0)
(0.965136 -0.0261787 0)
(0.480079 0.269407 0)
(0.158009 0.440415 0)
(0.00215616 0.535502 0)
(0.00127695 0.610884 0)
(0.0790534 0.608075 0)
(0.144694 0.544689 0)
(0.17315 0.466214 0)
(0.172466 0.394557 0)
(0.153672 0.336816 0)
(0.124882 0.293738 0)
(0.0911384 0.263772 0)
(0.0551905 0.245045 0)
(0.0183943 0.235212 0)
(1.78897 -0.51283 0)
(1.88603 -0.535943 0)
(1.75953 -0.455497 0)
(1.43873 -0.267351 0)
(0.996123 -0.00388876 0)
(0.512453 0.290581 0)
(0.188026 0.490693 0)
(0.0374274 0.556607 0)
(-0.010987 0.567313 0)
(0.00985127 0.579195 0)
(0.0617268 0.562392 0)
(0.10598 0.515605 0)
(0.129235 0.456838 0)
(0.132663 0.399748 0)
(0.121486 0.351095 0)
(0.100901 0.313102 0)
(0.0748073 0.28574 0)
(0.0457554 0.268233 0)
(0.0153076 0.25874 0)
(1.74067 -0.539916 0)
(1.68345 -0.422861 0)
(1.38489 -0.22568 0)
(0.945278 0.0491593 0)
(0.475226 0.336996 0)
(0.153578 0.521953 0)
(0.0140717 0.595182 0)
(-0.0233301 0.589433 0)
(-0.0199023 0.567176 0)
(0.00548744 0.555214 0)
(0.0421067 0.532654 0)
(0.0745017 0.494192 0)
(0.0941641 0.447631 0)
(0.0998461 0.40128 0)
(0.0939201 0.360378 0)
(0.0796573 0.327364 0)
(0.0599598 0.30294 0)
(0.0370303 0.28701 0)
(0.0124322 0.278069 0)
(1.53773 -0.500441 0)
(1.29664 -0.262111 0)
(0.874398 0.0377976 0)
(0.382939 0.366576 0)
(0.0765149 0.564249 0)
(-0.0504876 0.621625 0)
(-0.0714707 0.61581 0)
(-0.0554368 0.584203 0)
(-0.0332626 0.555163 0)
(-0.0074925 0.534777 0)
(0.0219705 0.510144 0)
(0.0481013 0.476949 0)
(0.0654787 0.438719 0)
(0.0725671 0.400469 0)
(0.0704167 0.366011 0)
(0.0610904 0.33755 0)
(0.0467201 0.316064 0)
(0.0291433 0.301838 0)
(0.00981768 0.293551 0)
(1.16937 -0.342183 0)
(0.744572 0.031919 0)
(0.247767 0.372387 0)
(-0.0356734 0.58226 0)
(-0.135254 0.643795 0)
(-0.139049 0.629891 0)
(-0.109511 0.599113 0)
(-0.076777 0.566166 0)
(-0.0494656 0.538545 0)
(-0.0234933 0.516042 0)
(0.00275243 0.49144 0)
(0.0254788 0.462199 0)
(0.0415247 0.430042 0)
(0.0496703 0.398032 0)
(0.0503801 0.368889 0)
(0.0449867 0.344448 0)
(0.0350647 0.325725 0)
(0.0221265 0.313185 0)
(0.00748105 0.305578 0)
(0.629484 -0.040608 0)
(0.0780394 0.3699 0)
(-0.167515 0.567886 0)
(-0.237393 0.638689 0)
(-0.217103 0.633035 0)
(-0.172505 0.602798 0)
(-0.130165 0.572817 0)
(-0.0948191 0.544888 0)
(-0.0659287 0.520276 0)
(-0.0396636 0.498163 0)
(-0.0150859 0.474764 0)
(0.00582064 0.448865 0)
(0.0212176 0.421418 0)
(0.0302902 0.394347 0)
(0.0332769 0.369599 0)
(0.0310825 0.348648 0)
(0.0248934 0.332435 0)
(0.0159546 0.321484 0)
(0.00541896 0.314536 0)
(-0.0971512 0.327269 0)
(-0.298005 0.539273 0)
(-0.336882 0.60005 0)
(-0.300823 0.611023 0)
(-0.240776 0.593959 0)
(-0.188222 0.569192 0)
(-0.145849 0.545696 0)
(-0.110866 0.522874 0)
(-0.0812956 0.501327 0)
(-0.0549271 0.480645 0)
(-0.0312876 0.459139 0)
(-0.0113401 0.43627 0)
(0.00384873 0.412681 0)
(0.0137876 0.389632 0)
(0.0186565 0.368551 0)
(0.0191114 0.350611 0)
(0.0160712 0.336634 0)
(0.01057 0.327134 0)
(0.00361568 0.320798 0)
(-0.442088 0.491557 0)
(-0.41526 0.549189 0)
(-0.373057 0.563062 0)
(-0.308478 0.565298 0)
(-0.248163 0.553787 0)
(-0.199508 0.537209 0)
(-0.159158 0.519439 0)
(-0.124779 0.500775 0)
(-0.0950577 0.482076 0)
(-0.0688215 0.463399 0)
(-0.0457599 0.444108 0)
(-0.0263083 0.424037 0)
(-0.0110646 0.403707 0)
(-0.000314548 0.384028 0)
(0.00614891 0.366044 0)
(0.00882768 0.3507 0)
(0.00845482 0.338694 0)
(0.00590057 0.330497 0)
(0.002049 0.324712 0)
(-0.475738 0.496237 0)
(-0.422928 0.502581 0)
(-0.363393 0.518857 0)
(-0.304499 0.523618 0)
(-0.252648 0.518267 0)
(-0.208517 0.507619 0)
(-0.170123 0.494109 0)
(-0.136539 0.478866 0)
(-0.107099 0.462854 0)
(-0.0811629 0.446411 0)
(-0.0585069 0.42942 0)
(-0.0393105 0.411955 0)
(-0.0238863 0.394455 0)
(-0.0123684 0.377638 0)
(-0.00454579 0.362301 0)
(1.53915e-05 0.349208 0)
(0.00190673 0.338934 0)
(0.00187036 0.331894 0)
(0.000693414 0.326592 0)
(-0.42706 0.444889 0)
(-0.404402 0.46175 0)
(-0.347971 0.481727 0)
(-0.300858 0.488488 0)
(-0.255825 0.486947 0)
(-0.215315 0.479998 0)
(-0.178838 0.469702 0)
(-0.1463 0.457365 0)
(-0.117436 0.443872 0)
(-0.0919145 0.429687 0)
(-0.0695943 0.414954 0)
(-0.050528 0.399882 0)
(-0.034877 0.384933 0)
(-0.0226714 0.37056 0)
(-0.0136682 0.357525 0)
(-0.00750741 0.346372 0)
(-0.00369647 0.337618 0)
(-0.00159601 0.331608 0)
(-0.000479649 0.326722 0)
(-0.392086 0.398876 0)
(-0.38249 0.434678 0)
(-0.336717 0.451062 0)
(-0.297822 0.45857 0)
(-0.2577 0.458776 0)
(-0.220245 0.454144 0)
(-0.18565 0.446322 0)
(-0.154291 0.43644 0)
(-0.126163 0.425252 0)
(-0.101124 0.413238 0)
(-0.0791173 0.400665 0)
(-0.0601129 0.387816 0)
(-0.044247 0.375081 0)
(-0.0314444 0.362886 0)
(-0.0214234 0.351876 0)
(-0.0139147 0.342405 0)
(-0.0084617 0.334971 0)
(-0.00456196 0.329911 0)
(-0.00149473 0.325331 0)
(-0.37621 0.377541 0)
(-0.362451 0.41447 0)
(-0.329027 0.42557 0)
(-0.294868 0.432401 0)
(-0.258687 0.433063 0)
(-0.223796 0.429907 0)
(-0.190953 0.424001 0)
(-0.160766 0.416166 0)
(-0.133409 0.407054 0)
(-0.108875 0.397071 0)
(-0.087164 0.386518 0)
(-0.0682504 0.375727 0)
(-0.0521945 0.36496 0)
(-0.0388345 0.354729 0)
(-0.0279701 0.345437 0)
(-0.0193448 0.337495 0)
(-0.0124984 0.33121 0)
(-0.00708128 0.327048 0)
(-0.00236642 0.322618 0)
(-0.368229 0.374194 0)
(-0.347886 0.398004 0)
(-0.32393 0.404199 0)
(-0.292462 0.408884 0)
(-0.259274 0.409301 0)
(-0.226379 0.407048 0)
(-0.195042 0.40263 0)
(-0.165933 0.396547 0)
(-0.139315 0.389293 0)
(-0.115289 0.381194 0)
(-0.0938642 0.372511 0)
(-0.0750407 0.363574 0)
(-0.0588297 0.354646 0)
(-0.0450422 0.346155 0)
(-0.0334637 0.338374 0)
(-0.0238829 0.331763 0)
(-0.0158963 0.326513 0)
(-0.00920297 0.323207 0)
(-0.00310271 0.318795 0)
(-0.364088 0.378398 0)
(-0.341117 0.383968 0)
(-0.321409 0.385361 0)
(-0.291165 0.387111 0)
(-0.259799 0.386961 0)
(-0.228289 0.385274 0)
(-0.198131 0.382059 0)
(-0.169939 0.377526 0)
(-0.143995 0.371954 0)
(-0.120459 0.365594 0)
(-0.0993443 0.358656 0)
(-0.0806275 0.351417 0)
(-0.0642943 0.344145 0)
(-0.0501668 0.337197 0)
(-0.0380234 0.330829 0)
(-0.0276561 0.325356 0)
(-0.0187104 0.321037 0)
(-0.0109673 0.318549 0)
(-0.00371746 0.314041 0)
(-0.367974 0.382381 0)
(-0.342764 0.370695 0)
(-0.321612 0.367247 0)
(-0.291164 0.366149 0)
(-0.260394 0.365455 0)
(-0.229667 0.364257 0)
(-0.200341 0.362135 0)
(-0.172889 0.359026 0)
(-0.147553 0.355016 0)
(-0.124484 0.350253 0)
(-0.103682 0.344941 0)
(-0.0851091 0.339279 0)
(-0.0687161 0.333522 0)
(-0.0543202 0.327961 0)
(-0.0417328 0.322849 0)
(-0.0307441 0.318419 0)
(-0.0210159 0.314926 0)
(-0.0124141 0.313206 0)
(-0.00422049 0.308522 0)
(-0.383646 0.379599 0)
(-0.35159 0.35549 0)
(-0.324333 0.34806 0)
(-0.292214 0.345047 0)
(-0.26097 0.34422 0)
(-0.230504 0.343683 0)
(-0.201711 0.342691 0)
(-0.174848 0.340964 0)
(-0.150064 0.338439 0)
(-0.127442 0.33519 0)
(-0.106959 0.331387 0)
(-0.0885649 0.327181 0)
(-0.0721729 0.322824 0)
(-0.0576082 0.318532 0)
(-0.0446893 0.314537 0)
(-0.0332127 0.311048 0)
(-0.022869 0.308297 0)
(-0.0135776 0.307308 0)
(-0.00462041 0.302387 0)
(-0.408692 0.361847 0)
(-0.364874 0.334938 0)
(-0.328514 0.326139 0)
(-0.293624 0.322975 0)
(-0.261214 0.322799 0)
(-0.230665 0.323303 0)
(-0.202206 0.323592 0)
(-0.175832 0.323273 0)
(-0.151562 0.322196 0)
(-0.129388 0.320409 0)
(-0.109255 0.318016 0)
(-0.091075 0.315172 0)
(-0.0747457 0.312088 0)
(-0.060103 0.308962 0)
(-0.0469635 0.305984 0)
(-0.0351279 0.303344 0)
(-0.0243137 0.301259 0)
(-0.0144817 0.300967 0)
(-0.00492676 0.295771 0)
(-0.434474 0.323238 0)
(-0.376952 0.306588 0)
(-0.332158 0.300392 0)
(-0.294309 0.299435 0)
(-0.260628 0.300928 0)
(-0.229913 0.302978 0)
(-0.201731 0.30477 0)
(-0.175829 0.305923 0)
(-0.152074 0.306289 0)
(-0.13037 0.305903 0)
(-0.110624 0.304851 0)
(-0.0927093 0.303288 0)
(-0.0765119 0.301375 0)
(-0.0618735 0.299319 0)
(-0.0486182 0.297266 0)
(-0.0365421 0.295399 0)
(-0.0253911 0.293918 0)
(-0.0151501 0.294271 0)
(-0.00514771 0.288796 0)
(-0.447326 0.27058 0)
(-0.381369 0.270772 0)
(-0.332896 0.271123 0)
(-0.293022 0.274492 0)
(-0.25865 0.278624 0)
(-0.227971 0.282712 0)
(-0.200173 0.286228 0)
(-0.174807 0.288926 0)
(-0.151614 0.290739 0)
(-0.130429 0.291703 0)
(-0.111114 0.291932 0)
(-0.093527 0.291562 0)
(-0.0775352 0.290744 0)
(-0.062985 0.289662 0)
(-0.0497095 0.28846 0)
(-0.0375026 0.287297 0)
(-0.0261367 0.286368 0)
(-0.0156057 0.287306 0)
(-0.00529079 0.281572 0)
(-0.441899 0.21742 0)
(-0.376036 0.23115 0)
(-0.32901 0.240296 0)
(-0.288892 0.248837 0)
(-0.254832 0.256213 0)
(-0.224617 0.262657 0)
(-0.197436 0.26804 0)
(-0.172735 0.272336 0)
(-0.150193 0.275583 0)
(-0.129595 0.277859 0)
(-0.110774 0.2793 0)
(-0.0935808 0.280042 0)
(-0.0778711 0.280243 0)
(-0.0634921 0.280055 0)
(-0.0502827 0.279636 0)
(-0.0380502 0.279114 0)
(-0.0265829 0.278691 0)
(-0.0158706 0.280148 0)
(-0.00536337 0.274198 0)
(-0.422589 0.171059 0)
(-0.363431 0.193042 0)
(-0.320262 0.210306 0)
(-0.281799 0.223529 0)
(-0.248992 0.23422 0)
(-0.219755 0.243072 0)
(-0.193478 0.250352 0)
(-0.169611 0.25624 0)
(-0.147828 0.260881 0)
(-0.1279 0.264415 0)
(-0.109649 0.266999 0)
(-0.0929187 0.268781 0)
(-0.0775655 0.269921 0)
(-0.0634384 0.270564 0)
(-0.0503813 0.270858 0)
(-0.0382196 0.270921 0)
(-0.0267563 0.270961 0)
(-0.0159642 0.272872 0)
(-0.00537338 0.266762 0)
(-0.396374 0.132606 0)
(-0.346725 0.15994 0)
(-0.3077 0.182631 0)
(-0.272158 0.199541 0)
(-0.24123 0.213162 0)
(-0.213425 0.224247 0)
(-0.188323 0.233331 0)
(-0.165465 0.240738 0)
(-0.14456 0.246704 0)
(-0.12539 0.251424 0)
(-0.107783 0.255077 0)
(-0.0915874 0.257827 0)
(-0.0766622 0.259834 0)
(-0.0628643 0.261244 0)
(-0.050045 0.26219 0)
(-0.0380431 0.262786 0)
(-0.0266791 0.263247 0)
(-0.0159026 0.265548 0)
(-0.0053287 0.259341 0)
(-0.368421 0.101116 0)
(-0.327643 0.132095 0)
(-0.292682 0.157763 0)
(-0.260521 0.177433 0)
(-0.231829 0.193403 0)
(-0.205768 0.206419 0)
(-0.182057 0.217129 0)
(-0.160359 0.225932 0)
(-0.140442 0.233126 0)
(-0.122118 0.238944 0)
(-0.105228 0.243588 0)
(-0.0896357 0.247231 0)
(-0.0752081 0.250035 0)
(-0.0618121 0.252145 0)
(-0.0493093 0.253688 0)
(-0.0375508 0.254769 0)
(-0.0263734 0.255611 0)
(-0.0157009 0.258239 0)
(-0.00523597 0.252006 0)
(-0.340609 0.0751245 0)
(-0.306993 0.108357 0)
(-0.276144 0.135696 0)
(-0.247381 0.157368 0)
(-0.221109 0.175133 0)
(-0.196969 0.189748 0)
(-0.174799 0.201863 0)
(-0.154381 0.211908 0)
(-0.135545 0.220213 0)
(-0.118142 0.227032 0)
(-0.102039 0.232581 0)
(-0.087115 0.237041 0)
(-0.0732508 0.240573 0)
(-0.0603247 0.243319 0)
(-0.04821 0.245405 0)
(-0.0367711 0.246928 0)
(-0.02586 0.248114 0)
(-0.0153734 0.251006 0)
(-0.00510126 0.244818 0)
(-0.313213 0.0537833 0)
(-0.285421 0.0879869 0)
(-0.258626 0.116284 0)
(-0.233143 0.139326 0)
(-0.20936 0.158426 0)
(-0.187225 0.17432 0)
(-0.166686 0.187611 0)
(-0.147629 0.198733 0)
(-0.129946 0.20802 0)
(-0.113529 0.215736 0)
(-0.0982733 0.222101 0)
(-0.0840774 0.227299 0)
(-0.0708369 0.231489 0)
(-0.0584432 0.234813 0)
(-0.0467819 0.23739 0)
(-0.0357314 0.239313 0)
(-0.0251583 0.240808 0)
(-0.0149336 0.243907 0)
(-0.00493052 0.23783 0)
(-0.28656 0.0365806 0)
(-0.263561 0.0707074 0)
(-0.240545 0.0993748 0)
(-0.218154 0.123248 0)
(-0.196836 0.143294 0)
(-0.176721 0.160172 0)
(-0.157855 0.174421 0)
(-0.140209 0.186452 0)
(-0.12373 0.19659 0)
(-0.108349 0.205096 0)
(-0.0939917 0.212187 0)
(-0.0805755 0.218044 0)
(-0.0680121 0.222826 0)
(-0.0562067 0.226669 0)
(-0.0450577 0.229688 0)
(-0.0344574 0.231971 0)
(-0.0242864 0.23374 0)
(-0.0143938 0.236994 0)
(-0.00472892 0.231091 0)
(-0.260893 0.0227498 0)
(-0.241877 0.0561862 0)
(-0.222251 0.0847731 0)
(-0.202713 0.109046 0)
(-0.183761 0.129706 0)
(-0.16563 0.147306 0)
(-0.14844 0.162311 0)
(-0.132225 0.175092 0)
(-0.116981 0.185953 0)
(-0.102674 0.195142 0)
(-0.0892547 0.202869 0)
(-0.0766612 0.20931 0)
(-0.0648209 0.214618 0)
(-0.0536528 0.218924 0)
(-0.0430683 0.222338 0)
(-0.0329733 0.224944 0)
(-0.023262 0.226956 0)
(-0.0137652 0.230317 0)
(-0.00450058 0.22464 0)
(-0.236316 0.0115805 0)
(-0.220635 0.0440205 0)
(-0.203994 0.0722315 0)
(-0.187051 0.0965896 0)
(-0.170325 0.117599 0)
(-0.154107 0.135699 0)
(-0.138563 0.151279 0)
(-0.123778 0.164663 0)
(-0.109783 0.176125 0)
(-0.0965728 0.185897 0)
(-0.0841217 0.194174 0)
(-0.0723852 0.201124 0)
(-0.0613062 0.206895 0)
(-0.0508174 0.21161 0)
(-0.0408431 0.215375 0)
(-0.0313021 0.218268 0)
(-0.0221016 0.220494 0)
(-0.0130579 0.22392 0)
(-0.00424896 0.218514 0)
(-0.212876 0.00257432 0)
(-0.199989 0.0338621 0)
(-0.185947 0.0615073 0)
(-0.17134 0.0857327 0)
(-0.156682 0.106887 0)
(-0.142282 0.125308 0)
(-0.128337 0.141307 0)
(-0.114962 0.155162 0)
(-0.102214 0.167115 0)
(-0.0901127 0.177373 0)
(-0.0786492 0.186119 0)
(-0.0677955 0.19351 0)
(-0.0575088 0.199684 0)
(-0.0477348 0.204758 0)
(-0.0384101 0.20883 0)
(-0.0294656 0.211977 0)
(-0.020821 0.214387 0)
(-0.0122814 0.217842 0)
(-0.00397712 0.212745 0)
(-0.190564 -0.00466781 0)
(-0.180014 0.0254112 0)
(-0.168219 0.052382 0)
(-0.155704 0.0763289 0)
(-0.142949 0.097478 0)
(-0.130264 0.116075 0)
(-0.117857 0.132365 0)
(-0.10586 0.146578 0)
(-0.0943476 0.15892 0)
(-0.0833554 0.169578 0)
(-0.0728902 0.178718 0)
(-0.0629375 0.186484 0)
(-0.0534673 0.193004 0)
(-0.0444374 0.198389 0)
(-0.0357957 0.20273 0)
(-0.0274844 0.206097 0)
(-0.0194352 0.208668 0)
(-0.0114445 0.212119 0)
(-0.00368782 0.207358 0)
(-0.169307 -0.0104711 0)
(-0.160729 0.0184079 0)
(-0.150872 0.0446598 0)
(-0.140226 0.0682398 0)
(-0.129217 0.0892773 0)
(-0.118141 0.107941 0)
(-0.107204 0.124417 0)
(-0.0965444 0.138889 0)
(-0.0862462 0.151534 0)
(-0.0763564 0.162514 0)
(-0.066893 0.171978 0)
(-0.0578531 0.180059 0)
(-0.0492178 0.186873 0)
(-0.0409556 0.192523 0)
(-0.0330246 0.197095 0)
(-0.0253778 0.200654 0)
(-0.0179579 0.203361 0)
(-0.0105552 0.20678 0)
(-0.00338356 0.202379 0)
(-0.14904 -0.0151014 0)
(-0.142111 0.0126352 0)
(-0.133933 0.0381704 0)
(-0.124957 0.0613389 0)
(-0.115549 0.0821951 0)
(-0.10598 0.100844 0)
(-0.0964437 0.117421 0)
(-0.0870761 0.132072 0)
(-0.0779656 0.144944 0)
(-0.0691653 0.156177 0)
(-0.0607018 0.165904 0)
(-0.052581 0.174243 0)
(-0.0447936 0.181303 0)
(-0.0373175 0.187177 0)
(-0.0301202 0.191945 0)
(-0.0231638 0.195669 0)
(-0.0164021 0.198491 0)
(-0.00962113 0.201853 0)
(-0.00306665 0.197827 0)
(-0.129659 -0.0187744 0)
(-0.12411 0.00791561 0)
(-0.1174 0.0327693 0)
(-0.109923 0.0555149 0)
(-0.101987 0.0761487 0)
(-0.0938295 0.0947254 0)
(-0.0856266 0.111338 0)
(-0.0775054 0.126101 0)
(-0.069553 0.139135 0)
(-0.0618257 0.150561 0)
(-0.0543557 0.160494 0)
(-0.0471562 0.169042 0)
(-0.0402253 0.176303 0)
(-0.0335492 0.182363 0)
(-0.0271037 0.187296 0)
(-0.0208593 0.191159 0)
(-0.01478 0.194076 0)
(-0.00864935 0.197359 0)
(-0.00273923 0.193721 0)
(-0.111054 -0.0216478 0)
(-0.10667 0.00410417 0)
(-0.101252 0.0283356 0)
(-0.0951317 0.0506719 0)
(-0.0885559 0.071065 0)
(-0.0817251 0.0895306 0)
(-0.0747926 0.10613 0)
(-0.0678727 0.12095 0)
(-0.061048 0.134091 0)
(-0.0543752 0.145655 0)
(-0.0478898 0.155745 0)
(-0.0416101 0.164457 0)
(-0.0355408 0.17188 0)
(-0.0296747 0.178092 0)
(-0.023995 0.18316 0)
(-0.0184799 0.187139 0)
(-0.0131031 0.190134 0)
(-0.00764655 0.193319 0)
(-0.00240334 0.190073 0)
(-0.0931153 -0.0238831 0)
(-0.0897268 0.00108117 0)
(-0.0854554 0.0247702 0)
(-0.0805735 0.0467308 0)
(-0.0752654 0.0668816 0)
(-0.069689 0.0852117 0)
(-0.0639709 0.10176 0)
(-0.0582106 0.116592 0)
(-0.0524841 0.129793 0)
(-0.0468464 0.14145 0)
(-0.0413346 0.151654 0)
(-0.035971 0.16049 0)
(-0.0307651 0.168038 0)
(-0.0257157 0.17437 0)
(-0.0208124 0.179547 0)
(-0.0160402 0.183619 0)
(-0.0113819 0.186676 0)
(-0.00661911 0.189747 0)
(-0.00206096 0.186895 0)
(-0.0757086 -0.0255681 0)
(-0.0731795 -0.00124743 0)
(-0.0699593 0.0219969 0)
(-0.0662285 0.0436293 0)
(-0.0621163 0.0635478 0)
(-0.0577351 0.0817278 0)
(-0.0531834 0.0981951 0)
(-0.0485454 0.113004 0)
(-0.0438892 0.126225 0)
(-0.0392673 0.137935 0)
(-0.0347173 0.148214 0)
(-0.0302641 0.157137 0)
(-0.0259211 0.164778 0)
(-0.0216922 0.171202 0)
(-0.0175728 0.176464 0)
(-0.0135534 0.18061 0)
(-0.00962624 0.183714 0)
(-0.00557317 0.186657 0)
(-0.00171414 0.184196 0)
(-0.0587214 -0.0267782 0)
(-0.0569549 -0.00294805 0)
(-0.0547073 0.0199638 0)
(-0.0520699 0.0413241 0)
(-0.0491035 0.0610258 0)
(-0.0458719 0.0790467 0)
(-0.0424471 0.0954106 0)
(-0.0388986 0.110165 0)
(-0.0352874 0.123373 0)
(-0.0316627 0.135101 0)
(-0.0280622 0.14542 0)
(-0.0245124 0.1544 0)
(-0.02103 0.162104 0)
(-0.0176229 0.168592 0)
(-0.0142915 0.173916 0)
(-0.0110319 0.178117 0)
(-0.00784527 0.181257 0)
(-0.00451494 0.184059 0)
(-0.00136524 0.181983 0)
(-0.0420351 -0.0276327 0)
(-0.0409422 -0.00408518 0)
(-0.0396317 0.0186412 0)
(-0.0380672 0.0397847 0)
(-0.036218 0.0592811 0)
(-0.0341024 0.0771334 0)
(-0.0317711 0.0933731 0)
(-0.0292828 0.108047 0)
(-0.0266926 0.121211 0)
(-0.0240471 0.132926 0)
(-0.0213835 0.143256 0)
(-0.0187295 0.152262 0)
(-0.016104 0.160003 0)
(-0.0135185 0.166532 0)
(-0.0109778 0.171898 0)
(-0.00848258 0.176138 0)
(-0.00604369 0.179302 0)
(-0.00344962 0.181954 0)
(-0.00101765 0.180249 0)
(-0.0254838 -0.0282254 0)
(-0.0250139 -0.00459684 0)
(-0.0246686 0.0180933 0)
(-0.0242404 0.0390615 0)
(-0.0235342 0.0583593 0)
(-0.0225398 0.0760341 0)
(-0.0212962 0.0921316 0)
(-0.0198557 0.106701 0)
(-0.0182703 0.119795 0)
(-0.0165857 0.13147 0)
(-0.0148399 0.141782 0)
(-0.0130625 0.150787 0)
(-0.0112752 0.158538 0)
(-0.00949335 0.165085 0)
(-0.00772622 0.170471 0)
(-0.00597922 0.174733 0)
(-0.00427415 0.177912 0)
(-0.00241102 0.180426 0)
(-0.000683569 0.179032 0)
(-0.00863696 -0.0284966 0)
(-0.00884784 -0.00465229 0)
(-0.00882508 0.0181061 0)
(-0.00900313 0.0389326 0)
(-0.00905323 0.0580335 0)
(-0.00894412 0.0755149 0)
(-0.00868149 0.0914436 0)
(-0.00828435 0.105876 0)
(-0.00777612 0.118864 0)
(-0.00718012 0.130462 0)
(-0.00651741 0.140721 0)
(-0.00580598 0.149692 0)
(-0.00506067 0.157424 0)
(-0.00429333 0.163963 0)
(-0.00351329 0.169349 0)
(-0.00272719 0.173619 0)
(-0.00195695 0.176803 0)
(-0.00108526 0.179158 0)
(-0.000290098 0.17811 0)
)
;

boundaryField
{
    leftWall
    {
        type            noSlip;
    }
    rightWall
    {
        type            noSlip;
    }
    lowerWall
    {
        type            noSlip;
    }
    atmosphere
    {
        type            pressureInletOutletVelocity;
        value           nonuniform List<vector> 
46
(
(0 -0.229247 0)
(0 -0.236534 0)
(0 -0.235966 0)
(0 -0.235191 0)
(0 -0.233969 0)
(0 -0.232327 0)
(0 -0.230282 0)
(0 -0.227846 0)
(0 -0.225029 0)
(0 -0.221843 0)
(0 -0.218297 0)
(0 -0.214405 0)
(0 -0.210179 0)
(0 -0.205632 0)
(0 -0.200777 0)
(0 -0.195626 0)
(0 -0.190193 0)
(0 -0.18449 0)
(0 -0.178533 0)
(0 -0.172337 0)
(0 -0.165918 0)
(0 -0.159296 0)
(0 -0.152496 0)
(0 -0.136705 0)
(0 -0.11033 0)
(0 -0.0827064 0)
(0 -0.0544904 0)
(0 -0.0284966 0)
(0 -0.00465229 0)
(-0.00882508 0.0181061 0)
(-0.00900313 0.0389326 0)
(-0.00905323 0.0580335 0)
(-0.00894412 0.0755149 0)
(-0.00868149 0.0914436 0)
(-0.00828435 0.105876 0)
(-0.00777612 0.118864 0)
(-0.00718012 0.130462 0)
(-0.00651741 0.140721 0)
(-0.00580598 0.149692 0)
(-0.00506067 0.157424 0)
(-0.00429333 0.163963 0)
(-0.00351329 0.169349 0)
(-0.00272719 0.173619 0)
(-0.00195695 0.176803 0)
(-0.00108526 0.179158 0)
(-0.000290098 0.17811 0)
)
;
    }
    defaultFaces
    {
        type            empty;
    }
}


// ************************************************************************* //
