/*--------------------------------*- C++ -*----------------------------------*\
| =========                 |                                                 |
| \\      /  F ield         | OpenFOAM: The Open Source CFD Toolbox           |
|  \\    /   O peration     | Version:  2206                                  |
|   \\  /    A nd           | Website:  www.openfoam.com                      |
|    \\/     M anipulation  |                                                 |
\*---------------------------------------------------------------------------*/
FoamFile
{
    version     2.0;
    format      ascii;
    arch        "LSB;label=32;scalar=64";
    class       surfaceScalarField;
    location    "0.25";
    object      phi;
}
// * * * * * * * * * * * * * * * * * * * * * * * * * * * * * * * * * * * * * //

dimensions      [0 3 -1 0 0 0 0];

oriented        oriented;

internalField   nonuniform List<scalar> 
4432
(
-1.35035e-06
1.35035e-06
2.94925e-06
-4.29961e-06
8.04059e-06
-5.09135e-06
1.20486e-05
-4.00803e-06
1.49279e-05
-2.87924e-06
1.71262e-05
-2.19838e-06
1.89602e-05
-1.83399e-06
2.05273e-05
-1.56703e-06
2.17945e-05
-1.26727e-06
2.26818e-05
-8.87242e-07
2.30974e-05
-4.15596e-07
2.29728e-05
1.24615e-07
2.22113e-05
7.61505e-07
2.07637e-05
1.44756e-06
1.85871e-05
2.1766e-06
1.56756e-05
2.91152e-06
1.21284e-05
3.54722e-06
8.105e-06
4.02335e-06
3.8697e-06
4.2353e-06
1.31214e-08
3.85658e-06
-3.01313e-06
3.02626e-06
-3.1767e-06
1.63564e-07
-3.1767e-06
-9.07849e-07
2.2582e-06
3.43106e-06
-8.63851e-06
8.51302e-06
-1.01733e-05
1.25552e-05
-8.05022e-06
1.55657e-05
-5.88974e-06
1.7981e-05
-4.6137e-06
2.00821e-05
-3.93507e-06
2.19443e-05
-3.42931e-06
2.35382e-05
-2.86116e-06
2.48081e-05
-2.15716e-06
2.57054e-05
-1.31282e-06
2.61625e-05
-3.32529e-07
2.62312e-05
6.92852e-07
2.59156e-05
1.7631e-06
2.5188e-05
2.90424e-06
2.40254e-05
4.07405e-06
2.23719e-05
5.20075e-06
2.01987e-05
6.19656e-06
1.7448e-05
6.98597e-06
1.40028e-05
7.30177e-06
1.00899e-05
6.9392e-06
5.3534e-06
4.9e-06
2.1767e-06
-7.88678e-09
2.26608e-06
4.3471e-06
-1.29935e-05
9.41104e-06
-1.52372e-05
1.35482e-05
-1.21874e-05
1.68229e-05
-9.16439e-06
1.96263e-05
-7.41707e-06
2.21627e-05
-6.4715e-06
2.44524e-05
-5.71905e-06
2.64374e-05
-4.8461e-06
2.80471e-05
-3.76691e-06
2.92224e-05
-2.4881e-06
2.99274e-05
-1.03756e-06
3.00771e-05
5.43185e-07
2.97035e-05
2.13668e-06
2.87976e-05
3.8101e-06
2.7376e-05
5.49567e-06
2.54715e-05
7.10525e-06
2.3117e-05
8.55107e-06
2.01864e-05
9.91655e-06
1.63628e-05
1.11253e-05
1.17752e-05
1.15268e-05
6.54332e-06
1.01319e-05
8.72002e-06
1.11847e-06
1.14762e-06
5.68122e-06
-1.75563e-05
1.07802e-05
-2.03362e-05
1.50994e-05
-1.65066e-05
1.87892e-05
-1.28542e-05
2.21679e-05
-1.07958e-05
2.53427e-05
-9.64629e-06
2.82788e-05
-8.65524e-06
3.09022e-05
-7.46942e-06
3.31397e-05
-6.00441e-06
3.49208e-05
-4.26923e-06
3.6168e-05
-2.28472e-06
3.67208e-05
-9.62262e-09
3.66102e-05
2.2473e-06
3.57393e-05
4.68091e-06
3.40418e-05
7.19326e-06
3.14817e-05
9.66534e-06
2.80683e-05
1.19645e-05
2.38195e-05
1.41653e-05
1.86706e-05
1.62742e-05
1.29298e-05
1.72677e-05
7.47521e-06
1.55865e-05
1.61952e-05
2.55378e-06
-1.40616e-06
7.53202e-06
-2.25345e-05
1.26711e-05
-2.54753e-05
1.72244e-05
-2.10599e-05
2.14557e-05
-1.70855e-05
2.55689e-05
-1.49089e-05
2.95492e-05
-1.36266e-05
3.3304e-05
-1.24101e-05
3.67448e-05
-1.09103e-05
3.97971e-05
-9.05667e-06
4.23849e-05
-6.85706e-06
4.44175e-05
-4.31728e-06
4.58199e-05
-1.41206e-06
4.62943e-05
1.77293e-06
4.58715e-05
5.10364e-06
4.43789e-05
8.68587e-06
4.16738e-05
1.23705e-05
3.76366e-05
1.60017e-05
3.22358e-05
1.95661e-05
2.55452e-05
2.29649e-05
1.77189e-05
2.50939e-05
9.6217e-06
2.36837e-05
2.58169e-05
4.21518e-06
-5.62134e-06
9.81547e-06
-2.81348e-05
1.50379e-05
-3.06978e-05
1.98934e-05
-2.59154e-05
2.47796e-05
-2.19717e-05
2.97609e-05
-1.98903e-05
3.46997e-05
-1.85654e-05
3.94595e-05
-1.71698e-05
4.39509e-05
-1.54017e-05
4.81066e-05
-1.32124e-05
5.18484e-05
-1.05988e-05
5.50676e-05
-7.53651e-06
5.76306e-05
-3.97511e-06
5.91688e-05
2.34752e-07
5.95578e-05
4.7146e-06
5.85353e-05
9.70837e-06
5.58878e-05
1.5018e-05
5.14976e-05
2.03919e-05
4.53512e-05
2.57125e-05
3.73681e-05
3.09479e-05
2.67629e-05
3.56992e-05
1.35934e-05
3.68531e-05
3.94103e-05
5.93603e-06
-1.15574e-05
1.23153e-05
-3.45141e-05
1.77534e-05
-3.61358e-05
2.30504e-05
-3.12124e-05
2.87316e-05
-2.76529e-05
3.47185e-05
-2.58771e-05
4.07741e-05
-2.4621e-05
4.67459e-05
-2.31416e-05
5.25591e-05
-2.1215e-05
5.81536e-05
-1.88068e-05
6.34497e-05
-1.58949e-05
6.83596e-05
-1.24464e-05
7.28199e-05
-8.43537e-06
7.66398e-05
-3.58515e-06
7.89329e-05
2.42149e-06
7.98067e-05
8.83463e-06
7.88176e-05
1.60071e-05
7.52347e-05
2.39748e-05
6.7964e-05
3.29832e-05
5.65224e-05
4.23895e-05
4.11351e-05
5.10865e-05
2.27934e-05
5.51948e-05
6.22038e-05
7.85557e-06
-1.94129e-05
1.48399e-05
-4.14984e-05
2.03732e-05
-4.16691e-05
2.61288e-05
-3.69681e-05
3.26466e-05
-3.41707e-05
3.9645e-05
-3.28755e-05
4.68189e-05
-3.17949e-05
5.40523e-05
-3.03751e-05
6.13284e-05
-2.84911e-05
6.86213e-05
-2.60998e-05
7.5853e-05
-2.31266e-05
8.28594e-05
-1.94528e-05
8.94498e-05
-1.50257e-05
9.55914e-05
-9.7268e-06
0.00010039
-2.37729e-06
0.000102824
6.40097e-06
0.000103493
1.53381e-05
0.000101892
2.55757e-05
9.71693e-05
3.77057e-05
8.80942e-05
5.14646e-05
7.1593e-05
6.75877e-05
4.54318e-05
8.1356e-05
0.000107636
9.35565e-07
-9.35565e-07
2.02498e-06
-1.08934e-06
2.9498e-06
-9.24762e-07
3.79788e-06
-8.48054e-07
4.54608e-06
-7.48213e-07
5.15143e-06
-6.05377e-07
5.6109e-06
-4.59449e-07
5.90456e-06
-2.93585e-07
6.01996e-06
-1.1526e-07
5.95782e-06
6.22253e-08
5.7324e-06
2.25505e-07
5.35654e-06
3.75901e-07
4.8448e-06
5.11841e-07
4.21883e-06
6.26079e-07
3.4935e-06
7.25385e-07
2.68717e-06
8.06444e-07
1.82253e-06
8.64768e-07
9.27435e-07
8.95068e-07
9.27691e-07
8.75678e-07
-1.81118e-06
1.94003e-06
-2.15358e-06
2.84471e-06
-1.82939e-06
3.76593e-06
-1.76929e-06
4.5909e-06
-1.5732e-06
5.28535e-06
-1.29979e-06
5.80969e-06
-9.83629e-07
6.14893e-06
-6.32652e-07
6.29674e-06
-2.62915e-07
6.25284e-06
1.06233e-07
6.03371e-06
4.44801e-07
5.65024e-06
7.59533e-07
5.12071e-06
1.04151e-06
4.46127e-06
1.28571e-06
3.69422e-06
1.49259e-06
2.84401e-06
1.65681e-06
1.92924e-06
1.77991e-06
9.81281e-07
1.84324e-06
1.90916e-06
6.55639e-07
-2.46676e-06
1.95273e-06
-3.45059e-06
2.95922e-06
-2.83585e-06
4.04613e-06
-2.85623e-06
4.93592e-06
-2.46302e-06
5.66796e-06
-2.03181e-06
6.2103e-06
-1.52587e-06
6.54929e-06
-9.71493e-07
6.67884e-06
-3.9237e-07
6.60557e-06
1.79548e-07
6.34579e-06
7.04702e-07
5.92135e-06
1.18413e-06
5.34704e-06
1.61591e-06
4.64686e-06
1.98599e-06
3.83877e-06
2.30093e-06
2.94823e-06
2.54752e-06
1.99762e-06
2.73061e-06
1.01539e-06
2.8256e-06
2.92468e-06
1.09332e-06
-3.56002e-06
2.66994e-06
-5.02714e-06
3.45942e-06
-3.62534e-06
4.57711e-06
-3.97399e-06
5.47604e-06
-3.36199e-06
6.25215e-06
-2.80789e-06
6.84373e-06
-2.11741e-06
7.19505e-06
-1.32281e-06
7.31211e-06
-5.09375e-07
7.20193e-06
2.89811e-07
6.89497e-06
1.01172e-06
6.4113e-06
1.66788e-06
5.76882e-06
2.25849e-06
4.99487e-06
2.7601e-06
4.11918e-06
3.17675e-06
3.16041e-06
3.50639e-06
2.13919e-06
3.75193e-06
1.0854e-06
3.87947e-06
4.01016e-06
-6.64982e-07
-2.89499e-06
1.44218e-06
-7.13428e-06
2.79116e-06
-4.97435e-06
4.62044e-06
-5.80332e-06
5.94478e-06
-4.68634e-06
6.98035e-06
-3.84344e-06
7.68889e-06
-2.82591e-06
8.08377e-06
-1.71769e-06
8.18535e-06
-6.1095e-07
8.02949e-06
4.45713e-07
7.65228e-06
1.38897e-06
7.07403e-06
2.24623e-06
6.3444e-06
2.98825e-06
5.47904e-06
3.62565e-06
4.50306e-06
4.1527e-06
3.44415e-06
4.56549e-06
2.32354e-06
4.87264e-06
1.17318e-06
5.02984e-06
5.18336e-06
2.70994e-07
-3.16595e-06
3.79709e-06
-1.06604e-05
4.56544e-06
-5.74273e-06
6.1998e-06
-7.43774e-06
7.25806e-06
-5.74461e-06
8.25142e-06
-4.83678e-06
8.94803e-06
-3.52251e-06
9.31265e-06
-2.08237e-06
9.35675e-06
-6.55085e-07
9.11345e-06
6.89064e-07
8.63284e-06
1.86965e-06
7.93763e-06
2.94153e-06
7.07552e-06
3.85034e-06
6.08168e-06
4.61973e-06
4.97981e-06
5.25455e-06
3.79721e-06
5.74832e-06
2.55864e-06
6.1112e-06
1.29013e-06
6.29834e-06
6.47365e-06
-9.4307e-06
6.26477e-06
-2.06611e-06
-1.8025e-05
2.15152e-06
-9.96043e-06
5.49176e-06
-1.0778e-05
7.75638e-06
-8.00916e-06
9.42269e-06
-6.50312e-06
1.04074e-05
-4.5072e-06
1.08354e-05
-2.51043e-06
1.08182e-05
-6.37832e-07
1.0466e-05
1.04117e-06
9.83253e-06
2.5032e-06
8.98843e-06
3.7859e-06
7.96298e-06
4.87579e-06
6.80227e-06
5.78053e-06
5.54848e-06
6.50838e-06
4.21773e-06
7.07917e-06
2.83675e-06
7.49228e-06
1.42553e-06
7.70966e-06
7.89915e-06
-6.04886e-06
1.23136e-05
-7.49085e-07
-2.33248e-05
6.93766e-06
-1.76472e-05
7.93038e-06
-1.17707e-05
1.04621e-05
-1.05408e-05
1.185e-05
-7.89095e-06
1.26522e-05
-5.30936e-06
1.29294e-05
-2.78777e-06
1.27317e-05
-4.4003e-07
1.2182e-05
1.59109e-06
1.13178e-05
3.36739e-06
1.02432e-05
4.86065e-06
9.00808e-06
6.11094e-06
7.65141e-06
7.13716e-06
6.20663e-06
7.95336e-06
4.70239e-06
8.58341e-06
3.15432e-06
9.0405e-06
1.57945e-06
9.28466e-06
9.47876e-06
5.69057e-06
-2.51035e-05
9.57673e-06
-4.53846e-05
1.23153e-05
-4.44076e-05
1.56157e-05
-4.02685e-05
1.95948e-05
-3.81498e-05
2.38967e-05
-3.71775e-05
2.83418e-05
-3.62399e-05
3.29505e-05
-3.49839e-05
3.77985e-05
-3.33391e-05
4.29722e-05
-3.12734e-05
4.85395e-05
-2.86939e-05
5.44638e-05
-2.53771e-05
6.05034e-05
-2.10654e-05
6.62543e-05
-1.54777e-05
7.17114e-05
-7.83435e-06
7.83367e-05
-2.24356e-07
8.40163e-05
9.65847e-06
8.61377e-05
2.34543e-05
8.37362e-05
4.01073e-05
7.87356e-05
5.64652e-05
7.22065e-05
7.41168e-05
6.5234e-05
8.83285e-05
0.000108731
6.41387e-05
7.88849e-06
-3.2992e-05
1.09606e-05
-4.84567e-05
1.24512e-05
-4.58981e-05
1.56869e-05
-4.35042e-05
2.00357e-05
-4.24986e-05
2.47837e-05
-4.19255e-05
2.97679e-05
-4.1224e-05
3.51452e-05
-4.03613e-05
4.10094e-05
-3.92032e-05
4.75089e-05
-3.77729e-05
5.47513e-05
-3.59363e-05
6.28129e-05
-3.34388e-05
7.19013e-05
-3.01537e-05
8.15583e-05
-2.51347e-05
8.80243e-05
-1.43004e-05
9.46618e-05
-6.86182e-06
9.95008e-05
4.81946e-06
9.86976e-05
2.42575e-05
9.44109e-05
4.4394e-05
9.11169e-05
5.97592e-05
9.03464e-05
7.48872e-05
9.05158e-05
8.81591e-05
0.0001071
9.21468e-05
1.21675e-05
-4.51595e-05
1.33277e-05
-4.9617e-05
1.35515e-05
-4.61219e-05
1.75722e-05
-4.75249e-05
2.31204e-05
-4.80468e-05
2.90335e-05
-4.78386e-05
3.5007e-05
-4.71975e-05
4.14298e-05
-4.6784e-05
4.82336e-05
-4.60071e-05
5.54585e-05
-4.49978e-05
6.28746e-05
-4.33525e-05
7.01809e-05
-4.0745e-05
7.74299e-05
-3.74027e-05
7.8988e-05
-2.66927e-05
7.55514e-05
-1.08639e-05
6.38855e-05
4.80399e-06
5.10361e-05
1.76689e-05
6.7011e-05
8.28259e-06
7.78235e-05
3.35815e-05
8.19709e-05
5.56118e-05
8.95203e-05
6.73378e-05
9.75873e-05
8.00921e-05
9.90078e-05
0.000105679
1.40203e-05
-5.91798e-05
1.40559e-05
-4.96525e-05
1.6959e-05
-4.9025e-05
2.30091e-05
-5.3575e-05
2.98406e-05
-5.48783e-05
3.53181e-05
-5.33161e-05
3.96543e-05
-5.15337e-05
4.30745e-05
-5.02042e-05
4.51927e-05
-4.81252e-05
4.57656e-05
-4.55705e-05
4.48265e-05
-4.24133e-05
4.22948e-05
-3.82132e-05
3.78317e-05
-3.29396e-05
3.7216e-05
-2.6077e-05
4.12162e-05
-1.48641e-05
3.38444e-05
1.21758e-05
-1.78113e-06
5.32946e-05
-2.59818e-05
3.24833e-05
-1.95215e-06
9.55193e-06
4.34425e-05
1.02171e-05
6.24606e-05
4.83196e-05
8.77336e-05
5.48191e-05
7.90389e-05
0.000107703
-3.12015e-06
-5.60597e-05
5.12692e-06
-5.78996e-05
1.32018e-05
-5.70999e-05
1.73109e-05
-5.7684e-05
1.95909e-05
-5.71583e-05
2.21272e-05
-5.58523e-05
2.463e-05
-5.40364e-05
2.64936e-05
-5.20678e-05
2.79207e-05
-4.95522e-05
2.87346e-05
-4.63843e-05
2.8843e-05
-4.25217e-05
2.8346e-05
-3.77161e-05
2.79331e-05
-3.25268e-05
2.77177e-05
-2.58618e-05
3.46814e-05
-2.18278e-05
4.78668e-05
-1.00963e-06
5.43629e-05
4.67986e-05
3.0301e-05
5.65452e-05
1.01208e-05
2.97321e-05
1.58416e-05
4.49631e-06
4.16701e-05
2.2491e-05
5.90158e-05
3.74734e-05
4.08321e-05
9.72226e-05
-5.85012e-06
-5.02095e-05
2.73895e-06
-6.64886e-05
1.0796e-05
-6.51569e-05
1.52033e-05
-6.20912e-05
1.81619e-05
-6.01168e-05
2.09489e-05
-5.86393e-05
2.39428e-05
-5.70302e-05
2.6828e-05
-5.4953e-05
2.9601e-05
-5.23252e-05
3.21251e-05
-4.89084e-05
3.43216e-05
-4.47182e-05
3.64234e-05
-3.9818e-05
3.89162e-05
-3.50197e-05
4.35787e-05
-3.05243e-05
4.71573e-05
-2.54064e-05
6.07055e-05
-1.45578e-05
8.80284e-05
1.9476e-05
0.000101192
4.33813e-05
9.02551e-05
4.06693e-05
6.91166e-05
2.56347e-05
6.04615e-05
3.11462e-05
5.86363e-05
3.92987e-05
2.21699e-05
7.72986e-05
-4.10186e-07
-4.97993e-05
6.26159e-06
-7.31604e-05
1.1896e-05
-7.07913e-05
1.61913e-05
-6.63865e-05
2.00826e-05
-6.4008e-05
2.39016e-05
-6.24583e-05
2.76618e-05
-6.07904e-05
3.13189e-05
-5.861e-05
3.48224e-05
-5.58287e-05
3.81516e-05
-5.22377e-05
4.1327e-05
-4.78936e-05
4.4743e-05
-4.32341e-05
4.89856e-05
-3.92624e-05
5.54454e-05
-3.69841e-05
6.38321e-05
-3.37929e-05
7.39584e-05
-2.46838e-05
9.88519e-05
-5.41739e-06
0.000128006
1.42273e-05
0.000144731
2.39447e-05
0.000138581
3.17842e-05
0.000124897
4.48307e-05
9.68195e-05
6.7376e-05
5.23807e-05
6.66086e-05
2.66197e-06
-5.24613e-05
8.00679e-06
-7.85053e-05
1.25743e-05
-7.53588e-05
1.69117e-05
-7.07239e-05
2.13156e-05
-6.8412e-05
2.57186e-05
-6.68614e-05
3.0028e-05
-6.50999e-05
3.42731e-05
-6.28552e-05
3.84663e-05
-6.00219e-05
4.26381e-05
-5.64096e-05
4.68552e-05
-5.21109e-05
5.14621e-05
-4.78411e-05
5.6864e-05
-4.46644e-05
6.36323e-05
-4.37523e-05
7.30113e-05
-4.31718e-05
8.56112e-05
-3.72835e-05
0.000103672
-2.34781e-05
0.000127732
-9.83224e-06
0.000152785
-1.10891e-06
0.000169575
1.49941e-05
0.000172597
4.18093e-05
0.000161398
7.85743e-05
9.17666e-05
0.000122012
4.12971e-06
-5.6591e-05
9.18243e-06
-8.35581e-05
1.36921e-05
-7.98685e-05
1.82889e-05
-7.53207e-05
2.30776e-05
-7.32007e-05
2.79266e-05
-7.17105e-05
3.27714e-05
-6.99448e-05
3.76369e-05
-6.77209e-05
4.2564e-05
-6.49492e-05
4.76283e-05
-6.14741e-05
5.28771e-05
-5.73599e-05
5.84124e-05
-5.33766e-05
6.42043e-05
-5.04563e-05
7.01918e-05
-4.97396e-05
7.74136e-05
-5.03934e-05
8.77376e-05
-4.76074e-05
0.000102479
-3.82195e-05
0.000122092
-2.94453e-05
0.000145584
-2.4601e-05
0.000169862
-9.28409e-06
0.00018743
2.42412e-05
0.000193184
7.2821e-05
0.000115674
0.000169276
5.10588e-06
-6.1697e-05
1.02015e-05
-8.86538e-05
1.48984e-05
-8.45655e-05
1.98316e-05
-8.0254e-05
2.49875e-05
-7.83567e-05
3.02399e-05
-7.6963e-05
3.55557e-05
-7.52608e-05
4.09641e-05
-7.31294e-05
4.65313e-05
-7.05166e-05
5.23666e-05
-6.73096e-05
5.85194e-05
-6.35128e-05
6.48501e-05
-5.97074e-05
7.10288e-05
-5.66349e-05
7.65116e-05
-5.52222e-05
8.18003e-05
-5.5682e-05
8.96865e-05
-5.54936e-05
0.000102881
-5.14143e-05
0.000120821
-4.7385e-05
0.000141028
-4.48082e-05
0.000162455
-3.07115e-05
0.000182096
4.60018e-06
0.000195246
5.96706e-05
0.000121784
0.000189137
5.71491e-06
-6.74119e-05
1.10152e-05
-9.39541e-05
1.59884e-05
-8.95388e-05
2.12562e-05
-8.55218e-05
2.67595e-05
-8.386e-05
3.23917e-05
-8.25953e-05
3.81428e-05
-8.10121e-05
4.40475e-05
-7.90342e-05
5.01804e-05
-7.66498e-05
5.66603e-05
-7.37897e-05
6.3574e-05
-7.04266e-05
7.07234e-05
-6.68567e-05
7.76924e-05
-6.36037e-05
8.37894e-05
-6.13192e-05
8.87574e-05
-6.065e-05
9.46119e-05
-6.13483e-05
0.000104814
-6.16168e-05
0.000119084
-6.16552e-05
0.000135092
-6.08168e-05
0.000152042
-4.76615e-05
0.000168382
-1.17395e-05
0.000180308
4.77444e-05
0.000121344
0.000180747
6.08775e-06
-7.34997e-05
1.16869e-05
-9.95532e-05
1.69917e-05
-9.48437e-05
2.25906e-05
-9.11207e-05
2.84262e-05
-8.96955e-05
3.44196e-05
-8.85888e-05
4.05769e-05
-8.71695e-05
4.69345e-05
-8.5392e-05
5.35532e-05
-8.32687e-05
6.05326e-05
-8.07691e-05
6.7976e-05
-7.787e-05
7.57888e-05
-7.46693e-05
8.36339e-05
-7.14487e-05
9.08985e-05
-6.85837e-05
9.68537e-05
-6.66053e-05
0.000101706
-6.62008e-05
0.000107812
-6.77228e-05
0.000116672
-7.05157e-05
0.000126675
-7.08207e-05
0.000137842
-5.88281e-05
0.000148549
-2.24465e-05
0.000158036
3.82577e-05
0.000115573
0.000163806
6.37662e-06
-7.98763e-05
1.22679e-05
-0.000105444
1.78859e-05
-0.000100462
2.37935e-05
-9.70282e-05
2.99405e-05
-9.58425e-05
3.62689e-05
-9.49172e-05
4.27972e-05
-9.36979e-05
4.95628e-05
-9.21577e-05
5.66064e-05
-9.03123e-05
6.39888e-05
-8.81514e-05
7.17823e-05
-8.56633e-05
7.99841e-05
-8.2871e-05
8.8394e-05
-7.98585e-05
9.6573e-05
-7.67627e-05
0.000103774
-7.38066e-05
0.000109048
-7.14748e-05
0.000112362
-7.1037e-05
0.000115423
-7.35773e-05
0.000118491
-7.3888e-05
0.000120688
-6.10256e-05
0.000123637
-2.53948e-05
0.000131503
3.03915e-05
0.000101984
0.000145092
6.64046e-06
-8.65168e-05
1.27659e-05
-0.00011157
1.8648e-05
-0.000106344
2.483e-05
-0.00010321
3.12579e-05
-0.00010227
3.78894e-05
-0.000101549
4.47542e-05
-0.000100563
5.18936e-05
-9.92972e-05
5.93388e-05
-9.77573e-05
6.71172e-05
-9.59297e-05
7.52542e-05
-9.38002e-05
8.37476e-05
-9.13643e-05
9.24802e-05
-8.85911e-05
0.000101183
-8.5465e-05
0.00010927
-8.18943e-05
0.000115814
-7.80183e-05
0.000119494
-7.47176e-05
0.000119589
-7.36726e-05
0.000116785
-7.10843e-05
0.000113723
-5.79634e-05
0.000111306
-2.29773e-05
0.000113951
2.77465e-05
8.59986e-05
0.000129936
6.88956e-06
-9.34062e-05
1.31691e-05
-0.000117849
1.92561e-05
-0.00011243
2.56697e-05
-0.000109624
3.23392e-05
-0.00010894
3.92353e-05
-0.000108445
4.64001e-05
-0.000107728
5.38832e-05
-0.00010678
6.17212e-05
-0.000105595
6.99364e-05
-0.000104145
7.85334e-05
-0.000102397
8.74847e-05
-0.000100315
9.66939e-05
-9.78002e-05
0.000105979
-9.47504e-05
0.000114879
-9.07939e-05
0.000122813
-8.59521e-05
0.000128933
-8.08376e-05
0.000131958
-7.66979e-05
0.000131905
-7.10312e-05
0.000129247
-5.53055e-05
0.000122655
-1.63851e-05
0.000116012
3.43901e-05
7.78213e-05
0.000124189
7.1118e-06
-0.000100518
1.34575e-05
-0.000124194
1.96869e-05
-0.00011866
2.62801e-05
-0.000116217
3.31414e-05
-0.000115801
4.02536e-05
-0.000115557
4.7673e-05
-0.000115147
5.5462e-05
-0.000114569
6.36738e-05
-0.000113807
7.235e-05
-0.000112821
8.15139e-05
-0.000111561
9.11532e-05
-0.000109955
0.000101206
-0.000107852
0.000111537
-0.000105082
0.000121808
-0.000101066
0.000131608
-9.57513e-05
0.00014063
-8.98601e-05
0.000147838
-8.39058e-05
0.000152031
-7.52241e-05
0.00015259
-5.58642e-05
0.000147771
-1.15655e-05
0.000137191
4.49699e-05
8.15521e-05
0.000133461
7.28504e-06
-0.000107803
1.36098e-05
-0.000130519
1.99183e-05
-0.000124968
2.66294e-05
-0.000122928
3.36198e-05
-0.000122792
4.08862e-05
-0.000122824
4.85003e-05
-0.000122761
5.65404e-05
-0.000122609
6.5082e-05
-0.000122349
7.41992e-05
-0.000121938
8.39603e-05
-0.000121322
9.44116e-05
-0.000120406
0.000105574
-0.000119014
0.000117393
-0.000116901
0.000129685
-0.000113358
0.000142355
-0.000108421
0.000155341
-0.000102846
0.00016807
-9.66342e-05
0.000177995
-8.51494e-05
0.000182365
-6.02341e-05
0.000180923
-1.01233e-05
0.000169167
5.67263e-05
9.83729e-05
0.000152346
7.3866e-06
-0.000115189
1.36093e-05
-0.000136742
1.9933e-05
-0.000131292
2.669e-05
-0.000129685
3.37325e-05
-0.000129834
4.10735e-05
-0.000130165
4.87998e-05
-0.000130488
5.70071e-05
-0.000130817
6.57978e-05
-0.00013114
7.52859e-05
-0.000131427
8.55965e-05
-0.000131633
9.68589e-05
-0.000131668
0.000109212
-0.000131368
0.000122741
-0.00013043
0.000137506
-0.000128123
0.000153916
-0.00012483
0.000172059
-0.00012099
0.000192195
-0.000116769
0.000209999
-0.000102954
0.000217363
-6.75975e-05
0.000212775
-5.5358e-06
0.000194346
7.51553e-05
0.000132826
0.000159893
7.39906e-06
-0.000122588
1.34466e-05
-0.000142789
1.97185e-05
-0.000137564
2.6439e-05
-0.000136405
3.34434e-05
-0.000136839
4.07605e-05
-0.000137482
4.84897e-05
-0.000138217
5.67426e-05
-0.00013907
6.5649e-05
-0.000140046
7.53647e-05
-0.000141142
8.60776e-05
-0.000142345
9.80138e-05
-0.000143605
0.000111453
-0.000144807
0.000126666
-0.000145642
0.000144135
-0.000145592
0.000164763
-0.000145458
0.000189213
-0.00014544
0.000218431
-0.000145987
0.000244714
-0.000129238
0.000253574
-7.64577e-05
0.000240881
7.15755e-06
0.00020984
0.000106196
0.000182211
0.000160455
7.31177e-06
-0.0001299
1.31204e-05
-0.000148598
1.92714e-05
-0.000143715
2.5865e-05
-0.000142999
3.27302e-05
-0.000143704
3.99092e-05
-0.000144661
4.75066e-05
-0.000145814
5.56441e-05
-0.000147207
6.44709e-05
-0.000148873
7.41762e-05
-0.000150847
8.50036e-05
-0.000153173
9.72718e-05
-0.000155873
0.000111402
-0.000158937
0.000127906
-0.000162147
0.000147817
-0.000165503
0.000172425
-0.000170065
0.000203621
-0.000176636
0.000242199
-0.000184565
0.00027393
-0.000160969
0.000281486
-8.40141e-05
0.000259541
2.91031e-05
0.00021557
0.000150167
0.000242525
0.000155257
7.12117e-06
-0.000137021
1.26369e-05
-0.000154114
1.85957e-05
-0.000149673
2.49695e-05
-0.000149373
3.15899e-05
-0.000150324
3.85073e-05
-0.000151578
4.58228e-05
-0.00015313
5.3657e-05
-0.000155041
6.21612e-05
-0.000157377
7.15352e-05
-0.000160221
8.20465e-05
-0.000163684
9.40612e-05
-0.000167887
0.000108088
-0.000172964
0.000124869
-0.000178928
0.000145851
-0.000186485
0.000172719
-0.000196933
0.00020906
-0.000212977
0.000252964
-0.000228469
0.000279886
-0.000187891
0.000280544
-8.46725e-05
0.000255049
5.45986e-05
0.000204499
0.000200716
0.000310108
0.000136917
6.83108e-06
-0.000143852
1.20107e-05
-0.000159293
1.77079e-05
-0.000155371
2.37731e-05
-0.000155438
3.00481e-05
-0.000156599
3.65838e-05
-0.000158114
4.34683e-05
-0.000160014
5.08069e-05
-0.000162379
5.87327e-05
-0.000165302
6.74241e-05
-0.000168913
7.71199e-05
-0.00017338
8.81515e-05
-0.000178919
0.000100993
-0.000185804
0.000116423
-0.000194358
0.000135808
-0.00020587
0.000161148
-0.000222273
0.000196266
-0.000248096
0.000234206
-0.000266409
0.000243762
-0.000197448
0.000231906
-7.2816e-05
0.000212582
7.39224e-05
0.000166995
0.000246304
0.000374294
0.000102809
6.45224e-06
-0.000150305
1.12641e-05
-0.000164105
1.66361e-05
-0.000160743
2.23146e-05
-0.000161116
2.81568e-05
-0.000162441
3.42065e-05
-0.000164163
4.05305e-05
-0.000166338
4.72058e-05
-0.000169055
5.43298e-05
-0.000172427
6.2028e-05
-0.000176611
7.04623e-05
-0.000181815
7.98511e-05
-0.000188307
9.05027e-05
-0.000196456
0.000102949
-0.000206805
0.000117971
-0.000220892
0.000137162
-0.000241465
0.000161307
-0.000272241
0.000180365
-0.000285466
0.000168522
-0.000185605
0.00014491
-4.9204e-05
0.000137648
8.11843e-05
0.000107273
0.000276678
0.00040678
7.47855e-05
6.00088e-06
-0.000156306
1.04245e-05
-0.000168529
1.54178e-05
-0.000165736
2.06489e-05
-0.000166348
2.59921e-05
-0.000167784
3.14789e-05
-0.00016965
3.71486e-05
-0.000172008
4.3044e-05
-0.00017495
4.92128e-05
-0.000178595
5.57116e-05
-0.00018311
6.25986e-05
-0.000188702
6.99371e-05
-0.000195646
7.78038e-05
-0.000204323
8.63342e-05
-0.000215335
9.56191e-05
-0.000230177
0.000106006
-0.000251852
0.000114948
-0.000281183
0.000115694
-0.000286213
0.000103835
-0.000173745
7.63122e-05
-2.16809e-05
7.44596e-05
8.30371e-05
5.54766e-05
0.000295662
0.000400427
6.18304e-05
5.49715e-06
-0.000161803
9.52207e-06
-0.000172554
1.40971e-05
-0.000170311
1.88404e-05
-0.000171091
2.36434e-05
-0.000172587
2.85223e-05
-0.000174529
3.34882e-05
-0.000176974
3.85492e-05
-0.000180011
4.37056e-05
-0.000183752
4.89385e-05
-0.000188343
5.42023e-05
-0.000193965
5.94093e-05
-0.000200853
6.44089e-05
-0.000209323
6.89527e-05
-0.000219879
7.25575e-05
-0.000233781
7.44474e-05
-0.000253742
7.21473e-05
-0.000278883
6.50851e-05
-0.00027915
5.58073e-05
-0.000164467
3.16326e-05
2.49376e-06
2.94594e-05
8.52102e-05
3.00963e-05
0.000295024
0.000369372
6.11512e-05
4.96267e-06
-0.000166765
8.58642e-06
-0.000176177
1.27179e-05
-0.000174442
1.69536e-05
-0.000175327
2.12015e-05
-0.000176835
2.54603e-05
-0.000178788
2.97209e-05
-0.000181235
3.39588e-05
-0.000184249
3.81304e-05
-0.000187923
4.21625e-05
-0.000192375
4.59318e-05
-0.000197735
4.92369e-05
-0.000204158
5.17599e-05
-0.000211846
5.29784e-05
-0.000221097
5.1957e-05
-0.00023276
4.71767e-05
-0.000248962
3.67161e-05
-0.000268422
2.26304e-05
-0.000265064
1.58224e-05
-0.000157659
2.8694e-07
1.80292e-05
-4.49058e-06
8.99877e-05
2.46986e-05
0.000265835
0.000335319
5.87511e-05
4.41711e-06
-0.000171182
7.64477e-06
-0.000179405
1.13233e-05
-0.000178121
1.50515e-05
-0.000179055
1.8752e-05
-0.000180536
2.2409e-05
-0.000182445
2.59938e-05
-0.00018482
2.94631e-05
-0.000187719
3.27488e-05
-0.000191209
3.57418e-05
-0.000195368
3.82801e-05
-0.000200273
4.01178e-05
-0.000205996
4.08783e-05
-0.000212606
3.99491e-05
-0.000220168
3.62629e-05
-0.000229073
2.80317e-05
-0.000240731
1.31515e-05
-0.000253542
-5.85833e-06
-0.000246055
-7.86096e-06
-0.000155657
-3.7301e-06
1.38982e-05
-2.06238e-05
0.000106881
2.26012e-05
0.00022261
0.000308245
4.9675e-05
3.87689e-06
-0.000175059
6.72054e-06
-0.000182248
9.95057e-06
-0.000181351
1.31868e-05
-0.000182291
1.63625e-05
-0.000183712
1.94517e-05
-0.000185535
2.24201e-05
-0.000187788
2.52096e-05
-0.000190508
2.77394e-05
-0.000193739
2.98935e-05
-0.000197522
3.1507e-05
-0.000201886
3.23483e-05
-0.000206837
3.20828e-05
-0.00021234
3.01959e-05
-0.000218281
2.5834e-05
-0.000224711
1.76112e-05
-0.000232508
4.02936e-06
-0.000239961
-1.25471e-05
-0.000229478
-1.20712e-05
-0.000156133
6.20454e-06
-4.37751e-06
-1.1726e-05
0.000124812
1.75103e-05
0.000193373
0.000286465
3.92911e-05
3.35526e-06
-0.000178414
5.83245e-06
-0.000184725
8.62923e-06
-0.000184148
1.13996e-05
-0.000185062
1.40862e-05
-0.000186398
1.66576e-05
-0.000188106
1.90753e-05
-0.000190206
2.12807e-05
-0.000192713
2.31933e-05
-0.000195652
2.47068e-05
-0.000199036
2.56803e-05
-0.00020286
2.59286e-05
-0.000207085
2.52057e-05
-0.000211617
2.31718e-05
-0.000216247
1.93244e-05
-0.000220864
1.28199e-05
-0.000226003
3.5543e-06
-0.000230695
-6.16456e-06
-0.000219759
-2.40618e-06
-0.000159891
1.63679e-05
-2.31512e-05
1.04783e-05
0.000130701
2.02672e-05
0.000183584
0.000272665
3.40673e-05
2.86239e-06
-0.000181277
4.99504e-06
-0.000186858
7.38147e-06
-0.000186534
9.71751e-06
-0.000187398
1.19543e-05
-0.000188635
1.40613e-05
-0.000190213
1.59966e-05
-0.000192141
1.77073e-05
-0.000194424
1.91239e-05
-0.000197069
2.01607e-05
-0.000200073
2.07123e-05
-0.000203411
2.06543e-05
-0.000207027
1.98447e-05
-0.000210807
1.81284e-05
-0.00021453
1.52731e-05
-0.000218009
1.09697e-05
-0.0002217
5.34653e-06
-0.000225072
1.83572e-06
-0.000216248
8.33577e-06
-0.000166391
2.82963e-05
-4.31118e-05
4.00086e-05
0.000118989
4.84429e-05
0.00017515
0.000287939
3.31688e-05
2.40679e-06
-0.000183684
4.21953e-06
-0.000188671
6.22297e-06
-0.000188538
8.16059e-06
-0.000189335
9.9908e-06
-0.000190465
1.16818e-05
-0.000191904
1.31958e-05
-0.000193654
1.44867e-05
-0.000195715
1.55002e-05
-0.000198082
1.61735e-05
-0.000200746
1.64393e-05
-0.000203676
1.62339e-05
-0.000206822
1.55023e-05
-0.000210076
1.42219e-05
-0.00021325
1.23853e-05
-0.000216172
9.98554e-06
-0.0002193
7.58567e-06
-0.000222672
8.46062e-06
-0.000217123
1.80108e-05
-0.000175941
4.39738e-05
-6.90749e-05
6.75419e-05
9.54209e-05
8.2919e-05
0.000159773
0.000338485
3.23728e-05
1.99673e-06
-0.00018568
3.51503e-06
-0.00019019
5.16449e-06
-0.000190187
6.73833e-06
-0.000190909
8.20223e-06
-0.000191929
9.52377e-06
-0.000193225
1.06689e-05
-0.000194799
1.15992e-05
-0.000196645
1.22738e-05
-0.000198756
1.26521e-05
-0.000201124
1.2702e-05
-0.000203727
1.24033e-05
-0.000206523
1.17666e-05
-0.000209439
1.08558e-05
-0.000212339
9.79263e-06
-0.000215109
8.73159e-06
-0.000218239
8.3375e-06
-0.000222278
1.14312e-05
-0.000220217
2.19602e-05
-0.00018647
4.36939e-05
-9.08082e-05
6.61104e-05
7.30045e-05
7.85593e-05
0.000147325
0.000386558
3.04862e-05
1.64341e-06
-0.000187324
2.88846e-06
-0.000191435
4.21602e-06
-0.000191515
5.46201e-06
-0.000192155
6.59354e-06
-0.000193061
7.58432e-06
-0.000194216
8.40336e-06
-0.000195618
9.01742e-06
-0.000197259
9.39608e-06
-0.000199135
9.51288e-06
-0.000201241
9.35588e-06
-0.00020357
8.93616e-06
-0.000206104
8.2888e-06
-0.000208791
7.52119e-06
-0.000211572
6.80185e-06
-0.00021439
6.30132e-06
-0.000217739
6.58527e-06
-0.000222562
9.6475e-06
-0.000223279
1.79421e-05
-0.000194765
3.06236e-05
-0.00010349
4.20865e-05
6.15415e-05
4.36525e-05
0.000145759
0.000402263
2.79476e-05
1.35259e-06
-0.000188676
2.34828e-06
-0.00019243
3.38155e-06
-0.000192548
4.3347e-06
-0.000193108
5.17619e-06
-0.000193902
5.87485e-06
-0.000194914
6.40039e-06
-0.000196143
6.72926e-06
-0.000197588
6.83651e-06
-0.000199242
6.70311e-06
-0.000201107
6.31481e-06
-0.000203182
5.70709e-06
-0.000205496
4.92057e-06
-0.000208005
4.0534e-06
-0.000210705
3.28271e-06
-0.000213619
2.72502e-06
-0.000217181
2.69171e-06
-0.000222529
4.77194e-06
-0.000225359
1.06538e-05
-0.000200647
1.93801e-05
-0.000112216
2.53088e-05
5.56133e-05
2.38326e-05
0.000147235
0.000400528
2.55674e-05
1.12914e-06
-0.000189806
1.9084e-06
-0.00019321
2.69311e-06
-0.000193333
3.38742e-06
-0.000193803
3.97068e-06
-0.000194485
4.41214e-06
-0.000195355
4.68363e-06
-0.000196415
4.75725e-06
-0.000197662
4.60794e-06
-0.000199093
4.22381e-06
-0.000200723
3.6011e-06
-0.000202559
2.71029e-06
-0.000204605
1.63028e-06
-0.000206925
4.5645e-07
-0.000209531
-6.7649e-07
-0.000212486
-1.69615e-06
-0.000216162
-2.43331e-06
-0.000221792
-1.43756e-06
-0.000226355
4.0892e-06
-0.000206174
1.53828e-05
-0.00012351
2.54324e-05
4.55635e-05
1.74378e-05
0.000155229
0.000395073
2.28933e-05
9.61325e-07
-0.000190767
1.56113e-06
-0.000193809
2.12893e-06
-0.000193901
2.62216e-06
-0.000194296
3.00239e-06
-0.000194865
3.23645e-06
-0.000195589
3.2948e-06
-0.000196473
3.15081e-06
-0.000197517
2.77951e-06
-0.000198721
2.1382e-06
-0.000200082
1.21261e-06
-0.000201634
1.00075e-08
-0.000203402
-1.46103e-06
-0.000205454
-3.12077e-06
-0.000207871
-4.84693e-06
-0.00021076
-6.55938e-06
-0.00021445
-8.11942e-06
-0.000220232
-7.70623e-06
-0.000226768
-2.95239e-07
-0.000213585
1.7266e-05
-0.000141071
4.01608e-05
2.26693e-05
1.47333e-05
0.000180657
0.000390949
1.88569e-05
8.48693e-07
-0.000191616
1.31222e-06
-0.000194273
1.72625e-06
-0.000194315
2.07354e-06
-0.000194643
2.29856e-06
-0.00019509
2.38271e-06
-0.000195674
2.28923e-06
-0.00019638
1.98392e-06
-0.000197212
1.42181e-06
-0.000198159
5.69085e-07
-0.000199229
-6.24606e-07
-0.00020044
-2.19732e-06
-0.00020183
-4.17194e-06
-0.000203479
-6.52686e-06
-0.000205516
-9.19128e-06
-0.000208096
-1.21207e-05
-0.000211521
-1.5307e-05
-0.000217046
-1.68526e-05
-0.000225223
-1.03087e-05
-0.000220128
6.83326e-06
-0.000158214
4.12418e-05
-1.17393e-05
1.07839e-05
0.000211115
0.000388676
1.30566e-05
7.79414e-07
-0.000192395
1.15457e-06
-0.000194648
1.47408e-06
-0.000194635
1.72681e-06
-0.000194896
1.88207e-06
-0.000195245
1.89679e-06
-0.000195688
1.7354e-06
-0.000196219
1.34994e-06
-0.000196827
6.95708e-07
-0.000197505
-2.89711e-07
-0.000198244
-1.68237e-06
-0.000199048
-3.5688e-06
-0.000199943
-6.04178e-06
-0.000201006
-9.1844e-06
-0.000202374
-1.30541e-05
-0.000204225
-1.77371e-05
-0.000206838
-2.35386e-05
-0.000211244
-2.95271e-05
-0.000219234
-2.91782e-05
-0.000220477
-1.62828e-05
-0.000171109
5.924e-06
-3.39463e-05
2.40023e-06
0.000214638
0.000384938
6.13876e-06
7.44369e-07
-0.000193139
1.04917e-06
-0.000194953
1.32334e-06
-0.000194909
1.54768e-06
-0.00019512
1.6866e-06
-0.000195384
1.70778e-06
-0.00019571
1.57327e-06
-0.000196084
1.23791e-06
-0.000196491
6.40064e-07
-0.000196907
-3.01059e-07
-0.000197303
-1.69055e-06
-0.000197658
-3.66027e-06
-0.000197973
-6.38015e-06
-0.000198287
-1.00751e-05
-0.000198679
-1.50354e-05
-0.000199264
-2.16348e-05
-0.000200239
-3.06199e-05
-0.000202259
-4.25601e-05
-0.000207293
-5.14164e-05
-0.000211621
-4.38872e-05
-0.000178638
-2.74175e-05
-5.04161e-05
-1.32085e-05
0.000200429
0.000374512
-2.78306e-06
6.69812e-07
-0.000193809
8.80604e-07
-0.000195164
1.10312e-06
-0.000195132
1.29836e-06
-0.000195315
1.44419e-06
-0.00019553
1.51024e-06
-0.000195776
1.46418e-06
-0.000196039
1.26579e-06
-0.000196293
8.61318e-07
-0.000196503
1.75143e-07
-0.000196617
-9.0064e-07
-0.000196582
-2.51577e-06
-0.000196357
-4.88287e-06
-0.000195919
-8.32649e-06
-0.000195235
-1.33619e-05
-0.000194228
-2.07605e-05
-0.00019284
-3.18151e-05
-0.000191205
-4.88448e-05
-0.000190264
-6.99221e-05
-0.000190544
-7.73115e-05
-0.000171249
-6.04734e-05
-6.72539e-05
-2.89651e-05
0.000168921
0.00035756
-1.20123e-05
5.00924e-07
-0.00019431
5.60923e-07
-0.000195225
6.91891e-07
-0.000195263
8.12223e-07
-0.000195436
9.1027e-07
-0.000195628
9.65514e-07
-0.000195832
9.56526e-07
-0.000196029
8.59324e-07
-0.000196196
6.49317e-07
-0.000196293
2.92018e-07
-0.000196259
-2.79666e-07
-0.000196011
-1.19158e-06
-0.000195446
-2.6487e-06
-0.000194462
-4.94762e-06
-0.000192937
-8.52435e-06
-0.000190651
-1.41242e-05
-0.00018724
-2.31431e-05
-0.000182185
-3.85655e-05
-0.000174841
-6.42978e-05
-0.000164811
-9.09274e-05
-0.000144619
-8.6478e-05
-7.17033e-05
-2.99426e-05
0.000112386
0.000337619
-1.00017e-05
2.1617e-07
1.53176e-07
1.65444e-07
1.80471e-07
1.94584e-07
2.03526e-07
1.96396e-07
1.56617e-07
6.46048e-08
-9.30165e-08
-3.24794e-07
-6.50515e-07
-1.12773e-06
-1.86474e-06
-3.017e-06
-4.85927e-06
-7.92715e-06
-1.32013e-05
-2.30295e-05
-3.60108e-05
-2.06725e-05
3.00077e-05
3.6916e-05
-2.80927e-05
9.22314e-05
-1.99106e-05
-8.18216e-06
-8.89821e-06
-1.10123e-05
8.28668e-06
-1.71849e-05
6.25007e-05
0.000121877
-2.60238e-05
8.03423e-05
-4.08673e-05
3.83121e-06
-1.13344e-05
-2.12462e-05
9.73871e-05
0.00013017
5.91703e-05
0.000118559
1.02884e-06
6.19727e-05
2.47257e-05
-3.50314e-05
0.000112743
0.000125129
9.43257e-05
0.000136977
4.04843e-05
0.000115814
6.87284e-05
-3.51837e-06
0.000116913
0.000105439
0.000110773
0.000143116
8.36441e-05
0.000142943
0.000111381
4.09916e-05
0.000116826
6.59113e-05
0.000120391
0.000139551
0.00010293
0.000160404
0.000143062
7.12492e-05
0.000113735
1.87848e-05
0.000124559
0.000128728
0.000112483
0.000172479
0.000167813
8.77319e-05
0.000122796
1.80015e-05
0.000127959
0.000123564
0.000118049
0.00018239
0.000187419
9.84423e-05
0.000134063
5.32152e-05
0.000130858
0.000126769
0.000120104
0.000193144
0.000204342
0.00010318
0.000143365
9.89865e-05
0.000133216
0.000136919
0.000119662
0.000206698
0.000220752
0.000103252
0.000147804
0.000131929
0.000133791
0.000150932
0.000117384
0.000223104
0.000237262
0.000100875
0.000148755
0.000146981
0.000132244
0.000167443
0.000113469
0.00024188
0.00025393
9.68011e-05
0.000148402
0.000143671
0.00012855
0.000187295
0.000107852
0.000262577
0.000270709
9.10736e-05
0.000146016
0.000127592
0.000122464
0.000210846
0.000100975
0.000284067
0.000287439
8.42445e-05
0.00014041
0.000111371
0.000114452
0.000236804
9.34138e-05
0.000305105
0.000303435
7.74184e-05
0.000132117
0.000112715
0.000105473
0.000263448
8.58193e-05
0.000324758
0.000317648
7.1606e-05
0.000123242
0.00014182
9.64435e-05
0.000290246
7.85141e-05
0.000342688
0.000329102
6.70598e-05
0.00011403
0.000187682
8.78592e-05
0.000316418
7.16133e-05
0.000358933
0.000337073
6.36429e-05
0.000107061
0.000241076
8.03208e-05
0.000343158
6.45634e-05
0.000374691
0.000342868
5.8768e-05
9.76942e-05
0.000298639
7.15669e-05
0.000369285
5.64241e-05
0.000389834
0.000349998
4.92938e-05
8.52859e-05
0.00035027
6.23307e-05
0.00039224
5.02039e-05
0.000401961
0.000359472
4.07298e-05
7.06202e-05
0.000382459
5.34874e-05
0.000409373
4.46996e-05
0.000410748
0.000364495
3.96764e-05
6.10276e-05
0.000396216
4.65596e-05
0.000423841
3.93253e-05
0.000417983
0.000359335
4.4486e-05
5.35289e-05
0.000404518
4.03497e-05
0.00043702
3.45965e-05
0.000423736
0.000341531
5.24001e-05
4.58665e-05
0.000419803
3.4541e-05
0.000448346
3.12865e-05
0.00042699
0.000315874
5.69436e-05
3.80598e-05
0.000440494
2.90702e-05
0.000457335
2.90803e-05
0.00042698
0.000304469
4.04857e-05
3.31033e-05
0.000457065
2.34837e-05
0.000466955
2.54523e-05
0.000425012
0.000325534
4.38663e-06
2.90021e-05
0.000467354
1.79082e-05
0.000478049
1.86935e-05
0.000424226
0.000371901
-2.76732e-05
2.49398e-05
0.000476482
1.61208e-05
0.000486868
1.152e-05
0.000428827
0.000428859
-4.54377e-05
2.17374e-05
0.000487913
1.65426e-05
0.000492063
2.76558e-06
0.000442604
0.000485703
-5.40792e-05
1.95426e-05
0.000500744
1.14178e-05
0.000500187
-1.23328e-05
0.000466355
0.000529614
-5.62431e-05
1.86232e-05
0.000512606
1.41948e-06
0.000517391
-2.60392e-05
0.000493814
0.000549591
-4.60164e-05
1.97429e-05
0.000520811
1.74581e-06
0.000535388
-2.04244e-05
0.000515984
0.000543545
-1.43782e-05
2.16667e-05
0.000524712
1.44498e-05
0.000542605
9.48464e-06
0.000520949
0.000523311
2.97177e-05
2.22983e-05
0.000525307
2.31378e-05
0.000541766
3.37925e-05
0.000510294
0.000499758
5.73458e-05
2.10038e-05
0.00052316
2.65521e-05
0.000536217
4.15417e-05
0.000495305
0.000470447
7.08526e-05
1.80877e-05
0.000518129
2.78692e-05
0.000526436
4.72321e-05
0.000475942
0.000425795
9.18835e-05
1.42822e-05
0.000509985
2.92797e-05
0.000511438
5.90702e-05
0.000446151
0.000367221
0.000117644
9.4495e-06
0.000497753
3.09727e-05
0.000489915
7.20592e-05
0.000405065
0.000310639
0.000128642
4.12538e-06
0.000481615
2.71355e-05
0.000466905
7.2757e-05
0.000359444
0.000266276
0.00011712
-4.5625e-06
0.000476176
1.72574e-05
0.000445085
5.11351e-05
0.000325566
0.000237932
7.94795e-05
-3.67447e-05
-4.63893e-05
-1.66296e-05
1.7072e-05
-5.74928e-06
8.77905e-07
-2.66605e-06
-2.64082e-05
2.20161e-06
-2.25148e-05
4.35924e-06
-1.39283e-05
6.66018e-06
-1.28415e-05
7.8747e-06
-9.10551e-06
8.43066e-06
-5.8653e-06
8.50964e-06
-2.86677e-06
8.29036e-06
-2.20863e-07
7.84146e-06
2.04021e-06
7.21697e-06
3.99189e-06
6.48543e-06
5.59224e-06
5.66587e-06
6.93069e-06
4.78628e-06
8.0167e-06
3.86502e-06
8.87482e-06
2.91931e-06
9.52915e-06
1.95211e-06
1.0008e-05
9.74175e-07
1.02627e-05
1.0453e-05
-3.46741e-06
-1.6901e-05
1.09301e-06
-3.09687e-05
1.77373e-06
-2.31955e-05
6.02495e-06
-1.81795e-05
7.8464e-06
-1.46628e-05
9.02358e-06
-1.02828e-05
9.48724e-06
-6.32909e-06
9.48385e-06
-2.86331e-06
9.13593e-06
1.26887e-07
8.55881e-06
2.61746e-06
7.82799e-06
4.7228e-06
6.98683e-06
6.4334e-06
6.07373e-06
7.84394e-06
5.11022e-06
8.98023e-06
4.1164e-06
9.8687e-06
3.09927e-06
1.05463e-05
2.0696e-06
1.10379e-05
1.03061e-06
1.13017e-05
1.14837e-05
-1.28908e-05
-3.90418e-05
-2.73235e-06
-4.11273e-05
2.84704e-06
-2.87748e-05
7.18341e-06
-2.2516e-05
9.33177e-06
-1.68111e-05
1.04374e-05
-1.13885e-05
1.07697e-05
-6.66154e-06
1.05829e-05
-2.67642e-06
1.00738e-05
6.35861e-07
9.33885e-06
3.35248e-06
8.47519e-06
5.58651e-06
7.51044e-06
7.39813e-06
6.49749e-06
8.85687e-06
5.44627e-06
1.00314e-05
4.37265e-06
1.09423e-05
3.28521e-06
1.16338e-05
2.19038e-06
1.21328e-05
1.08946e-06
1.24027e-05
1.25732e-05
-2.66933e-05
-1.58669e-05
-2.90017e-06
-6.49206e-05
4.57095e-06
-3.62458e-05
9.09218e-06
-2.70373e-05
1.1279e-05
-1.89979e-05
1.21724e-05
-1.2282e-05
1.2242e-05
-6.73134e-06
1.18046e-05
-2.23894e-06
1.10958e-05
1.34454e-06
1.01764e-05
4.27188e-06
9.15584e-06
6.607e-06
8.06472e-06
8.48916e-06
6.93446e-06
9.98721e-06
5.79033e-06
1.11754e-05
4.63421e-06
1.20983e-05
3.47463e-06
1.27934e-05
2.31337e-06
1.32941e-05
1.14768e-06
1.35685e-05
1.37208e-05
-2.26964e-05
4.7821e-05
-3.7032e-06
-8.3914e-05
7.61541e-06
-4.75643e-05
1.19579e-05
-3.138e-05
1.37431e-05
-2.07832e-05
1.41853e-05
-1.27243e-05
1.39008e-05
-6.44704e-06
1.31834e-05
-1.52151e-06
1.21857e-05
2.34209e-06
1.10568e-05
5.40082e-06
9.86272e-06
7.80107e-06
8.63141e-06
9.7203e-06
7.38269e-06
1.12361e-05
6.13823e-06
1.24196e-05
4.89853e-06
1.33382e-05
3.66439e-06
1.40277e-05
2.43521e-06
1.45234e-05
1.20624e-06
1.47976e-05
1.49271e-05
5.15457e-06
0.000113916
-2.29e-06
-7.64696e-05
1.19984e-05
-6.18526e-05
1.58811e-05
-3.52628e-05
1.67236e-05
-2.16258e-05
1.65486e-05
-1.25492e-05
1.57338e-05
-5.63242e-06
1.46023e-05
-3.89932e-07
1.33155e-05
3.62873e-06
1.19693e-05
6.74703e-06
1.05846e-05
9.18585e-06
9.201e-06
1.11037e-05
7.8324e-06
1.2605e-05
6.487e-06
1.37649e-05
5.15963e-06
1.46658e-05
3.84881e-06
1.53385e-05
2.55527e-06
1.58171e-05
1.26497e-06
1.6088e-05
1.61921e-05
2.74999e-05
0.000174148
9.78633e-06
-5.87561e-05
1.76588e-05
-6.9725e-05
2.04467e-05
-3.80507e-05
2.00615e-05
-2.12408e-05
1.90217e-05
-1.15093e-05
1.76458e-05
-4.25678e-06
1.60953e-05
1.16078e-06
1.44995e-05
5.22448e-06
1.2887e-05
8.35963e-06
1.12989e-05
1.0774e-05
9.76793e-06
1.26346e-05
8.27839e-06
1.40946e-05
6.82779e-06
1.52155e-05
5.41548e-06
1.60783e-05
4.03419e-06
1.67198e-05
2.67326e-06
1.71782e-05
1.32072e-06
1.74405e-05
1.75129e-05
4.92969e-05
0.000223293
2.27945e-05
-3.22538e-05
2.45157e-05
-7.14461e-05
2.52162e-05
-3.87512e-05
2.37092e-05
-1.97339e-05
2.16903e-05
-9.49002e-06
1.96459e-05
-2.2127e-06
1.76445e-05
3.16232e-06
1.56609e-05
7.20811e-06
1.37871e-05
1.02336e-05
1.20126e-05
1.25484e-05
1.03182e-05
1.4329e-05
8.70517e-06
1.57074e-05
7.15486e-06
1.67659e-05
5.65853e-06
1.75747e-05
4.20357e-06
1.81749e-05
2.78306e-06
1.85988e-05
1.37504e-06
1.88486e-05
1.8888e-05
6.17462e-05
0.000264727
3.29938e-05
-3.50137e-06
3.15879e-05
-7.00401e-05
3.01849e-05
-3.73482e-05
2.73356e-05
-1.68849e-05
2.43836e-05
-6.53762e-06
2.16639e-05
5.06676e-07
1.91206e-05
5.70563e-06
1.68007e-05
9.52805e-06
1.46621e-05
1.23722e-05
1.26817e-05
1.45289e-05
1.08339e-05
1.61767e-05
9.10088e-06
1.74405e-05
7.46059e-06
1.84065e-05
5.88724e-06
1.91481e-05
4.36887e-06
1.96935e-05
2.88762e-06
2.00802e-05
1.42533e-06
2.0311e-05
2.03134e-05
6.90529e-05
0.000298926
4.3087e-05
2.24644e-05
3.85764e-05
-6.55295e-05
3.52171e-05
-3.39887e-05
3.08732e-05
-1.25414e-05
2.69532e-05
-2.61733e-06
2.35292e-05
3.93033e-06
2.05155e-05
8.71925e-06
1.78592e-05
1.21845e-05
1.54702e-05
1.47611e-05
1.33013e-05
1.66981e-05
1.13158e-05
1.81619e-05
9.47146e-06
1.9285e-05
7.73641e-06
2.01417e-05
6.09396e-06
2.07905e-05
4.51536e-06
2.12722e-05
2.98166e-06
2.16139e-05
1.47205e-06
2.18207e-05
2.17855e-05
7.29495e-05
0.000326851
5.3309e-05
4.21049e-05
4.56249e-05
-5.78457e-05
3.98179e-05
-2.81815e-05
3.40977e-05
-6.82157e-06
2.92989e-05
2.18171e-06
2.52368e-05
7.99207e-06
2.17892e-05
1.21668e-05
1.88098e-05
1.51641e-05
1.61783e-05
1.73925e-05
1.38482e-05
1.90285e-05
1.17344e-05
2.02755e-05
9.79162e-06
2.12279e-05
7.985e-06
2.19484e-05
6.27673e-06
2.24988e-05
4.64241e-06
2.29065e-05
3.06433e-06
2.31922e-05
1.51375e-06
2.33713e-05
2.32993e-05
7.46038e-05
0.000349049
6.23284e-05
5.43803e-05
5.19288e-05
-4.74465e-05
4.39199e-05
-2.01723e-05
3.69894e-05
1.08773e-07
3.13438e-05
7.82755e-06
2.67401e-05
1.25956e-05
2.28842e-05
1.60226e-05
1.96111e-05
1.84372e-05
1.67937e-05
2.02101e-05
1.43086e-05
2.15136e-05
1.20868e-05
2.24973e-05
1.00657e-05
2.32494e-05
8.19042e-06
2.38238e-05
6.42961e-06
2.42599e-05
4.75351e-06
2.45826e-05
3.13398e-06
2.4812e-05
1.54945e-06
2.49558e-05
2.48488e-05
7.58496e-05
0.000364273
6.9126e-05
6.1104e-05
5.69168e-05
-3.52376e-05
4.72633e-05
-1.05185e-05
3.93341e-05
8.03791e-06
3.29938e-05
1.41679e-05
2.79084e-05
1.7681e-05
2.37382e-05
2.01927e-05
2.02395e-05
2.19359e-05
1.72785e-05
2.31712e-05
1.46902e-05
2.41018e-05
1.23851e-05
2.48026e-05
1.0295e-05
2.53396e-05
8.36686e-06
2.5752e-05
6.56301e-06
2.60639e-05
4.8468e-06
2.62988e-05
3.19333e-06
2.64658e-05
1.57947e-06
2.65696e-05
2.64283e-05
7.36727e-05
0.000374845
7.21409e-05
6.26358e-05
6.03108e-05
-2.34079e-05
4.95443e-05
2.48267e-07
4.09697e-05
1.66124e-05
3.41633e-05
2.0974e-05
2.87292e-05
2.31153e-05
2.43575e-05
2.45641e-05
2.07275e-05
2.55659e-05
1.7638e-05
2.62607e-05
1.49609e-05
2.67786e-05
1.25912e-05
2.71723e-05
1.04529e-05
2.74777e-05
8.48927e-06
2.77157e-05
6.65361e-06
2.78995e-05
4.90972e-06
2.80427e-05
3.23545e-06
2.81403e-05
1.60055e-06
2.82046e-05
2.80289e-05
7.035e-05
0.000381913
7.40789e-05
5.89071e-05
6.25644e-05
-1.18938e-05
5.0954e-05
1.1859e-05
4.18947e-05
2.56717e-05
3.47978e-05
2.80707e-05
2.92207e-05
2.86924e-05
2.47041e-05
2.90807e-05
2.09765e-05
2.92934e-05
1.78266e-05
2.94104e-05
1.51064e-05
2.94988e-05
1.27054e-05
2.95733e-05
1.05424e-05
2.96405e-05
8.55838e-06
2.96997e-05
6.70479e-06
2.97529e-05
4.95025e-06
2.97973e-05
3.26032e-06
2.98302e-05
1.6132e-06
2.98518e-05
2.96422e-05
7.60134e-05
0.000377506
7.92914e-05
5.56291e-05
6.45425e-05
2.85482e-06
5.1518e-05
2.48835e-05
4.21147e-05
3.50749e-05
3.49042e-05
3.5281e-05
2.92675e-05
3.43288e-05
2.47292e-05
3.3619e-05
2.09955e-05
3.30269e-05
1.78461e-05
3.25596e-05
1.51268e-05
3.22182e-05
1.27259e-05
3.19742e-05
1.0563e-05
3.18034e-05
8.57635e-06
3.16865e-05
6.72128e-06
3.16079e-05
4.96246e-06
3.15562e-05
3.26859e-06
3.15241e-05
1.61764e-06
3.15028e-05
3.12598e-05
9.60021e-05
0.000348563
8.62544e-05
6.53768e-05
6.53406e-05
2.37684e-05
5.10839e-05
3.91399e-05
4.15332e-05
4.46257e-05
3.44199e-05
4.23941e-05
2.88755e-05
3.98733e-05
2.44402e-05
3.80541e-05
2.07861e-05
3.6681e-05
1.76978e-05
3.56478e-05
1.5024e-05
3.48921e-05
1.26551e-05
3.43431e-05
1.05149e-05
3.39436e-05
8.5441e-06
3.36572e-05
6.70044e-06
3.34516e-05
4.94938e-06
3.33075e-05
3.25997e-06
3.32137e-05
1.614e-06
3.31488e-05
3.28738e-05
0.000108013
0.000304193
8.50493e-05
8.83404e-05
6.25859e-05
4.62316e-05
4.90443e-05
5.26815e-05
4.00709e-05
5.35991e-05
3.33164e-05
4.91485e-05
2.80658e-05
4.5124e-05
2.38499e-05
4.22699e-05
2.03582e-05
4.01725e-05
1.73898e-05
3.86163e-05
1.48027e-05
3.74791e-05
1.24965e-05
3.66493e-05
1.04009e-05
3.60392e-05
8.46364e-06
3.55942e-05
6.64348e-06
3.52719e-05
4.909e-06
3.5042e-05
3.2383e-06
3.48845e-05
1.60291e-06
3.47842e-05
3.44768e-05
9.22213e-05
0.00027074
7.27677e-05
0.000107794
5.6389e-05
6.26104e-05
4.54916e-05
6.35788e-05
3.76459e-05
6.14446e-05
3.16216e-05
5.51727e-05
2.68549e-05
4.98907e-05
2.29798e-05
4.61449e-05
1.97289e-05
4.34233e-05
1.69348e-05
4.14106e-05
1.44732e-05
3.99407e-05
1.22566e-05
3.88661e-05
1.02272e-05
3.80686e-05
8.33741e-06
3.74839e-05
6.55318e-06
3.70562e-05
4.84819e-06
3.67469e-05
3.19905e-06
3.65337e-05
1.58451e-06
3.63988e-05
3.60613e-05
6.29832e-05
0.00025705
5.76237e-05
0.000113154
4.91138e-05
7.11204e-05
4.09226e-05
7.17697e-05
3.45572e-05
6.781e-05
2.9447e-05
6.02829e-05
2.53034e-05
5.40341e-05
2.18629e-05
4.95854e-05
1.89275e-05
4.63586e-05
1.63536e-05
4.39845e-05
1.4051e-05
4.22435e-05
1.1945e-05
4.09722e-05
9.99918e-06
4.00144e-05
8.17012e-06
3.93129e-05
6.43378e-06
3.87927e-05
4.7655e-06
3.84152e-05
3.14639e-06
3.81527e-05
1.5592e-06
3.79861e-05
3.76204e-05
4.32337e-05
0.000254547
4.63891e-05
0.000109998
4.20163e-05
7.54932e-05
3.59527e-05
7.7833e-05
3.09805e-05
7.27819e-05
2.69104e-05
6.43529e-05
2.34866e-05
5.74575e-05
2.05578e-05
5.25141e-05
1.79836e-05
4.89326e-05
1.56682e-05
4.62998e-05
1.35456e-05
4.4366e-05
1.15802e-05
4.29376e-05
9.72615e-06
4.18683e-05
7.96916e-06
4.10699e-05
6.28736e-06
4.04744e-05
4.66313e-06
4.00394e-05
3.08183e-06
3.97338e-05
1.52777e-06
3.95403e-05
3.91481e-05
3.61341e-05
0.000258089
3.88482e-05
0.000107284
3.53771e-05
7.89642e-05
3.07721e-05
8.24377e-05
2.71515e-05
7.64023e-05
2.41292e-05
6.73751e-05
2.14858e-05
6.01008e-05
1.91209e-05
5.48787e-05
1.69417e-05
5.11117e-05
1.49097e-05
4.83319e-05
1.29893e-05
4.62862e-05
1.11638e-05
4.47631e-05
9.41811e-06
4.36138e-05
7.73865e-06
4.27493e-05
6.11898e-06
4.20939e-05
4.54496e-06
4.16134e-05
3.00653e-06
4.12721e-05
1.49117e-06
4.10557e-05
4.06393e-05
3.42599e-05
0.000268315
3.2e-05
0.000109543
2.85632e-05
8.24009e-05
2.53844e-05
8.56162e-05
2.31256e-05
7.8661e-05
2.12023e-05
6.92982e-05
1.93878e-05
6.19151e-05
1.76152e-05
5.66511e-05
1.58509e-05
5.28759e-05
1.41117e-05
5.00713e-05
1.23961e-05
4.80017e-05
1.07191e-05
4.64402e-05
9.08123e-06
4.52516e-05
7.48806e-06
4.43425e-05
5.93345e-06
4.36484e-05
4.41316e-06
4.31337e-05
2.92226e-06
4.27628e-05
1.45006e-06
4.25279e-05
4.20894e-05
3.07684e-05
0.000289946
2.30469e-05
0.000117265
2.10002e-05
8.44473e-05
1.9681e-05
8.69354e-05
1.89693e-05
7.93725e-05
1.82328e-05
7.00347e-05
1.72711e-05
6.28765e-05
1.61007e-05
5.78215e-05
1.47671e-05
5.42092e-05
1.33083e-05
5.153e-05
1.17933e-05
4.95165e-05
1.02597e-05
4.79737e-05
8.73039e-06
4.67809e-05
7.2204e-06
4.58525e-05
5.73299e-06
4.51357e-05
4.27226e-06
4.45945e-05
2.83097e-06
4.4204e-05
1.40523e-06
4.39536e-05
4.34947e-05
2.04019e-05
0.000326488
1.09494e-05
0.000126717
1.22851e-05
8.31112e-05
1.36895e-05
8.5531e-05
1.48189e-05
7.82429e-05
1.53477e-05
6.9506e-05
1.52658e-05
6.29581e-05
1.46686e-05
5.84186e-05
1.372e-05
5.51576e-05
1.25299e-05
5.27198e-05
1.12011e-05
5.0845e-05
9.80155e-06
4.9373e-05
8.37393e-06
4.82084e-05
6.94401e-06
4.72824e-05
5.52468e-06
4.65549e-05
4.1217e-06
4.59974e-05
2.73378e-06
4.55919e-05
1.35733e-06
4.533e-05
4.4852e-05
-2.04588e-06
0.00036902
-4.37079e-06
0.000129042
2.69063e-06
7.60496e-05
7.73445e-06
8.04871e-05
1.09099e-05
7.50675e-05
1.27079e-05
6.77077e-05
1.34681e-05
6.21979e-05
1.33946e-05
5.84921e-05
1.27734e-05
5.57788e-05
1.1809e-05
5.36841e-05
1.06384e-05
5.20156e-05
9.3552e-06
5.0656e-05
8.01976e-06
4.95439e-05
6.66512e-06
4.8637e-05
5.31068e-06
4.79093e-05
3.96564e-06
4.73424e-05
2.63178e-06
4.69258e-05
1.3065e-06
4.66553e-05
4.61585e-05
-2.74825e-05
0.000400889
-2.03948e-05
0.000121954
-7.00869e-06
6.26633e-05
2.32821e-06
7.11499e-05
7.5325e-06
6.98634e-05
1.06003e-05
6.46398e-05
1.2008e-05
6.07902e-05
1.23361e-05
5.81639e-05
1.19671e-05
5.61477e-05
1.11688e-05
5.44824e-05
1.01209e-05
5.30636e-05
8.93216e-06
5.18445e-05
7.67426e-06
5.08019e-05
6.38679e-06
4.99245e-05
5.09388e-06
4.92022e-05
3.80568e-06
4.86305e-05
2.52666e-06
4.82048e-05
1.25375e-06
4.79281e-05
4.74123e-05
-5.02401e-05
0.000423455
-3.49356e-05
0.000106649
-1.53694e-05
4.30967e-05
-2.22437e-06
5.80048e-05
5.08778e-06
6.25512e-05
9.0918e-06
6.06355e-05
1.0977e-05
5.89048e-05
1.15518e-05
5.7589e-05
1.13275e-05
5.63717e-05
1.063e-05
5.51799e-05
9.65992e-06
5.40336e-05
8.53751e-06
5.29666e-05
7.34074e-06
5.19987e-05
6.1118e-06
5.11534e-05
4.87553e-06
5.04385e-05
3.64307e-06
4.98628e-05
2.41843e-06
4.94294e-05
1.1993e-06
4.91472e-05
4.86116e-05
-6.41965e-05
0.000442214
-4.50645e-05
8.75171e-05
-2.09097e-05
1.89417e-05
-4.59087e-06
4.16858e-05
4.01851e-06
5.39417e-05
8.43376e-06
5.62202e-05
1.04618e-05
5.68767e-05
1.10799e-05
5.69711e-05
1.08755e-05
5.65762e-05
1.01988e-05
5.58564e-05
9.25853e-06
5.49739e-05
8.17375e-06
5.40511e-05
7.02041e-06
5.31521e-05
5.84051e-06
5.23332e-05
4.65588e-06
5.16231e-05
3.47736e-06
5.10412e-05
2.30763e-06
5.05992e-05
1.14352e-06
5.03113e-05
4.9755e-05
-6.7356e-05
0.000455491
-4.77737e-05
6.79347e-05
-2.17542e-05
-7.0776e-06
-4.62579e-06
2.45573e-05
4.49458e-06
4.48213e-05
8.72022e-06
5.19944e-05
1.04986e-05
5.50981e-05
1.09306e-05
5.6539e-05
1.0611e-05
5.6896e-05
9.87315e-06
5.65942e-05
8.91044e-06
5.59366e-05
7.83603e-06
5.51255e-05
6.71084e-06
5.42773e-05
5.5708e-06
5.34731e-05
4.43408e-06
5.27598e-05
3.3079e-06
5.21673e-05
2.19387e-06
5.17132e-05
1.08627e-06
5.14189e-05
5.08412e-05
-5.78801e-05
0.000457128
-3.93617e-05
4.94159e-05
-1.64738e-05
-2.99655e-05
-7.09261e-07
8.79254e-06
6.77357e-06
3.73382e-05
9.96288e-06
4.88049e-05
1.10668e-05
5.39937e-05
1.10765e-05
5.65293e-05
1.05067e-05
5.74658e-05
9.63317e-06
5.74675e-05
8.60697e-06
5.69628e-05
7.51735e-06
5.62151e-05
6.40691e-06
5.53876e-05
5.30027e-06
5.45797e-05
4.20824e-06
5.38516e-05
3.13423e-06
5.32413e-05
2.07625e-06
5.27712e-05
1.02751e-06
5.24677e-05
5.18686e-05
-3.24698e-05
0.000443581
-1.69849e-05
3.3931e-05
-3.09823e-06
-4.38522e-05
6.45591e-06
-7.61818e-07
1.05901e-05
3.32039e-05
1.20122e-05
4.73828e-05
1.20603e-05
5.39454e-05
1.14466e-05
5.71431e-05
1.05182e-05
5.83942e-05
9.44903e-06
5.85366e-05
8.32975e-06
5.8082e-05
7.20565e-06
5.73392e-05
6.10116e-06
5.6492e-05
5.02376e-06
5.5657e-05
3.97564e-06
5.48996e-05
2.95405e-06
5.42629e-05
1.95405e-06
5.37711e-05
9.66415e-07
5.34554e-05
5.2835e-05
2.86536e-07
0.000428916
7.38569e-06
2.68317e-05
1.50465e-05
-5.15129e-05
1.57155e-05
-1.43105e-06
1.54368e-05
3.34827e-05
1.4563e-05
4.82564e-05
1.3304e-05
5.52045e-05
1.19383e-05
5.85087e-05
1.05848e-05
5.97477e-05
9.28479e-06
5.98366e-05
8.05203e-06
5.93147e-05
6.88665e-06
5.85046e-05
5.78364e-06
5.75949e-05
4.73545e-06
5.67051e-05
3.73266e-06
5.59024e-05
2.76603e-06
5.52296e-05
1.82618e-06
5.47109e-05
9.02564e-07
5.43789e-05
5.37377e-05
3.37085e-05
0.000424925
3.79307e-05
2.26093e-05
3.31702e-05
-4.67522e-05
2.56477e-05
6.09121e-06
2.06089e-05
3.85213e-05
1.72367e-05
5.16285e-05
1.45782e-05
5.78628e-05
1.24219e-05
6.0665e-05
1.06274e-05
6.15422e-05
9.09202e-06
6.1372e-05
7.74629e-06
6.06604e-05
6.54297e-06
5.97078e-05
5.44524e-06
5.86926e-05
4.42953e-06
5.77208e-05
3.47538e-06
5.68566e-05
2.56717e-06
5.61378e-05
1.69128e-06
5.55868e-05
8.35414e-07
5.52346e-05
5.45731e-05
7.3421e-05
0.00040885
7.15439e-05
2.44862e-05
5.08854e-05
-2.60937e-05
3.45452e-05
2.24315e-05
2.53189e-05
4.77475e-05
1.96041e-05
5.73434e-05
1.56435e-05
6.18233e-05
1.27608e-05
6.35477e-05
1.0567e-05
6.3736e-05
8.82391e-06
6.31151e-05
7.38453e-06
6.20997e-05
6.15555e-06
6.09368e-05
5.07427e-06
5.97738e-05
4.0989e-06
5.86961e-05
3.20016e-06
5.77554e-05
2.35604e-06
5.69819e-05
1.54837e-06
5.63945e-05
7.64322e-07
5.60186e-05
5.53375e-05
0.000114463
0.00036524
9.98746e-05
3.90742e-05
6.4216e-05
9.56482e-06
4.11646e-05
4.54829e-05
2.88256e-05
6.00865e-05
2.12704e-05
6.48986e-05
1.62789e-05
6.68147e-05
1.28267e-05
6.69999e-05
1.03266e-05
6.62361e-05
8.43413e-06
6.50075e-05
6.93931e-06
6.35946e-05
5.70998e-06
6.21662e-05
4.66223e-06
6.08216e-05
3.73901e-06
5.96192e-05
2.90383e-06
5.85906e-05
2.12851e-06
5.77572e-05
1.39629e-06
5.71267e-05
6.88703e-07
5.67262e-05
5.60262e-05
0.000150412
0.000306712
0.000116094
7.33924e-05
7.015e-05
5.55085e-05
4.44566e-05
7.11762e-05
3.05401e-05
7.40031e-05
2.1913e-05
7.35257e-05
1.63068e-05
7.24209e-05
1.25175e-05
7.07891e-05
9.84862e-06
6.89048e-05
7.88965e-06
6.69664e-05
6.38996e-06
6.50943e-05
5.19327e-06
6.3363e-05
4.19973e-06
6.18152e-05
3.34447e-06
6.04745e-05
2.58323e-06
5.93518e-05
1.88722e-06
5.84531e-05
1.23314e-06
5.77808e-05
6.08668e-07
5.73508e-05
5.66349e-05
0.000161631
0.000262725
0.000113109
0.000121915
6.78455e-05
0.000100772
4.39872e-05
9.50347e-05
3.01687e-05
8.78216e-05
2.13626e-05
8.23318e-05
1.5622e-05
7.81616e-05
1.1767e-05
7.4644e-05
9.09057e-06
7.15812e-05
7.16378e-06
6.88932e-05
5.72124e-06
6.65369e-05
4.59665e-06
6.44877e-05
3.68343e-06
6.27285e-05
2.91257e-06
6.12453e-05
2.23726e-06
6.0027e-05
1.62821e-06
5.90621e-05
1.06174e-06
5.83472e-05
5.229e-07
5.78897e-05
5.71578e-05
0.000138992
0.000252374
9.37799e-05
0.000167127
5.97058e-05
0.000134846
4.02292e-05
0.000114511
2.78083e-05
0.000100242
1.9619e-05
9.0521e-05
1.42039e-05
8.35767e-05
1.05575e-05
7.82903e-05
8.03997e-06
7.40988e-05
6.2487e-06
7.06846e-05
4.92863e-06
6.7857e-05
3.91749e-06
6.54988e-05
3.11129e-06
6.35346e-05
2.44251e-06
6.19141e-05
1.86633e-06
6.06031e-05
1.35235e-06
5.95761e-05
8.79127e-07
5.88204e-05
4.33224e-07
5.83356e-05
5.7591e-05
0.000102887
0.000266608
7.13585e-05
0.000198655
4.89849e-05
0.000157219
3.40659e-05
0.00012943
2.37842e-05
0.000110524
1.67941e-05
9.75111e-05
1.20903e-05
8.82804e-05
8.90118e-06
8.14795e-05
6.7015e-06
7.62985e-05
5.14667e-06
7.22396e-05
4.01307e-06
6.89906e-05
3.15686e-06
6.6355e-05
2.48468e-06
6.42067e-05
1.93595e-06
6.24629e-05
1.4705e-06
6.10686e-05
1.06042e-06
5.99862e-05
6.86884e-07
5.9194e-05
3.39129e-07
5.86834e-05
5.79301e-05
6.85199e-05
0.000277567
5.18971e-05
0.000215278
3.77834e-05
0.000171333
2.68527e-05
0.000140361
1.89036e-05
0.000118473
1.33612e-05
0.000103054
9.57351e-06
9.20681e-05
6.98658e-06
8.40664e-05
5.20025e-06
7.80849e-05
3.94268e-06
7.34971e-05
3.03378e-06
6.98994e-05
2.35595e-06
6.70328e-05
1.83254e-06
6.47301e-05
1.41327e-06
6.28822e-05
1.06444e-06
6.14174e-05
7.6234e-07
6.02884e-05
4.92234e-07
5.94641e-05
2.41833e-07
5.89337e-05
5.81719e-05
2.93026e-05
2.6274e-05
1.99677e-05
1.42979e-05
1.0028e-05
7.01838e-06
4.95617e-06
3.55284e-06
2.59246e-06
1.92548e-06
1.45174e-06
1.10572e-06
8.44854e-07
6.41417e-07
4.76815e-07
3.38161e-07
2.16766e-07
1.06453e-07
)
;

boundaryField
{
    leftWall
    {
        type            calculated;
        value           uniform 0;
    }
    rightWall
    {
        type            calculated;
        value           uniform 0;
    }
    lowerWall
    {
        type            calculated;
        value           uniform 0;
    }
    atmosphere
    {
        type            calculated;
        value           nonuniform List<scalar> 
46
(
-0.000194527
-0.000195161
-0.000195275
-0.000195451
-0.000195643
-0.00019584
-0.000196022
-0.000196156
-0.000196201
-0.000196101
-0.000195779
-0.00019512
-0.000193984
-0.0001922
-0.000189499
-0.000185398
-0.000179117
-0.000169567
-0.000154983
-0.000131638
-8.70421e-05
6.17054e-05
0.00033071
0.000549837
0.00045473
0.000295806
0.00020423
0.000265337
0.000218307
0.000177639
0.000146031
0.000122743
0.000106063
9.41304e-05
8.54698e-05
7.90452e-05
7.4164e-05
7.03731e-05
6.73788e-05
6.4991e-05
6.30857e-05
6.1582e-05
6.0427e-05
5.95854e-05
5.9044e-05
5.82784e-05
)
;
    }
    defaultFaces
    {
        type            empty;
        value           nonuniform List<scalar> 0();
    }
}


// ************************************************************************* //
