/*--------------------------------*- C++ -*----------------------------------*\
| =========                 |                                                 |
| \\      /  F ield         | OpenFOAM: The Open Source CFD Toolbox           |
|  \\    /   O peration     | Version:  2206                                  |
|   \\  /    A nd           | Website:  www.openfoam.com                      |
|    \\/     M anipulation  |                                                 |
\*---------------------------------------------------------------------------*/
FoamFile
{
    version     2.0;
    format      ascii;
    arch        "LSB;label=32;scalar=64";
    class       volVectorField;
    location    "0.25";
    object      U;
}
// * * * * * * * * * * * * * * * * * * * * * * * * * * * * * * * * * * * * * //

dimensions      [0 1 -1 0 0 0 0];

internalField   nonuniform List<vector> 
2268
(
(-0.00861388 0.00520738 0)
(-0.000354107 -0.0156681 0)
(0.0212395 -0.0185388 0)
(0.0383855 -0.0145272 0)
(0.051201 -0.0102821 0)
(0.0604802 -0.00766704 0)
(0.0678298 -0.00624771 0)
(0.0741963 -0.00522059 0)
(0.0796022 -0.00408346 0)
(0.0837481 -0.00262836 0)
(0.0863091 -0.000777729 0)
(0.0871109 0.00154645 0)
(0.0856156 0.0042986 0)
(0.0816893 0.00743993 0)
(0.0751079 0.0109369 0)
(0.0657219 0.0146708 0)
(0.0536033 0.0183617 0)
(0.0393251 0.0212024 0)
(0.0235015 0.0220391 0)
(0.00623956 0.0185565 0)
(-0.00602988 0.0121589 0)
(-0.0174319 -0.0166494 0)
(-0.0110108 -0.0501229 0)
(-0.00769716 0.0140107 0)
(0.00175266 -0.0469664 0)
(0.0229292 -0.0552086 0)
(0.040231 -0.0433913 0)
(0.0532769 -0.0311824 0)
(0.0631957 -0.0238206 0)
(0.0715136 -0.0198727 0)
(0.0789674 -0.016999 0)
(0.0855312 -0.0138456 0)
(0.090977 -0.00996476 0)
(0.0951178 -0.00532137 0)
(0.0976475 2.8824e-05 0)
(0.0987642 0.00599057 0)
(0.0984233 0.0124413 0)
(0.0965997 0.0193144 0)
(0.0932304 0.0263535 0)
(0.0881273 0.0330675 0)
(0.0811845 0.0387291 0)
(0.0724061 0.0421109 0)
(0.0593609 0.0409586 0)
(0.049769 0.0358683 0)
(0.0203495 0.0200017 0)
(0.0246549 -0.00463853 0)
(-0.00548295 0.0181009 0)
(0.00560459 -0.0781988 0)
(0.0261343 -0.0916346 0)
(0.0436879 -0.0726324 0)
(0.0573658 -0.0534761 0)
(0.0685224 -0.0421834 0)
(0.0784653 -0.0360935 0)
(0.0875808 -0.0314484 0)
(0.0956825 -0.0262275 0)
(0.102501 -0.0198571 0)
(0.107806 -0.0123886 0)
(0.111417 -0.00405418 0)
(0.113108 0.0049429 0)
(0.112805 0.0144232 0)
(0.110493 0.0242796 0)
(0.106194 0.0341687 0)
(0.100042 0.043541 0)
(0.0921017 0.0518769 0)
(0.0830809 0.0594746 0)
(0.068376 0.0650387 0)
(0.058885 0.0655775 0)
(0.0230233 0.0546951 0)
(0.0332051 0.038265 0)
(-0.00207913 0.0147065 0)
(0.0114218 -0.109822 0)
(0.0311333 -0.128119 0)
(0.0489727 -0.102886 0)
(0.0637744 -0.0782228 0)
(0.0768539 -0.0640348 0)
(0.0891584 -0.0561988 0)
(0.100719 -0.0497467 0)
(0.111226 -0.0422157 0)
(0.120407 -0.0329854 0)
(0.128019 -0.0221462 0)
(0.133792 -0.00994942 0)
(0.137295 0.00333309 0)
(0.1383 0.0175884 0)
(0.136635 0.0324262 0)
(0.131955 0.0473439 0)
(0.12418 0.0616214 0)
(0.113004 0.0744669 0)
(0.0995833 0.0867004 0)
(0.0792415 0.0982642 0)
(0.0652105 0.102467 0)
(0.0256758 0.0911457 0)
(0.0373954 0.0909509 0)
(0.00186578 0.0016678 0)
(0.0186232 -0.143823 0)
(0.0382175 -0.165093 0)
(0.0562577 -0.134905 0)
(0.0725287 -0.106692 0)
(0.0881139 -0.0908899 0)
(0.10339 -0.0817838 0)
(0.118017 -0.0735691 0)
(0.131586 -0.0636458 0)
(0.143821 -0.0514605 0)
(0.154478 -0.0371427 0)
(0.163242 -0.0209187 0)
(0.169814 -0.00297252 0)
(0.173543 0.0166401 0)
(0.173908 0.0375425 0)
(0.170546 0.0592196 0)
(0.163029 0.0806889 0)
(0.150576 0.100852 0)
(0.133871 0.120026 0)
(0.10873 0.138446 0)
(0.0867349 0.148201 0)
(0.0414382 0.135196 0)
(0.037642 0.148355 0)
(0.00637577 -0.0230415 0)
(0.0268257 -0.181551 0)
(0.0470265 -0.202337 0)
(0.0654777 -0.16879 0)
(0.0835382 -0.139529 0)
(0.102101 -0.12365 0)
(0.12087 -0.113872 0)
(0.139181 -0.104083 0)
(0.156588 -0.0918676 0)
(0.17285 -0.0768001 0)
(0.187747 -0.0589631 0)
(0.200919 -0.0384108 0)
(0.211899 -0.0151011 0)
(0.21979 0.0110423 0)
(0.223835 0.0402655 0)
(0.223074 0.0720255 0)
(0.216626 0.10543 0)
(0.203758 0.139274 0)
(0.184878 0.172848 0)
(0.15715 0.204288 0)
(0.126397 0.225745 0)
(0.0714656 0.219553 0)
(0.0374847 0.23984 0)
(0.0108254 -0.059814 0)
(0.0353187 -0.224466 0)
(0.0568194 -0.240431 0)
(0.0762952 -0.205131 0)
(0.0966984 -0.177497 0)
(0.11873 -0.163191 0)
(0.141508 -0.153595 0)
(0.164171 -0.142895 0)
(0.1863 -0.129125 0)
(0.207729 -0.111985 0)
(0.228267 -0.0913763 0)
(0.247507 -0.0671072 0)
(0.265158 -0.0390762 0)
(0.280866 -0.00729084 0)
(0.292834 0.0286812 0)
(0.29927 0.0688465 0)
(0.299601 0.111393 0)
(0.292137 0.154603 0)
(0.274028 0.198217 0)
(0.239142 0.244087 0)
(0.189871 0.293774 0)
(0.117099 0.318274 0)
(0.0599235 0.351001 0)
(0.0154978 -0.10951 0)
(0.0444714 -0.273947 0)
(0.0662527 -0.281224 0)
(0.0866904 -0.245854 0)
(0.109725 -0.222404 0)
(0.135316 -0.211188 0)
(0.162052 -0.202704 0)
(0.189122 -0.192095 0)
(0.216281 -0.178015 0)
(0.243601 -0.160116 0)
(0.270868 -0.13788 0)
(0.297622 -0.110529 0)
(0.323391 -0.0774535 0)
(0.347745 -0.0379553 0)
(0.368903 0.00866911 0)
(0.382761 0.0635758 0)
(0.388974 0.12857 0)
(0.38812 0.204328 0)
(0.378154 0.291299 0)
(0.355051 0.377711 0)
(0.309951 0.454941 0)
(0.244566 0.504301 0)
(0.0662244 0.605231 0)
(0.00151393 -0.00225883 0)
(0.00542946 -0.00233398 0)
(0.0093257 -0.00188829 0)
(0.0125601 -0.00167215 0)
(0.0156094 -0.00144356 0)
(0.0181144 -0.00114319 0)
(0.0201447 -0.00085387 0)
(0.0216108 -0.00053094 0)
(0.0223911 -0.000181099 0)
(0.0225002 0.000158525 0)
(0.0219634 0.000474753 0)
(0.0208355 0.000768407 0)
(0.0191848 0.00103518 0)
(0.0170466 0.00125641 0)
(0.014491 0.00145304 0)
(0.0116129 0.00160653 0)
(0.00847156 0.00172553 0)
(0.00516985 0.00178563 0)
(0.00174227 0.00185887 0)
(0.00123652 -0.00475765 0)
(0.00511365 -0.00604762 0)
(0.00900284 -0.00539693 0)
(0.0121814 -0.00518136 0)
(0.0156015 -0.00461646 0)
(0.0184917 -0.00376841 0)
(0.0208064 -0.00283699 0)
(0.0224409 -0.00180542 0)
(0.0233767 -0.000724483 0)
(0.0235837 0.00034338 0)
(0.0230959 0.00136007 0)
(0.0219678 0.0023034 0)
(0.0202514 0.00314637 0)
(0.0180124 0.00386576 0)
(0.0153291 0.0044824 0)
(0.0122892 0.0049708 0)
(0.00897131 0.00533941 0)
(0.00547448 0.00552889 0)
(0.00183977 0.00572999 0)
(0.000391032 -0.0112803 0)
(0.00453723 -0.0126262 0)
(0.0094405 -0.0101708 0)
(0.0128941 -0.00954542 0)
(0.0168059 -0.0081814 0)
(0.0198905 -0.00669989 0)
(0.0222716 -0.0050099 0)
(0.0239627 -0.00317056 0)
(0.0248568 -0.00129116 0)
(0.0249692 0.000559841 0)
(0.024352 0.00231967 0)
(0.0230664 0.00393529 0)
(0.0211815 0.0053782 0)
(0.0187849 0.00662272 0)
(0.0159491 0.00767979 0)
(0.0127602 0.00851052 0)
(0.00930248 0.00912945 0)
(0.00567012 0.0094491 0)
(0.00190326 0.00978421 0)
(0.000794891 -0.00696766 0)
(0.00694008 -0.0134786 0)
(0.0121282 -0.0114177 0)
(0.0145626 -0.0127598 0)
(0.0188572 -0.0113 0)
(0.0219844 -0.00950977 0)
(0.0245891 -0.00713468 0)
(0.0263914 -0.00447723 0)
(0.0272782 -0.00174102 0)
(0.0272969 0.000942906 0)
(0.0265119 0.00346642 0)
(0.0250191 0.00577291 0)
(0.0228988 0.00784267 0)
(0.020255 0.00960295 0)
(0.0171516 0.0110715 0)
(0.0136793 0.0122452 0)
(0.00995755 0.0131127 0)
(0.00606465 0.0135532 0)
(0.002035 0.0140079 0)
(-0.00543616 -0.0252758 0)
(0.000636445 -0.0301632 0)
(0.00928195 -0.0198463 0)
(0.0128748 -0.0208922 0)
(0.0201969 -0.0166772 0)
(0.0242793 -0.013453 0)
(0.0276101 -0.00982388 0)
(0.0296959 -0.00598858 0)
(0.0306215 -0.00219504 0)
(0.0305149 0.00145301 0)
(0.0294999 0.00483885 0)
(0.0277299 0.00791885 0)
(0.0252631 0.0106085 0)
(0.0222245 0.0129164 0)
(0.0187618 0.0148113 0)
(0.0149361 0.0163247 0)
(0.0108379 0.0174372 0)
(0.00657822 0.0180072 0)
(0.00220065 0.0185763 0)
(-0.00550138 0.00454037 0)
(0.0069469 -0.0239559 0)
(0.0196928 -0.0179792 0)
(0.0173497 -0.0239731 0)
(0.026448 -0.0199631 0)
(0.0291432 -0.0168535 0)
(0.0324371 -0.0123591 0)
(0.0344586 -0.00742969 0)
(0.035179 -0.0024679 0)
(0.0347853 0.00227912 0)
(0.0334066 0.00658213 0)
(0.0311795 0.0104949 0)
(0.0282383 0.0138139 0)
(0.0247479 0.0166647 0)
(0.0207953 0.0190192 0)
(0.0164925 0.0208536 0)
(0.0119402 0.0222036 0)
(0.0072347 0.0229077 0)
(0.00241389 0.0235812 0)
(-0.0521805 -0.0335916 0)
(-0.026519 -0.0667894 0)
(0.00785615 -0.0303218 0)
(0.0101946 -0.0376788 0)
(0.0279233 -0.0271024 0)
(0.0323584 -0.0223482 0)
(0.0375461 -0.0158302 0)
(0.0401648 -0.00910787 0)
(0.0409285 -0.00261069 0)
(0.0401559 0.00338694 0)
(0.0382663 0.00879353 0)
(0.0354558 0.0135731 0)
(0.0318586 0.0176138 0)
(0.0277929 0.0209958 0)
(0.0232438 0.023773 0)
(0.018349 0.0259227 0)
(0.0132524 0.0275058 0)
(0.00801086 0.0283292 0)
(0.00266527 0.0290765 0)
(-0.00714046 0.0896083 0)
(-0.049997 -0.0694327 0)
(0.0428641 -0.0487474 0)
(0.0144367 -0.0453742 0)
(0.0409034 -0.0367822 0)
(0.041339 -0.0287322 0)
(0.0463985 -0.0197017 0)
(0.04848 -0.0106781 0)
(0.0484889 -0.00225615 0)
(0.0469684 0.00520958 0)
(0.0442997 0.0118147 0)
(0.0406248 0.0174295 0)
(0.0361918 0.0222085 0)
(0.0313487 0.0261148 0)
(0.0260766 0.0292257 0)
(0.0204985 0.0316821 0)
(0.0147617 0.0334548 0)
(0.00889504 0.0343732 0)
(0.00295144 0.0351486 0)
(0.0203356 -0.158994 0)
(0.0540428 -0.313646 0)
(0.0712274 -0.311426 0)
(0.0906298 -0.278318 0)
(0.114995 -0.259941 0)
(0.142506 -0.251601 0)
(0.171285 -0.244036 0)
(0.200949 -0.233809 0)
(0.231827 -0.220259 0)
(0.264635 -0.203168 0)
(0.299697 -0.18203 0)
(0.337428 -0.155769 0)
(0.376447 -0.123193 0)
(0.416419 -0.08051 0)
(0.45477 -0.0194489 0)
(0.49148 0.0537014 0)
(0.532183 0.122361 0)
(0.563814 0.197208 0)
(0.568847 0.286834 0)
(0.54611 0.39162 0)
(0.495331 0.516768 0)
(0.483742 0.618152 0)
(0.356937 0.794719 0)
(0.0310992 -0.206707 0)
(0.0706566 -0.336827 0)
(0.0732964 -0.325881 0)
(0.0901154 -0.300685 0)
(0.116732 -0.288944 0)
(0.146834 -0.283574 0)
(0.178595 -0.278208 0)
(0.212498 -0.271332 0)
(0.24918 -0.262742 0)
(0.289649 -0.252615 0)
(0.334726 -0.240661 0)
(0.385161 -0.225924 0)
(0.440694 -0.207342 0)
(0.503144 -0.183375 0)
(0.556455 -0.138721 0)
(0.604142 -0.0815387 0)
(0.639103 -0.0316272 0)
(0.651502 0.0676094 0)
(0.638881 0.214524 0)
(0.620885 0.367513 0)
(0.590918 0.522017 0)
(0.612264 0.639321 0)
(0.566051 0.800134 0)
(0.0518751 -0.269716 0)
(0.0984327 -0.362241 0)
(0.0803593 -0.338902 0)
(0.0982537 -0.330547 0)
(0.133037 -0.328775 0)
(0.171047 -0.327437 0)
(0.209633 -0.325513 0)
(0.250138 -0.323378 0)
(0.29354 -0.319599 0)
(0.339692 -0.313788 0)
(0.388125 -0.304146 0)
(0.436741 -0.287081 0)
(0.485849 -0.259361 0)
(0.515646 -0.214366 0)
(0.49696 -0.10903 0)
(0.49433 -0.00886441 0)
(0.298559 0.0711688 0)
(0.425795 0.184165 0)
(0.488342 0.320952 0)
(0.541256 0.422192 0)
(0.561215 0.528014 0)
(0.629304 0.631866 0)
(0.664323 0.752799 0)
(0.0514444 -0.36903 0)
(0.10709 -0.378866 0)
(0.0947521 -0.341602 0)
(0.128104 -0.36566 0)
(0.173217 -0.376872 0)
(0.215253 -0.37809 0)
(0.246914 -0.369963 0)
(0.272863 -0.36059 0)
(0.294027 -0.347338 0)
(0.305478 -0.329415 0)
(0.304375 -0.305578 0)
(0.292095 -0.273614 0)
(0.268968 -0.238015 0)
(0.254767 -0.154022 0)
(0.21767 -0.00359787 0)
(0.347024 0.122844 0)
(0.161183 0.260262 0)
(-0.191658 -0.00237457 0)
(-0.189111 0.131981 0)
(0.179927 0.35404 0)
(0.360418 0.469292 0)
(0.515068 0.547969 0)
(0.661034 0.682652 0)
(-0.0312386 -0.458889 0)
(-0.00174129 -0.34679 0)
(0.0687843 -0.356525 0)
(0.104367 -0.389896 0)
(0.12167 -0.395168 0)
(0.13706 -0.378106 0)
(0.154483 -0.360627 0)
(0.169249 -0.35019 0)
(0.179733 -0.331695 0)
(0.187038 -0.310887 0)
(0.190148 -0.285266 0)
(0.188185 -0.253086 0)
(0.184246 -0.216861 0)
(0.187795 -0.160679 0)
(0.180835 -0.152623 0)
(0.319873 0.0639674 0)
(0.351944 0.440644 0)
(0.239046 0.401186 0)
(0.166859 0.0706042 0)
(0.0212211 -0.140764 0)
(0.18266 0.202171 0)
(0.294681 0.31904 0)
(0.538183 0.479035 0)
(-0.043836 -0.375408 0)
(-0.0200051 -0.428595 0)
(0.0498502 -0.43963 0)
(0.0892427 -0.43025 0)
(0.110376 -0.418388 0)
(0.128171 -0.408084 0)
(0.147366 -0.396366 0)
(0.166917 -0.382232 0)
(0.185492 -0.364326 0)
(0.20286 -0.341403 0)
(0.218355 -0.313113 0)
(0.231914 -0.278554 0)
(0.245867 -0.241945 0)
(0.269038 -0.199478 0)
(0.303998 -0.156236 0)
(0.357921 -0.0798077 0)
(0.473916 0.277952 0)
(0.61808 0.469492 0)
(0.654322 0.355778 0)
(0.568717 0.173793 0)
(0.461251 0.14499 0)
(0.345482 0.169288 0)
(0.361997 0.170925 0)
(-0.0164673 -0.355002 0)
(0.0148099 -0.511221 0)
(0.0605298 -0.494774 0)
(0.0935698 -0.46374 0)
(0.119501 -0.446431 0)
(0.14438 -0.435211 0)
(0.16938 -0.423449 0)
(0.193812 -0.408068 0)
(0.217306 -0.388346 0)
(0.239712 -0.362954 0)
(0.260814 -0.331811 0)
(0.281327 -0.296697 0)
(0.305618 -0.264296 0)
(0.339516 -0.241424 0)
(0.39269 -0.208791 0)
(0.45693 -0.134612 0)
(0.55021 0.0213504 0)
(0.726922 0.185109 0)
(0.907653 0.261488 0)
(0.980529 0.263154 0)
(0.902386 0.304576 0)
(0.76989 0.386925 0)
(0.36328 0.120556 0)
(0.00641009 -0.364037 0)
(0.0350561 -0.545609 0)
(0.0665502 -0.526071 0)
(0.0966107 -0.492804 0)
(0.12558 -0.475544 0)
(0.154453 -0.46423 0)
(0.183091 -0.451616 0)
(0.211161 -0.435517 0)
(0.238816 -0.415115 0)
(0.266148 -0.388952 0)
(0.293583 -0.357743 0)
(0.321395 -0.326002 0)
(0.354164 -0.301693 0)
(0.394027 -0.29278 0)
(0.445277 -0.282357 0)
(0.518271 -0.228552 0)
(0.616364 -0.112286 0)
(0.746231 -0.00244861 0)
(0.911918 0.0773847 0)
(1.08282 0.189402 0)
(1.15902 0.346338 0)
(1.1556 0.556563 0)
(0.91268 0.540283 0)
(0.0150748 -0.390239 0)
(0.0447695 -0.58301 0)
(0.0741865 -0.558221 0)
(0.104417 -0.524887 0)
(0.135702 -0.508908 0)
(0.167431 -0.497898 0)
(0.199242 -0.485062 0)
(0.231081 -0.468858 0)
(0.263196 -0.448576 0)
(0.295791 -0.42297 0)
(0.329809 -0.392756 0)
(0.364506 -0.363791 0)
(0.402596 -0.343364 0)
(0.441614 -0.340215 0)
(0.481735 -0.343602 0)
(0.537169 -0.312098 0)
(0.619722 -0.226729 0)
(0.730365 -0.146267 0)
(0.868484 -0.0995991 0)
(1.03404 0.0226686 0)
(1.19065 0.255535 0)
(1.3061 0.575422 0)
(1.21425 0.793287 0)
(0.0190911 -0.424441 0)
(0.0516641 -0.61926 0)
(0.0817291 -0.591263 0)
(0.113403 -0.559228 0)
(0.146974 -0.544708 0)
(0.181261 -0.534253 0)
(0.215917 -0.521663 0)
(0.251071 -0.505882 0)
(0.287022 -0.486386 0)
(0.324248 -0.462225 0)
(0.363811 -0.433655 0)
(0.404832 -0.405925 0)
(0.44709 -0.385099 0)
(0.486302 -0.378881 0)
(0.519058 -0.385795 0)
(0.557705 -0.377837 0)
(0.625074 -0.32975 0)
(0.728423 -0.288301 0)
(0.855388 -0.268009 0)
(0.988664 -0.166068 0)
(1.1338 0.081912 0)
(1.27538 0.464962 0)
(1.29388 0.873003 0)
(0.0209771 -0.463994 0)
(0.0561582 -0.656408 0)
(0.0881734 -0.625769 0)
(0.121729 -0.595834 0)
(0.15745 -0.583025 0)
(0.194104 -0.573389 0)
(0.231419 -0.561466 0)
(0.269627 -0.546576 0)
(0.309023 -0.528514 0)
(0.350254 -0.506627 0)
(0.394265 -0.480749 0)
(0.440954 -0.453981 0)
(0.488293 -0.43102 0)
(0.532388 -0.41762 0)
(0.568724 -0.418309 0)
(0.599609 -0.425532 0)
(0.648709 -0.417747 0)
(0.730825 -0.404623 0)
(0.828194 -0.391098 0)
(0.936513 -0.289058 0)
(1.0469 -0.032902 0)
(1.16803 0.376642 0)
(1.21936 0.874403 0)
(0.0218268 -0.506752 0)
(0.0593711 -0.695674 0)
(0.0937915 -0.662794 0)
(0.129499 -0.634973 0)
(0.167304 -0.623851 0)
(0.206193 -0.615254 0)
(0.246016 -0.604362 0)
(0.287037 -0.59076 0)
(0.32952 -0.574489 0)
(0.374013 -0.555204 0)
(0.421286 -0.532659 0)
(0.471789 -0.507985 0)
(0.523937 -0.484086 0)
(0.574686 -0.464586 0)
(0.619905 -0.454461 0)
(0.654332 -0.458334 0)
(0.685326 -0.472006 0)
(0.734466 -0.487425 0)
(0.795092 -0.490909 0)
(0.856542 -0.407098 0)
(0.935287 -0.145328 0)
(1.0186 0.311337 0)
(1.08373 0.86712 0)
(0.0224997 -0.551643 0)
(0.0620991 -0.737116 0)
(0.0986773 -0.702194 0)
(0.136449 -0.676437 0)
(0.176229 -0.667015 0)
(0.217199 -0.659641 0)
(0.259325 -0.650062 0)
(0.302885 -0.638034 0)
(0.348125 -0.623685 0)
(0.395386 -0.606908 0)
(0.445141 -0.587573 0)
(0.497788 -0.565939 0)
(0.552811 -0.543121 0)
(0.608156 -0.520804 0)
(0.660327 -0.50174 0)
(0.703636 -0.490868 0)
(0.730253 -0.497487 0)
(0.75071 -0.520982 0)
(0.769431 -0.527763 0)
(0.775282 -0.442436 0)
(0.793154 -0.179994 0)
(0.834035 0.231931 0)
(0.919988 0.792737 0)
(0.023256 -0.598475 0)
(0.0645359 -0.780502 0)
(0.102801 -0.743697 0)
(0.142387 -0.720023 0)
(0.183958 -0.712337 0)
(0.226809 -0.706346 0)
(0.271009 -0.698323 0)
(0.316874 -0.688124 0)
(0.364662 -0.675828 0)
(0.414592 -0.661378 0)
(0.466823 -0.644706 0)
(0.521486 -0.625851 0)
(0.5783 -0.604832 0)
(0.636058 -0.58191 0)
(0.692261 -0.557483 0)
(0.742343 -0.533231 0)
(0.777667 -0.517399 0)
(0.79331 -0.524791 0)
(0.784107 -0.510258 0)
(0.753909 -0.395738 0)
(0.723913 -0.1605 0)
(0.728189 0.220573 0)
(0.791017 0.680334 0)
(0.0241055 -0.64717 0)
(0.0666497 -0.825304 0)
(0.106069 -0.786894 0)
(0.147148 -0.76545 0)
(0.190262 -0.759565 0)
(0.234741 -0.755118 0)
(0.280761 -0.748894 0)
(0.328705 -0.74081 0)
(0.378886 -0.730845 0)
(0.431545 -0.718851 0)
(0.486727 -0.704663 0)
(0.54446 -0.688139 0)
(0.604201 -0.668747 0)
(0.66521 -0.645978 0)
(0.725825 -0.617979 0)
(0.781715 -0.58524 0)
(0.82926 -0.552391 0)
(0.863177 -0.529345 0)
(0.873037 -0.503387 0)
(0.872276 -0.415465 0)
(0.830473 -0.146458 0)
(0.759948 0.210835 0)
(0.76331 0.574232 0)
(0.0249639 -0.6976 0)
(0.0683129 -0.870903 0)
(0.108353 -0.831343 0)
(0.150565 -0.812373 0)
(0.194895 -0.808376 0)
(0.240677 -0.805649 0)
(0.288208 -0.801494 0)
(0.337955 -0.795871 0)
(0.390326 -0.788678 0)
(0.445686 -0.779651 0)
(0.504189 -0.768465 0)
(0.566057 -0.754713 0)
(0.630635 -0.73745 0)
(0.69788 -0.715697 0)
(0.766001 -0.685842 0)
(0.832184 -0.647684 0)
(0.893852 -0.605402 0)
(0.952326 -0.566865 0)
(0.992338 -0.512945 0)
(1.01577 -0.382748 0)
(1.00467 -0.0817336 0)
(0.918185 0.295053 0)
(0.865331 0.550785 0)
(0.0256963 -0.749496 0)
(0.0693663 -0.916655 0)
(0.109529 -0.876585 0)
(0.152474 -0.860382 0)
(0.197609 -0.858368 0)
(0.244288 -0.857549 0)
(0.292931 -0.85576 0)
(0.344104 -0.853005 0)
(0.398336 -0.849135 0)
(0.456172 -0.843829 0)
(0.517995 -0.836664 0)
(0.584437 -0.826994 0)
(0.654996 -0.813583 0)
(0.730952 -0.794908 0)
(0.809834 -0.766181 0)
(0.891741 -0.726875 0)
(0.97556 -0.68308 0)
(1.06319 -0.634294 0)
(1.14638 -0.559289 0)
(1.20073 -0.407256 0)
(1.21562 -0.0794567 0)
(1.14116 0.363711 0)
(1.05595 0.625825 0)
(0.0261737 -0.802414 0)
(0.0696733 -0.961942 0)
(0.109504 -0.922159 0)
(0.152734 -0.908994 0)
(0.198182 -0.909035 0)
(0.245248 -0.910305 0)
(0.294479 -0.911185 0)
(0.346537 -0.911728 0)
(0.402097 -0.911801 0)
(0.461909 -0.911115 0)
(0.526664 -0.909259 0)
(0.597458 -0.905496 0)
(0.674175 -0.898511 0)
(0.759894 -0.886221 0)
(0.851219 -0.863059 0)
(0.953317 -0.8303 0)
(1.06635 -0.792187 0)
(1.19263 -0.748495 0)
(1.3313 -0.654134 0)
(1.42856 -0.443448 0)
(1.43675 -0.0565215 0)
(1.35117 0.466487 0)
(1.17898 0.813468 0)
(0.0263065 -0.855762 0)
(0.0691443 -1.00621 0)
(0.108224 -0.967594 0)
(0.151242 -0.957643 0)
(0.196431 -0.959759 0)
(0.243274 -0.963259 0)
(0.292423 -0.967055 0)
(0.344618 -0.971278 0)
(0.400678 -0.97589 0)
(0.461569 -0.980744 0)
(0.52832 -0.98559 0)
(0.602477 -0.989846 0)
(0.684562 -0.992404 0)
(0.779678 -0.990812 0)
(0.88298 -0.979963 0)
(1.00963 -0.964073 0)
(1.15414 -0.943571 0)
(1.3309 -0.921995 0)
(1.53288 -0.811829 0)
(1.67033 -0.507506 0)
(1.66042 -0.000851113 0)
(1.51706 0.635045 0)
(1.22169 1.11184 0)
(0.0260445 -0.908841 0)
(0.0677391 -1.04895 0)
(0.105677 -1.0124 0)
(0.147946 -1.0057 0)
(0.192246 -1.00984 0)
(0.238174 -1.01563 0)
(0.286441 -1.02247 0)
(0.337825 -1.0306 0)
(0.393242 -1.04017 0)
(0.453832 -1.05128 0)
(0.520892 -1.06403 0)
(0.596343 -1.07828 0)
(0.68157 -1.09352 0)
(0.78329 -1.10758 0)
(0.895709 -1.11817 0)
(1.04867 -1.13161 0)
(1.21768 -1.14864 0)
(1.45658 -1.17526 0)
(1.71051 -1.03907 0)
(1.85953 -0.581896 0)
(1.83001 0.105055 0)
(1.61197 0.89132 0)
(1.22349 1.50504 0)
(0.0253724 -0.960904 0)
(0.0654687 -1.08974 0)
(0.101906 -1.05605 0)
(0.142868 -1.05248 0)
(0.18563 -1.05851 0)
(0.229909 -1.06653 0)
(0.27642 -1.07637 0)
(0.325905 -1.0884 0)
(0.379304 -1.10299 0)
(0.437801 -1.1206 0)
(0.50278 -1.14178 0)
(0.576312 -1.16712 0)
(0.660542 -1.19707 0)
(0.762515 -1.23083 0)
(0.877767 -1.27109 0)
(1.04838 -1.32571 0)
(1.22147 -1.40792 0)
(1.52558 -1.50273 0)
(1.76345 -1.29893 0)
(1.85998 -0.629649 0)
(1.8259 0.306688 0)
(1.57273 1.24963 0)
(1.11194 1.96929 0)
(0.0243076 -1.0112 0)
(0.0623969 -1.12823 0)
(0.0970082 -1.09805 0)
(0.136121 -1.09732 0)
(0.176725 -1.10501 0)
(0.218647 -1.11507 0)
(0.262531 -1.12764 0)
(0.30902 -1.14325 0)
(0.358969 -1.16247 0)
(0.413433 -1.18612 0)
(0.473632 -1.21526 0)
(0.541413 -1.25118 0)
(0.619071 -1.29548 0)
(0.712311 -1.34957 0)
(0.820057 -1.42118 0)
(0.982742 -1.52197 0)
(1.13226 -1.68324 0)
(1.46551 -1.82539 0)
(1.55696 -1.47188 0)
(1.53045 -0.678934 0)
(1.54129 0.383268 0)
(1.3388 1.5798 0)
(0.840417 2.45505 0)
(0.0228972 -1.05906 0)
(0.0586354 -1.16415 0)
(0.0911441 -1.1379 0)
(0.127917 -1.13962 0)
(0.165825 -1.14866 0)
(0.204771 -1.16043 0)
(0.245267 -1.17527 0)
(0.287802 -1.1938 0)
(0.333039 -1.2168 0)
(0.381741 -1.24534 0)
(0.434744 -1.28085 0)
(0.493289 -1.32516 0)
(0.559025 -1.38074 0)
(0.635278 -1.451 0)
(0.723328 -1.5467 0)
(0.847318 -1.68567 0)
(0.954012 -1.90085 0)
(1.21635 -2.02696 0)
(1.07573 -1.40031 0)
(0.960054 -0.457503 0)
(1.01199 0.54711 0)
(0.911042 1.86756 0)
(0.50558 2.85466 0)
(0.0212111 -1.10389 0)
(0.0543309 -1.19732 0)
(0.0845159 -1.1752 0)
(0.118551 -1.17887 0)
(0.153351 -1.18891 0)
(0.188847 -1.20194 0)
(0.225391 -1.21842 0)
(0.263284 -1.23903 0)
(0.302917 -1.26461 0)
(0.344679 -1.29638 0)
(0.388874 -1.33586 0)
(0.435914 -1.38512 0)
(0.486313 -1.44695 0)
(0.540977 -1.52574 0)
(0.600604 -1.63282 0)
(0.672545 -1.78996 0)
(0.729145 -2.01198 0)
(0.823679 -2.07461 0)
(0.619028 -1.23203 0)
(0.560208 -0.223402 0)
(0.54422 0.67566 0)
(0.492715 2.10382 0)
(0.319947 2.99039 0)
(0.0193356 -1.14524 0)
(0.0496512 -1.22765 0)
(0.0773505 -1.2096 0)
(0.10837 -1.21472 0)
(0.139794 -1.22536 0)
(0.171548 -1.23918 0)
(0.203825 -1.25662 0)
(0.236734 -1.27835 0)
(0.270374 -1.30519 0)
(0.30475 -1.3383 0)
(0.339612 -1.3791 0)
(0.374543 -1.42945 0)
(0.408837 -1.49193 0)
(0.441434 -1.57063 0)
(0.47095 -1.67572 0)
(0.495946 -1.82824 0)
(0.498554 -2.02585 0)
(0.441942 -2.03652 0)
(0.368017 -1.22308 0)
(0.276898 -0.0493531 0)
(0.173585 0.674717 0)
(0.215067 2.20975 0)
(0.318279 2.8158 0)
(0.0173584 -1.18283 0)
(0.0447669 -1.25509 0)
(0.0698811 -1.24087 0)
(0.0977329 -1.24697 0)
(0.125657 -1.25785 0)
(0.153571 -1.27197 0)
(0.181519 -1.28969 0)
(0.209442 -1.31162 0)
(0.237194 -1.33848 0)
(0.264448 -1.37123 0)
(0.29053 -1.41097 0)
(0.314379 -1.45908 0)
(0.334335 -1.5174 0)
(0.347994 -1.5888 0)
(0.352155 -1.6808 0)
(0.340418 -1.81069 0)
(0.293845 -1.96944 0)
(0.16254 -1.94867 0)
(0.115365 -1.11608 0)
(0.0777086 0.114704 0)
(-0.0944542 0.594356 0)
(0.0725906 2.11004 0)
(0.356473 2.52733 0)
(0.015354 -1.21651 0)
(0.0398331 -1.27966 0)
(0.0623309 -1.26891 0)
(0.0869722 -1.27554 0)
(0.11141 -1.28635 0)
(0.13556 -1.30032 0)
(0.159333 -1.31775 0)
(0.182536 -1.33913 0)
(0.204878 -1.36501 0)
(0.225807 -1.39607 0)
(0.244412 -1.43304 0)
(0.25932 -1.47669 0)
(0.268452 -1.52793 0)
(0.268978 -1.58791 0)
(0.257026 -1.66082 0)
(0.223745 -1.75898 0)
(0.150999 -1.87061 0)
(-0.00107921 -1.82091 0)
(-0.075367 -1.06862 0)
(0.0317835 0.222735 0)
(-0.156053 0.685379 0)
(0.0037653 1.77826 0)
(0.322253 2.30549 0)
(0.0133831 -1.24627 0)
(0.034981 -1.30141 0)
(0.0548941 -1.29369 0)
(0.0763785 -1.3005 0)
(0.0974652 -1.31098 0)
(0.118041 -1.32445 0)
(0.137934 -1.34115 0)
(0.156876 -1.36141 0)
(0.174501 -1.38562 0)
(0.190166 -1.41418 0)
(0.202898 -1.44744 0)
(0.211324 -1.48563 0)
(0.213504 -1.52882 0)
(0.207065 -1.57669 0)
(0.188649 -1.63063 0)
(0.150611 -1.69844 0)
(0.0789108 -1.76741 0)
(-0.0424545 -1.69987 0)
(-0.146936 -1.14919 0)
(0.0973429 0.059333 0)
(-0.0921106 0.890064 0)
(-0.00782388 1.45593 0)
(0.25076 2.13742 0)
(0.0114945 -1.27218 0)
(0.0303168 -1.32047 0)
(0.0477249 -1.31528 0)
(0.066185 -1.322 0)
(0.0841327 -1.33194 0)
(0.101396 -1.34467 0)
(0.117777 -1.36035 0)
(0.133004 -1.37916 0)
(0.146676 -1.40133 0)
(0.15816 -1.42706 0)
(0.166577 -1.45637 0)
(0.170765 -1.48913 0)
(0.169266 -1.52481 0)
(0.160492 -1.56217 0)
(0.142323 -1.60093 0)
(0.109994 -1.64594 0)
(0.0542216 -1.68782 0)
(-0.019349 -1.60973 0)
(-0.0840946 -1.14743 0)
(0.113688 -0.135719 0)
(0.0105554 0.946848 0)
(0.085443 1.31647 0)
(0.230309 1.99398 0)
(0.00972574 -1.29445 0)
(0.0259222 -1.33697 0)
(0.0409436 -1.33385 0)
(0.0565683 -1.34027 0)
(0.0716164 -1.34954 0)
(0.0858698 -1.36137 0)
(0.0991316 -1.37585 0)
(0.111161 -1.39307 0)
(0.121575 -1.41311 0)
(0.129809 -1.43602 0)
(0.135151 -1.46167 0)
(0.136775 -1.4897 0)
(0.133828 -1.5193 0)
(0.125509 -1.54886 0)
(0.111071 -1.57724 0)
(0.0875493 -1.60805 0)
(0.0516318 -1.63624 0)
(0.0138377 -1.56739 0)
(0.00667422 -1.18422 0)
(0.148111 -0.259131 0)
(0.169952 0.889957 0)
(0.351874 1.25769 0)
(0.269728 1.92613 0)
(0.00811197 -1.31333 0)
(0.0218653 -1.35111 0)
(0.0346406 -1.34958 0)
(0.0476467 -1.35557 0)
(0.0600428 -1.36409 0)
(0.0715922 -1.37494 0)
(0.0821098 -1.38816 0)
(0.091394 -1.40375 0)
(0.0991087 -1.42173 0)
(0.104782 -1.44205 0)
(0.107871 -1.46453 0)
(0.107919 -1.48876 0)
(0.104626 -1.51393 0)
(0.097981 -1.53847 0)
(0.0880589 -1.56098 0)
(0.0737248 -1.5848 0)
(0.0555236 -1.60858 0)
(0.0432664 -1.55821 0)
(0.0761569 -1.23679 0)
(0.187118 -0.425396 0)
(0.355623 0.756329 0)
(0.661672 1.1996 0)
(0.291321 2.18793 0)
(0.00669594 -1.32901 0)
(0.0182109 -1.36299 0)
(0.0288764 -1.3626 0)
(0.0394892 -1.36808 0)
(0.049477 -1.37583 0)
(0.0586113 -1.38567 0)
(0.0667131 -1.39763 0)
(0.0736249 -1.41167 0)
(0.0790542 -1.42775 0)
(0.0826226 -1.44581 0)
(0.0839378 -1.46568 0)
(0.0828552 -1.48703 0)
(0.0795204 -1.50921 0)
(0.0743793 -1.53103 0)
(0.0681097 -1.55134 0)
(0.060796 -1.5735 0)
(0.0544077 -1.59988 0)
(0.0566203 -1.57345 0)
(0.106754 -1.30729 0)
(0.168521 -0.588326 0)
(0.397024 0.599538 0)
(0.650662 1.10983 0)
(0.233535 2.68034 0)
(0.00552405 -1.34182 0)
(0.0150207 -1.37272 0)
(0.0236944 -1.37308 0)
(0.0321594 -1.378 0)
(0.0399683 -1.38493 0)
(0.0469345 -1.39377 0)
(0.0528951 -1.40449 0)
(0.0577213 -1.41706 0)
(0.061149 -1.43144 0)
(0.0628723 -1.44755 0)
(0.062622 -1.46533 0)
(0.0604213 -1.48457 0)
(0.0566995 -1.5048 0)
(0.0520932 -1.52538 0)
(0.0472959 -1.54574 0)
(0.0430156 -1.56933 0)
(0.0408028 -1.6015 0)
(0.0457866 -1.59722 0)
(0.0916587 -1.37402 0)
(0.116117 -0.701544 0)
(0.295891 0.484633 0)
(0.340655 1.06712 0)
(0.190788 2.88928 0)
(0.00463442 -1.3525 0)
(0.0123558 -1.38074 0)
(0.0191503 -1.38152 0)
(0.0257353 -1.38582 0)
(0.0316062 -1.39192 0)
(0.0366394 -1.39971 0)
(0.0406893 -1.40919 0)
(0.0436431 -1.42032 0)
(0.0452495 -1.43308 0)
(0.0452378 -1.44745 0)
(0.0434053 -1.46338 0)
(0.0399216 -1.48092 0)
(0.0352184 -1.49977 0)
(0.0298868 -1.51972 0)
(0.0245123 -1.54075 0)
(0.0199077 -1.56632 0)
(0.0170119 -1.60395 0)
(0.0194544 -1.6176 0)
(0.0540944 -1.42573 0)
(0.0549827 -0.777771 0)
(0.22842 0.42054 0)
(0.138503 1.06614 0)
(0.164037 2.90271 0)
(0.00403482 -1.36182 0)
(0.0102565 -1.38758 0)
(0.0153373 -1.38849 0)
(0.020313 -1.39215 0)
(0.024501 -1.39745 0)
(0.0278887 -1.4042 0)
(0.0302671 -1.41243 0)
(0.0315439 -1.42213 0)
(0.0314729 -1.43326 0)
(0.0298137 -1.4459 0)
(0.0262883 -1.46008 0)
(0.0211975 -1.47588 0)
(0.0149809 -1.49341 0)
(0.00784503 -1.51275 0)
(0.000226712 -1.53432 0)
(-0.00709501 -1.56111 0)
(-0.0136106 -1.60188 0)
(-0.0142744 -1.62973 0)
(0.00931167 -1.4681 0)
(0.00452949 -0.857884 0)
(0.242548 0.355618 0)
(0.0902722 1.08486 0)
(0.137877 2.86651 0)
(0.00366688 -1.36945 0)
(0.00869222 -1.39266 0)
(0.0123214 -1.39349 0)
(0.0159791 -1.39661 0)
(0.0187628 -1.40113 0)
(0.020829 -1.40689 0)
(0.0218508 -1.41391 0)
(0.0217373 -1.42218 0)
(0.020185 -1.43171 0)
(0.0169554 -1.44256 0)
(0.0118293 -1.45486 0)
(0.00486719 -1.46876 0)
(-0.00361015 -1.48475 0)
(-0.0135141 -1.50324 0)
(-0.0245817 -1.52494 0)
(-0.0359483 -1.55244 0)
(-0.046658 -1.59518 0)
(-0.0505255 -1.63743 0)
(-0.0367302 -1.51893 0)
(-0.0316806 -0.962867 0)
(0.325667 0.244725 0)
(0.120028 1.08379 0)
(0.100589 2.82619 0)
(0.00344114 -1.37424 0)
(0.00760231 -1.39479 0)
(0.0100861 -1.39531 0)
(0.0127663 -1.39794 0)
(0.0145559 -1.4016 0)
(0.0156825 -1.40633 0)
(0.0157448 -1.41208 0)
(0.0146126 -1.41885 0)
(0.0119705 -1.42661 0)
(0.00745504 -1.43542 0)
(0.000773785 -1.44552 0)
(-0.00814652 -1.45717 0)
(-0.0193315 -1.47095 0)
(-0.0330628 -1.48769 0)
(-0.0493021 -1.50842 0)
(-0.0672671 -1.53553 0)
(-0.085857 -1.57868 0)
(-0.101265 -1.63585 0)
(-0.11011 -1.57428 0)
(-0.0845438 -1.09124 0)
(0.317003 0.0373403 0)
(0.084908 1.47639 0)
(0.0517008 2.80674 0)
(0.0033024 -1.37808 0)
(0.00691529 -1.39576 0)
(0.00864976 -1.39581 0)
(0.0107871 -1.39784 0)
(0.0120462 -1.40061 0)
(0.012664 -1.40419 0)
(0.0122884 -1.40852 0)
(0.0107104 -1.41354 0)
(0.00753772 -1.4192 0)
(0.00229685 -1.42551 0)
(-0.00541379 -1.43262 0)
(-0.0159091 -1.44086 0)
(-0.0296528 -1.4509 0)
(-0.0474904 -1.46375 0)
(-0.0699485 -1.48061 0)
(-0.0969695 -1.50368 0)
(-0.128552 -1.54193 0)
(-0.164321 -1.60588 0)
(-0.206297 -1.59894 0)
(-0.201637 -1.20804 0)
(0.0406456 -0.213612 0)
(-0.00426562 1.58984 0)
(-0.009338 2.79943 0)
(0.00318482 -1.38662 0)
(0.00643557 -1.40129 0)
(0.00774998 -1.40096 0)
(0.00962495 -1.40258 0)
(0.010739 -1.40468 0)
(0.0113238 -1.40731 0)
(0.0110843 -1.41036 0)
(0.00975631 -1.41376 0)
(0.00690612 -1.41738 0)
(0.00199837 -1.42109 0)
(-0.00550313 -1.42483 0)
(-0.0161775 -1.42869 0)
(-0.030962 -1.43312 0)
(-0.0513561 -1.43896 0)
(-0.0788159 -1.44729 0)
(-0.114943 -1.45979 0)
(-0.162137 -1.48293 0)
(-0.223003 -1.53328 0)
(-0.308236 -1.56257 0)
(-0.365139 -1.2693 0)
(-0.227007 -0.361361 0)
(-0.158307 1.50952 0)
(-0.0739919 2.76624 0)
(0.00286903 -1.40002 0)
(0.00554874 -1.41146 0)
(0.00639039 -1.41118 0)
(0.00797554 -1.41275 0)
(0.00905468 -1.41464 0)
(0.00979787 -1.41686 0)
(0.00998939 -1.41931 0)
(0.00934967 -1.42186 0)
(0.00749118 -1.42436 0)
(0.00396897 -1.42648 0)
(-0.00167309 -1.42785 0)
(-0.0100865 -1.42806 0)
(-0.0225345 -1.42701 0)
(-0.0410431 -1.42497 0)
(-0.0678834 -1.42238 0)
(-0.106368 -1.41959 0)
(-0.162505 -1.41844 0)
(-0.243867 -1.43003 0)
(-0.37668 -1.44871 0)
(-0.531382 -1.24354 0)
(-0.493826 -0.310208 0)
(-0.321978 1.42222 0)
(-0.13362 2.67029 0)
(0.00208903 -1.4062 0)
(0.00378876 -1.41405 0)
(0.00400594 -1.41419 0)
(0.00495174 -1.41564 0)
(0.00567049 -1.41733 0)
(0.00620474 -1.41925 0)
(0.00641826 -1.42131 0)
(0.00612978 -1.42334 0)
(0.00513374 -1.425 0)
(0.00324779 -1.42581 0)
(0.000272922 -1.4253 0)
(-0.00427495 -1.42308 0)
(-0.0115791 -1.41874 0)
(-0.0235767 -1.41138 0)
(-0.0423784 -1.39937 0)
(-0.0709018 -1.38096 0)
(-0.115651 -1.3544 0)
(-0.187135 -1.31821 0)
(-0.318442 -1.27699 0)
(-0.541147 -1.14099 0)
(-0.632774 -0.422199 0)
(-0.384476 1.17591 0)
(-0.142837 2.5667 0)
(0.000839 -1.39365 0)
(0.00129748 -1.39846 0)
(0.00101424 -1.39909 0)
(0.00114758 -1.40019 0)
(0.00124748 -1.40135 0)
(0.00132304 -1.4025 0)
(0.00132857 -1.40347 0)
(0.00117732 -1.40405 0)
(0.000756919 -1.40394 0)
(-3.24248e-05 -1.40273 0)
(-0.00128074 -1.39981 0)
(-0.00310223 -1.39436 0)
(-0.00571886 -1.38536 0)
(-0.00958115 -1.37169 0)
(-0.0154994 -1.35151 0)
(-0.0249288 -1.32145 0)
(-0.0403267 -1.27623 0)
(-0.0656794 -1.2086 0)
(-0.110825 -1.10832 0)
(-0.189878 -0.957955 0)
(-0.174144 -0.665099 0)
(0.142016 0.369595 0)
(0.20717 2.31431 0)
(0.346302 0.455729 0)
(-0.419202 -0.301185 0)
(-0.063571 0.105772 0)
(-0.110267 0.160178 0)
(0.585557 0.736085 0)
(0.2961 0.38084 0)
(-0.569648 -0.245962 0)
(-0.119612 -0.0394985 0)
(0.699367 0.813943 0)
(0.579882 0.669285 0)
(0.18796 0.217752 0)
(-0.201816 -0.0699284 0)
(0.750438 0.81667 0)
(0.719627 0.826811 0)
(0.546109 0.640506 0)
(0.0726911 0.301191 0)
(0.74292 0.741788 0)
(0.785985 0.894462 0)
(0.691028 0.835966 0)
(0.41968 0.575171 0)
(0.707386 0.59744 0)
(0.82122 0.905638 0)
(0.767654 0.961193 0)
(0.612704 0.815027 0)
(0.639798 0.260112 0)
(0.830552 0.836886 0)
(0.8088 1.05065 0)
(0.700471 0.987438 0)
(0.703898 0.00535831 0)
(0.844768 0.782482 0)
(0.831546 1.11222 0)
(0.744393 1.12204 0)
(0.927639 0.163304 0)
(0.876209 0.770418 0)
(0.836079 1.17191 0)
(0.75725 1.22892 0)
(1.06433 0.514531 0)
(0.920406 0.814325 0)
(0.829132 1.24589 0)
(0.749142 1.33135 0)
(1.0627 0.746887 0)
(0.948431 0.89644 0)
(0.81514 1.34088 0)
(0.728787 1.43371 0)
(1.02469 0.893045 0)
(0.953364 0.988752 0)
(0.793454 1.44962 0)
(0.699292 1.53752 0)
(0.999947 0.927875 0)
(0.93337 1.1013 0)
(0.760837 1.57525 0)
(0.660724 1.64203 0)
(0.981964 0.865673 0)
(0.88844 1.23793 0)
(0.718678 1.70921 0)
(0.615457 1.74636 0)
(0.957876 0.742713 0)
(0.828134 1.39865 0)
(0.669786 1.84422 0)
(0.568003 1.85078 0)
(0.941909 0.660522 0)
(0.765533 1.56507 0)
(0.616134 1.97349 0)
(0.523786 1.94968 0)
(0.936793 0.758024 0)
(0.705353 1.73305 0)
(0.561277 2.09081 0)
(0.483981 2.03099 0)
(0.886282 1.02168 0)
(0.64666 1.8984 0)
(0.509903 2.19815 0)
(0.445081 2.08952 0)
(0.84696 1.32804 0)
(0.591289 2.05894 0)
(0.464078 2.29226 0)
(0.399981 2.12619 0)
(0.776792 1.67037 0)
(0.5245 2.23439 0)
(0.413647 2.39036 0)
(0.344399 2.15352 0)
(0.671924 2.0456 0)
(0.458849 2.38795 0)
(0.362646 2.48467 0)
(0.312339 2.22126 0)
(0.517247 2.3367 0)
(0.398641 2.51541 0)
(0.315017 2.54737 0)
(0.290992 2.28732 0)
(0.44774 2.45778 0)
(0.349899 2.60864 0)
(0.272454 2.59503 0)
(0.269976 2.28873 0)
(0.406131 2.50789 0)
(0.302607 2.69487 0)
(0.235705 2.63763 0)
(0.258069 2.22717 0)
(0.36146 2.55468 0)
(0.256175 2.77341 0)
(0.205506 2.66823 0)
(0.266174 2.06807 0)
(0.301091 2.68324 0)
(0.21498 2.83592 0)
(0.179215 2.67733 0)
(0.256665 1.87313 0)
(0.260409 2.81971 0)
(0.18093 2.88537 0)
(0.148904 2.66511 0)
(0.18111 1.89727 0)
(0.236249 2.90019 0)
(0.14619 2.9538 0)
(0.113992 2.64645 0)
(0.0822497 2.16052 0)
(0.215627 2.95013 0)
(0.114327 3.02789 0)
(0.107454 2.65384 0)
(-0.0107299 2.5024 0)
(0.193367 3.01331 0)
(0.0947306 3.06782 0)
(0.116513 2.70584 0)
(-0.141215 2.86384 0)
(0.175557 3.09061 0)
(0.0829757 3.08961 0)
(0.0658187 2.8257 0)
(-0.283956 3.18921 0)
(0.1669 3.17312 0)
(0.0771458 3.15328 0)
(-0.0378345 3.00059 0)
(-0.352867 3.41326 0)
(0.16546 3.23893 0)
(0.0982081 3.31205 0)
(-0.0490049 3.17395 0)
(-0.229089 3.47088 0)
(0.165615 3.27689 0)
(0.123853 3.39064 0)
(0.0757022 3.27782 0)
(0.0529546 3.34609 0)
(0.160594 3.28924 0)
(0.135351 3.40141 0)
(0.17196 3.24005 0)
(0.258037 3.20411 0)
(0.146831 3.28316 0)
(0.134341 3.38052 0)
(0.208227 3.15373 0)
(0.322903 3.05722 0)
(0.125262 3.26295 0)
(0.120588 3.33355 0)
(0.223904 3.05696 0)
(0.40269 2.84236 0)
(0.0991437 3.22539 0)
(0.0988149 3.26153 0)
(0.244753 2.91507 0)
(0.560843 2.49228 0)
(0.0722693 3.16618 0)
(0.0651172 3.14905 0)
(0.287063 2.67378 0)
(0.699309 2.11274 0)
(0.0450397 3.08184 0)
(0.0195767 2.98964 0)
(0.311805 2.35495 0)
(0.696704 1.77932 0)
(0.0216842 2.98373 0)
(-0.031675 2.86447 0)
(0.2682 2.14578 0)
(0.453704 1.53212 0)
(-0.00881683 3.23594 0)
(-0.312596 2.75944 0)
(-0.186918 1.85477 0)
(-0.0544755 1.32643 0)
(-0.0462773 0.044519 0)
(-0.0434817 -0.10363 0)
(0.0169318 -0.081052 0)
(0.0130834 -0.0489319 0)
(0.042332 -0.046444 0)
(0.0483211 -0.034027 0)
(0.0541119 -0.0225298 0)
(0.0561453 -0.0114578 0)
(0.0555755 -0.00142188 0)
(0.0532136 0.00728454 0)
(0.0496587 0.0148417 0)
(0.0451721 0.0210909 0)
(0.0399954 0.02636 0)
(0.0343877 0.0306514 0)
(0.0284798 0.0340234 0)
(0.0223299 0.0366512 0)
(0.0160134 0.0385453 0)
(0.00962059 0.0395474 0)
(0.00318399 0.040324 0)
(-0.0840679 -0.0315602 0)
(0.0255494 -0.110943 0)
(-0.00876663 -0.0951541 0)
(0.0302211 -0.0650375 0)
(0.0478247 -0.0558145 0)
(0.0564742 -0.0394005 0)
(0.0615611 -0.0247855 0)
(0.0629336 -0.0116727 0)
(0.0615209 -0.00030377 0)
(0.0583559 0.00937065 0)
(0.0540102 0.0176113 0)
(0.0487714 0.0243232 0)
(0.0429775 0.0298844 0)
(0.0367879 0.034397 0)
(0.0303449 0.0379446 0)
(0.0237271 0.0406436 0)
(0.0169923 0.0426089 0)
(0.0101943 0.0436649 0)
(0.00336686 0.0444236 0)
(-0.134023 -0.125701 0)
(-0.029756 -0.139996 0)
(-0.00159737 -0.101872 0)
(0.0362897 -0.0832723 0)
(0.0565697 -0.0640422 0)
(0.0661711 -0.0441422 0)
(0.0703541 -0.0264729 0)
(0.0706711 -0.011363 0)
(0.0681914 0.00139301 0)
(0.0640073 0.0120055 0)
(0.0587016 0.0208137 0)
(0.0526099 0.0279662 0)
(0.0461161 0.0337869 0)
(0.0392913 0.038475 0)
(0.0322827 0.0421289 0)
(0.0251741 0.044905 0)
(0.0179999 0.0469168 0)
(0.0107802 0.0479988 0)
(0.00355402 0.0487167 0)
(-0.27461 -0.173192 0)
(-0.0590334 -0.213509 0)
(0.00690691 -0.131753 0)
(0.0484054 -0.101216 0)
(0.0689894 -0.0730712 0)
(0.0779683 -0.0483027 0)
(0.0807419 -0.0273944 0)
(0.0794575 -0.0101712 0)
(0.0755374 0.00383548 0)
(0.0700661 0.0153434 0)
(0.0636751 0.024613 0)
(0.0566434 0.0321173 0)
(0.0493687 0.0381181 0)
(0.0418711 0.0429177 0)
(0.0342667 0.0466297 0)
(0.0266513 0.0494538 0)
(0.0190211 0.0514831 0)
(0.0113731 0.0525814 0)
(0.00374447 0.0532383 0)
(-0.0572826 0.0111069 0)
(-0.116451 -0.312616 0)
(0.0358792 -0.169198 0)
(0.0662695 -0.119021 0)
(0.0858576 -0.0813956 0)
(0.0923595 -0.051105 0)
(0.0926846 -0.0270135 0)
(0.0891915 -0.00789948 0)
(0.0834752 0.00727674 0)
(0.0765273 0.0194717 0)
(0.0688551 0.0290902 0)
(0.0608068 0.0368183 0)
(0.0526852 0.0429362 0)
(0.0444814 0.0477508 0)
(0.036272 0.0514824 0)
(0.0281407 0.0543016 0)
(0.0200425 0.0563218 0)
(0.0119634 0.0574327 0)
(0.0039334 0.0580067 0)
(0.202728 0.365975 0)
(-0.126039 -0.339314 0)
(0.0736417 -0.221903 0)
(0.0942346 -0.135536 0)
(0.107149 -0.0867553 0)
(0.109218 -0.05179 0)
(0.106004 -0.0248041 0)
(0.0998036 -0.00421014 0)
(0.0919105 0.0119205 0)
(0.0832039 0.0244723 0)
(0.074166 0.0343095 0)
(0.0650449 0.0421075 0)
(0.0560173 0.0482385 0)
(0.0470827 0.052994 0)
(0.038267 0.0566903 0)
(0.0296107 0.0594547 0)
(0.0210549 0.0614331 0)
(0.0125486 0.0625417 0)
(0.00411939 0.0630185 0)
(0.363787 0.58936 0)
(0.00499889 -0.299281 0)
(0.0976231 -0.2709 0)
(0.129071 -0.14948 0)
(0.132741 -0.0875789 0)
(0.128077 -0.0493141 0)
(0.120446 -0.0204234 0)
(0.110931 0.00125806 0)
(0.100616 0.0177399 0)
(0.0900032 0.0304567 0)
(0.0795149 0.0403304 0)
(0.0692558 0.0480198 0)
(0.059306 0.0540224 0)
(0.0496347 0.0586583 0)
(0.0402187 0.0622382 0)
(0.0310418 0.0649085 0)
(0.0220361 0.066813 0)
(0.0131173 0.0678951 0)
(0.00430202 0.0682551 0)
(0.490788 0.807251 0)
(0.150442 -0.193279 0)
(0.139249 -0.290904 0)
(0.1636 -0.156704 0)
(0.160519 -0.0837893 0)
(0.148096 -0.0430922 0)
(0.135525 -0.0136338 0)
(0.122346 0.00847008 0)
(0.109336 0.0249897 0)
(0.0967815 0.0375292 0)
(0.0847743 0.0471337 0)
(0.0733475 0.0545416 0)
(0.0624874 0.0603052 0)
(0.0520916 0.0647343 0)
(0.0420859 0.0681315 0)
(0.0324101 0.070656 0)
(0.0229712 0.0724454 0)
(0.0136571 0.0734869 0)
(0.00447529 0.0737145 0)
(0.572588 0.994803 0)
(0.231891 -0.0671996 0)
(0.19583 -0.289646 0)
(0.198842 -0.155175 0)
(0.188276 -0.0749028 0)
(0.168577 -0.0330527 0)
(0.150557 -0.00396784 0)
(0.133712 0.0176837 0)
(0.117913 0.0337178 0)
(0.103291 0.0456653 0)
(0.089786 0.0547338 0)
(0.0772381 0.0617062 0)
(0.0655035 0.0670867 0)
(0.0544058 0.0712002 0)
(0.0438375 0.0743533 0)
(0.0336831 0.0766792 0)
(0.0238399 0.0783251 0)
(0.0141652 0.0793037 0)
(0.00464009 0.0793897 0)
(0.607091 1.15215 0)
(0.292476 0.0415236 0)
(0.256989 -0.27709 0)
(0.236072 -0.145752 0)
(0.214987 -0.0602984 0)
(0.188668 -0.0191193 0)
(0.165096 0.00865881 0)
(0.144489 0.0289961 0)
(0.125958 0.0438292 0)
(0.109368 0.0548322 0)
(0.0944451 0.0631585 0)
(0.0808278 0.069486 0)
(0.0682578 0.0743382 0)
(0.0565209 0.0780445 0)
(0.0454346 0.0808719 0)
(0.0348431 0.0829559 0)
(0.0246306 0.084437 0)
(0.0146265 0.0853274 0)
(0.00479233 0.085261 0)
(0.606171 1.27699 0)
(0.350012 0.143747 0)
(0.321887 -0.251129 0)
(0.273799 -0.127549 0)
(0.2401 -0.0398436 0)
(0.20734 -0.00134257 0)
(0.178483 0.0238908 0)
(0.154244 0.0421759 0)
(0.133209 0.0552592 0)
(0.114841 0.0650099 0)
(0.0986033 0.0722957 0)
(0.0839984 0.0777977 0)
(0.0706979 0.0820005 0)
(0.0583841 0.0852233 0)
(0.0468381 0.0876608 0)
(0.0358674 0.0894683 0)
(0.025326 0.0907403 0)
(0.0150334 0.0915288 0)
(0.0049293 0.0913072 0)
(0.589324 1.38102 0)
(0.391725 0.208339 0)
(0.383335 -0.212948 0)
(0.309072 -0.098892 0)
(0.26206 -0.0138693 0)
(0.223535 0.0201413 0)
(0.190226 0.0416109 0)
(0.162665 0.05701 0)
(0.139391 0.0679275 0)
(0.119507 0.076073 0)
(0.102114 0.0820509 0)
(0.0866807 0.0865886 0)
(0.0727554 0.0900379 0)
(0.0599621 0.0926891 0)
(0.0480254 0.0946774 0)
(0.0367295 0.096177 0)
(0.0259098 0.0972209 0)
(0.015382 0.0978815 0)
(0.00504774 0.097512 0)
(0.558458 1.45365 0)
(0.42856 0.240413 0)
(0.430742 -0.166502 0)
(0.337948 -0.0626007 0)
(0.279999 0.0163995 0)
(0.236537 0.0446491 0)
(0.199559 0.0613407 0)
(0.169307 0.0732297 0)
(0.144299 0.0816751 0)
(0.123186 0.0878198 0)
(0.104876 0.0923354 0)
(0.0887985 0.0957661 0)
(0.0743832 0.0983765 0)
(0.0611996 0.100386 0)
(0.0489639 0.101904 0)
(0.0374262 0.103052 0)
(0.0263765 0.103849 0)
(0.0156592 0.10436 0)
(0.00514433 0.103857 0)
(0.513262 1.49537 0)
(0.443866 0.243807 0)
(0.455543 -0.118656 0)
(0.357202 -0.0208659 0)
(0.293299 0.0498684 0)
(0.245774 0.0711963 0)
(0.206187 0.0825943 0)
(0.174036 0.0905567 0)
(0.147732 0.0961365 0)
(0.125727 0.10008 0)
(0.106813 0.103012 0)
(0.0902867 0.105245 0)
(0.0755305 0.10695 0)
(0.0620933 0.108274 0)
(0.0496457 0.109297 0)
(0.0379191 0.110048 0)
(0.0267131 0.110592 0)
(0.0158644 0.110945 0)
(0.00521374 0.110304 0)
(0.466395 1.53729 0)
(0.456771 0.242592 0)
(0.469277 -0.0721648 0)
(0.368422 0.0246096 0)
(0.301616 0.0857748 0)
(0.251026 0.0996116 0)
(0.209832 0.105006 0)
(0.176511 0.108601 0)
(0.149533 0.111058 0)
(0.127076 0.112717 0)
(0.107863 0.11396 0)
(0.0911081 0.114921 0)
(0.0761772 0.115679 0)
(0.0626013 0.116291 0)
(0.0500324 0.116774 0)
(0.0382123 0.117137 0)
(0.0269245 0.117422 0)
(0.0159868 0.117599 0)
(0.00525463 0.116818 0)
(0.438998 1.57198 0)
(0.528894 0.246703 0)
(0.490709 -0.0194002 0)
(0.376008 0.074662 0)
(0.305373 0.123421 0)
(0.25193 0.128718 0)
(0.210046 0.12781 0)
(0.176619 0.126977 0)
(0.14963 0.126205 0)
(0.127166 0.125503 0)
(0.107974 0.124997 0)
(0.0912285 0.12466 0)
(0.076303 0.12445 0)
(0.0627224 0.124342 0)
(0.0501402 0.12429 0)
(0.0383034 0.124279 0)
(0.0269904 0.124284 0)
(0.016027 0.124283 0)
(0.00526897 0.123366 0)
(0.441926 1.5357 0)
(0.676456 0.248436 0)
(0.506543 0.054203 0)
(0.378021 0.130445 0)
(0.302744 0.161864 0)
(0.248084 0.157484 0)
(0.207039 0.150401 0)
(0.174366 0.145199 0)
(0.147982 0.141205 0)
(0.125984 0.138163 0)
(0.107148 0.135938 0)
(0.0906564 0.134332 0)
(0.0759105 0.133179 0)
(0.0624575 0.132359 0)
(0.0499652 0.13179 0)
(0.0381918 0.131396 0)
(0.0269173 0.131121 0)
(0.0159857 0.130965 0)
(0.00525726 0.129916 0)
(0.470156 1.32428 0)
(0.723825 0.296194 0)
(0.477552 0.144282 0)
(0.366978 0.187055 0)
(0.291673 0.199581 0)
(0.239296 0.185605 0)
(0.200771 0.172254 0)
(0.169805 0.162755 0)
(0.144655 0.155709 0)
(0.123582 0.150455 0)
(0.105424 0.146612 0)
(0.0894182 0.143811 0)
(0.0750198 0.141766 0)
(0.061822 0.140281 0)
(0.049517 0.139217 0)
(0.0378728 0.138457 0)
(0.0267123 0.137927 0)
(0.0158785 0.137616 0)
(0.00522125 0.136437 0)
(0.462759 1.08741 0)
(0.568471 0.394003 0)
(0.409535 0.223228 0)
(0.340433 0.236855 0)
(0.272524 0.233785 0)
(0.225769 0.211598 0)
(0.1913 0.19262 0)
(0.163055 0.179183 0)
(0.139777 0.169359 0)
(0.120051 0.162135 0)
(0.102874 0.156849 0)
(0.0875657 0.152987 0)
(0.0736708 0.15013 0)
(0.0608436 0.148043 0)
(0.0488115 0.146518 0)
(0.0373772 0.145427 0)
(0.0263843 0.144679 0)
(0.0156911 0.144204 0)
(0.00516061 0.142898 0)
(0.361748 1.03803 0)
(0.37823 0.452663 0)
(0.340182 0.272941 0)
(0.303982 0.275443 0)
(0.247471 0.262506 0)
(0.208678 0.234186 0)
(0.179201 0.210717 0)
(0.154392 0.194027 0)
(0.133541 0.181897 0)
(0.115559 0.173015 0)
(0.0996183 0.166504 0)
(0.0851806 0.161707 0)
(0.0719109 0.158188 0)
(0.0595542 0.155579 0)
(0.0478753 0.153654 0)
(0.0367181 0.152267 0)
(0.0259415 0.151303 0)
(0.015435 0.150692 0)
(0.00507833 0.149267 0)
(0.248559 1.04836 0)
(0.277129 0.455584 0)
(0.282875 0.298202 0)
(0.264557 0.303653 0)
(0.219514 0.285421 0)
(0.188895 0.252788 0)
(0.165019 0.226041 0)
(0.144257 0.206934 0)
(0.126245 0.193095 0)
(0.11027 0.182929 0)
(0.095751 0.175471 0)
(0.0823513 0.16995 0)
(0.0698358 0.165885 0)
(0.0580083 0.162847 0)
(0.0467404 0.160587 0)
(0.0359058 0.15894 0)
(0.0253949 0.157786 0)
(0.0151205 0.157059 0)
(0.00497596 0.155522 0)
(0.224578 1.04837 0)
(0.233828 0.441383 0)
(0.23491 0.313369 0)
(0.225791 0.325195 0)
(0.189977 0.302603 0)
(0.167443 0.267109 0)
(0.149454 0.238286 0)
(0.133097 0.217651 0)
(0.118198 0.202726 0)
(0.104425 0.191742 0)
(0.0914804 0.183664 0)
(0.079192 0.177676 0)
(0.0674807 0.173182 0)
(0.0562498 0.169802 0)
(0.0454368 0.167277 0)
(0.0349684 0.165422 0)
(0.0247619 0.164111 0)
(0.0147543 0.163281 0)
(0.00485644 0.161643 0)
(0.284067 1.05555 0)
(0.187732 0.442537 0)
(0.189079 0.328966 0)
(0.186624 0.34143 0)
(0.159085 0.314514 0)
(0.144925 0.277097 0)
(0.133096 0.247281 0)
(0.121394 0.226001 0)
(0.109763 0.210612 0)
(0.0982782 0.199372 0)
(0.0869632 0.191031 0)
(0.0758217 0.184777 0)
(0.0649338 0.18004 0)
(0.0543319 0.176431 0)
(0.0440112 0.173709 0)
(0.0339305 0.171681 0)
(0.0240539 0.170249 0)
(0.0143439 0.169335 0)
(0.00472231 0.167603 0)
(0.358225 1.11725 0)
(0.117966 0.464292 0)
(0.136641 0.341941 0)
(0.143962 0.350624 0)
(0.127017 0.320529 0)
(0.121912 0.28239 0)
(0.11656 0.252774 0)
(0.1096 0.23194 0)
(0.101314 0.216871 0)
(0.0921436 0.205845 0)
(0.082386 0.197569 0)
(0.0723612 0.191278 0)
(0.0622946 0.186452 0)
(0.052313 0.182731 0)
(0.0424804 0.179873 0)
(0.0328114 0.177719 0)
(0.0232933 0.17619 0)
(0.013898 0.175208 0)
(0.00457571 0.173389 0)
(0.330428 1.24551 0)
(0.0354794 0.496237 0)
(0.0699627 0.34315 0)
(0.0976385 0.350262 0)
(0.0944515 0.319504 0)
(0.0991984 0.282741 0)
(0.100663 0.254677 0)
(0.0984367 0.235416 0)
(0.0932554 0.221572 0)
(0.0861986 0.211216 0)
(0.0779055 0.203324 0)
(0.0689275 0.197219 0)
(0.0596328 0.192441 0)
(0.0502455 0.188688 0)
(0.0408933 0.185762 0)
(0.031635 0.183533 0)
(0.0224824 0.181923 0)
(0.0134218 0.180885 0)
(0.00441881 0.178986 0)
(0.0977097 1.41886 0)
(-0.0513564 0.518998 0)
(-0.015135 0.325087 0)
(0.0488266 0.336892 0)
(0.0628893 0.310408 0)
(0.0780583 0.277467 0)
(0.0861796 0.253301 0)
(0.0884661 0.236754 0)
(0.0860288 0.224746 0)
(0.0807379 0.215582 0)
(0.0736964 0.20839 0)
(0.0656233 0.202651 0)
(0.0570116 0.198039 0)
(0.0481694 0.194326 0)
(0.0392762 0.19138 0)
(0.0304195 0.189103 0)
(0.0216366 0.187437 0)
(0.0129209 0.186359 0)
(0.00425154 0.184384 0)
(-0.234543 1.56092 0)
(-0.149089 0.506751 0)
(-0.104114 0.283244 0)
(0.000928843 0.307031 0)
(0.0345518 0.292969 0)
(0.0602975 0.267402 0)
(0.0746017 0.249036 0)
(0.0802326 0.236311 0)
(0.0798901 0.226738 0)
(0.0759828 0.219138 0)
(0.069884 0.212878 0)
(0.0625256 0.207655 0)
(0.0544836 0.203291 0)
(0.046118 0.199678 0)
(0.0376484 0.196743 0)
(0.0291793 0.194437 0)
(0.0207665 0.192732 0)
(0.012401 0.191623 0)
(0.00407604 0.189574 0)
(-0.480486 1.66738 0)
(-0.242525 0.456799 0)
(-0.180662 0.214488 0)
(-0.0402189 0.260626 0)
(0.0134766 0.266488 0)
(0.0475033 0.253448 0)
(0.0662058 0.242365 0)
(0.0741733 0.23441 0)
(0.0751621 0.2279 0)
(0.0720788 0.222129 0)
(0.066574 0.216944 0)
(0.0596964 0.212327 0)
(0.0520796 0.208262 0)
(0.044113 0.204776 0)
(0.036022 0.201867 0)
(0.0279223 0.199545 0)
(0.0198756 0.197805 0)
(0.0118654 0.196673 0)
(0.0038947 0.194545 0)
(-0.576397 1.74734 0)
(-0.304672 0.383411 0)
(-0.230954 0.122865 0)
(-0.0670856 0.200076 0)
(0.00282511 0.234039 0)
(0.0418439 0.236279 0)
(0.0620474 0.23429 0)
(0.0707568 0.231899 0)
(0.0720407 0.228711 0)
(0.0691145 0.224889 0)
(0.0637994 0.220819 0)
(0.0571567 0.216791 0)
(0.049813 0.213022 0)
(0.0421565 0.209656 0)
(0.0344005 0.206771 0)
(0.026651 0.20443 0)
(0.0189641 0.202657 0)
(0.0113157 0.201504 0)
(0.0037101 0.19929 0)
(-0.559972 1.8094 0)
(-0.315219 0.300199 0)
(-0.24141 0.0186893 0)
(-0.0729559 0.131135 0)
(0.00585402 0.198834 0)
(0.0438081 0.218657 0)
(0.0626492 0.226467 0)
(0.0701572 0.229723 0)
(0.0705445 0.229737 0)
(0.0670849 0.227739 0)
(0.0615309 0.224685 0)
(0.0548676 0.221165 0)
(0.0476635 0.217635 0)
(0.0402394 0.214356 0)
(0.0327764 0.211476 0)
(0.0253613 0.209099 0)
(0.0180309 0.207286 0)
(0.010751 0.206108 0)
(0.00352234 0.203809 0)
(-0.462291 1.84385 0)
(-0.249242 0.225196 0)
(-0.193946 -0.0820605 0)
(-0.0528456 0.0625757 0)
(0.0236786 0.164875 0)
(0.054675 0.203464 0)
(0.0680466 0.22057 0)
(0.0721976 0.228801 0)
(0.0705062 0.231526 0)
(0.0658504 0.230987 0)
(0.0596809 0.228691 0)
(0.0527798 0.225553 0)
(0.0455935 0.222167 0)
(0.0383367 0.218908 0)
(0.031135 0.215994 0)
(0.0240426 0.213559 0)
(0.0170691 0.211688 0)
(0.0101689 0.210478 0)
(0.00333114 0.208093 0)
(-0.271653 1.82782 0)
(-0.0954438 0.163 0)
(-0.0891657 -0.156751 0)
(-0.00533104 0.00994092 0)
(0.0560024 0.141043 0)
(0.0733381 0.194028 0)
(0.0774557 0.218203 0)
(0.0763426 0.230011 0)
(0.0715746 0.234561 0)
(0.0651723 0.234923 0)
(0.0580976 0.233022 0)
(0.0508038 0.230042 0)
(0.043539 0.226661 0)
(0.0364072 0.223338 0)
(0.029452 0.220333 0)
(0.022681 0.217808 0)
(0.0160716 0.215861 0)
(0.00956473 0.214607 0)
(0.00313328 0.212134 0)
(-0.00244614 1.76374 0)
(0.128177 0.117206 0)
(0.0570926 -0.201174 0)
(0.0625771 -0.0115549 0)
(0.0980392 0.133388 0)
(0.0969491 0.192946 0)
(0.0894028 0.220667 0)
(0.0817187 0.23404 0)
(0.0732162 0.239203 0)
(0.0647287 0.23974 0)
(0.0565736 0.237799 0)
(0.0488028 0.234682 0)
(0.0414238 0.231144 0)
(0.034405 0.227652 0)
(0.0276971 0.224493 0)
(0.0212586 0.221842 0)
(0.0150284 0.219794 0)
(0.00893335 0.218483 0)
(0.00292657 0.215924 0)
(0.260558 1.72926 0)
(0.386722 0.0943638 0)
(0.224901 -0.206143 0)
(0.145225 0.00338085 0)
(0.143942 0.144558 0)
(0.121894 0.201689 0)
(0.10194 0.228684 0)
(0.0872075 0.241231 0)
(0.0747718 0.245619 0)
(0.0641307 0.245511 0)
(0.0548731 0.243044 0)
(0.0466328 0.23949 0)
(0.0391588 0.235612 0)
(0.0322714 0.231841 0)
(0.0258392 0.228463 0)
(0.0197564 0.225644 0)
(0.0139281 0.223478 0)
(0.00826931 0.222092 0)
(0.00270938 0.219449 0)
(0.470439 1.71622 0)
(0.650512 0.0944979 0)
(0.398136 -0.154986 0)
(0.230826 0.0549107 0)
(0.186215 0.17406 0)
(0.144188 0.220342 0)
(0.112909 0.242236 0)
(0.0915995 0.251528 0)
(0.0755428 0.253753 0)
(0.062965 0.252188 0)
(0.0527518 0.24871 0)
(0.0441437 0.244435 0)
(0.036652 0.24003 0)
(0.0299558 0.235886 0)
(0.0238434 0.232232 0)
(0.0181568 0.22921 0)
(0.012763 0.226893 0)
(0.00756554 0.225419 0)
(0.00247944 0.222695 0)
(0.654575 1.65052 0)
(0.887498 0.137987 0)
(0.530099 -0.0369399 0)
(0.300171 0.137325 0)
(0.21904 0.218428 0)
(0.16037 0.247541 0)
(0.120282 0.260559 0)
(0.0937632 0.264473 0)
(0.0748773 0.26333 0)
(0.0608466 0.259596 0)
(0.0499808 0.254683 0)
(0.041199 0.249435 0)
(0.0338237 0.244354 0)
(0.0274151 0.239742 0)
(0.0216865 0.235759 0)
(0.0164353 0.232503 0)
(0.0115146 0.230026 0)
(0.00681906 0.228445 0)
(0.00223534 0.225644 0)
(0.900322 1.39059 0)
(1.03055 0.225946 0)
(0.58706 0.133173 0)
(0.339608 0.238609 0)
(0.23653 0.272319 0)
(0.167699 0.280683 0)
(0.122476 0.282237 0)
(0.092795 0.279265 0)
(0.0722507 0.273876 0)
(0.0574631 0.267446 0)
(0.0463737 0.260781 0)
(0.0376902 0.254372 0)
(0.0306061 0.248505 0)
(0.0246021 0.243349 0)
(0.0193401 0.238996 0)
(0.0145915 0.235479 0)
(0.0101852 0.232843 0)
(0.00602157 0.231153 0)
(0.0019769 0.228277 0)
(1.0884 1.08691 0)
(0.978636 0.376776 0)
(0.557096 0.322833 0)
(0.343144 0.340353 0)
(0.235512 0.329028 0)
(0.164783 0.31634 0)
(0.118591 0.305425 0)
(0.0881428 0.294871 0)
(0.0673254 0.284781 0)
(0.0526082 0.275367 0)
(0.0418067 0.266773 0)
(0.0335441 0.259096 0)
(0.0269565 0.252383 0)
(0.0214931 0.246652 0)
(0.0167902 0.241908 0)
(0.0126105 0.238127 0)
(0.00877484 0.235313 0)
(0.00517783 0.233517 0)
(0.00170008 0.230574 0)
(1.03655 0.984668 0)
(0.767999 0.584927 0)
(0.475189 0.485771 0)
(0.314624 0.428093 0)
(0.217176 0.382473 0)
(0.151836 0.351017 0)
(0.10852 0.328179 0)
(0.0796597 0.310164 0)
(0.0599843 0.295365 0)
(0.0462045 0.28294 0)
(0.0362314 0.272398 0)
(0.0287316 0.263441 0)
(0.0228614 0.255879 0)
(0.0180827 0.249577 0)
(0.0140377 0.244446 0)
(0.0104927 0.240412 0)
(0.00727482 0.237423 0)
(0.0042864 0.235509 0)
(0.00140849 0.232517 0)
(0.791186 1.05669 0)
(0.554399 0.752727 0)
(0.381035 0.598824 0)
(0.264976 0.497322 0)
(0.185252 0.428714 0)
(0.130053 0.382019 0)
(0.0926966 0.348865 0)
(0.067498 0.324145 0)
(0.050283 0.305014 0)
(0.0382758 0.289785 0)
(0.0296606 0.277415 0)
(0.0232624 0.267257 0)
(0.0183294 0.258897 0)
(0.0143783 0.252062 0)
(0.011088 0.246568 0)
(0.00824464 0.242296 0)
(0.00568881 0.239149 0)
(0.0033492 0.237133 0)
(0.00110524 0.234091 0)
(0.488257 1.10918 0)
(0.388943 0.847792 0)
(0.289091 0.6691 0)
(0.207486 0.547975 0)
(0.146713 0.464613 0)
(0.103386 0.406674 0)
(0.0735317 0.365547 0)
(0.0531712 0.335478 0)
(0.0392072 0.312826 0)
(0.0294818 0.295291 0)
(0.0225471 0.28141 0)
(0.0174529 0.270257 0)
(0.0135836 0.261236 0)
(0.010539 0.253957 0)
(0.00805266 0.248163 0)
(0.00594296 0.243688 0)
(0.00407637 0.240412 0)
(0.00239461 0.238315 0)
(0.000790075 0.235229 0)
(0.159374 1.0937 0)
(0.187045 0.886524 0)
(0.150583 0.717797 0)
(0.11016 0.589747 0)
(0.0778558 0.496026 0)
(0.054453 0.428974 0)
(0.0382541 0.380975 0)
(0.027216 0.346091 0)
(0.0196945 0.320172 0)
(0.0145145 0.30045 0)
(0.0108769 0.285115 0)
(0.00825468 0.272992 0)
(0.00630688 0.263321 0)
(0.00481236 0.255602 0)
(0.00362516 0.24951 0)
(0.00264527 0.244831 0)
(0.00179782 0.241421 0)
(0.00105327 0.239226 0)
(0.000347613 0.236124 0)
)
;

boundaryField
{
    leftWall
    {
        type            noSlip;
    }
    rightWall
    {
        type            noSlip;
    }
    lowerWall
    {
        type            noSlip;
    }
    atmosphere
    {
        type            pressureInletOutletVelocity;
        value           nonuniform List<vector> 
46
(
(0 -1.39365 0)
(0 -1.39846 0)
(0 -1.39909 0)
(0 -1.40019 0)
(0 -1.40135 0)
(0 -1.4025 0)
(0 -1.40347 0)
(0 -1.40405 0)
(0 -1.40394 0)
(0 -1.40273 0)
(0 -1.39981 0)
(0 -1.39436 0)
(0 -1.38536 0)
(0 -1.37169 0)
(0 -1.35151 0)
(0 -1.32145 0)
(0 -1.27623 0)
(0 -1.2086 0)
(0 -1.10832 0)
(0 -0.957955 0)
(0 -0.665099 0)
(0.142016 0.369595 0)
(0.20717 2.31431 0)
(-0.00881683 3.23594 0)
(-0.312596 2.75944 0)
(-0.186918 1.85477 0)
(-0.0544755 1.32643 0)
(0.159374 1.0937 0)
(0.187045 0.886524 0)
(0.150583 0.717797 0)
(0.11016 0.589747 0)
(0.0778558 0.496026 0)
(0.054453 0.428974 0)
(0.0382541 0.380975 0)
(0.027216 0.346091 0)
(0.0196945 0.320172 0)
(0.0145145 0.30045 0)
(0.0108769 0.285115 0)
(0.00825468 0.272992 0)
(0.00630688 0.263321 0)
(0.00481236 0.255602 0)
(0.00362516 0.24951 0)
(0.00264527 0.244831 0)
(0.00179782 0.241421 0)
(0.00105327 0.239226 0)
(0.000347613 0.236124 0)
)
;
    }
    defaultFaces
    {
        type            empty;
    }
}


// ************************************************************************* //
