/*--------------------------------*- C++ -*----------------------------------*\
| =========                 |                                                 |
| \\      /  F ield         | OpenFOAM: The Open Source CFD Toolbox           |
|  \\    /   O peration     | Version:  2206                                  |
|   \\  /    A nd           | Website:  www.openfoam.com                      |
|    \\/     M anipulation  |                                                 |
\*---------------------------------------------------------------------------*/
FoamFile
{
    version     2.0;
    format      ascii;
    arch        "LSB;label=32;scalar=64";
    class       surfaceScalarField;
    location    "0.675";
    object      phi;
}
// * * * * * * * * * * * * * * * * * * * * * * * * * * * * * * * * * * * * * //

dimensions      [0 3 -1 0 0 0 0];

oriented        oriented;

internalField   nonuniform List<scalar> 
4432
(
-1.03018e-06
1.03018e-06
-1.19914e-06
1.68968e-07
-6.28059e-07
-5.71081e-07
3.32997e-07
-9.61055e-07
1.40451e-06
-1.07151e-06
2.36227e-06
-9.57754e-07
3.08113e-06
-7.18867e-07
3.52581e-06
-4.44677e-07
3.72392e-06
-1.98109e-07
3.73364e-06
-9.72065e-09
3.61344e-06
1.20203e-07
3.40602e-06
2.07422e-07
3.12381e-06
2.82213e-07
2.74343e-06
3.80376e-07
2.21348e-06
5.29951e-07
1.47187e-06
7.41611e-07
4.74757e-07
9.97115e-07
-7.67909e-07
1.24267e-06
-2.16489e-06
1.39698e-06
-3.27677e-06
1.11189e-06
-3.37976e-06
1.02983e-07
-2.27013e-06
-1.10963e-06
-2.27013e-06
-1.14035e-06
2.17053e-06
-1.30751e-06
3.36128e-07
-7.5997e-07
-1.11861e-06
2.05966e-07
-1.92699e-06
1.31142e-06
-2.17696e-06
2.31636e-06
-1.96268e-06
3.09128e-06
-1.49379e-06
3.59337e-06
-9.46761e-07
3.84841e-06
-4.53145e-07
3.92301e-06
-8.43173e-08
3.89066e-06
1.52553e-07
3.81051e-06
2.87574e-07
3.71838e-06
3.74339e-07
3.63048e-06
4.68278e-07
3.53693e-06
6.23506e-07
3.38715e-06
8.91389e-07
3.10198e-06
1.28228e-06
2.60508e-06
1.73957e-06
1.92284e-06
2.07922e-06
1.14367e-06
1.89105e-06
1.61861e-07
1.08479e-06
-4.34886e-07
-5.1288e-07
-2.70502e-06
-1.20454e-06
3.37507e-06
-1.47477e-06
6.06362e-07
-9.92059e-07
-1.60132e-06
-5.87592e-08
-2.86028e-06
1.06389e-06
-3.29961e-06
2.11121e-06
-3.01e-06
2.93279e-06
-2.31536e-06
3.48622e-06
-1.50019e-06
3.78889e-06
-7.55818e-07
3.89499e-06
-1.90414e-07
3.87734e-06
1.70198e-07
3.79697e-06
3.67951e-07
3.70208e-06
4.69232e-07
3.6243e-06
5.46049e-07
3.5898e-06
6.58008e-07
3.63245e-06
8.48737e-07
3.7643e-06
1.15044e-06
3.94265e-06
1.56121e-06
4.02763e-06
1.99424e-06
3.71215e-06
2.20653e-06
2.8792e-06
1.91775e-06
1.6115e-06
7.54817e-07
-1.09352e-06
-1.32563e-06
4.7007e-06
-1.75522e-06
1.03595e-06
-1.50125e-06
-1.85529e-06
-7.34092e-07
-3.62744e-06
4.76797e-07
-4.5105e-06
1.68753e-06
-4.22074e-06
2.61001e-06
-3.23784e-06
3.23395e-06
-2.12412e-06
3.60841e-06
-1.13028e-06
3.78969e-06
-3.71692e-07
3.83959e-06
1.20305e-07
3.81634e-06
3.91196e-07
3.76976e-06
5.15815e-07
3.73189e-06
5.83917e-07
3.72061e-06
6.69294e-07
3.74983e-06
8.19514e-07
3.84317e-06
1.05711e-06
4.019e-06
1.38537e-06
4.22138e-06
1.79187e-06
4.21425e-06
2.21366e-06
3.64061e-06
2.49138e-06
2.14187e-06
2.25356e-06
1.04835e-06
-1.52878e-06
6.22948e-06
-2.35259e-06
1.85977e-06
-2.71804e-06
-1.48984e-06
-2.28498e-06
-4.0605e-06
-9.05454e-07
-5.89002e-06
7.15424e-07
-5.84161e-06
1.9445e-06
-4.46692e-06
2.73e-06
-2.90962e-06
3.2173e-06
-1.61759e-06
3.50953e-06
-6.63913e-07
3.67e-06
-4.01687e-08
3.74988e-06
3.11314e-07
3.79365e-06
4.72047e-07
3.83644e-06
5.41128e-07
3.89636e-06
6.09378e-07
3.97463e-06
7.41244e-07
4.05964e-06
9.72095e-07
4.13477e-06
1.31024e-06
4.1774e-06
1.74924e-06
4.10068e-06
2.29037e-06
3.63485e-06
2.95722e-06
2.32224e-06
3.56617e-06
3.37059e-06
-1.83217e-06
8.06166e-06
-3.33579e-06
3.36339e-06
-4.48275e-06
-3.42882e-07
-4.39699e-06
-4.14626e-06
-2.99201e-06
-7.295e-06
-1.04004e-06
-7.79359e-06
6.8861e-07
-6.19556e-06
1.81669e-06
-4.03769e-06
2.52478e-06
-2.32568e-06
2.99019e-06
-1.12932e-06
3.30947e-06
-3.59454e-07
3.54221e-06
7.85806e-08
3.72028e-06
2.93978e-07
3.88064e-06
3.80769e-07
4.04568e-06
4.44335e-07
4.22103e-06
5.65888e-07
4.3893e-06
8.03833e-07
4.505e-06
1.19453e-06
4.49525e-06
1.759e-06
4.27365e-06
2.51197e-06
3.68577e-06
3.5451e-06
2.36987e-06
4.88208e-06
5.74046e-06
-2.01396e-06
1.00756e-05
-4.0615e-06
5.41093e-06
-5.50957e-06
1.10519e-06
-5.65577e-06
-4.00005e-06
-4.67327e-06
-8.2775e-06
-2.95172e-06
-9.51513e-06
-1.04482e-06
-8.10246e-06
4.74896e-07
-5.5574e-06
1.50561e-06
-3.35639e-06
2.21399e-06
-1.8377e-06
2.73988e-06
-8.85342e-07
3.15951e-06
-3.41049e-07
3.51884e-06
-6.53455e-08
3.84311e-06
5.64963e-08
4.15759e-06
1.29858e-07
4.47316e-06
2.50316e-07
4.78175e-06
4.95244e-07
5.04803e-06
9.28256e-07
5.18939e-06
1.61763e-06
5.10298e-06
2.59837e-06
4.60426e-06
4.04382e-06
3.48302e-06
6.00332e-06
9.22347e-06
-1.7951e-06
1.18707e-05
-3.51015e-06
7.12599e-06
-4.37493e-06
1.96997e-06
-4.64891e-06
-3.72607e-06
-4.46171e-06
-8.4647e-06
-3.678e-06
-1.02988e-05
-2.33002e-06
-9.45044e-06
-8.29004e-07
-7.05842e-06
4.18201e-07
-4.6036e-06
1.35062e-06
-2.77012e-06
2.065e-06
-1.59972e-06
2.65928e-06
-9.3533e-07
3.19566e-06
-6.01721e-07
3.70555e-06
-4.53401e-07
4.20725e-06
-3.71838e-07
4.71279e-06
-2.55228e-07
5.22041e-06
-1.23685e-08
5.70127e-06
4.47389e-07
6.07183e-06
1.24708e-06
6.18002e-06
2.49019e-06
5.66353e-06
4.56031e-06
4.20001e-06
7.46683e-06
1.34235e-05
2.15789e-05
-2.15789e-05
-6.98678e-06
2.85657e-05
-6.01771e-05
5.31904e-05
-8.69317e-05
2.67546e-05
-8.61229e-05
-8.08793e-07
-7.44674e-05
-1.16555e-05
-5.32924e-05
-2.1175e-05
-1.60426e-05
-3.72498e-05
1.53938e-05
-3.14365e-05
2.07705e-05
-5.37664e-06
3.97923e-06
1.67913e-05
-1.85622e-05
2.25414e-05
-2.53785e-05
6.81632e-06
-8.79974e-06
-1.65788e-05
-1.25878e-05
3.78806e-06
-4.79338e-05
3.5346e-05
-7.03488e-05
2.2415e-05
-4.67698e-05
-2.3579e-05
-4.67698e-05
-5.32912e-06
-1.62498e-05
-4.29617e-05
6.61983e-05
-8.27436e-05
9.29722e-05
-8.23871e-05
2.63981e-05
-5.52072e-05
-2.79886e-05
-2.4409e-05
-4.24537e-05
1.76451e-05
-6.32292e-05
5.76088e-05
-7.72134e-05
7.46552e-05
-4.84829e-05
7.44265e-05
-5.14791e-06
5.41257e-05
3.70921e-05
1.84702e-05
5.81969e-05
-1.53109e-05
4.05973e-05
-3.09402e-05
-9.49449e-07
-4.57834e-05
1.86313e-05
-6.8307e-05
5.78696e-05
-7.17422e-05
2.58502e-05
-4.28795e-05
-5.24418e-05
-8.96493e-05
-2.34238e-05
7.17397e-06
-4.40561e-05
8.68306e-05
-3.21879e-05
8.1104e-05
4.21155e-06
-1.00014e-05
2.79896e-05
-5.17666e-05
5.83477e-05
-7.28119e-05
8.02044e-05
-8.50859e-05
9.079e-05
-8.77989e-05
9.68038e-05
-5.44967e-05
9.56246e-05
-3.9687e-06
8.28502e-05
4.98664e-05
5.44824e-05
8.65648e-05
1.12871e-05
8.37926e-05
-2.68054e-05
3.71431e-05
-4.85202e-05
4.0346e-05
-6.33496e-05
7.2699e-05
-6.50859e-05
2.75865e-05
-4.06851e-05
-7.68425e-05
-0.000130334
-2.30237e-05
3.01977e-05
-1.81386e-05
8.19455e-05
2.32502e-05
3.97152e-05
5.40425e-05
-4.07937e-05
7.18392e-05
-6.95633e-05
8.53699e-05
-8.63425e-05
9.47086e-05
-9.44246e-05
0.000100028
-9.31179e-05
0.000102868
-5.7337e-05
0.000102339
-3.43999e-06
9.44907e-05
5.77148e-05
7.5921e-05
0.000105135
3.88229e-05
0.000120891
-7.85952e-06
8.38255e-05
-3.68849e-05
6.93715e-05
-4.91408e-05
8.49549e-05
-5.4659e-05
3.31047e-05
-3.58723e-05
-9.56291e-05
-0.000166207
-7.38952e-06
3.75872e-05
2.17324e-05
5.28236e-05
6.33393e-05
-1.89169e-06
7.47504e-05
-5.22048e-05
8.35285e-05
-7.83414e-05
9.04814e-05
-9.32953e-05
9.71281e-05
-0.000101071
0.000100363
-9.63528e-05
0.000101422
-5.83964e-05
0.000100524
-2.54138e-06
9.63333e-05
6.19053e-05
8.52966e-05
0.000116171
5.80959e-05
0.000148091
1.31078e-05
0.000128814
-1.93902e-05
0.000101869
-3.11816e-05
9.67463e-05
-3.6877e-05
3.88001e-05
-2.67375e-05
-0.000105769
-0.000192944
1.21021e-05
2.54851e-05
4.97834e-05
1.51423e-05
7.15247e-05
-2.36329e-05
7.68286e-05
-5.75087e-05
8.41841e-05
-8.56969e-05
9.15568e-05
-0.000100668
9.43151e-05
-0.00010383
8.74078e-05
-8.94454e-05
6.91025e-05
-4.00911e-05
6.62179e-05
3.43249e-07
8.3397e-05
4.47261e-05
8.53828e-05
0.000114185
6.93246e-05
0.00016415
3.45583e-05
0.00016358
1.45372e-06
0.000134974
-1.19849e-05
0.000110185
-1.60399e-05
4.28551e-05
-1.38399e-05
-0.000107969
-0.000206784
1.41673e-05
1.13178e-05
4.44313e-05
-1.51217e-05
6.29953e-05
-4.21969e-05
7.60132e-05
-7.05266e-05
8.60605e-05
-9.57442e-05
8.89414e-05
-0.000103549
8.12539e-05
-9.61422e-05
5.55333e-05
-6.37248e-05
3.26993e-05
-1.72573e-05
3.76724e-05
-4.62982e-06
4.72137e-05
3.51847e-05
7.16759e-05
8.97232e-05
7.31076e-05
0.000162718
5.21461e-05
0.000184541
2.48715e-05
0.000162249
9.33632e-06
0.00012572
4.52905e-06
4.76624e-05
2.05231e-06
-0.000105492
-0.000204732
3.1959e-05
-2.06411e-05
5.35159e-05
-3.66787e-05
6.93782e-05
-5.80591e-05
7.98695e-05
-8.1018e-05
8.41138e-05
-9.99884e-05
7.59168e-05
-9.5352e-05
4.88214e-05
-6.90467e-05
1.48334e-05
-2.97368e-05
-1.4657e-05
1.2233e-05
-2.12396e-05
1.95304e-06
-9.6639e-06
2.36088e-05
2.87509e-05
5.13084e-05
6.78199e-05
0.000123649
6.50323e-05
0.000187329
4.73595e-05
0.000179921
3.29603e-05
0.000140119
2.40333e-05
5.65895e-05
1.15033e-05
-9.29621e-05
-0.000193228
1.77202e-06
1.00987e-05
1.51312e-06
7.38489e-06
1.80758e-06
1.6755e-06
1.84987e-06
-3.76835e-06
4.17067e-08
-6.65653e-06
-2.58315e-06
-7.67398e-06
-3.79282e-06
-8.24078e-06
-3.07536e-06
-7.77588e-06
-1.30984e-06
-6.36913e-06
7.076e-07
-4.78755e-06
2.60184e-06
-3.49396e-06
4.3474e-06
-2.68089e-06
6.00194e-06
-2.25626e-06
7.62914e-06
-2.0806e-06
9.29218e-06
-2.03488e-06
1.10525e-05
-2.01557e-06
1.29791e-05
-1.93898e-06
1.51758e-05
-1.74926e-06
1.78074e-05
-1.38456e-06
2.11241e-05
-8.26508e-07
2.54955e-05
1.88979e-07
3.20597e-05
9.02573e-07
3.99795e-06
4.14852e-05
7.54877e-06
2.54993e-06
1.45032e-05
4.30496e-07
2.04096e-05
-4.23094e-06
2.13127e-05
-4.67147e-06
1.72406e-05
-2.5844e-06
1.05083e-05
-9.41689e-07
4.10295e-06
-1.83542e-06
-2.37497e-08
-3.64918e-06
-1.44723e-06
-4.94565e-06
-7.28512e-07
-5.50627e-06
1.104e-06
-5.32647e-06
3.21461e-06
-4.79151e-06
5.33062e-06
-4.37226e-06
7.49085e-06
-4.24083e-06
9.73917e-06
-4.2832e-06
1.21215e-05
-4.39792e-06
1.47157e-05
-4.53319e-06
1.76344e-05
-4.66791e-06
2.10211e-05
-4.77126e-06
2.5051e-05
-4.85639e-06
3.00886e-05
-4.84871e-06
3.62892e-05
-5.29794e-06
-4.93513e-06
4.52222e-05
1.12846e-05
-8.73469e-06
2.0545e-05
-8.82987e-06
1.93809e-05
-3.06684e-06
1.34115e-05
1.29794e-06
1.08088e-05
1.82666e-08
1.18763e-05
-2.00922e-06
1.29171e-05
-2.87618e-06
1.01553e-05
-8.8737e-07
6.50912e-06
-1.29949e-06
4.06176e-06
-3.05891e-06
3.00628e-06
-4.27099e-06
2.85378e-06
-4.639e-06
3.47889e-06
-4.99737e-06
4.92982e-06
-5.69176e-06
7.04765e-06
-6.40103e-06
9.63185e-06
-6.98211e-06
1.25561e-05
-7.45748e-06
1.5798e-05
-7.90979e-06
1.94902e-05
-8.46343e-06
2.36849e-05
-9.05107e-06
2.83266e-05
-9.4904e-06
3.40591e-05
-1.10305e-05
-1.42242e-05
4.33482e-05
-2.83788e-05
1.96441e-05
-5.46309e-05
1.74219e-05
-5.99838e-05
2.28579e-06
-3.7895e-05
-2.0791e-05
-5.76163e-06
-3.21151e-05
2.0818e-05
-2.85889e-05
2.99875e-05
-1.20458e-05
3.35737e-05
-4.47378e-06
3.19253e-05
3.48711e-07
2.22926e-05
6.57359e-06
9.97677e-06
8.04469e-06
-8.68241e-07
6.20592e-06
-7.07495e-06
1.2093e-06
-9.55853e-06
-3.20818e-06
-9.16925e-06
-6.79028e-06
-7.08352e-06
-9.06782e-06
-4.06194e-06
-1.04791e-05
-4.74416e-07
-1.14974e-05
3.53797e-06
-1.24759e-05
8.443e-06
-1.39562e-05
1.39294e-05
-1.49769e-05
1.93737e-05
-1.64748e-05
-1.68942e-05
2.20435e-05
-1.11116e-05
3.07556e-05
-2.33983e-05
2.97085e-05
-2.37789e-05
2.66634e-06
-2.18808e-05
-2.26892e-05
-2.60033e-05
-2.79926e-05
-3.09445e-05
-2.36478e-05
-2.90517e-05
-1.39385e-05
-2.36489e-05
-9.87661e-06
-1.63821e-05
-6.91798e-06
-1.03921e-05
5.83736e-07
-5.74252e-06
3.39527e-06
-1.64539e-06
2.10907e-06
1.5438e-06
-1.97954e-06
4.07755e-06
-5.74155e-06
5.1423e-06
-7.85468e-06
5.19441e-06
-9.11964e-06
4.85179e-06
-1.01362e-05
4.59738e-06
-1.12428e-05
4.56496e-06
-1.24433e-05
4.55789e-06
-1.3949e-05
5.11792e-06
-1.5537e-05
5.76318e-06
-1.71201e-05
-1.82519e-05
7.12079e-06
1.06109e-05
2.01445e-05
1.12528e-05
2.90662e-05
8.36664e-06
5.55219e-06
-8.84325e-08
-1.42344e-05
-1.18617e-05
-1.62196e-05
-1.97612e-05
-1.57486e-05
-2.01088e-05
-1.35912e-05
-1.96267e-05
-1.0359e-05
-1.89703e-05
-7.57466e-06
-1.30474e-05
-5.3394e-06
-6.05693e-06
-3.59529e-06
-1.1852e-07
-3.82936e-06
2.65214e-06
-4.75016e-06
2.5192e-06
-5.60856e-06
1.2521e-06
-6.58756e-06
-6.86084e-08
-7.79895e-06
-9.70131e-07
-9.23475e-06
-1.40466e-06
-1.08083e-05
-1.33356e-06
-1.25145e-05
-6.36117e-07
-1.46466e-05
8.84482e-07
-1.70577e-05
2.64129e-06
-1.88771e-05
-1.99543e-05
4.34354e-06
5.21856e-06
1.49258e-05
1.49265e-05
1.93581e-05
1.97171e-05
7.61534e-07
1.48009e-05
-9.31823e-06
9.90629e-06
-1.13251e-05
3.99204e-06
-9.83437e-06
-1.45165e-06
-8.14763e-06
-4.93337e-06
-6.87734e-06
-6.59894e-06
-5.90916e-06
-6.83343e-06
-5.1049e-06
-5.94122e-06
-4.48742e-06
-5.33385e-06
-4.43659e-06
-5.2692e-06
-4.81463e-06
-5.47068e-06
-5.40692e-06
-5.87214e-06
-6.18599e-06
-6.41573e-06
-7.25527e-06
-7.04425e-06
-8.60614e-06
-7.80224e-06
-1.00502e-05
-8.34966e-06
-1.1967e-05
-7.82268e-06
-1.51735e-05
-6.40941e-06
-1.8471e-05
-4.94519e-06
-2.03414e-05
-2.03423e-05
-4.55726e-06
-7.202e-07
1.56459e-05
9.34907e-06
9.28864e-06
1.12831e-05
-1.17269e-06
7.6542e-06
-5.6895e-06
2.71985e-06
-6.39089e-06
-1.09276e-06
-6.02196e-06
-3.50976e-06
-5.73085e-06
-4.93466e-06
-5.45266e-06
-5.75426e-06
-5.08973e-06
-6.13955e-06
-4.71972e-06
-6.19522e-06
-4.43179e-06
-6.3242e-06
-4.3076e-06
-6.7653e-06
-4.3735e-06
-7.51464e-06
-4.65759e-06
-8.4679e-06
-5.23276e-06
-9.58962e-06
-6.13358e-06
-1.09786e-05
-7.21715e-06
-1.26889e-05
-8.33986e-06
-1.41027e-05
-1.05532e-05
-1.439e-05
-1.48862e-05
-1.45093e-05
-1.83518e-05
-1.5483e-05
-1.93677e-05
-1.82151e-05
-1.76102e-05
-3.17264e-07
1.59631e-05
3.29526e-06
5.67601e-06
4.40392e-06
-2.28142e-06
3.15642e-06
-4.44209e-06
1.19482e-06
-4.42939e-06
-4.9578e-07
-4.33148e-06
-1.91915e-06
-4.30762e-06
-3.1664e-06
-4.20555e-06
-4.22476e-06
-4.03147e-06
-5.11166e-06
-3.83286e-06
-5.89161e-06
-3.65182e-06
-6.67233e-06
-3.52685e-06
-7.54462e-06
-3.5012e-06
-8.56368e-06
-3.63856e-06
-9.78518e-06
-4.01129e-06
-1.12966e-05
-4.62221e-06
-1.31927e-05
-5.32094e-06
-1.5402e-05
-6.13052e-06
-1.76367e-05
-8.31845e-06
-1.98174e-05
-1.27055e-05
-2.24868e-05
-1.56824e-05
-2.58695e-05
-1.59851e-05
-1.43972e-05
-2.96873e-05
9.28407e-07
1.50346e-05
2.74203e-06
3.86223e-06
2.98886e-06
-2.5284e-06
2.08464e-06
-3.538e-06
8.58244e-07
-3.20314e-06
-4.15642e-07
-3.05776e-06
-1.65423e-06
-3.0692e-06
-2.79148e-06
-3.06844e-06
-3.8136e-06
-3.00945e-06
-4.74198e-06
-2.90453e-06
-5.61532e-06
-2.7785e-06
-6.47896e-06
-2.66324e-06
-7.38057e-06
-2.59968e-06
-8.38326e-06
-2.63599e-06
-9.57812e-06
-2.81653e-06
-1.10563e-05
-3.14409e-06
-1.28149e-05
-3.56219e-06
-1.48001e-05
-4.14528e-06
-1.73953e-05
-5.72321e-06
-2.13368e-05
-8.76397e-06
-2.55554e-05
-1.14638e-05
-2.97794e-05
-1.1761e-05
-1.04568e-05
-3.37197e-05
1.1284e-06
1.39061e-05
2.06618e-06
2.92433e-06
1.73425e-06
-2.19658e-06
7.7882e-07
-2.58268e-06
-1.93039e-07
-2.2314e-06
-1.09884e-06
-2.15209e-06
-1.9795e-06
-2.18866e-06
-2.84651e-06
-2.20152e-06
-3.68781e-06
-2.16818e-06
-4.49628e-06
-2.09606e-06
-5.27442e-06
-2.00037e-06
-6.03146e-06
-1.90626e-06
-6.78866e-06
-1.84261e-06
-7.59042e-06
-1.83439e-06
-8.50656e-06
-1.9005e-06
-9.59416e-06
-2.0565e-06
-1.08425e-05
-2.31377e-06
-1.22648e-05
-2.72287e-06
-1.44205e-05
-3.56747e-06
-1.81249e-05
-5.05949e-06
-2.25277e-05
-7.06087e-06
-2.65595e-05
-7.72913e-06
-7.34368e-06
-2.96726e-05
7.635e-07
1.31425e-05
1.39064e-06
2.29703e-06
9.00756e-07
-1.70684e-06
7.91956e-08
-1.76126e-06
-6.97225e-07
-1.45513e-06
-1.44188e-06
-1.40756e-06
-2.18662e-06
-1.44401e-06
-2.92511e-06
-1.46307e-06
-3.64406e-06
-1.44923e-06
-4.33412e-06
-1.40599e-06
-4.99223e-06
-1.34229e-06
-5.62018e-06
-1.27842e-06
-6.22648e-06
-1.23649e-06
-6.8288e-06
-1.23226e-06
-7.45781e-06
-1.2716e-06
-8.15106e-06
-1.36324e-06
-8.93898e-06
-1.52575e-06
-9.86807e-06
-1.79368e-06
-1.12365e-05
-2.19897e-06
-1.34906e-05
-2.80525e-06
-1.68254e-05
-3.72597e-06
-2.01003e-05
-4.45407e-06
-4.79291e-06
-2.2651e-05
4.85508e-07
1.2657e-05
7.6861e-07
2.01375e-06
2.2402e-07
-1.1624e-06
-4.89007e-07
-1.04836e-06
-1.14997e-06
-7.94279e-07
-1.78828e-06
-7.69337e-07
-2.42671e-06
-8.05622e-07
-3.06095e-06
-8.28817e-07
-3.68035e-06
-8.2977e-07
-4.27635e-06
-8.09934e-07
-4.84484e-06
-7.73813e-07
-5.38899e-06
-7.34408e-07
-5.91247e-06
-7.13216e-07
-6.41954e-06
-7.2539e-07
-6.91661e-06
-7.74616e-07
-7.42296e-06
-8.56856e-07
-7.97745e-06
-9.71171e-07
-8.64211e-06
-1.12893e-06
-9.5087e-06
-1.33231e-06
-1.0725e-05
-1.58882e-06
-1.25196e-05
-1.93123e-06
-1.46597e-05
-2.31374e-06
-2.66609e-06
-1.67865e-05
2.13969e-07
1.24429e-05
2.63195e-07
1.96434e-06
-2.80536e-07
-6.18823e-07
-9.00508e-07
-4.28519e-07
-1.48026e-06
-2.14636e-07
-2.0476e-06
-2.02074e-07
-2.61561e-06
-2.37625e-07
-3.18096e-06
-2.63416e-07
-3.73659e-06
-2.74037e-07
-4.27605e-06
-2.70409e-07
-4.79625e-06
-2.53637e-07
-5.2998e-06
-2.31016e-07
-5.795e-06
-2.18244e-07
-6.28807e-06
-2.32508e-07
-6.78093e-06
-2.81817e-07
-7.27741e-06
-3.60323e-07
-7.79413e-06
-4.54366e-07
-8.36925e-06
-5.53757e-07
-9.04394e-06
-6.57575e-07
-9.86482e-06
-7.67824e-07
-1.09104e-05
-8.85532e-07
-1.22046e-05
-1.01932e-06
-1.18272e-06
-1.36879e-05
-1.5275e-08
1.2458e-05
-1.40933e-07
2.08984e-06
-6.44054e-07
-1.1582e-07
-1.18867e-06
1.15991e-07
-1.70994e-06
3.0656e-07
-2.22658e-06
3.14518e-07
-2.74529e-06
2.81106e-07
-3.26374e-06
2.55122e-07
-3.77773e-06
2.4007e-07
-4.28291e-06
2.34857e-07
-4.77662e-06
2.40044e-07
-5.26134e-06
2.53541e-07
-5.74632e-06
2.66529e-07
-6.24371e-06
2.64727e-07
-6.76148e-06
2.35939e-07
-7.30045e-06
1.78723e-07
-7.85949e-06
1.04735e-07
-8.44549e-06
3.22695e-08
-9.07792e-06
-2.51084e-08
-9.78089e-06
-6.47307e-08
-1.05767e-05
-8.95991e-08
-1.14876e-05
-1.08289e-07
-1.43413e-07
-1.25269e-05
-1.92529e-07
1.26505e-05
-4.0956e-07
2.30677e-06
-8.78206e-07
3.52729e-07
-1.36872e-06
6.064e-07
-1.84815e-06
7.85899e-07
-2.32699e-06
7.93315e-07
-2.80937e-06
7.63511e-07
-3.29397e-06
7.39817e-07
-3.77861e-06
7.24846e-07
-4.26082e-06
7.1715e-07
-4.73834e-06
7.17527e-07
-5.21168e-06
7.26729e-07
-5.68732e-06
7.41981e-07
-6.17766e-06
7.54964e-07
-6.6958e-06
7.54106e-07
-7.24832e-06
7.31338e-07
-7.83258e-06
6.89033e-07
-8.44152e-06
6.41192e-07
-9.07293e-06
6.06339e-07
-9.73397e-06
5.96471e-07
-1.04351e-05
6.11695e-07
-1.11867e-05
6.43381e-07
6.70898e-07
-1.2001e-05
-3.21311e-07
1.29717e-05
-5.90446e-07
2.57587e-06
-1.01825e-06
7.80489e-07
-1.46651e-06
1.05458e-06
-1.91263e-06
1.23192e-06
-2.36195e-06
1.24257e-06
-2.81617e-06
1.21774e-06
-3.27465e-06
1.19838e-06
-3.73643e-06
1.18676e-06
-4.20039e-06
1.18119e-06
-4.66494e-06
1.18205e-06
-5.12912e-06
1.19077e-06
-5.59515e-06
1.20786e-06
-6.07076e-06
1.23053e-06
-6.56813e-06
1.25155e-06
-7.09836e-06
1.26166e-06
-7.66501e-06
1.25568e-06
-8.26207e-06
1.23819e-06
-8.87899e-06
1.22327e-06
-9.50925e-06
1.22691e-06
-1.01546e-05
1.25725e-06
-1.08219e-05
1.31085e-06
1.37085e-06
-1.15218e-05
-4.01618e-07
1.33733e-05
-6.89774e-07
2.86407e-06
-1.08681e-06
1.17752e-06
-1.50438e-06
1.47208e-06
-1.92458e-06
1.65202e-06
-2.34961e-06
1.66751e-06
-2.78084e-06
1.64896e-06
-3.21784e-06
1.63546e-06
-3.66016e-06
1.6292e-06
-4.10733e-06
1.62845e-06
-4.55854e-06
1.63324e-06
-5.01254e-06
1.64467e-06
-5.46891e-06
1.66413e-06
-5.93033e-06
1.69198e-06
-6.40419e-06
1.72553e-06
-6.90067e-06
1.75823e-06
-7.42752e-06
1.78249e-06
-7.98467e-06
1.79522e-06
-8.56388e-06
1.80246e-06
-9.15445e-06
1.81761e-06
-9.75059e-06
1.85354e-06
-1.03523e-05
1.91274e-06
1.98611e-06
-1.09674e-05
-4.4452e-07
1.38178e-05
-7.40761e-07
3.16042e-06
-1.11012e-06
1.54691e-06
-1.50399e-06
1.86589e-06
-1.90291e-06
2.05081e-06
-2.3076e-06
2.07208e-06
-2.71892e-06
2.06023e-06
-3.13701e-06
2.0536e-06
-3.56148e-06
2.05378e-06
-3.99205e-06
2.05909e-06
-4.42828e-06
2.06947e-06
-4.8693e-06
2.08561e-06
-5.31394e-06
2.10871e-06
-5.76204e-06
2.14015e-06
-6.2166e-06
2.18024e-06
-6.6835e-06
2.22523e-06
-7.17057e-06
2.26949e-06
-7.68177e-06
2.30628e-06
-8.21363e-06
2.33429e-06
-8.75692e-06
2.36098e-06
-9.30913e-06
2.40578e-06
-9.85291e-06
2.45663e-06
2.53109e-06
-1.03976e-05
-4.56984e-07
1.42749e-05
-7.48181e-07
3.4518e-06
-1.10213e-06
1.90091e-06
-1.47904e-06
2.24274e-06
-1.86059e-06
2.43221e-06
-2.24764e-06
2.45899e-06
-2.64171e-06
2.45424e-06
-3.04265e-06
2.45458e-06
-3.45015e-06
2.46139e-06
-3.86397e-06
2.47301e-06
-4.28381e-06
2.48932e-06
-4.70905e-06
2.51079e-06
-5.13853e-06
2.53818e-06
-5.57103e-06
2.57275e-06
-6.01075e-06
2.62013e-06
-6.45317e-06
2.66773e-06
-6.90757e-06
2.72382e-06
-7.37894e-06
2.77752e-06
-7.86772e-06
2.82309e-06
-8.3682e-06
2.86157e-06
-8.86448e-06
2.90201e-06
-9.36144e-06
2.95359e-06
3.02063e-06
-9.85063e-06
-4.49001e-07
1.4724e-05
-7.32536e-07
3.73555e-06
-1.07682e-06
2.24526e-06
-1.44132e-06
2.60717e-06
-1.80823e-06
2.79898e-06
-2.17973e-06
2.83035e-06
-2.55776e-06
2.8322e-06
-2.94236e-06
2.83924e-06
-3.33325e-06
2.85241e-06
-3.7302e-06
2.87006e-06
-4.13296e-06
2.89212e-06
-4.54118e-06
2.91898e-06
-4.9542e-06
2.95119e-06
-5.37098e-06
2.98962e-06
-5.78646e-06
3.03574e-06
-6.2084e-06
3.08972e-06
-6.6357e-06
3.15101e-06
-7.0725e-06
3.21424e-06
-7.52133e-06
3.27204e-06
-7.97987e-06
3.32033e-06
-8.44086e-06
3.36296e-06
-8.89666e-06
3.40931e-06
3.46562e-06
-9.34129e-06
-4.2927e-07
1.51534e-05
-7.06408e-07
4.01291e-06
-1.04531e-06
2.58423e-06
-1.39948e-06
2.96127e-06
-1.75297e-06
3.15233e-06
-2.10982e-06
3.18706e-06
-2.47255e-06
3.19489e-06
-2.84128e-06
3.20803e-06
-3.21567e-06
3.22695e-06
-3.59549e-06
3.25002e-06
-3.98049e-06
3.27717e-06
-4.37028e-06
3.30876e-06
-4.76425e-06
3.34515e-06
-5.16136e-06
3.3868e-06
-5.56016e-06
3.43464e-06
-5.96036e-06
3.48992e-06
-6.36237e-06
3.55288e-06
-6.76861e-06
3.6204e-06
-7.18203e-06
3.68566e-06
-7.60318e-06
3.7418e-06
-8.02806e-06
3.78788e-06
-8.44897e-06
3.83013e-06
3.87505e-06
-8.85812e-06
-4.00107e-07
1.55537e-05
-6.76115e-07
4.28912e-06
-1.01296e-06
2.92113e-06
-1.35793e-06
3.30619e-06
-1.69827e-06
3.49257e-06
-2.04098e-06
3.52968e-06
-2.38901e-06
3.54291e-06
-2.74238e-06
3.56149e-06
-3.10068e-06
3.58542e-06
-3.46364e-06
3.61315e-06
-3.83101e-06
3.64463e-06
-4.20242e-06
3.68019e-06
-4.57733e-06
3.72006e-06
-4.95493e-06
3.76446e-06
-5.33408e-06
3.81388e-06
-5.71354e-06
3.86933e-06
-6.09254e-06
3.9317e-06
-6.47195e-06
3.99969e-06
-6.85421e-06
4.06811e-06
-7.24154e-06
4.1295e-06
-7.63297e-06
4.1794e-06
-8.02296e-06
4.22003e-06
4.25595e-06
-8.4037e-06
-3.71005e-07
1.59248e-05
-6.47488e-07
4.56576e-06
-9.80506e-07
3.25418e-06
-1.31436e-06
3.64e-06
-1.64154e-06
3.81968e-06
-1.97075e-06
3.85884e-06
-2.30488e-06
3.87705e-06
-2.6437e-06
3.90044e-06
-2.98673e-06
3.92864e-06
-3.33365e-06
3.96028e-06
-3.68423e-06
3.99532e-06
-4.03808e-06
4.03407e-06
-4.39467e-06
4.07667e-06
-4.75329e-06
4.12315e-06
-5.11298e-06
4.17366e-06
-5.47245e-06
4.22879e-06
-5.8304e-06
4.2895e-06
-6.18664e-06
4.35582e-06
-6.54244e-06
4.42407e-06
-6.90063e-06
4.48802e-06
-7.26264e-06
4.54151e-06
-7.62589e-06
4.58321e-06
4.61487e-06
-7.98475e-06
-3.428e-07
1.62678e-05
-6.1606e-07
4.83911e-06
-9.39282e-07
3.57741e-06
-1.25865e-06
3.95936e-06
-1.57255e-06
4.13355e-06
-1.88901e-06
4.17529e-06
-2.21013e-06
4.19822e-06
-2.53541e-06
4.22585e-06
-2.86427e-06
4.25771e-06
-3.19639e-06
4.29261e-06
-3.53152e-06
4.33059e-06
-3.86932e-06
4.37189e-06
-4.20924e-06
4.4166e-06
-4.55064e-06
4.46461e-06
-4.89274e-06
4.51588e-06
-5.23449e-06
4.57062e-06
-5.57444e-06
4.62941e-06
-5.91106e-06
4.69242e-06
-6.24542e-06
4.75859e-06
-6.57997e-06
4.82285e-06
-6.91731e-06
4.87893e-06
-7.25717e-06
4.92304e-06
4.95387e-06
-7.59615e-06
-3.16877e-07
1.65847e-05
-5.70322e-07
5.09259e-06
-8.69809e-07
3.87691e-06
-1.17294e-06
4.26251e-06
-1.4749e-06
4.43554e-06
-1.7799e-06
4.48033e-06
-2.08892e-06
4.50732e-06
-2.40151e-06
4.53858e-06
-2.71716e-06
4.57357e-06
-3.03561e-06
4.61126e-06
-3.35662e-06
4.65172e-06
-3.67988e-06
4.69517e-06
-4.00492e-06
4.7416e-06
-4.33112e-06
4.79084e-06
-4.65782e-06
4.8427e-06
-4.98422e-06
4.89716e-06
-5.30919e-06
4.95446e-06
-5.6317e-06
5.01502e-06
-5.95121e-06
5.0783e-06
-6.26948e-06
5.14133e-06
-6.58947e-06
5.19892e-06
-6.91257e-06
5.24613e-06
5.27955e-06
-7.23817e-06
-2.9643e-07
1.68812e-05
-5.02674e-07
5.29881e-06
-7.61346e-07
4.1356e-06
-1.04647e-06
4.5477e-06
-1.33828e-06
4.72744e-06
-1.63285e-06
4.77498e-06
-1.9302e-06
4.80476e-06
-2.23035e-06
4.83886e-06
-2.53312e-06
4.87652e-06
-2.83834e-06
4.91666e-06
-3.14589e-06
4.95938e-06
-3.45554e-06
5.00483e-06
-3.76695e-06
5.05295e-06
-4.07967e-06
5.10354e-06
-4.39326e-06
5.15636e-06
-4.70721e-06
5.21124e-06
-5.02078e-06
5.26818e-06
-5.33294e-06
5.32735e-06
-5.643e-06
5.3886e-06
-5.95189e-06
5.45038e-06
-6.26212e-06
5.50907e-06
-6.57579e-06
5.55979e-06
5.59837e-06
-6.89443e-06
-2.75669e-07
1.71568e-05
-4.02804e-07
5.42592e-06
-6.12083e-07
4.34493e-06
-8.82729e-07
4.81847e-06
-1.16641e-06
5.01124e-06
-1.45105e-06
5.05971e-06
-1.73661e-06
5.09039e-06
-2.024e-06
5.12636e-06
-2.31348e-06
5.16614e-06
-2.60508e-06
5.20842e-06
-2.89883e-06
5.25324e-06
-3.19467e-06
5.30068e-06
-3.49245e-06
5.35068e-06
-3.792e-06
5.40304e-06
-4.09314e-06
5.45753e-06
-4.39573e-06
5.51392e-06
-4.69943e-06
5.57202e-06
-5.00362e-06
5.63174e-06
-5.30772e-06
5.69295e-06
-5.61216e-06
5.75495e-06
-5.91879e-06
5.81554e-06
-6.22984e-06
5.87077e-06
5.91703e-06
-6.5482e-06
-2.507e-07
1.74075e-05
-2.80603e-07
5.45584e-06
-4.41465e-07
4.50589e-06
-7.01171e-07
5.07834e-06
-9.78723e-07
5.28894e-06
-1.2533e-06
5.33438e-06
-1.52661e-06
5.36375e-06
-1.80059e-06
5.40039e-06
-2.07598e-06
5.44163e-06
-2.35302e-06
5.48558e-06
-2.63216e-06
5.53247e-06
-2.91328e-06
5.58185e-06
-3.19651e-06
5.63393e-06
-3.48198e-06
5.68853e-06
-3.76993e-06
5.7455e-06
-4.06053e-06
5.80457e-06
-4.35386e-06
5.86544e-06
-4.64981e-06
5.92785e-06
-4.94817e-06
5.99156e-06
-5.24932e-06
6.05621e-06
-5.55467e-06
6.12069e-06
-5.8662e-06
6.18217e-06
6.23873e-06
-6.18755e-06
-2.10537e-07
1.7618e-05
-1.49087e-07
5.39445e-06
-2.79037e-07
4.636e-06
-5.34086e-07
5.33357e-06
-8.02631e-07
5.5576e-06
-1.06457e-06
5.59638e-06
-1.32418e-06
5.62338e-06
-1.58404e-06
5.66029e-06
-1.84492e-06
5.70255e-06
-2.10718e-06
5.7479e-06
-2.37056e-06
5.7959e-06
-2.63588e-06
5.84723e-06
-2.90338e-06
5.90151e-06
-3.17336e-06
5.95862e-06
-3.44667e-06
6.01892e-06
-3.72373e-06
6.08169e-06
-4.00478e-06
6.14651e-06
-4.29018e-06
6.21334e-06
-4.58029e-06
6.28188e-06
-4.87579e-06
6.35185e-06
-5.17805e-06
6.42278e-06
-5.48857e-06
6.49252e-06
6.56232e-06
-5.8118e-06
-1.44052e-07
1.77621e-05
-1.62806e-08
5.26679e-06
-1.44009e-07
4.76391e-06
-3.96708e-07
5.58641e-06
-6.52912e-07
5.81388e-06
-8.99466e-07
5.84295e-06
-1.14396e-06
5.86789e-06
-1.38874e-06
5.9051e-06
-1.63417e-06
5.94802e-06
-1.88059e-06
5.99435e-06
-2.12865e-06
6.04397e-06
-2.37846e-06
6.09708e-06
-2.6305e-06
6.15367e-06
-2.88535e-06
6.21366e-06
-3.14275e-06
6.27651e-06
-3.40367e-06
6.34272e-06
-3.66952e-06
6.41236e-06
-3.94108e-06
6.48493e-06
-4.21923e-06
6.5602e-06
-4.50542e-06
6.63824e-06
-4.80166e-06
6.71895e-06
-5.11119e-06
6.80187e-06
6.8873e-06
-5.43587e-06
-3.74655e-08
1.77996e-05
1.04929e-07
5.12456e-06
-4.37536e-08
4.91275e-06
-2.91763e-07
5.83448e-06
-5.28568e-07
6.05067e-06
-7.56868e-07
6.07126e-06
-9.85116e-07
6.0962e-06
-1.21435e-06
6.13443e-06
-1.44427e-06
6.17802e-06
-1.67507e-06
6.22515e-06
-1.90702e-06
6.27588e-06
-2.14035e-06
6.33038e-06
-2.37532e-06
6.38871e-06
-2.61233e-06
6.45088e-06
-2.85247e-06
6.5169e-06
-3.09647e-06
6.58688e-06
-3.34496e-06
6.66087e-06
-3.59884e-06
6.7388e-06
-3.85915e-06
6.82065e-06
-4.12731e-06
6.90663e-06
-4.4052e-06
6.99686e-06
-4.69475e-06
7.09127e-06
7.19237e-06
-4.99961e-06
1.2313e-07
1.76765e-05
2.3336e-07
5.0145e-06
4.35122e-08
5.10267e-06
-1.97297e-07
6.07522e-06
-4.13069e-07
6.26635e-06
-6.23771e-07
6.28195e-06
-8.3657e-07
6.30911e-06
-1.05076e-06
6.34881e-06
-1.26558e-06
6.39299e-06
-1.48101e-06
6.44063e-06
-1.69723e-06
6.49203e-06
-1.91437e-06
6.54741e-06
-2.1326e-06
6.60694e-06
-2.35229e-06
6.67072e-06
-2.57404e-06
6.7389e-06
-2.79864e-06
6.81168e-06
-3.02696e-06
6.88924e-06
-3.25991e-06
6.97174e-06
-3.49857e-06
7.05942e-06
-3.74441e-06
7.15271e-06
-3.99945e-06
7.252e-06
-4.26599e-06
7.35769e-06
7.47302e-06
-4.5465e-06
3.63099e-07
1.73135e-05
3.94713e-07
4.98304e-06
1.44182e-07
5.35317e-06
-9.21297e-08
6.31135e-06
-2.91615e-07
6.46568e-06
-4.89116e-07
6.47944e-06
-6.89413e-07
6.50957e-06
-8.90326e-07
6.54998e-06
-1.09141e-06
6.59431e-06
-1.29234e-06
6.64164e-06
-1.49327e-06
6.69289e-06
-1.69431e-06
6.74829e-06
-1.89555e-06
6.80808e-06
-2.09722e-06
6.87244e-06
-2.29973e-06
6.94163e-06
-2.50377e-06
7.01596e-06
-2.71018e-06
7.09576e-06
-2.9198e-06
7.18139e-06
-3.13357e-06
7.27328e-06
-3.3527e-06
7.37205e-06
-3.57893e-06
7.47836e-06
-3.81444e-06
7.59313e-06
7.71967e-06
-4.06101e-06
6.53048e-07
1.66605e-05
5.80923e-07
5.05528e-06
2.62449e-07
5.67152e-06
2.87861e-08
6.54479e-06
-1.61685e-07
6.65598e-06
-3.52212e-07
6.66997e-06
-5.44043e-07
6.70157e-06
-7.3487e-07
6.74106e-06
-9.23533e-07
6.7832e-06
-1.11096e-06
6.82917e-06
-1.29725e-06
6.8791e-06
-1.48246e-06
6.93333e-06
-1.66666e-06
6.99212e-06
-1.84997e-06
7.05575e-06
-2.03268e-06
7.12452e-06
-2.21533e-06
7.19886e-06
-2.39861e-06
7.27922e-06
-2.58318e-06
7.36605e-06
-2.76966e-06
7.45985e-06
-2.95879e-06
7.56135e-06
-3.15168e-06
7.67135e-06
-3.34975e-06
7.79115e-06
7.92356e-06
-3.55359e-06
9.33596e-07
1.5727e-05
7.53033e-07
5.23592e-06
3.80721e-07
6.0437e-06
1.51727e-07
6.77361e-06
-3.53362e-08
6.84294e-06
-2.22597e-07
6.85724e-06
-4.0802e-07
6.88711e-06
-5.89751e-07
6.92296e-06
-7.6829e-07
6.96188e-06
-9.43646e-07
7.00458e-06
-1.11618e-06
7.05155e-06
-1.28613e-06
7.10311e-06
-1.45364e-06
7.15948e-06
-1.61885e-06
7.22094e-06
-1.78198e-06
7.28782e-06
-1.9434e-06
7.36055e-06
-2.10356e-06
7.43961e-06
-2.26278e-06
7.52539e-06
-2.4212e-06
7.61834e-06
-2.57927e-06
7.71952e-06
-2.73714e-06
7.82928e-06
-2.89493e-06
7.94889e-06
8.08089e-06
-3.05217e-06
1.17596e-06
1.45512e-05
8.80512e-07
5.53143e-06
4.77002e-07
6.44714e-06
2.55549e-07
6.995e-06
6.88189e-08
7.02967e-06
-1.1638e-07
7.04246e-06
-2.96465e-07
7.06722e-06
-4.70481e-07
7.097e-06
-6.39187e-07
7.13059e-06
-8.03164e-07
7.16852e-06
-9.62905e-07
7.21122e-06
-1.11878e-06
7.25887e-06
-1.27105e-06
7.31167e-06
-1.41999e-06
7.36992e-06
-1.56579e-06
7.43379e-06
-1.70871e-06
7.50374e-06
-1.849e-06
7.58012e-06
-1.98673e-06
7.66321e-06
-2.12164e-06
7.75329e-06
-2.25259e-06
7.85053e-06
-2.3798e-06
7.95652e-06
-2.50355e-06
8.07261e-06
8.19975e-06
-2.62227e-06
1.37486e-06
1.31764e-05
9.42097e-07
5.96421e-06
5.21562e-07
6.86768e-06
3.12368e-07
7.20425e-06
1.25721e-07
7.21637e-06
-5.73794e-08
7.22557e-06
-2.32425e-07
7.2422e-06
-3.99552e-07
7.26401e-06
-5.59973e-07
7.29091e-06
-7.14616e-07
7.32309e-06
-8.64153e-07
7.36071e-06
-1.00914e-06
7.40383e-06
-1.15001e-06
7.45256e-06
-1.28701e-06
7.50702e-06
-1.42064e-06
7.56759e-06
-1.55111e-06
7.6344e-06
-1.67841e-06
7.70755e-06
-1.80218e-06
7.78701e-06
-1.92167e-06
7.8728e-06
-2.03625e-06
7.96518e-06
-2.14453e-06
8.0649e-06
-2.24468e-06
8.17274e-06
8.28978e-06
-2.3346e-06
1.46139e-06
1.17151e-05
9.16353e-07
6.50915e-06
5.22352e-07
7.26168e-06
3.01711e-07
7.42497e-06
1.07807e-07
7.41034e-06
-7.24498e-08
7.40581e-06
-2.40734e-07
7.41038e-06
-3.99616e-07
7.42276e-06
-5.51135e-07
7.44231e-06
-6.96658e-07
7.46857e-06
-8.37105e-07
7.50117e-06
-9.73173e-07
7.53995e-06
-1.10545e-06
7.58491e-06
-1.23453e-06
7.63619e-06
-1.36079e-06
7.69396e-06
-1.48448e-06
7.7582e-06
-1.60555e-06
7.82867e-06
-1.7235e-06
7.90496e-06
-1.83743e-06
7.98678e-06
-1.94618e-06
8.07407e-06
-2.0482e-06
8.16699e-06
-2.14105e-06
8.26546e-06
8.3691e-06
-2.22036e-06
1.30799e-06
1.04071e-05
7.64324e-07
7.0526e-06
4.15259e-07
7.6107e-06
2.14794e-07
7.62549e-06
3.69409e-08
7.58826e-06
-1.25392e-07
7.56817e-06
-2.75535e-07
7.5605e-06
-4.16453e-07
7.56362e-06
-5.50274e-07
7.57609e-06
-6.78593e-07
7.59687e-06
-8.02494e-07
7.62507e-06
-9.22848e-07
7.66032e-06
-1.04031e-06
7.7024e-06
-1.1554e-06
7.75134e-06
-1.26844e-06
7.80711e-06
-1.37956e-06
7.86942e-06
-1.48856e-06
7.93773e-06
-1.59493e-06
8.01132e-06
-1.69775e-06
8.08961e-06
-1.79588e-06
8.17225e-06
-1.88784e-06
8.25893e-06
-1.97144e-06
8.34885e-06
8.44102e-06
-2.0432e-06
8.95945e-07
9.51101e-06
4.04628e-07
7.54369e-06
2.2308e-07
7.79222e-06
9.39115e-08
7.75473e-06
-2.74435e-08
7.70973e-06
-1.39709e-07
7.68053e-06
-2.4441e-07
7.66526e-06
-3.43016e-07
7.66225e-06
-4.36274e-07
7.66932e-06
-5.25762e-07
7.68629e-06
-6.12419e-07
7.71165e-06
-6.96817e-07
7.74466e-06
-7.79387e-07
7.785e-06
-8.60369e-07
7.83246e-06
-9.39861e-07
7.88679e-06
-1.01784e-06
7.94753e-06
-1.09413e-06
8.01397e-06
-1.16826e-06
8.08527e-06
-1.23942e-06
8.16063e-06
-1.30654e-06
8.23944e-06
-1.3686e-06
8.32114e-06
-1.42466e-06
8.40488e-06
8.49032e-06
-1.47387e-06
3.05934e-07
1.49708e-07
6.89262e-08
2.75285e-08
-1.25007e-08
-4.96928e-08
-8.43522e-08
-1.1685e-07
-1.47013e-07
-1.75749e-07
-2.03393e-07
-2.30171e-07
-2.56236e-07
-2.8165e-07
-3.06429e-07
-3.30536e-07
-3.53809e-07
-3.7587e-07
-3.9612e-07
-4.13864e-07
-4.28335e-07
-4.38029e-07
-4.39457e-07
5.30625e-05
-1.15773e-05
6.9971e-05
-1.69085e-05
8.54699e-05
-1.54989e-05
-2.21827e-05
0.000107653
6.45378e-05
-3.08928e-05
8.16977e-05
-3.40684e-05
9.68307e-05
-3.06319e-05
-3.50657e-05
0.000109714
6.59958e-05
-5.35404e-05
7.61316e-05
-4.42043e-05
7.61922e-05
-3.06924e-05
-3.03067e-05
7.14331e-05
2.39856e-05
-5.54826e-05
9.49095e-06
-2.97098e-05
-1.82048e-05
-2.99682e-06
-2.03398e-05
-2.81715e-05
4.85226e-06
-5.32141e-05
-9.40314e-06
-1.54544e-05
-1.77362e-05
5.33586e-06
-2.90847e-05
-8.9914e-06
4.964e-06
-5.38347e-05
1.76806e-06
-1.22583e-05
3.08261e-06
4.02129e-06
-2.08e-05
-5.20199e-06
-5.79087e-06
-5.26012e-05
-3.87702e-06
-1.41722e-05
-8.04763e-06
8.19207e-06
-2.222e-07
-2.86254e-05
-2.37634e-05
-4.6448e-05
-2.45861e-05
-1.33496e-05
-2.87509e-05
1.23568e-05
1.21054e-05
-4.10785e-05
-3.88711e-05
-3.72641e-05
-4.17008e-05
-1.05199e-05
-4.10462e-05
1.17023e-05
1.17761e-05
-4.07168e-05
-4.28072e-05
-2.81766e-05
-4.51382e-05
-8.1888e-06
-4.05801e-05
7.14438e-06
7.48782e-06
-3.62915e-05
-3.70937e-05
-2.07556e-05
-3.83947e-05
-6.88779e-06
-3.447e-05
3.21959e-06
5.38025e-06
-3.23623e-05
-2.8987e-05
-1.44197e-05
-3.04387e-05
-5.43631e-06
-2.90375e-05
1.81833e-06
5.8234e-06
-2.94808e-05
-2.26078e-05
-8.59804e-06
-2.49192e-05
-3.12511e-06
-2.56631e-05
2.56244e-06
7.51417e-06
-2.73539e-05
-1.84978e-05
-3.78785e-06
-2.145e-05
-1.73101e-07
-2.3364e-05
4.47671e-06
9.59146e-06
-2.54412e-05
-1.6268e-05
-4.67883e-08
-1.91919e-05
2.75071e-06
-2.14721e-05
6.75686e-06
1.15961e-05
-2.34767e-05
-1.50007e-05
2.9528e-06
-1.76264e-05
5.37638e-06
-1.97815e-05
8.91176e-06
1.33882e-05
-2.15735e-05
-1.40787e-05
5.50965e-06
-1.63388e-05
7.63666e-06
-1.82067e-05
1.07797e-05
1.48594e-05
-1.96775e-05
-1.31665e-05
7.70867e-06
-1.51309e-05
9.6014e-06
-1.67238e-05
1.23727e-05
1.59965e-05
-1.78605e-05
-1.22883e-05
9.5992e-06
-1.40029e-05
1.13162e-05
-1.5362e-05
1.37319e-05
1.68973e-05
-1.62626e-05
-1.15109e-05
1.12593e-05
-1.29952e-05
1.28004e-05
-1.41549e-05
1.48917e-05
1.76396e-05
-1.48974e-05
-1.08118e-05
1.27297e-05
-1.2106e-05
1.40946e-05
-1.31014e-05
1.58873e-05
1.81712e-05
-1.36332e-05
-1.01832e-05
1.40549e-05
-1.133e-05
1.52413e-05
-1.21809e-05
1.67384e-05
1.85566e-05
-1.25665e-05
-9.62136e-06
1.52727e-05
-1.06644e-05
1.62841e-05
-1.14159e-05
1.749e-05
1.88594e-05
-1.17189e-05
-9.13992e-06
1.64279e-05
-1.0106e-05
1.72499e-05
-1.08065e-05
1.81903e-05
1.91301e-05
-1.10773e-05
-8.69206e-06
1.75237e-05
-9.65082e-06
1.82084e-05
-1.03747e-05
1.89141e-05
1.939e-05
-1.06348e-05
-8.31386e-06
1.85991e-05
-9.29368e-06
1.91881e-05
-1.01129e-05
1.97332e-05
1.97729e-05
-1.04956e-05
-7.9748e-06
1.96792e-05
-9.01775e-06
2.02313e-05
-9.97281e-06
2.06885e-05
2.03677e-05
-1.05673e-05
-7.66617e-06
2.0797e-05
-8.84805e-06
2.14134e-05
-9.94254e-06
2.17832e-05
2.13099e-05
-1.08845e-05
-7.36191e-06
2.19712e-05
-8.64479e-06
2.26965e-05
-9.9836e-06
2.31222e-05
2.27014e-05
-1.1375e-05
-7.03479e-06
2.3194e-05
-8.41412e-06
2.4076e-05
-1.00259e-05
2.4734e-05
2.46515e-05
-1.19761e-05
-6.63877e-06
2.43967e-05
-8.11939e-06
2.55566e-05
-1.00303e-05
2.6645e-05
2.72091e-05
-1.25879e-05
-6.1902e-06
2.55871e-05
-7.70932e-06
2.70756e-05
-9.84696e-06
2.87826e-05
3.0437e-05
-1.3075e-05
-5.64889e-06
2.66893e-05
-7.12815e-06
2.85549e-05
-9.28355e-06
3.09379e-05
3.3897e-05
-1.27438e-05
-5.03183e-06
2.766e-05
-6.35781e-06
2.98809e-05
-8.33273e-06
3.29127e-05
3.72981e-05
-1.17341e-05
-4.33969e-06
2.84459e-05
-5.38565e-06
3.09269e-05
-6.84815e-06
3.43751e-05
4.01764e-05
-9.72679e-06
-3.61938e-06
2.9013e-05
-4.26907e-06
3.15767e-05
-5.09359e-06
3.51994e-05
4.16612e-05
-6.57861e-06
-2.99736e-06
2.93879e-05
-3.22196e-06
3.18013e-05
-3.21867e-06
3.51959e-05
4.11004e-05
-2.6579e-06
-2.58113e-06
2.96343e-05
-2.46455e-06
3.16847e-05
-1.59733e-06
3.43285e-05
3.84518e-05
1.05133e-06
-2.36725e-06
2.97812e-05
-2.02018e-06
3.13377e-05
-6.32384e-07
3.29408e-05
3.46758e-05
3.14366e-06
-2.15624e-06
2.98944e-05
-1.78644e-06
3.09678e-05
-3.01907e-07
3.14562e-05
3.08466e-05
3.52699e-06
-1.52945e-06
2.995e-05
-1.18816e-06
3.06261e-05
8.0599e-11
3.02679e-05
2.81289e-05
2.71811e-06
-3.951e-07
-2.36267e-07
1.41375e-07
1.02354e-06
0.000123006
-3.59946e-05
0.000139637
-5.33098e-05
0.000151156
-6.95784e-05
0.000149495
-7.93569e-05
0.000140003
-9.0496e-05
6.14248e-05
-1.67738e-05
-9.22189e-06
1.59998e-06
-7.6917e-05
3.79583e-05
-0.000120661
5.59764e-05
-0.00018824
6.95324e-05
-0.000234962
7.03302e-05
-0.000167068
-1.65854e-05
4.30464e-05
-8.6465e-05
0.000139037
9.1338e-05
0.000153348
0.000165611
0.000136395
0.000157072
0.000104005
8.89793e-05
4.86397e-05
-3.7597e-05
-0.000144589
0.000114271
-4.05522e-05
0.000116909
-5.59479e-05
0.000109716
-6.23853e-05
5.72943e-05
-2.69349e-05
1.32252e-05
-4.6427e-05
-1.26108e-05
9.06221e-06
-5.62405e-05
4.52299e-05
-0.000134711
0.000116429
-0.00027619
0.000197455
-0.00046532
0.000258662
-0.000578246
0.000183256
-0.000495424
-9.94063e-05
-0.000305936
-0.000275954
4.48293e-06
-0.000219081
0.000147252
2.28416e-05
0.000175221
0.000129104
0.000146351
0.000117849
7.78153e-05
3.09389e-05
-6.67735e-05
2.9257e-05
1.62389e-06
9.68482e-06
-3.63757e-05
5.40852e-06
-5.81089e-05
1.52754e-05
-3.68017e-05
-8.79579e-07
-3.02723e-05
-1.58261e-05
2.40086e-05
-6.38535e-05
9.32573e-05
-0.000146571
0.000199146
-0.000279493
0.000330378
-0.000397886
0.000377055
-0.000410077
0.000195448
-0.000319544
-0.00018994
-0.000273737
-0.000321761
-0.000177074
-0.000315743
2.03159e-05
-0.000174549
0.000133176
1.62443e-05
0.000141757
0.000109267
8.22011e-05
9.04949e-05
1.54276e-05
-4.22242e-06
-2.2325e-05
8.01114e-06
-4.86092e-05
-2.19422e-07
-4.98786e-05
-8.58709e-06
-2.84338e-05
-3.42875e-05
-4.57167e-06
-5.81584e-05
4.78796e-05
-8.56925e-05
0.000120791
-0.000129727
0.000243181
-0.000206357
0.000407008
-0.000276831
0.000447529
-0.000280767
0.000199383
-0.000187891
-0.000282816
-0.000141932
-0.00036772
-0.000134866
-0.00032281
-5.60005e-05
-0.000253414
3.56437e-05
-7.53999e-05
8.39709e-05
6.09403e-05
5.79452e-05
0.000116521
7.33728e-05
1.76783e-06
-3.30842e-05
-1.0772e-05
-3.60692e-05
-3.68987e-05
-2.3752e-05
-6.01515e-05
-5.18084e-06
-8.48843e-05
2.01613e-05
-9.53553e-05
5.83507e-05
-9.37308e-05
0.000119167
-9.09151e-05
0.000240365
-0.000103349
0.000419443
-0.000131525
0.000475705
-0.000135069
0.000202928
-0.000130209
-0.000287676
-9.92635e-05
-0.000398666
-0.0001017
-0.000320373
-9.87872e-05
-0.000256327
-4.35599e-05
-0.000130627
5.00871e-06
1.23716e-05
2.2143e-05
9.93863e-05
9.55159e-05
-2.08001e-05
-1.74858e-05
-4.72287e-05
-9.64066e-06
-7.13762e-05
3.95465e-07
-8.58315e-05
9.27452e-06
-9.4604e-05
2.89339e-05
-9.37533e-05
5.74997e-05
-7.96096e-05
0.000105022
-4.763e-05
0.000208385
-7.60065e-06
0.000379413
-3.01546e-06
0.00047112
-2.94751e-05
0.000229387
-9.83221e-05
-0.000218829
-8.95005e-05
-0.000407487
-9.57017e-05
-0.000314171
-9.1286e-05
-0.000260743
-6.21096e-05
-0.000159804
-3.23988e-05
-1.73391e-05
-6.54737e-06
7.35348e-05
8.89685e-05
-4.60371e-05
-7.37495e-08
-6.0102e-05
4.42449e-06
-6.74695e-05
7.76326e-06
-7.42107e-05
1.60159e-05
-7.87587e-05
3.3482e-05
-7.64214e-05
5.51626e-05
-6.00827e-05
8.86837e-05
-1.80947e-05
0.000166397
4.98861e-05
0.000311433
9.21862e-05
0.000428819
5.20283e-05
0.000269545
-5.91822e-05
-0.000107618
-7.66873e-05
-0.000389982
-9.32274e-05
-0.000297631
-8.84463e-05
-0.000265524
-7.19118e-05
-0.000176338
-4.97589e-05
-3.9492e-05
-2.53941e-05
4.91701e-05
6.35744e-05
-4.78226e-05
6.6705e-06
-5.08036e-05
7.40583e-06
-5.48873e-05
1.1847e-05
-5.98415e-05
2.09701e-05
-6.23839e-05
3.60246e-05
-5.96673e-05
5.24458e-05
-4.47831e-05
7.37998e-05
-4.59939e-06
0.000126214
6.73739e-05
0.000239459
0.000128156
0.000368038
0.000107013
0.000290688
3.61903e-06
-4.2247e-06
-6.24952e-05
-0.000323868
-7.85086e-05
-0.000281618
-8.89133e-05
-0.000255119
-7.85193e-05
-0.000186732
-5.71816e-05
-6.08297e-05
-3.14822e-05
2.34706e-05
3.20922e-05
-4.05295e-05
6.48306e-06
-4.27146e-05
9.59122e-06
-4.67961e-05
1.59284e-05
-5.04241e-05
2.45978e-05
-5.11022e-05
3.67026e-05
-4.74235e-05
4.8767e-05
-3.46087e-05
6.0985e-05
-1.04531e-06
9.26499e-05
6.28267e-05
0.000175588
0.000129345
0.000301519
0.000127821
0.000292213
4.52397e-05
7.83562e-05
-4.76962e-05
-0.000230932
-8.21997e-05
-0.000247114
-8.67349e-05
-0.000250584
-7.97816e-05
-0.000193685
-5.87281e-05
-8.18832e-05
-3.20768e-05
-3.18072e-06
1.54095e-08
-3.63158e-05
6.50742e-06
-3.8876e-05
1.21516e-05
-4.19588e-05
1.90113e-05
-4.39105e-05
2.65494e-05
-4.3261e-05
3.60528e-05
-3.93155e-05
4.48217e-05
-2.90312e-05
5.07006e-05
-3.35195e-06
6.69706e-05
4.78018e-05
0.000124434
0.000110831
0.00023849
0.000124944
0.0002781
6.89107e-05
0.00013439
-3.16217e-05
-0.0001304
-7.61007e-05
-0.000202635
-8.66169e-05
-0.000240068
-8.19035e-05
-0.000198399
-6.00506e-05
-0.000103736
-3.1289e-05
-3.19423e-05
-3.12736e-05
-3.37212e-05
7.86636e-06
-3.59678e-05
1.43982e-05
-3.79039e-05
2.09472e-05
-3.87943e-05
2.74398e-05
-3.77304e-05
3.49887e-05
-3.44026e-05
4.1494e-05
-2.7354e-05
4.36518e-05
-9.7844e-06
4.9401e-05
2.72878e-05
8.7362e-05
8.12425e-05
0.000184535
0.000104189
0.000255153
6.65327e-05
0.000172046
-2.25245e-05
-4.13427e-05
-7.36383e-05
-0.000151522
-8.67995e-05
-0.000226907
-8.33447e-05
-0.000201854
-6.13902e-05
-0.000125691
-2.96768e-05
-6.36557e-05
-6.09504e-05
-3.13594e-05
9.74467e-06
-3.31375e-05
1.61762e-05
-3.43482e-05
2.21576e-05
-3.47708e-05
2.78625e-05
-3.38283e-05
3.40463e-05
-3.157e-05
3.92355e-05
-2.80199e-05
4.01015e-05
-1.86593e-05
4.004e-05
4.33465e-06
6.4368e-05
4.7316e-05
0.000141554
7.25825e-05
0.000229887
5.00369e-05
0.000194592
-1.9181e-05
2.78752e-05
-7.27988e-05
-9.79039e-05
-9.00638e-05
-0.000209641
-8.45147e-05
-0.000207403
-6.19199e-05
-0.000148285
-2.75042e-05
-9.80714e-05
-8.84546e-05
-2.91718e-05
1.15625e-05
-3.04821e-05
1.74864e-05
-3.12425e-05
2.2918e-05
-3.14381e-05
2.80582e-05
-3.07914e-05
3.33996e-05
-2.95712e-05
3.8015e-05
-2.88429e-05
3.93735e-05
-2.65017e-05
3.76985e-05
-1.38521e-05
5.17184e-05
1.63658e-05
0.000111336
4.10443e-05
0.000205208
3.09329e-05
0.000204703
-2.26894e-05
8.14976e-05
-8.03488e-05
-4.02447e-05
-9.98923e-05
-0.000190098
-8.77203e-05
-0.000219575
-6.15858e-05
-0.00017442
-2.578e-05
-0.000133877
-0.000114235
-2.69707e-05
1.30921e-05
-2.7903e-05
1.84186e-05
-2.83524e-05
2.33676e-05
-2.84699e-05
2.81757e-05
-2.81201e-05
3.30499e-05
-2.76235e-05
3.75178e-05
-2.84089e-05
4.0159e-05
-3.06108e-05
3.99004e-05
-2.63452e-05
4.74526e-05
-6.34593e-06
9.13372e-05
1.94828e-05
0.000179379
2.08201e-05
0.000203366
-1.80341e-05
0.000120352
-7.63079e-05
1.80288e-05
-0.000116546
-0.00014986
-9.47824e-05
-0.000241338
-6.32481e-05
-0.000205954
-2.61861e-05
-0.000170939
-0.000140421
-2.47445e-05
1.43599e-05
-2.53838e-05
1.90578e-05
-2.56594e-05
2.36432e-05
-2.56941e-05
2.82102e-05
-2.54747e-05
3.28305e-05
-2.53851e-05
3.74279e-05
-2.64773e-05
4.12511e-05
-3.0202e-05
4.36255e-05
-3.1572e-05
4.88226e-05
-1.85789e-05
7.83442e-05
1.00939e-05
0.000150707
2.42021e-05
0.000189257
7.03879e-06
0.000137515
-3.83784e-05
6.34457e-05
-0.000101985
-8.62531e-05
-0.000105444
-0.000237878
-6.81149e-05
-0.000243283
-2.86405e-05
-0.000210414
-0.000169061
-2.25308e-05
1.53172e-05
-2.29873e-05
1.95145e-05
-2.31184e-05
2.37744e-05
-2.30058e-05
2.80976e-05
-2.28444e-05
3.26691e-05
-2.27782e-05
3.73619e-05
-2.35159e-05
4.19886e-05
-2.64761e-05
4.65861e-05
-3.00733e-05
5.24197e-05
-2.23964e-05
7.06675e-05
6.73225e-06
0.000121578
3.1951e-05
0.000164038
3.44119e-05
0.000135055
1.61224e-05
8.17353e-05
-4.58491e-05
-2.42816e-05
-9.36606e-05
-0.000190067
-6.7882e-05
-0.000269062
-3.13761e-05
-0.00024692
-0.000200437
-2.04274e-05
1.60672e-05
-2.07234e-05
1.9811e-05
-2.07078e-05
2.3759e-05
-2.04888e-05
2.78785e-05
-2.01298e-05
3.23104e-05
-1.98936e-05
3.71257e-05
-2.00911e-05
4.21863e-05
-2.14281e-05
4.79231e-05
-2.41018e-05
5.50933e-05
-2.05152e-05
6.70808e-05
3.86229e-06
9.72002e-05
3.50559e-05
0.000132845
5.13576e-05
0.000118753
5.91493e-05
7.39438e-05
2.12376e-05
1.363e-05
-5.16017e-05
-0.000117228
-5.6352e-05
-0.000264312
-3.12288e-05
-0.000272043
-0.000231666
-1.84189e-05
1.66255e-05
-1.85772e-05
1.99698e-05
-1.84036e-05
2.35854e-05
-1.79878e-05
2.74623e-05
-1.74296e-05
3.17525e-05
-1.68338e-05
3.65296e-05
-1.64538e-05
4.18065e-05
-1.63603e-05
4.78294e-05
-1.6833e-05
5.55658e-05
-1.4777e-05
6.50248e-05
1.73949e-06
8.06838e-05
3.11254e-05
0.000103458
5.31212e-05
9.67577e-05
6.80036e-05
5.90612e-05
6.98606e-05
1.17727e-05
7.19453e-06
-5.45613e-05
-2.93758e-05
-0.000227741
-2.57643e-05
-0.000275654
-0.00025743
-1.66573e-05
1.70201e-05
-1.6623e-05
1.99358e-05
-1.62484e-05
2.32107e-05
-1.55831e-05
2.67966e-05
-1.47194e-05
3.08888e-05
-1.36865e-05
3.54966e-05
-1.27418e-05
4.08617e-05
-1.18113e-05
4.68989e-05
-1.04728e-05
5.42273e-05
-7.92937e-06
6.24811e-05
1.89207e-06
7.08628e-05
2.40926e-05
8.12575e-05
4.54516e-05
7.53988e-05
5.86045e-05
4.59083e-05
6.64922e-05
3.88464e-06
3.75969e-05
-2.56661e-05
-3.74789e-06
-0.000186397
-1.81809e-05
-0.000261221
-0.000275611
-1.5047e-05
1.71694e-05
-1.48336e-05
1.97226e-05
-1.42135e-05
2.25904e-05
-1.32458e-05
2.5829e-05
-1.19736e-05
2.96166e-05
-1.06134e-05
3.41367e-05
-9.16289e-06
3.94108e-05
-7.53653e-06
4.52725e-05
-5.44406e-06
5.21347e-05
-2.19051e-06
5.92272e-05
4.02801e-06
6.46444e-05
1.81427e-05
6.71426e-05
3.44882e-05
5.90531e-05
4.42005e-05
3.61961e-05
5.71373e-05
-9.05218e-06
4.48769e-05
-1.34056e-05
1.10628e-05
-0.000152582
-1.14759e-05
-0.000238682
-0.000287087
-1.36487e-05
1.71848e-05
-1.31906e-05
1.92647e-05
-1.2351e-05
2.17506e-05
-1.1054e-05
2.45323e-05
-9.43431e-06
2.79966e-05
-7.56904e-06
3.22716e-05
-5.63548e-06
3.74767e-05
-3.70922e-06
4.33459e-05
-1.34475e-06
4.97701e-05
1.87608e-06
5.60061e-05
6.35357e-06
6.01669e-05
1.43817e-05
5.91145e-05
2.49651e-05
4.84695e-05
2.99168e-05
3.12446e-05
4.15841e-05
-2.07193e-05
3.7589e-05
-9.41017e-06
2.26723e-05
-0.000137666
-5.94051e-06
-0.000210069
-0.000293028
-1.24455e-05
1.70637e-05
-1.1825e-05
1.86444e-05
-1.06206e-05
2.0546e-05
-9.00557e-06
2.29174e-05
-6.87533e-06
2.58659e-05
-4.55982e-06
2.99558e-05
-2.21238e-06
3.51288e-05
9.46973e-09
4.11237e-05
2.3035e-06
4.74762e-05
4.97196e-06
5.33374e-05
8.07712e-06
5.70619e-05
1.21368e-05
5.50548e-05
1.79741e-05
4.26318e-05
1.87088e-05
3.05103e-05
2.37635e-05
-2.57738e-05
2.86631e-05
-1.43095e-05
2.67279e-05
-0.000135731
-9.70772e-07
-0.000182371
-0.000293999
-1.14771e-05
1.6822e-05
-1.06749e-05
1.78421e-05
-9.25933e-06
1.91303e-05
-7.14477e-06
2.08027e-05
-4.49741e-06
2.32182e-05
-1.57033e-06
2.70282e-05
1.28676e-06
3.22715e-05
3.76138e-06
3.86486e-05
5.83894e-06
4.53989e-05
7.69726e-06
5.14787e-05
9.39959e-06
5.53597e-05
1.06689e-05
5.37858e-05
1.21688e-05
4.1132e-05
1.06291e-05
3.20501e-05
1.61708e-06
-1.67618e-05
1.8184e-05
-3.08764e-05
2.35245e-05
-0.000141071
2.97085e-06
-0.000161817
-0.000291028
-1.07622e-05
1.65069e-05
-9.82246e-06
1.69022e-05
-8.08353e-06
1.73912e-05
-5.55659e-06
1.82754e-05
-2.23984e-06
1.99012e-05
1.4927e-06
2.32951e-05
5.00696e-06
2.8757e-05
7.75608e-06
3.58993e-05
9.53544e-06
4.36199e-05
1.0468e-05
5.05463e-05
1.06924e-05
5.51352e-05
9.84414e-06
5.46341e-05
7.8092e-06
4.3167e-05
5.52324e-06
3.43361e-05
-7.49372e-06
-3.7449e-06
1.28124e-05
-5.11827e-05
2.00798e-05
-0.000148339
6.49112e-06
-0.000148228
-0.000284537
-1.03522e-05
1.62245e-05
-9.31169e-06
1.58615e-05
-7.35124e-06
1.54307e-05
-4.24552e-06
1.51693e-05
-8.16127e-08
1.57372e-05
4.71849e-06
1.84947e-05
9.12168e-06
2.43539e-05
1.223e-05
3.27911e-05
1.36676e-05
4.21823e-05
1.35817e-05
5.06324e-05
1.22585e-05
5.64582e-05
9.60646e-06
5.72863e-05
5.13798e-06
4.76356e-05
3.013e-06
3.6461e-05
-8.19848e-06
7.4665e-06
1.25132e-05
-7.18942e-05
1.31466e-05
-0.000148973
6.23188e-06
-0.000141313
-0.000278305
-1.02485e-05
1.59777e-05
-9.25129e-06
1.48644e-05
-7.13519e-06
1.33146e-05
-3.50824e-06
1.15421e-05
1.86782e-06
1.03613e-05
8.18605e-06
1.21764e-05
1.38429e-05
1.8697e-05
1.74331e-05
2.9201e-05
1.84814e-05
4.11338e-05
1.72665e-05
5.18475e-05
1.42912e-05
5.94332e-05
9.78748e-06
6.17902e-05
3.38873e-06
5.40345e-05
3.57943e-07
3.94915e-05
-1.06397e-05
1.8464e-05
5.27708e-08
-8.25861e-05
-4.92543e-06
-0.000143995
-4.06404e-06
-0.000142175
-0.000282369
-1.0567e-05
1.59778e-05
-9.74314e-06
1.40407e-05
-7.58883e-06
1.11604e-05
-3.46768e-06
7.42103e-06
3.43405e-06
3.45959e-06
1.19156e-05
3.69468e-06
1.93794e-05
1.12332e-05
2.36619e-05
2.49184e-05
2.42705e-05
4.05252e-05
2.17854e-05
5.43327e-05
1.6974e-05
6.42446e-05
1.03473e-05
6.84169e-05
1.68778e-06
6.26942e-05
-5.30481e-06
4.64842e-05
-1.99633e-05
3.31223e-05
-4.13117e-05
-6.1237e-05
-3.65077e-05
-0.000148799
-2.294e-05
-0.000155742
-0.000305309
-1.12941e-05
1.63876e-05
-1.08859e-05
1.36327e-05
-8.90015e-06
9.17458e-06
-4.60111e-06
3.12215e-06
4.25029e-06
-5.39197e-06
1.60348e-05
-8.09001e-06
2.62202e-05
1.04768e-06
3.15832e-05
1.95552e-05
3.17188e-05
4.03897e-05
2.77609e-05
5.82905e-05
2.07936e-05
7.12123e-05
1.17045e-05
7.7506e-05
1.114e-06
7.32846e-05
-8.78576e-06
5.63847e-05
-1.61809e-05
4.05171e-05
-2.88829e-05
-4.85345e-05
-4.97094e-05
-0.000127972
-3.48329e-05
-0.000170619
-0.000340142
-1.23931e-05
1.74056e-05
-1.2812e-05
1.40515e-05
-1.14294e-05
7.79176e-06
-6.83862e-06
-1.4685e-06
3.6517e-06
-1.58827e-05
2.10928e-05
-2.55314e-05
3.56431e-05
-1.35028e-05
4.25326e-05
1.26656e-05
4.20011e-05
4.09214e-05
3.62102e-05
6.40813e-05
2.65541e-05
8.08686e-05
1.43624e-05
8.96982e-05
1.17512e-06
8.64717e-05
-1.23332e-05
6.98935e-05
-2.19632e-05
5.01468e-05
-3.10428e-05
-3.94546e-05
-4.62204e-05
-0.000112795
-2.59928e-05
-0.000190846
-0.000366134
-1.38059e-05
1.92353e-05
-1.54177e-05
1.56631e-05
-1.55239e-05
7.89763e-06
-1.27414e-05
-4.25102e-06
1.25524e-06
-2.98797e-05
2.7944e-05
-5.22203e-05
4.93362e-05
-3.48952e-05
5.77593e-05
4.24255e-06
5.60178e-05
4.26632e-05
4.78005e-05
7.22989e-05
3.45365e-05
9.41322e-05
1.82471e-05
0.000105988
1.79894e-06
0.00010292
-1.43337e-05
8.60264e-05
-2.93862e-05
6.51991e-05
-3.35543e-05
-3.52867e-05
-3.91641e-05
-0.000107185
-1.13823e-05
-0.000218628
-0.000377517
-1.54376e-05
2.20848e-05
-1.87365e-05
1.89619e-05
-2.1361e-05
1.05218e-05
-2.1308e-05
-4.30396e-06
-3.07348e-06
-4.81145e-05
3.89395e-05
-9.42331e-05
6.95523e-05
-6.55082e-05
7.85968e-05
-4.80191e-06
7.45006e-05
4.67592e-05
6.30639e-05
8.37359e-05
4.53683e-05
0.000111827
2.37831e-05
0.000127573
3.42403e-06
0.000123279
-1.30602e-05
0.000102511
-2.22454e-05
7.43847e-05
-2.37604e-05
-3.37717e-05
-2.94478e-05
-0.000101498
3.24077e-06
-0.000251317
-0.000374276
-1.71008e-05
2.61105e-05
-2.25691e-05
2.44302e-05
-2.99242e-05
1.78767e-05
-3.61827e-05
1.95448e-06
-1.05866e-05
-7.37109e-05
5.01022e-05
-0.000154922
9.44565e-05
-0.000109863
0.000107055
-1.74001e-05
9.92434e-05
5.45703e-05
8.37262e-05
9.92531e-05
6.04562e-05
0.000135097
3.18132e-05
0.000156216
5.72208e-06
0.00014937
-1.09329e-05
0.000119166
-2.00068e-05
8.34585e-05
-1.38425e-05
-3.9936e-05
-1.52922e-05
-0.000100048
1.42154e-05
-0.000280824
-0.00036006
-1.77354e-05
3.11021e-05
-2.58308e-05
3.25256e-05
-4.03184e-05
3.23642e-05
-5.79807e-05
1.96167e-05
-2.87051e-05
-0.000102987
3.88013e-05
-0.000222429
9.76856e-05
-0.000168747
0.00013006
-4.97751e-05
0.000128841
5.57892e-05
0.000107805
0.00012029
7.66493e-05
0.000166253
3.98318e-05
0.000193034
6.52858e-06
0.000182674
-1.0921e-05
0.000136615
1.31439e-05
5.93933e-05
3.73171e-05
-6.41093e-05
3.79795e-05
-0.00010071
-2.49271e-06
-0.000240352
-0.000362553
-1.74672e-05
3.68351e-05
-2.79581e-05
4.30165e-05
-5.03775e-05
5.47834e-05
-7.42965e-05
4.35355e-05
-2.55924e-05
-0.000151691
1.75862e-05
-0.000265607
5.2496e-05
-0.000203657
9.58111e-05
-9.30903e-05
0.000129597
2.20035e-05
0.000123574
0.000126313
8.90567e-05
0.00020077
4.17604e-05
0.00024033
-2.0556e-07
0.000224639
-2.36233e-05
0.000160033
-1.06135e-05
4.63835e-05
-1.59509e-06
-7.31279e-05
1.61213e-05
-0.000118427
6.6372e-06
-0.000230868
-0.000355916
-1.50425e-05
4.21508e-05
-2.60461e-05
5.40199e-05
-5.20525e-05
8.07895e-05
-7.36818e-05
6.51647e-05
-2.21025e-05
-0.00020327
-9.44255e-06
-0.000278267
2.43718e-05
-0.000237471
7.42708e-05
-0.000142989
0.000120792
-2.45174e-05
0.00012399
0.000123114
9.58831e-05
0.000228877
3.57005e-05
0.000300513
-1.1678e-05
0.000272017
-2.15979e-05
0.000169953
-7.65321e-06
3.24392e-05
-3.61956e-05
-4.45857e-05
1.07674e-05
-0.00016539
3.36867e-05
-0.000253787
-0.000322229
-9.62351e-06
4.51957e-05
-1.73843e-05
6.17807e-05
-3.64497e-05
9.98549e-05
-5.84712e-05
8.71863e-05
-4.62831e-05
-0.000215458
-4.81463e-05
-0.000276404
-1.44085e-05
-0.000271209
4.84411e-05
-0.000205839
0.00011405
-9.01266e-05
0.000129288
0.000107876
0.000110055
0.00024811
2.45042e-05
0.000386064
-3.5717e-05
0.000332239
-4.30401e-05
0.000177276
-2.12785e-05
1.0678e-05
-2.95278e-05
-3.63365e-05
1.39642e-05
-0.000208881
3.33221e-05
-0.000273145
-0.000288907
-1.38422e-06
4.39222e-05
1.7975e-06
5.85991e-05
3.52565e-06
9.81267e-05
-1.41826e-05
0.000104895
-5.24768e-05
-0.000177164
-6.03293e-05
-0.000268552
-2.28862e-05
-0.000308652
3.21038e-05
-0.000260829
0.000105209
-0.000163232
0.000117708
9.53773e-05
9.2985e-05
0.000272833
-5.80389e-06
0.000484853
-5.96472e-05
0.000386082
-3.26774e-05
0.000150306
-3.78011e-05
1.58018e-05
-1.36757e-05
-6.0462e-05
1.23653e-06
-0.000223794
5.72847e-06
-0.000277637
-0.000283179
6.70178e-06
3.8272e-05
1.78944e-05
4.74065e-05
5.04863e-05
6.55347e-05
6.82827e-05
8.70983e-05
5.58492e-06
-0.000114466
-9.07898e-06
-0.000253888
1.90847e-05
-0.000336816
6.33778e-05
-0.000305122
0.000113623
-0.000213477
9.63232e-05
0.000112677
5.06146e-05
0.000318541
-6.91875e-05
0.000604655
-9.11637e-05
0.000408059
-4.95378e-05
0.00010868
-3.60694e-05
2.3333e-06
9.02384e-06
-0.000105555
-2.36979e-06
-0.0002124
-6.458e-06
-0.000273549
-0.000289637
1.125e-05
3.01657e-05
2.75495e-05
3.11069e-05
6.87666e-05
2.43175e-05
0.000131927
2.39378e-05
0.00011898
-0.000101519
8.65957e-05
-0.000221503
7.25376e-05
-0.000322758
8.93312e-05
-0.000321915
0.000109639
-0.000233785
6.59385e-05
0.000156377
-1.28626e-05
0.000397342
-0.000163158
0.00075495
-0.000121302
0.000366203
-5.45976e-05
4.19759e-05
-2.97694e-05
-2.24949e-05
3.22758e-05
-0.0001676
4.588e-05
-0.000226004
2.79107e-05
-0.000255579
-0.000261726
1.08418e-05
2.28508e-05
2.51553e-05
1.67937e-05
5.2877e-05
-3.40405e-06
0.000104548
-2.77332e-05
0.000122921
-0.000119892
0.000112693
-0.000211275
9.54046e-05
-0.00030547
0.000116868
-0.000343379
0.000165973
-0.000282889
5.09357e-05
0.000271415
-6.88945e-05
0.000517173
-0.000180987
0.000867042
-0.000112475
0.000297692
-7.15285e-05
1.02935e-06
3.07331e-05
-0.000124756
3.71346e-05
-0.000174002
3.34915e-05
-0.000222361
1.67237e-05
-0.000238812
-0.000245003
7.51318e-06
1.80557e-05
1.71033e-05
7.20357e-06
3.234e-05
-1.86409e-05
5.7781e-05
-5.31742e-05
7.12196e-05
-0.000133331
7.38842e-05
-0.00021394
7.68396e-05
-0.000308425
0.000139722
-0.000406261
0.00023675
-0.000379917
5.3918e-05
0.000454246
-0.000109991
0.000681082
-0.000164846
0.000921897
-0.000166528
0.000299373
-3.92656e-05
-0.000126233
7.99609e-06
-0.000172018
1.34283e-05
-0.000179434
-8.69513e-06
-0.000200238
-1.62315e-06
-0.000245884
-0.000246626
2.79071e-06
5.90517e-06
1.04177e-05
1.80241e-05
2.19908e-05
2.5387e-05
3.11589e-05
7.87003e-05
0.000203142
5.10075e-05
-9.68997e-05
-0.000160488
-0.000521908
-0.000221461
-5.83751e-05
-1.86411e-05
-2.79019e-06
-1.89979e-07
)
;

boundaryField
{
    leftWall
    {
        type            calculated;
        value           uniform 0;
    }
    rightWall
    {
        type            calculated;
        value           uniform 0;
    }
    lowerWall
    {
        type            calculated;
        value           uniform 0;
    }
    atmosphere
    {
        type            calculated;
        value           nonuniform List<scalar> 
46
(
9.20483e-06
7.69984e-06
7.87303e-06
7.79624e-06
7.74989e-06
7.71785e-06
7.69998e-06
7.69473e-06
7.6994e-06
7.7149e-06
7.7392e-06
7.77144e-06
7.81118e-06
7.85806e-06
7.91171e-06
7.97159e-06
8.03701e-06
8.1071e-06
8.18095e-06
8.25758e-06
8.33586e-06
8.41421e-06
8.49137e-06
2.9906e-05
3.04675e-05
2.989e-05
2.72468e-05
1.62885e-05
4.08899e-06
-2.31537e-05
-6.07806e-05
-0.000137298
-0.000217336
-0.000314197
-0.000453803
-0.000504359
0.000606381
0.000828989
0.000985486
0.000660793
-0.00042668
-0.000335103
-0.000219168
-0.000216089
-0.000248484
-0.000246816
)
;
    }
    defaultFaces
    {
        type            empty;
        value           nonuniform List<scalar> 0();
    }
}


// ************************************************************************* //
