/*--------------------------------*- C++ -*----------------------------------*\
| =========                 |                                                 |
| \\      /  F ield         | OpenFOAM: The Open Source CFD Toolbox           |
|  \\    /   O peration     | Version:  2206                                  |
|   \\  /    A nd           | Website:  www.openfoam.com                      |
|    \\/     M anipulation  |                                                 |
\*---------------------------------------------------------------------------*/
FoamFile
{
    version     2.0;
    format      ascii;
    arch        "LSB;label=32;scalar=64";
    class       volVectorField;
    location    "0.9";
    object      U;
}
// * * * * * * * * * * * * * * * * * * * * * * * * * * * * * * * * * * * * * //

dimensions      [0 1 -1 0 0 0 0];

internalField   nonuniform List<vector> 
2268
(
(-0.00587855 0.0032928 0)
(-0.0091403 0.000388966 0)
(-0.00474982 -0.00340297 0)
(0.00558674 -0.00531175 0)
(0.0186349 -0.00599058 0)
(0.0311684 -0.00527371 0)
(0.0413701 -0.0037947 0)
(0.0481698 -0.00208383 0)
(0.0514693 -0.000421857 0)
(0.0514775 0.00103861 0)
(0.0487797 0.00207884 0)
(0.044553 0.00264584 0)
(0.039586 0.00298126 0)
(0.0340804 0.003451 0)
(0.0277197 0.00432247 0)
(0.0199093 0.00564167 0)
(0.00980582 0.0071331 0)
(-0.00290235 0.00843704 0)
(-0.019492 0.00606873 0)
(-0.0347033 -0.000703711 0)
(-0.0391614 -0.00946627 0)
(-0.029432 -0.0155133 0)
(-0.0111957 -0.0152076 0)
(-0.00840298 0.0105348 0)
(-0.00954643 -7.16204e-05 0)
(-0.00547341 -0.0108978 0)
(0.00468107 -0.0170099 0)
(0.0173823 -0.0188753 0)
(0.030477 -0.0163656 0)
(0.0410028 -0.0117832 0)
(0.0479404 -0.00690876 0)
(0.0516277 -0.0024694 0)
(0.0529142 0.00121799 0)
(0.0524823 0.00394156 0)
(0.050621 0.00562986 0)
(0.0478278 0.00663721 0)
(0.044584 0.00757586 0)
(0.0410953 0.00904441 0)
(0.0371592 0.0114674 0)
(0.0320605 0.0148576 0)
(0.024967 0.0188451 0)
(0.0158155 0.0204549 0)
(0.00509798 0.0163288 0)
(0.000861047 0.00734764 0)
(-0.010304 -0.0138029 0)
(-0.00167435 -0.0297443 0)
(-0.00855141 0.0187847 0)
(-0.0102575 -0.00037217 0)
(-0.00852106 -0.0170635 0)
(-0.00317684 -0.0267007 0)
(0.00747676 -0.0312568 0)
(0.0223021 -0.0281733 0)
(0.0354569 -0.0201867 0)
(0.0437868 -0.0117382 0)
(0.0480499 -0.00469792 0)
(0.0497183 0.00076239 0)
(0.0496298 0.00475092 0)
(0.048263 0.00735259 0)
(0.0461931 0.00887509 0)
(0.0439364 0.00994311 0)
(0.0419212 0.0113155 0)
(0.0405363 0.0136758 0)
(0.0400411 0.0173211 0)
(0.0401951 0.0217691 0)
(0.0401031 0.0245526 0)
(0.0371439 0.0208406 0)
(0.0324853 0.0103789 0)
(0.0229519 -0.00537376 0)
(0.0102429 -0.0216532 0)
(-0.00867998 0.02792 0)
(-0.0131759 0.00217926 0)
(-0.0198079 -0.0167073 0)
(-0.0227828 -0.030751 0)
(-0.0153459 -0.0423468 0)
(0.000196319 -0.0425075 0)
(0.0186795 -0.031965 0)
(0.0326278 -0.0189416 0)
(0.0402217 -0.00828631 0)
(0.0438902 -0.000525755 0)
(0.0454211 0.00491553 0)
(0.0455536 0.0084836 0)
(0.0447663 0.0105367 0)
(0.0435493 0.0117026 0)
(0.0423308 0.0127518 0)
(0.0414887 0.0143166 0)
(0.0414361 0.0167185 0)
(0.0425126 0.0198041 0)
(0.0445765 0.0224097 0)
(0.0453106 0.0219348 0)
(0.0422817 0.0175808 0)
(0.0312695 0.0093332 0)
(0.0133264 -0.00265357 0)
(-0.0087719 0.0388577 0)
(-0.0197151 0.011989 0)
(-0.0371275 -0.00749983 0)
(-0.0450662 -0.0312125 0)
(-0.0416247 -0.0528321 0)
(-0.0295123 -0.0592475 0)
(-0.00931961 -0.0496521 0)
(0.0120589 -0.0316141 0)
(0.0262777 -0.0156976 0)
(0.0341117 -0.00447399 0)
(0.0385647 0.00301555 0)
(0.0411256 0.00783948 0)
(0.0424227 0.0106963 0)
(0.0429198 0.0122761 0)
(0.0429923 0.013362 0)
(0.0429143 0.0146055 0)
(0.0428885 0.0163447 0)
(0.0430329 0.0185631 0)
(0.0434252 0.0209364 0)
(0.043155 0.0227121 0)
(0.040604 0.0236405 0)
(0.0315391 0.0226689 0)
(0.0151995 0.015737 0)
(-0.00812482 0.0528354 0)
(-0.0249014 0.0282653 0)
(-0.0460189 0.005452 0)
(-0.052839 -0.0297826 0)
(-0.0530509 -0.0607563 0)
(-0.0478496 -0.0750778 0)
(-0.034077 -0.0706764 0)
(-0.0126339 -0.0510495 0)
(0.00765976 -0.0287758 0)
(0.0208336 -0.0124172 0)
(0.0290474 -0.00176903 0)
(0.0345624 0.00489635 0)
(0.0384441 0.00888529 0)
(0.0411814 0.0112202 0)
(0.0430793 0.0127822 0)
(0.0443608 0.0143085 0)
(0.0451594 0.0162811 0)
(0.0454203 0.0188655 0)
(0.0448926 0.021988 0)
(0.0428838 0.0255492 0)
(0.0387025 0.030267 0)
(0.0300813 0.037036 0)
(0.0143681 0.0404987 0)
(-0.00506285 0.0645007 0)
(-0.0185543 0.0437654 0)
(-0.0345337 0.0164604 0)
(-0.0350189 -0.0257568 0)
(-0.0352884 -0.0617269 0)
(-0.0379279 -0.0814364 0)
(-0.0369861 -0.0849558 0)
(-0.0266945 -0.0704534 0)
(-0.0096346 -0.0455696 0)
(0.00625412 -0.0242991 0)
(0.0177994 -0.0101607 0)
(0.0262937 -0.00127259 0)
(0.0328733 0.00429043 0)
(0.0381066 0.0078701 0)
(0.0422647 0.0103948 0)
(0.0454632 0.0126624 0)
(0.0477771 0.0153174 0)
(0.0491552 0.0187733 0)
(0.0493821 0.0232514 0)
(0.0477877 0.0286125 0)
(0.0440129 0.0356441 0)
(0.0359499 0.0445207 0)
(0.022281 0.054989 0)
(0.00168321 0.0774567 0)
(-0.00218857 0.0537467 0)
(-0.00715661 0.0225026 0)
(0.00499281 -0.0246964 0)
(0.00841306 -0.0549122 0)
(0.000939727 -0.071175 0)
(-0.0117107 -0.0816542 0)
(-0.0176605 -0.0787586 0)
(-0.0138525 -0.0588165 0)
(-0.00339901 -0.0365268 0)
(0.00785168 -0.0198194 0)
(0.01816 -0.00901567 0)
(0.0269602 -0.00233346 0)
(0.0345242 0.00202768 0)
(0.040872 0.00538096 0)
(0.0461629 0.00856228 0)
(0.0504253 0.0121895 0)
(0.0535782 0.0168545 0)
(0.0551501 0.0232705 0)
(0.0551679 0.0316869 0)
(0.0506744 0.0444622 0)
(0.0455463 0.0639995 0)
(0.0157523 0.100305 0)
(0.0643128 -0.0852239 0)
(0.252755 -0.00996409 0)
(-0.3058 0.0319519 0)
(-0.534399 -0.028966 0)
(-0.61899 -0.000853118 0)
(-0.843946 0.051393 0)
(-1.20879 0.0544067 0)
(-1.39854 -0.00955797 0)
(-1.20901 -0.0667563 0)
(-0.924164 -0.0944616 0)
(-0.677083 -0.0865315 0)
(-0.539424 -0.0322704 0)
(-0.652074 0.0419498 0)
(-0.954298 0.0563668 0)
(-1.0701 0.0113321 0)
(-0.91821 -0.0277592 0)
(-0.693987 -0.0397075 0)
(-0.41798 -0.0564074 0)
(-0.128994 -0.0420751 0)
(-0.110801 -0.0328419 0)
(-0.212103 0.1178 0)
(-0.164925 0.196902 0)
(-0.0496063 0.187724 0)
(-0.909346 0.12445 0)
(-1.35654 0.146595 0)
(-1.52741 0.150012 0)
(-1.48995 0.00827247 0)
(-1.34574 -0.106194 0)
(-1.21102 -0.121745 0)
(-1.12249 -0.0625098 0)
(-1.12447 0.0322868 0)
(-1.17133 0.0900463 0)
(-1.17889 0.0561959 0)
(-1.00019 -0.0335328 0)
(-0.802597 -0.093609 0)
(-0.597309 -0.12343 0)
(-0.33772 -0.168732 0)
(-0.132026 -0.133204 0)
(-0.243223 0.0202282 0)
(-0.19997 0.0504713 0)
(0.447836 0.0638285 0)
(0.594924 0.256244 0)
(-0.0704004 0.418063 0)
(-1.27774 0.221395 0)
(-1.35777 0.108258 0)
(-1.22926 -0.0558859 0)
(-1.13317 -0.160697 0)
(-1.12707 -0.164896 0)
(-1.12432 -0.0883498 0)
(-1.13791 0.0181568 0)
(-1.10951 0.0718264 0)
(-0.96773 0.00768371 0)
(-0.75392 -0.0996543 0)
(-0.558498 -0.152744 0)
(-0.349824 -0.178434 0)
(-0.151991 -0.231142 0)
(-0.0919827 -0.197895 0)
(-0.270216 0.0921678 0)
(0.0279761 -0.1241 0)
(0.574964 -0.0735513 0)
(0.401184 0.178982 0)
(0.689644 0.616525 0)
(-0.539519 0.471412 0)
(-0.756652 0.128522 0)
(-0.533387 -0.0705539 0)
(-0.543045 -0.134849 0)
(-0.77658 -0.138076 0)
(-0.915472 -0.079054 0)
(-0.921433 0.0111533 0)
(-0.857163 0.0275119 0)
(-0.671942 -0.0529149 0)
(-0.441129 -0.16388 0)
(-0.229687 -0.218701 0)
(-0.0713501 -0.221967 0)
(0.0565964 -0.24692 0)
(-0.0117227 -0.215633 0)
(-0.217366 0.143689 0)
(0.0113574 -0.21216 0)
(-0.18233 -0.128183 0)
(-0.0527305 0.244505 0)
(0.587612 0.625749 0)
(0.391217 0.674589 0)
(0.20333 0.282135 0)
(0.257213 -0.0405077 0)
(0.226315 -0.0418958 0)
(-0.24581 -0.0329215 0)
(-0.643118 -0.0482393 0)
(-0.667316 0.00367939 0)
(-0.587434 -0.0108404 0)
(-0.385581 -0.12148 0)
(-0.13273 -0.240823 0)
(0.0572155 -0.280475 0)
(0.169537 -0.255257 0)
(0.205879 -0.236852 0)
(0.0725969 -0.183099 0)
(-0.254233 0.229317 0)
(-0.535999 -0.188496 0)
(-0.728023 -0.112029 0)
(-0.406716 0.160971 0)
(0.263217 0.575623 0)
(0.655531 0.63819 0)
(0.779956 0.254404 0)
(0.76926 -0.0422133 0)
(0.494915 -0.00948914 0)
(0.146679 0.0938038 0)
(-0.326513 0.0267195 0)
(-0.424108 -0.00408946 0)
(-0.328846 -0.0669774 0)
(-0.124902 -0.205292 0)
(0.0814505 -0.317459 0)
(0.201764 -0.330024 0)
(0.289412 -0.277735 0)
(0.278314 -0.207283 0)
(0.121713 -0.12692 0)
(-0.40647 0.383229 0)
(-0.897295 -0.109886 0)
(-1.08335 -0.134383 0)
(-0.901982 -0.031551 0)
(-0.159772 0.340601 0)
(0.519458 0.479417 0)
(0.81832 0.193835 0)
(0.803822 0.0244388 0)
(0.525793 0.104641 0)
(0.25588 0.204297 0)
(-0.0751991 0.110639 0)
(-0.196519 0.0017256 0)
(-0.104487 -0.105227 0)
(0.0515096 -0.243925 0)
(0.122763 -0.339629 0)
(0.171571 -0.348626 0)
(0.25147 -0.287057 0)
(0.256027 -0.174837 0)
(0.13209 -0.0682422 0)
(-0.515616 0.650112 0)
(-1.14378 -0.0166081 0)
(-1.3344 -0.105635 0)
(-1.3227 -0.113055 0)
(-0.910744 0.0446596 0)
(-0.0809341 0.212763 0)
(0.312555 0.0955576 0)
(0.247173 0.070769 0)
(0.118775 0.216553 0)
(0.120203 0.286908 0)
(0.0424979 0.181217 0)
(-0.0196619 0.0322906 0)
(0.0295344 -0.107661 0)
(0.0134684 -0.231915 0)
(-0.0340369 -0.327291 0)
(0.00986079 -0.355581 0)
(0.11801 -0.302339 0)
(0.16268 -0.150549 0)
(0.117009 -0.0219403 0)
(0.0158211 0.0447097 0)
(0.0401253 0.0458447 0)
(0.0547368 0.0081227 0)
(0.0704669 -0.0305353 0)
(0.0768554 -0.0476368 0)
(0.0654745 -0.0474154 0)
(0.0436215 -0.0533158 0)
(0.0251426 -0.0642002 0)
(0.015108 -0.0604632 0)
(0.0128459 -0.0467553 0)
(0.0157767 -0.0334381 0)
(0.022273 -0.0224813 0)
(0.0302341 -0.0141772 0)
(0.0386729 -0.00769919 0)
(0.0470219 -0.00198386 0)
(0.0548797 0.00361191 0)
(0.0618874 0.0101974 0)
(0.0681136 0.0185736 0)
(0.0731855 0.0278809 0)
(0.0799129 0.0365992 0)
(0.0861103 0.0472713 0)
(0.108121 0.0563831 0)
(0.114606 0.0945824 0)
(0.0162594 -0.0138694 0)
(0.0487065 -0.00832718 0)
(0.0814777 -0.0222224 0)
(0.100427 -0.0456437 0)
(0.102439 -0.0498391 0)
(0.097836 -0.0339405 0)
(0.0856782 -0.0223682 0)
(0.0752439 -0.0281978 0)
(0.0690861 -0.0378856 0)
(0.0656051 -0.0420741 0)
(0.0630405 -0.0438878 0)
(0.0607776 -0.0425202 0)
(0.0601595 -0.0389869 0)
(0.0607521 -0.0346024 0)
(0.0632581 -0.0295001 0)
(0.0695061 -0.0246018 0)
(0.079857 -0.0198987 0)
(0.0902987 -0.0144468 0)
(0.0975446 -0.00946293 0)
(0.101931 -0.00710612 0)
(0.110395 -0.00717879 0)
(0.115512 -0.010975 0)
(0.148871 -0.0148362 0)
(0.00817519 -0.0966131 0)
(0.00489648 -0.11272 0)
(-0.0471387 -0.0951859 0)
(-0.133334 -0.063978 0)
(-0.136532 -0.0285572 0)
(-0.0639198 0.000818103 0)
(-0.023083 -0.013089 0)
(-0.0212899 -0.0301405 0)
(-0.0300645 -0.0261068 0)
(-0.0269691 -0.0197983 0)
(-0.018575 -0.0163828 0)
(-0.0285925 -0.0117517 0)
(-0.0782362 -0.00807764 0)
(-0.141655 -0.00392145 0)
(-0.211362 -0.00367871 0)
(-0.282295 -0.0153296 0)
(-0.356546 -0.0216536 0)
(-0.448097 0.00402294 0)
(-0.487259 0.0310097 0)
(-0.45273 0.0399881 0)
(-0.519294 0.034081 0)
(-0.6031 0.011866 0)
(-0.562443 0.0300386 0)
(-0.02236 -0.0579617 0)
(-0.0549287 0.127081 0)
(-0.12052 0.212055 0)
(-0.186445 0.0936835 0)
(-0.263243 -0.11321 0)
(-0.381698 -0.164454 0)
(-0.498826 -0.0382539 0)
(-0.620416 0.0282112 0)
(-0.751776 -0.000499091 0)
(-0.864594 -0.0333576 0)
(-0.904839 0.000455164 0)
(-0.943762 0.0992108 0)
(-0.995483 0.186536 0)
(-0.997303 0.207068 0)
(-0.985091 0.202362 0)
(-1.02573 0.216722 0)
(-1.072 0.240309 0)
(-1.05423 0.208355 0)
(-0.984699 0.130123 0)
(-0.899345 0.0899343 0)
(-0.813212 0.0568426 0)
(-0.752253 -0.0298057 0)
(-0.76283 -0.099489 0)
(-0.0622926 0.0694287 0)
(-0.0925457 0.128424 0)
(-0.105959 0.237305 0)
(-0.147135 0.246545 0)
(-0.250693 0.246371 0)
(-0.386629 0.286136 0)
(-0.496788 0.328929 0)
(-0.593079 0.350247 0)
(-0.702863 0.310993 0)
(-0.827792 0.220136 0)
(-0.95442 0.122512 0)
(-1.05295 0.0912311 0)
(-1.13421 0.125155 0)
(-1.22073 0.190139 0)
(-1.28222 0.210416 0)
(-1.27974 0.135037 0)
(-1.20751 -0.00959757 0)
(-1.0972 -0.145688 0)
(-0.997684 -0.209696 0)
(-0.913542 -0.2095 0)
(-0.833695 -0.155099 0)
(-0.807251 0.0160229 0)
(-0.888091 0.145564 0)
(-0.062607 0.219503 0)
(-0.121544 0.235226 0)
(-0.155306 0.295316 0)
(-0.190981 0.358924 0)
(-0.258136 0.418346 0)
(-0.334819 0.45923 0)
(-0.395489 0.483837 0)
(-0.446769 0.508586 0)
(-0.503949 0.514584 0)
(-0.578811 0.491202 0)
(-0.675301 0.448215 0)
(-0.788187 0.408048 0)
(-0.889468 0.379274 0)
(-0.964954 0.332539 0)
(-1.02221 0.218074 0)
(-1.04232 0.0298215 0)
(-0.999651 -0.158788 0)
(-0.94135 -0.292219 0)
(-0.878571 -0.350379 0)
(-0.82449 -0.347934 0)
(-0.790518 -0.283297 0)
(-0.750759 -0.0830019 0)
(-0.699975 0.106227 0)
(-0.0589072 0.379775 0)
(-0.120197 0.353367 0)
(-0.165612 0.38064 0)
(-0.20294 0.447865 0)
(-0.239813 0.507398 0)
(-0.270866 0.533845 0)
(-0.295583 0.543218 0)
(-0.315337 0.558575 0)
(-0.334815 0.578968 0)
(-0.360925 0.593713 0)
(-0.399272 0.597173 0)
(-0.45159 0.591769 0)
(-0.515208 0.572592 0)
(-0.585738 0.515661 0)
(-0.653267 0.384059 0)
(-0.733555 0.141853 0)
(-0.796536 -0.137394 0)
(-0.827081 -0.321572 0)
(-0.850842 -0.386401 0)
(-0.875372 -0.366639 0)
(-0.893131 -0.281803 0)
(-0.866624 -0.146993 0)
(-0.800382 0.00483718 0)
(-0.0517237 0.54111 0)
(-0.105885 0.467397 0)
(-0.143605 0.458412 0)
(-0.173115 0.507563 0)
(-0.19463 0.552343 0)
(-0.206754 0.569787 0)
(-0.217704 0.573438 0)
(-0.227115 0.580143 0)
(-0.234464 0.595657 0)
(-0.240465 0.613586 0)
(-0.246427 0.628347 0)
(-0.25434 0.640277 0)
(-0.267542 0.646784 0)
(-0.295222 0.630119 0)
(-0.34952 0.557871 0)
(-0.444484 0.395767 0)
(-0.591674 0.14113 0)
(-0.777085 -0.123507 0)
(-0.91833 -0.237713 0)
(-1.01999 -0.255161 0)
(-1.07438 -0.200618 0)
(-1.08628 -0.0960119 0)
(-1.06907 0.0238089 0)
(-0.0346322 0.68366 0)
(-0.0853748 0.56912 0)
(-0.11647 0.518045 0)
(-0.137207 0.546002 0)
(-0.15122 0.577433 0)
(-0.158438 0.588189 0)
(-0.166934 0.591907 0)
(-0.175953 0.596957 0)
(-0.184016 0.6068 0)
(-0.188457 0.616618 0)
(-0.187871 0.622871 0)
(-0.181766 0.629154 0)
(-0.171509 0.640127 0)
(-0.163993 0.652412 0)
(-0.17279 0.649589 0)
(-0.215079 0.607746 0)
(-0.327637 0.502652 0)
(-0.523692 0.298276 0)
(-0.743066 0.0742658 0)
(-0.943008 -0.091682 0)
(-1.09767 -0.162536 0)
(-1.18788 -0.122445 0)
(-1.23191 -0.0308151 0)
(-0.0062832 0.778441 0)
(-0.0563326 0.663039 0)
(-0.086318 0.565808 0)
(-0.105827 0.573472 0)
(-0.119076 0.597838 0)
(-0.127947 0.605093 0)
(-0.138703 0.609853 0)
(-0.149728 0.615532 0)
(-0.160332 0.621225 0)
(-0.167431 0.621926 0)
(-0.16906 0.615272 0)
(-0.163472 0.606582 0)
(-0.149437 0.605418 0)
(-0.129383 0.618144 0)
(-0.113202 0.643917 0)
(-0.11232 0.685094 0)
(-0.148822 0.721693 0)
(-0.248139 0.669551 0)
(-0.406939 0.528271 0)
(-0.590017 0.351217 0)
(-0.765612 0.181832 0)
(-0.917308 0.0736159 0)
(-1.04473 0.0559182 0)
(0.0168647 0.803504 0)
(-0.0259423 0.750145 0)
(-0.0537621 0.615149 0)
(-0.0776515 0.605432 0)
(-0.094749 0.62391 0)
(-0.108207 0.629414 0)
(-0.122983 0.634183 0)
(-0.136696 0.639098 0)
(-0.149345 0.640506 0)
(-0.158778 0.632797 0)
(-0.163493 0.61397 0)
(-0.161525 0.589691 0)
(-0.151431 0.571535 0)
(-0.136438 0.573865 0)
(-0.122766 0.613696 0)
(-0.114922 0.693039 0)
(-0.112887 0.786732 0)
(-0.132031 0.825853 0)
(-0.188796 0.779311 0)
(-0.279787 0.661128 0)
(-0.381011 0.517899 0)
(-0.476404 0.410648 0)
(-0.601536 0.336913 0)
(0.0169641 0.790941 0)
(-0.00810698 0.812718 0)
(-0.02923 0.667087 0)
(-0.0570863 0.649114 0)
(-0.0782495 0.660167 0)
(-0.0962904 0.663108 0)
(-0.114673 0.666153 0)
(-0.131215 0.668356 0)
(-0.146201 0.665071 0)
(-0.158573 0.650287 0)
(-0.1676 0.621738 0)
(-0.172048 0.585232 0)
(-0.172707 0.555713 0)
(-0.173336 0.559373 0)
(-0.176599 0.607191 0)
(-0.177834 0.689262 0)
(-0.171076 0.779297 0)
(-0.16056 0.844218 0)
(-0.163142 0.846613 0)
(-0.189614 0.77375 0)
(-0.23631 0.664646 0)
(-0.294525 0.582405 0)
(-0.384061 0.536193 0)
(0.00105493 0.785613 0)
(-0.0045722 0.843014 0)
(-0.0202208 0.715184 0)
(-0.0484797 0.699219 0)
(-0.0712453 0.703516 0)
(-0.0921487 0.703463 0)
(-0.112787 0.704019 0)
(-0.131823 0.703063 0)
(-0.149649 0.695994 0)
(-0.166095 0.676887 0)
(-0.18129 0.643372 0)
(-0.195542 0.602159 0)
(-0.211369 0.572306 0)
(-0.229887 0.581961 0)
(-0.247307 0.628918 0)
(-0.257957 0.691116 0)
(-0.256373 0.758313 0)
(-0.243752 0.81544 0)
(-0.229708 0.833453 0)
(-0.226474 0.796003 0)
(-0.240894 0.728381 0)
(-0.274157 0.682238 0)
(-0.329828 0.672828 0)
(-0.0143387 0.800735 0)
(-0.00885289 0.853104 0)
(-0.023322 0.757622 0)
(-0.0493811 0.748503 0)
(-0.0717844 0.748766 0)
(-0.0937853 0.746822 0)
(-0.11549 0.745605 0)
(-0.136397 0.74272 0)
(-0.156942 0.734151 0)
(-0.17757 0.714616 0)
(-0.199182 0.682148 0)
(-0.223327 0.644365 0)
(-0.252041 0.620934 0)
(-0.282187 0.631328 0)
(-0.307371 0.665046 0)
(-0.323733 0.705547 0)
(-0.329724 0.749963 0)
(-0.325317 0.789656 0)
(-0.315065 0.806842 0)
(-0.308449 0.791977 0)
(-0.313915 0.760921 0)
(-0.335463 0.744348 0)
(-0.369661 0.751391 0)
(-0.0213548 0.832407 0)
(-0.0149111 0.859968 0)
(-0.0312341 0.797063 0)
(-0.054318 0.79427 0)
(-0.0757147 0.793203 0)
(-0.097672 0.790939 0)
(-0.119637 0.789289 0)
(-0.141611 0.786236 0)
(-0.164026 0.778598 0)
(-0.187667 0.762118 0)
(-0.213921 0.735393 0)
(-0.244569 0.705616 0)
(-0.27983 0.688323 0)
(-0.314821 0.692765 0)
(-0.343852 0.710979 0)
(-0.365597 0.734662 0)
(-0.380139 0.761779 0)
(-0.387361 0.78654 0)
(-0.389891 0.79954 0)
(-0.393661 0.797261 0)
(-0.404182 0.788323 0)
(-0.423561 0.785876 0)
(-0.448401 0.792522 0)
(-0.0209992 0.871896 0)
(-0.0196911 0.874892 0)
(-0.0384503 0.835625 0)
(-0.0589984 0.836815 0)
(-0.0794985 0.836119 0)
(-0.100839 0.834651 0)
(-0.122515 0.833669 0)
(-0.144712 0.831755 0)
(-0.167807 0.8266 0)
(-0.192676 0.815086 0)
(-0.220783 0.796186 0)
(-0.25349 0.775055 0)
(-0.289893 0.761243 0)
(-0.325733 0.759292 0)
(-0.357362 0.766054 0)
(-0.38424 0.778264 0)
(-0.406603 0.794111 0)
(-0.424623 0.809536 0)
(-0.440004 0.819651 0)
(-0.455788 0.823213 0)
(-0.474206 0.823611 0)
(-0.495971 0.824643 0)
(-0.519778 0.82625 0)
(-0.0170609 0.912115 0)
(-0.0222821 0.899248 0)
(-0.0423435 0.873782 0)
(-0.0613173 0.877021 0)
(-0.0811293 0.877391 0)
(-0.101629 0.877184 0)
(-0.122642 0.877424 0)
(-0.144347 0.877213 0)
(-0.167043 0.875004 0)
(-0.191498 0.868698 0)
(-0.218946 0.857422 0)
(-0.250327 0.84387 0)
(-0.284777 0.833018 0)
(-0.319537 0.827741 0)
(-0.352364 0.827999 0)
(-0.382657 0.833335 0)
(-0.41039 0.842659 0)
(-0.435795 0.852974 0)
(-0.459879 0.861307 0)
(-0.484012 0.866655 0)
(-0.508803 0.869679 0)
(-0.534494 0.870827 0)
(-0.561379 0.869383 0)
(-0.012511 0.949157 0)
(-0.0228411 0.92971 0)
(-0.0427807 0.91142 0)
(-0.0609585 0.915563 0)
(-0.0800739 0.917001 0)
(-0.099643 0.918018 0)
(-0.119729 0.919538 0)
(-0.140454 0.921005 0)
(-0.162044 0.921439 0)
(-0.185066 0.919517 0)
(-0.210424 0.914477 0)
(-0.238837 0.907252 0)
(-0.269931 0.900043 0)
(-0.302276 0.894745 0)
(-0.334525 0.892604 0)
(-0.365947 0.894601 0)
(-0.396216 0.900546 0)
(-0.425433 0.908323 0)
(-0.454172 0.915716 0)
(-0.483191 0.921554 0)
(-0.51285 0.925551 0)
(-0.543005 0.927604 0)
(-0.574261 0.927235 0)
(-0.00885518 0.981882 0)
(-0.0220449 0.962643 0)
(-0.040899 0.948178 0)
(-0.0585146 0.952644 0)
(-0.0767191 0.954846 0)
(-0.0952448 0.956816 0)
(-0.114185 0.959404 0)
(-0.133641 0.962239 0)
(-0.153772 0.964712 0)
(-0.174959 0.96603 0)
(-0.197807 0.965598 0)
(-0.222892 0.963489 0)
(-0.25028 0.960405 0)
(-0.279451 0.957387 0)
(-0.309709 0.955811 0)
(-0.340405 0.957152 0)
(-0.371077 0.961994 0)
(-0.401665 0.96914 0)
(-0.432491 0.976824 0)
(-0.464277 0.98382 0)
(-0.497758 0.989917 0)
(-0.532136 0.995666 0)
(-0.567808 1.00187 0)
(-0.00647454 1.0106 0)
(-0.0205719 0.99538 0)
(-0.0378705 0.98337 0)
(-0.0546999 0.987918 0)
(-0.0717056 0.990579 0)
(-0.0890068 0.993228 0)
(-0.1066 0.996623 0)
(-0.124605 1.0005 0)
(-0.143127 1.00446 0)
(-0.162423 1.00804 0)
(-0.182873 1.01086 0)
(-0.204923 1.01273 0)
(-0.22886 1.01368 0)
(-0.254695 1.01411 0)
(-0.282207 1.015 0)
(-0.311011 1.01778 0)
(-0.340722 1.02347 0)
(-0.371159 1.0317 0)
(-0.402448 1.04115 0)
(-0.435491 1.05084 0)
(-0.471475 1.06113 0)
(-0.508796 1.07415 0)
(-0.548208 1.09278 0)
(-0.00511406 1.03602 0)
(-0.0188042 1.02626 0)
(-0.0343465 1.01617 0)
(-0.049972 1.02075 0)
(-0.0655039 1.02369 0)
(-0.0813497 1.02685 0)
(-0.0973978 1.03087 0)
(-0.113795 1.03556 0)
(-0.130613 1.04065 0)
(-0.148035 1.04587 0)
(-0.166305 1.051 0)
(-0.185741 1.05589 0)
(-0.206672 1.06041 0)
(-0.229347 1.06457 0)
(-0.253853 1.06893 0)
(-0.280089 1.07459 0)
(-0.307863 1.08269 0)
(-0.336955 1.0934 0)
(-0.367327 1.10591 0)
(-0.400025 1.11968 0)
(-0.436474 1.1359 0)
(-0.474359 1.15913 0)
(-0.514976 1.19395 0)
(-0.00431494 1.05864 0)
(-0.0168399 1.05432 0)
(-0.0305108 1.04586 0)
(-0.0445297 1.05048 0)
(-0.0583495 1.05366 0)
(-0.0724964 1.05724 0)
(-0.0867961 1.06178 0)
(-0.101411 1.06716 0)
(-0.116389 1.0732 0)
(-0.131882 1.0797 0)
(-0.148055 1.08659 0)
(-0.165126 1.09382 0)
(-0.183368 1.10129 0)
(-0.20308 1.10893 0)
(-0.224494 1.11698 0)
(-0.247706 1.12621 0)
(-0.272714 1.13764 0)
(-0.299357 1.15172 0)
(-0.327465 1.1681 0)
(-0.35808 1.1866 0)
(-0.392694 1.20947 0)
(-0.428509 1.24411 0)
(-0.46706 1.29552 0)
(-0.00369478 1.07855 0)
(-0.0146464 1.07901 0)
(-0.0263357 1.07188 0)
(-0.0384431 1.07659 0)
(-0.0503465 1.08 0)
(-0.0625657 1.08396 0)
(-0.0749106 1.08898 0)
(-0.0875391 1.09497 0)
(-0.100486 1.10184 0)
(-0.113882 1.10945 0)
(-0.127853 1.11776 0)
(-0.142549 1.12683 0)
(-0.15816 1.13667 0)
(-0.174935 1.14725 0)
(-0.193125 1.15867 0)
(-0.212912 1.17146 0)
(-0.234429 1.18644 0)
(-0.257618 1.20419 0)
(-0.282197 1.22458 0)
(-0.309067 1.24766 0)
(-0.339776 1.27682 0)
(-0.371162 1.32216 0)
(-0.404514 1.38833 0)
(-0.00304326 1.09552 0)
(-0.0121844 1.09997 0)
(-0.0217754 1.09384 0)
(-0.0317652 1.09865 0)
(-0.0415775 1.10231 0)
(-0.0516716 1.1066 0)
(-0.0618641 1.11203 0)
(-0.0722945 1.11856 0)
(-0.0829842 1.12614 0)
(-0.0940441 1.1347 0)
(-0.105577 1.1442 0)
(-0.11769 1.15473 0)
(-0.130502 1.1664 0)
(-0.144177 1.17926 0)
(-0.158912 1.19343 0)
(-0.174883 1.20926 0)
(-0.192282 1.22743 0)
(-0.211151 1.24854 0)
(-0.231127 1.27252 0)
(-0.252829 1.29941 0)
(-0.2779 1.33348 0)
(-0.303066 1.38716 0)
(-0.327723 1.46432 0)
(-0.00229425 1.10918 0)
(-0.00946253 1.11687 0)
(-0.0168507 1.11141 0)
(-0.0245903 1.11634 0)
(-0.0321725 1.12022 0)
(-0.039986 1.12478 0)
(-0.0478563 1.13054 0)
(-0.0558985 1.13749 0)
(-0.0641176 1.14563 0)
(-0.0725979 1.15492 0)
(-0.0814193 1.16536 0)
(-0.0906624 1.177 0)
(-0.100395 1.18998 0)
(-0.110704 1.20446 0)
(-0.121705 1.22059 0)
(-0.133513 1.23866 0)
(-0.146295 1.25926 0)
(-0.160169 1.28296 0)
(-0.174758 1.30968 0)
(-0.190278 1.33923 0)
(-0.208444 1.37611 0)
(-0.226225 1.43428 0)
(-0.239706 1.51881 0)
(-0.00145851 1.11917 0)
(-0.00653791 1.12948 0)
(-0.0116555 1.12441 0)
(-0.0170714 1.12943 0)
(-0.0223323 1.13347 0)
(-0.0277629 1.13821 0)
(-0.0331911 1.14416 0)
(-0.0387064 1.15137 0)
(-0.0442945 1.15984 0)
(-0.0500069 1.16961 0)
(-0.0558944 1.18065 0)
(-0.0620136 1.19302 0)
(-0.0684002 1.20683 0)
(-0.0750841 1.22226 0)
(-0.0821058 1.23952 0)
(-0.0894999 1.25892 0)
(-0.0973488 1.28096 0)
(-0.105793 1.30621 0)
(-0.114547 1.33458 0)
(-0.123398 1.36554 0)
(-0.133889 1.40283 0)
(-0.14392 1.46089 0)
(-0.145574 1.5478 0)
(-0.000570268 1.12523 0)
(-0.00349614 1.13767 0)
(-0.00633452 1.13272 0)
(-0.00941205 1.13781 0)
(-0.0123208 1.14193 0)
(-0.0153304 1.1467 0)
(-0.0182649 1.1527 0)
(-0.021189 1.15995 0)
(-0.0240669 1.16851 0)
(-0.0269158 1.17841 0)
(-0.0297515 1.18967 0)
(-0.0326023 1.20233 0)
(-0.0354804 1.21646 0)
(-0.0383785 1.23222 0)
(-0.0412811 1.24984 0)
(-0.0441548 1.26962 0)
(-0.0469717 1.29206 0)
(-0.0498188 1.3177 0)
(-0.0525826 1.34656 0)
(-0.0547895 1.37781 0)
(-0.0573947 1.41355 0)
(-0.059808 1.46696 0)
(-0.0518828 1.55034 0)
(0.000373844 1.1273 0)
(-0.000404738 1.14143 0)
(-0.00106913 1.1364 0)
(-0.00185489 1.14149 0)
(-0.00244442 1.14558 0)
(-0.00306538 1.15026 0)
(-0.00353215 1.15611 0)
(-0.00388625 1.16319 0)
(-0.00407076 1.17154 0)
(-0.00407074 1.18123 0)
(-0.00386522 1.1923 0)
(-0.00344839 1.20477 0)
(-0.00280821 1.2187 0)
(-0.00191312 1.2342 0)
(-0.000708387 1.25147 0)
(0.000885687 1.27079 0)
(0.00298601 1.29264 0)
(0.00564215 1.31755 0)
(0.00883572 1.34571 0)
(0.0129477 1.37631 0)
(0.0180038 1.40961 0)
(0.0233555 1.45513 0)
(0.0370854 1.52836 0)
(0.00140893 1.12503 0)
(0.00267981 1.14131 0)
(0.00394107 1.13559 0)
(0.00535153 1.1406 0)
(0.00698345 1.14457 0)
(0.00864703 1.149 0)
(0.0105431 1.15453 0)
(0.0126521 1.1612 0)
(0.0150496 1.16908 0)
(0.017777 1.17821 0)
(0.0208921 1.18866 0)
(0.0244358 1.20047 0)
(0.0284468 1.21366 0)
(0.0329815 1.22832 0)
(0.0381184 1.24457 0)
(0.0439721 1.26265 0)
(0.050708 1.28299 0)
(0.058507 1.3061 0)
(0.0674247 1.33231 0)
(0.0776131 1.3611 0)
(0.0895335 1.39162 0)
(0.10269 1.42886 0)
(0.121326 1.48791 0)
(0.00246883 1.11815 0)
(0.00561806 1.13807 0)
(0.0085356 1.13061 0)
(0.011986 1.1354 0)
(0.0156695 1.13917 0)
(0.0194401 1.14321 0)
(0.0235122 1.14823 0)
(0.0278902 1.15429 0)
(0.0326635 1.16142 0)
(0.0378939 1.16968 0)
(0.0436643 1.17914 0)
(0.0500519 1.18983 0)
(0.0571281 1.20179 0)
(0.0649694 1.21505 0)
(0.0736785 1.22969 0)
(0.0833944 1.24586 0)
(0.0943044 1.26389 0)
(0.106664 1.28427 0)
(0.120707 1.30737 0)
(0.136508 1.33302 0)
(0.154435 1.3601 0)
(0.174717 1.38989 0)
(0.198527 1.43323 0)
(0.00345586 1.10713 0)
(0.00824726 1.13196 0)
(0.0125776 1.12189 0)
(0.0178573 1.12629 0)
(0.0233584 1.12979 0)
(0.0289937 1.13332 0)
(0.0349869 1.13768 0)
(0.0413633 1.14293 0)
(0.0482216 1.14911 0)
(0.0556406 1.15624 0)
(0.0637166 1.16438 0)
(0.072554 1.17358 0)
(0.0822576 1.18387 0)
(0.0929204 1.19526 0)
(0.10467 1.20777 0)
(0.117659 1.22147 0)
(0.132079 1.23657 0)
(0.14821 1.25343 0)
(0.166396 1.27247 0)
(0.186854 1.29371 0)
(0.209732 1.31629 0)
(0.235598 1.33949 0)
(0.264413 1.36823 0)
(0.00429948 1.0926 0)
(0.010457 1.12326 0)
(0.0159727 1.10996 0)
(0.0228208 1.1138 0)
(0.0298588 1.11697 0)
(0.0370677 1.11989 0)
(0.0446762 1.12346 0)
(0.0527242 1.12777 0)
(0.0613154 1.13282 0)
(0.0705406 1.13864 0)
(0.0805038 1.14524 0)
(0.0913221 1.15268 0)
(0.103122 1.16097 0)
(0.116016 1.17013 0)
(0.130145 1.18013 0)
(0.145665 1.19097 0)
(0.162763 1.20271 0)
(0.181708 1.2156 0)
(0.202846 1.22997 0)
(0.226552 1.24596 0)
(0.252946 1.26303 0)
(0.282439 1.27998 0)
(0.315012 1.29698 0)
(0.00494844 1.07535 0)
(0.0121775 1.11225 0)
(0.0186664 1.09543 0)
(0.0267816 1.09853 0)
(0.035044 1.10131 0)
(0.0435027 1.10357 0)
(0.0523849 1.10627 0)
(0.0617411 1.10955 0)
(0.0716745 1.11337 0)
(0.0822816 1.11774 0)
(0.093669 1.12268 0)
(0.105957 1.1282 0)
(0.119275 1.13432 0)
(0.133753 1.14102 0)
(0.149533 1.14828 0)
(0.166767 1.15603 0)
(0.185626 1.16426 0)
(0.206347 1.17303 0)
(0.229221 1.18256 0)
(0.254651 1.19302 0)
(0.282873 1.20413 0)
(0.314085 1.21489 0)
(0.348382 1.22316 0)
(0.00536877 1.05621 0)
(0.0133713 1.09924 0)
(0.0206391 1.07891 0)
(0.0296954 1.08112 0)
(0.0388527 1.08347 0)
(0.0482204 1.08505 0)
(0.058017 1.08685 0)
(0.0682995 1.08903 0)
(0.0791679 1.09158 0)
(0.090718 1.09446 0)
(0.103054 1.09769 0)
(0.116291 1.10125 0)
(0.130552 1.10514 0)
(0.14597 1.10934 0)
(0.16268 1.1138 0)
(0.180824 1.11845 0)
(0.200553 1.1232 0)
(0.222056 1.128 0)
(0.245558 1.13292 0)
(0.271392 1.1381 0)
(0.299837 1.14339 0)
(0.331128 1.14818 0)
(0.365046 1.14991 0)
(0.00554718 1.03604 0)
(0.0140398 1.08459 0)
(0.021911 1.061 0)
(0.0315767 1.06221 0)
(0.0412954 1.06414 0)
(0.0512281 1.06504 0)
(0.0615783 1.06594 0)
(0.0724064 1.06704 0)
(0.0838064 1.06832 0)
(0.0958693 1.06973 0)
(0.108692 1.07128 0)
(0.122381 1.07292 0)
(0.137047 1.07465 0)
(0.15281 1.07642 0)
(0.169794 1.07819 0)
(0.188125 1.07987 0)
(0.207931 1.08135 0)
(0.229354 1.08251 0)
(0.252555 1.08331 0)
(0.277779 1.0838 0)
(0.305212 1.08391 0)
(0.335296 1.08328 0)
(0.367241 1.0798 0)
(0.00548672 1.01563 0)
(0.0142174 1.06866 0)
(0.022535 1.04226 0)
(0.0324878 1.04247 0)
(0.0424411 1.04399 0)
(0.0526026 1.04425 0)
(0.0631585 1.04428 0)
(0.0741685 1.04434 0)
(0.085719 1.0444 0)
(0.0978935 1.04442 0)
(0.110779 1.04437 0)
(0.124468 1.04422 0)
(0.139057 1.04393 0)
(0.154649 1.04346 0)
(0.171349 1.04274 0)
(0.189263 1.0417 0)
(0.208496 1.04023 0)
(0.22915 1.03819 0)
(0.251331 1.03546 0)
(0.275215 1.032 0)
(0.300835 1.02777 0)
(0.328813 1.0226 0)
(0.357893 1.0148 0)
(0.00520149 0.995728 0)
(0.0139691 1.05181 0)
(0.0225912 1.02319 0)
(0.0325165 1.02252 0)
(0.042391 1.0237 0)
(0.0524627 1.02336 0)
(0.0628979 1.02258 0)
(0.0737553 1.02167 0)
(0.0851109 1.0206 0)
(0.0970377 1.01933 0)
(0.109611 1.01782 0)
(0.122911 1.01604 0)
(0.137016 1.01393 0)
(0.15201 1.01145 0)
(0.167978 1.00853 0)
(0.185004 1.00511 0)
(0.203169 1.00106 0)
(0.222548 0.996279 0)
(0.243197 0.990618 0)
(0.265251 0.983982 0)
(0.288615 0.976303 0)
(0.31395 0.967524 0)
(0.339849 0.956267 0)
(0.00471805 0.976855 0)
(0.0133767 1.03435 0)
(0.022147 1.00423 0)
(0.0317328 1.00293 0)
(0.041245 1.00385 0)
(0.0509293 1.00298 0)
(0.0609457 1.00144 0)
(0.0713527 0.999638 0)
(0.0822087 0.997542 0)
(0.0935765 0.995104 0)
(0.10552 0.992285 0)
(0.118105 0.989046 0)
(0.131395 0.985338 0)
(0.145455 0.981107 0)
(0.160351 0.976291 0)
(0.176144 0.970818 0)
(0.192893 0.964601 0)
(0.210653 0.957529 0)
(0.229445 0.949477 0)
(0.249369 0.940333 0)
(0.270272 0.929999 0)
(0.292719 0.918488 0)
(0.315439 0.904613 0)
(0.00418173 0.959495 0)
(0.0126203 1.01699 0)
(0.0212141 0.985904 0)
(0.0301797 0.984376 0)
(0.0390949 0.98515 0)
(0.048123 0.983789 0)
(0.0574714 0.981573 0)
(0.0671778 0.978974 0)
(0.0772799 0.975974 0)
(0.0878344 0.972516 0)
(0.0988933 0.968562 0)
(0.110509 0.964072 0)
(0.122733 0.959001 0)
(0.135612 0.953296 0)
(0.149196 0.946897 0)
(0.163527 0.939742 0)
(0.178644 0.931754 0)
(0.194586 0.922845 0)
(0.211352 0.91291 0)
(0.229012 0.901848 0)
(0.247408 0.88955 0)
(0.26696 0.876056 0)
(0.286669 0.86036 0)
(0.00372101 0.942749 0)
(0.011715 1.00012 0)
(0.0196196 0.968233 0)
(0.0277866 0.966888 0)
(0.0358541 0.967573 0)
(0.0439625 0.965704 0)
(0.0524073 0.962843 0)
(0.0611668 0.959505 0)
(0.0702686 0.955672 0)
(0.0797673 0.951284 0)
(0.089701 0.946301 0)
(0.100112 0.940689 0)
(0.111039 0.934405 0)
(0.122519 0.927401 0)
(0.134585 0.919626 0)
(0.147266 0.911022 0)
(0.160585 0.90153 0)
(0.174566 0.891078 0)
(0.189197 0.879587 0)
(0.204523 0.866979 0)
(0.2204 0.853157 0)
(0.237112 0.838166 0)
(0.253899 0.821199 0)
(0.00393361 0.929553 0)
(0.0111829 0.987059 0)
(0.0174779 0.953732 0)
(0.0250374 0.953188 0)
(0.0322085 0.953853 0)
(0.0393606 0.951605 0)
(0.046913 0.948262 0)
(0.054695 0.944384 0)
(0.0627814 0.939958 0)
(0.0712153 0.934914 0)
(0.0800233 0.929211 0)
(0.0892425 0.922821 0)
(0.098903 0.915704 0)
(0.109032 0.907819 0)
(0.119654 0.899119 0)
(0.130789 0.889557 0)
(0.142449 0.879083 0)
(0.154648 0.867641 0)
(0.167371 0.85517 0)
(0.180647 0.841612 0)
(0.194361 0.82689 0)
(0.208721 0.811033 0)
(0.223203 0.793398 0)
(0.0043651 0.906277 0)
(0.00963157 0.972917 0)
(0.0128787 0.934955 0)
(0.0194587 0.934905 0)
(0.0244119 0.935349 0)
(0.0299066 0.932503 0)
(0.0355993 0.928452 0)
(0.0414589 0.923797 0)
(0.0475778 0.918488 0)
(0.0539643 0.912456 0)
(0.0606474 0.905671 0)
(0.0676552 0.89811 0)
(0.0750092 0.889746 0)
(0.0827292 0.880549 0)
(0.0908306 0.870485 0)
(0.0993252 0.85952 0)
(0.108218 0.84762 0)
(0.117513 0.834754 0)
(0.127191 0.820885 0)
(0.137266 0.805986 0)
(0.147635 0.790014 0)
(0.158421 0.773003 0)
(0.169237 0.754464 0)
(0.202937 0.0348999 0)
(0.150617 0.0476596 0)
(0.0133829 0.0840452 0)
(-0.939705 0.521389 0)
(0.0847453 -0.0802924 0)
(-0.0747393 0.0817618 0)
(-0.381101 0.339485 0)
(-1.44737 0.794547 0)
(-0.558442 0.180442 0)
(-0.62954 0.396237 0)
(-0.85282 0.694076 0)
(-1.51993 0.988064 0)
(-0.953452 0.00782551 0)
(-1.08826 0.482935 0)
(-1.08249 0.91536 0)
(-1.30521 1.1155 0)
(-1.01416 0.187572 0)
(-0.982321 0.453305 0)
(-0.920047 0.885572 0)
(-0.99118 1.13847 0)
(-0.657678 0.175018 0)
(-0.714813 0.455933 0)
(-0.758958 0.859507 0)
(-0.762928 1.13771 0)
(-0.807561 0.239048 0)
(-0.846369 0.511333 0)
(-0.806532 0.898062 0)
(-0.745801 1.15981 0)
(-1.07412 0.247862 0)
(-1.08736 0.53413 0)
(-0.999732 0.917598 0)
(-0.908437 1.18154 0)
(-1.2696 0.201079 0)
(-1.26247 0.533204 0)
(-1.16985 0.913126 0)
(-1.0351 1.13545 0)
(-1.19662 0.166052 0)
(-1.28742 0.483289 0)
(-1.21696 0.836556 0)
(-1.04649 1.00876 0)
(-0.853719 0.310979 0)
(-1.0733 0.445484 0)
(-1.09871 0.664487 0)
(-0.922078 0.796607 0)
(-0.603089 0.519092 0)
(-0.869924 0.557001 0)
(-0.934659 0.607999 0)
(-0.748183 0.621331 0)
(-0.452369 0.687627 0)
(-0.620632 0.689292 0)
(-0.669668 0.638023 0)
(-0.489402 0.494184 0)
(-0.426547 0.765426 0)
(-0.486397 0.743531 0)
(-0.451089 0.619061 0)
(-0.261453 0.346814 0)
(-0.482929 0.786817 0)
(-0.508001 0.727197 0)
(-0.440419 0.54048 0)
(-0.279065 0.181165 0)
(-0.560009 0.804259 0)
(-0.609457 0.718768 0)
(-0.596269 0.495388 0)
(-0.525723 0.0942706 0)
(-0.619847 0.842655 0)
(-0.722877 0.755461 0)
(-0.803236 0.513663 0)
(-0.748935 0.0284915 0)
(-0.656362 0.908083 0)
(-0.826122 0.836536 0)
(-0.964349 0.545955 0)
(-0.737041 -0.1619 0)
(-0.675377 1.00141 0)
(-0.903981 0.941324 0)
(-0.990463 0.511661 0)
(-0.574241 -0.463997 0)
(-0.678345 1.11702 0)
(-0.934399 1.04664 0)
(-0.909172 0.432475 0)
(-0.50299 -0.651228 0)
(-0.654685 1.23871 0)
(-0.895285 1.12019 0)
(-0.761212 0.236352 0)
(-0.491259 -0.803326 0)
(-0.60051 1.35412 0)
(-0.800075 1.16926 0)
(-0.664124 0.137324 0)
(-0.53215 -0.873958 0)
(-0.520218 1.45308 0)
(-0.686169 1.21 0)
(-0.608378 0.103059 0)
(-0.592554 -0.869561 0)
(-0.419096 1.53498 0)
(-0.564792 1.24812 0)
(-0.568714 0.110113 0)
(-0.655994 -0.798087 0)
(-0.300068 1.59861 0)
(-0.43862 1.2971 0)
(-0.526638 0.197303 0)
(-0.735319 -0.688455 0)
(-0.169477 1.64352 0)
(-0.299812 1.37458 0)
(-0.462781 0.342205 0)
(-0.780242 -0.522164 0)
(-0.0363433 1.66621 0)
(-0.140559 1.46825 0)
(-0.354275 0.541575 0)
(-0.725441 -0.295507 0)
(0.08781 1.66243 0)
(0.0395454 1.55924 0)
(-0.201313 0.750946 0)
(-0.585618 -0.0558936 0)
(0.196455 1.62904 0)
(0.232451 1.62602 0)
(0.00751908 0.963218 0)
(-0.384299 0.161759 0)
(0.287071 1.56577 0)
(0.413807 1.64207 0)
(0.279233 1.16052 0)
(-0.0815377 0.406748 0)
(0.357273 1.47704 0)
(0.556308 1.59481 0)
(0.556017 1.29043 0)
(0.305409 0.64609 0)
(0.406455 1.37311 0)
(0.642227 1.49178 0)
(0.767241 1.32175 0)
(0.675365 0.816825 0)
(0.436127 1.26611 0)
(0.670715 1.35491 0)
(0.882723 1.26712 0)
(0.924979 0.889829 0)
(0.448597 1.16536 0)
(0.656077 1.20916 0)
(0.904796 1.1577 0)
(1.04338 0.879993 0)
(0.446013 1.07558 0)
(0.617141 1.07425 0)
(0.85698 1.02535 0)
(1.04414 0.813828 0)
(0.430579 0.997692 0)
(0.568514 0.961025 0)
(0.771007 0.896586 0)
(0.961419 0.723781 0)
(0.405 0.930747 0)
(0.517562 0.871597 0)
(0.674132 0.788207 0)
(0.837364 0.635033 0)
(0.372183 0.873207 0)
(0.466081 0.80235 0)
(0.582218 0.705335 0)
(0.70664 0.561275 0)
(0.335032 0.824535 0)
(0.414151 0.74884 0)
(0.500647 0.645837 0)
(0.588811 0.507669 0)
(0.294367 0.782069 0)
(0.360483 0.70475 0)
(0.426772 0.601539 0)
(0.487341 0.469959 0)
(0.2573 0.752203 0)
(0.312618 0.674979 0)
(0.366071 0.574811 0)
(0.409478 0.450684 0)
(0.194607 0.711111 0)
(0.235087 0.633807 0)
(0.273111 0.538966 0)
(0.300691 0.426699 0)
(-1.10008 0.800508 0)
(-1.42054 0.135111 0)
(-1.56762 -0.0246532 0)
(-1.60136 -0.139614 0)
(-1.46519 -0.084546 0)
(-1.19645 -0.0126957 0)
(-0.929075 0.0143428 0)
(-0.759834 0.0662991 0)
(-0.558558 0.152423 0)
(-0.336681 0.200993 0)
(-0.238159 0.14866 0)
(-0.251323 0.0271997 0)
(-0.296259 -0.0882676 0)
(-0.391408 -0.218456 0)
(-0.401696 -0.354569 0)
(-0.277109 -0.417257 0)
(-0.11716 -0.361638 0)
(0.011912 -0.156968 0)
(0.0904488 0.0156411 0)
(-1.49446 0.767954 0)
(-1.67793 0.208575 0)
(-1.84194 -0.0187422 0)
(-1.83505 -0.184826 0)
(-1.75027 -0.181229 0)
(-1.60414 -0.136061 0)
(-1.4501 -0.122939 0)
(-1.31929 -0.0772866 0)
(-1.18167 0.000544489 0)
(-1.02668 0.0748274 0)
(-0.934822 0.0784811 0)
(-0.907647 0.0192054 0)
(-0.872197 -0.0857648 0)
(-0.830915 -0.241965 0)
(-0.753398 -0.433855 0)
(-0.575715 -0.543501 0)
(-0.344191 -0.495963 0)
(-0.115608 -0.251141 0)
(0.0742106 0.0198703 0)
(-1.4967 0.790993 0)
(-1.61249 0.358658 0)
(-1.87291 0.0513161 0)
(-1.89861 -0.230558 0)
(-1.86489 -0.275064 0)
(-1.72434 -0.239445 0)
(-1.57109 -0.196692 0)
(-1.44472 -0.123727 0)
(-1.33865 -0.0448322 0)
(-1.22668 0.0171805 0)
(-1.11321 0.0438261 0)
(-1.03479 0.0108987 0)
(-1.02139 -0.100278 0)
(-1.05593 -0.288086 0)
(-1.02382 -0.52939 0)
(-0.764409 -0.711164 0)
(-0.460472 -0.689639 0)
(-0.207926 -0.389415 0)
(0.00403177 -0.0233797 0)
(-1.28699 0.867272 0)
(-1.41534 0.529264 0)
(-1.91341 0.18477 0)
(-2.15207 -0.165889 0)
(-2.20603 -0.32536 0)
(-2.00201 -0.350764 0)
(-1.80575 -0.335196 0)
(-1.60057 -0.257267 0)
(-1.40935 -0.171956 0)
(-1.26994 -0.0964651 0)
(-1.20958 -0.045755 0)
(-1.2686 -0.0660379 0)
(-1.45332 -0.155082 0)
(-1.65335 -0.32401 0)
(-1.46185 -0.665108 0)
(-0.89416 -0.983842 0)
(-0.451571 -0.899158 0)
(-0.30904 -0.562879 0)
(-0.0562207 -0.134333 0)
(-1.00104 0.925918 0)
(-1.18172 0.706196 0)
(-1.74375 0.622502 0)
(-2.14202 0.090789 0)
(-2.65253 -0.33705 0)
(-2.79103 -0.449127 0)
(-2.74277 -0.430278 0)
(-2.50539 -0.323649 0)
(-2.19335 -0.222819 0)
(-1.9852 -0.119797 0)
(-1.96583 -0.00111517 0)
(-2.23951 0.146672 0)
(-2.70007 0.186832 0)
(-2.41089 -0.300091 0)
(-1.36982 -1.10951 0)
(-0.761425 -1.40274 0)
(-0.119465 -1.05926 0)
(-0.279003 -0.648748 0)
(-0.124112 -0.286458 0)
(-0.825054 1.0063 0)
(-1.05411 0.911655 0)
(-1.27068 1.07752 0)
(-1.38956 0.618183 0)
(-1.85662 0.0182982 0)
(-2.32942 -0.332173 0)
(-2.90753 -0.567435 0)
(-3.31012 -0.596919 0)
(-3.3664 -0.435717 0)
(-3.13807 -0.105 0)
(-2.82545 0.269809 0)
(-2.50652 0.354204 0)
(-2.17244 -0.128146 0)
(-1.56503 -0.807618 0)
(-0.868523 -1.7023 0)
(-0.51506 -1.79597 0)
(-0.0693921 -1.39688 0)
(0.0361197 -0.450407 0)
(-0.119408 -0.467904 0)
(-0.823034 1.09563 0)
(-0.964011 0.92467 0)
(-0.780313 1.14994 0)
(-0.843892 0.689927 0)
(-0.933226 0.280224 0)
(-0.96742 0.19506 0)
(-1.25175 0.0580362 0)
(-1.61415 -0.225416 0)
(-1.92202 -0.552698 0)
(-2.0591 -0.680537 0)
(-1.93437 -0.515449 0)
(-1.57513 -0.252884 0)
(-1.09046 -0.386373 0)
(-0.670132 -1.00571 0)
(-0.566475 -1.92769 0)
(-0.347196 -2.02219 0)
(-0.213894 -1.83545 0)
(0.476529 -0.326328 0)
(0.166945 -0.521748 0)
(-0.908226 1.13115 0)
(-0.796358 0.860676 0)
(-0.552536 0.96919 0)
(-0.542756 0.586073 0)
(-0.358238 0.189046 0)
(-0.159123 0.0452212 0)
(-0.0676577 0.062336 0)
(-0.222659 0.0324553 0)
(-0.507436 -0.100095 0)
(-0.722165 -0.195363 0)
(-0.805622 -0.30972 0)
(-0.704956 -0.457486 0)
(-0.465092 -0.627106 0)
(-0.204094 -0.875901 0)
(-0.457288 -1.86801 0)
(-0.300898 -2.17324 0)
(-0.227319 -2.07794 0)
(0.245079 -0.495682 0)
(0.857408 -0.0507363 0)
(-0.878577 1.00271 0)
(-0.670634 0.792188 0)
(-0.495097 0.780819 0)
(-0.278521 0.4549 0)
(0.0470636 0.0525235 0)
(0.249502 -0.117681 0)
(0.399895 -0.0860219 0)
(0.526802 0.0094452 0)
(0.51523 0.00655069 0)
(0.352012 -0.133605 0)
(0.202013 -0.31098 0)
(0.194948 -0.477779 0)
(0.156477 -0.762716 0)
(0.248178 -0.975133 0)
(-0.323094 -1.5552 0)
(-0.471986 -2.25158 0)
(-0.232084 -2.14717 0)
(-0.250293 -0.873091 0)
(0.675093 0.309632 0)
(-0.75367 0.840875 0)
(-0.595866 0.662639 0)
(-0.317137 0.563547 0)
(0.098439 0.250261 0)
(0.496604 -0.0904126 0)
(0.679645 -0.207618 0)
(0.734088 -0.176821 0)
(0.778349 -0.106056 0)
(0.869473 -0.0411937 0)
(0.906768 -0.05354 0)
(0.875414 -0.151637 0)
(0.785729 -0.351207 0)
(0.615667 -0.604786 0)
(0.417608 -0.813114 0)
(-0.245235 -1.26024 0)
(-0.493416 -2.18953 0)
(-0.208005 -2.19672 0)
(-0.199561 -1.49439 0)
(0.575735 0.407225 0)
(-0.637963 0.713034 0)
(-0.378377 0.447153 0)
(0.081652 0.240136 0)
(0.599592 -0.064019 0)
(0.934731 -0.246907 0)
(1.03187 -0.263135 0)
(0.982878 -0.185114 0)
(0.904008 -0.104683 0)
(0.868321 -0.0764868 0)
(0.876672 -0.106629 0)
(0.878488 -0.195905 0)
(0.848804 -0.312197 0)
(0.688285 -0.439728 0)
(0.359346 -0.505909 0)
(-0.308014 -1.00418 0)
(-0.327141 -2.15368 0)
(-0.0614881 -2.40765 0)
(-0.104828 -1.73594 0)
(0.358869 0.592314 0)
(-0.402554 0.501613 0)
(0.0549958 0.148293 0)
(0.594973 -0.147973 0)
(1.03004 -0.338948 0)
(1.26142 -0.352614 0)
(1.26437 -0.242764 0)
(1.11491 -0.107629 0)
(0.934354 -0.0223046 0)
(0.799264 -0.0158382 0)
(0.718402 -0.0863402 0)
(0.669141 -0.19825 0)
(0.622377 -0.286933 0)
(0.497038 -0.307383 0)
(0.161628 -0.216058 0)
(-0.299923 -0.906875 0)
(-0.108854 -2.23778 0)
(0.0254867 -2.48809 0)
(-0.0349009 -1.75109 0)
(0.0524683 0.755349 0)
(-0.0773807 0.211741 0)
(0.427581 -0.193495 0)
(0.854691 -0.469626 0)
(1.21827 -0.543159 0)
(1.43121 -0.389319 0)
(1.39385 -0.149806 0)
(1.17357 0.0369512 0)
(0.92143 0.105449 0)
(0.741642 0.0737517 0)
(0.63344 -0.0240348 0)
(0.550713 -0.144305 0)
(0.466197 -0.203275 0)
(0.339654 -0.138355 0)
(0.0162479 0.0226516 0)
(-0.148467 -1.00491 0)
(-0.0164083 -2.2727 0)
(0.0379196 -2.52901 0)
(-0.031059 -1.63717 0)
(-0.28333 0.58531 0)
(0.10559 -0.0757071 0)
(0.429535 -0.479766 0)
(0.788935 -0.735866 0)
(1.16518 -0.747495 0)
(1.49683 -0.415551 0)
(1.51148 -0.0249573 0)
(1.23529 0.224493 0)
(0.908806 0.263242 0)
(0.684824 0.178898 0)
(0.557717 0.0477937 0)
(0.463417 -0.0784856 0)
(0.358842 -0.108728 0)
(0.230215 0.0184454 0)
(-0.037883 0.15735 0)
(0.00217768 -1.01885 0)
(0.0215631 -2.26268 0)
(0.0491926 -2.5153 0)
(-0.101122 -1.42819 0)
(-0.569153 0.391566 0)
(-0.0840921 -0.26761 0)
(0.209808 -0.705624 0)
(0.571729 -0.999339 0)
(0.84637 -1.07271 0)
(1.3132 -0.587217 0)
(1.549 0.0688428 0)
(1.29434 0.456635 0)
(0.877038 0.464943 0)
(0.600547 0.307757 0)
(0.455668 0.127995 0)
(0.347148 -0.0111986 0)
(0.231855 -0.00845853 0)
(0.0964994 0.153634 0)
(-0.131827 0.213776 0)
(0.0756254 -1.07889 0)
(0.0312455 -2.2401 0)
(0.0649003 -2.45778 0)
(-0.269556 -1.02533 0)
(-0.441097 0.0738203 0)
(-0.330114 -0.426825 0)
(0.0467045 -0.988516 0)
(0.29904 -1.22241 0)
(0.47559 -1.32677 0)
(0.790913 -0.904597 0)
(1.25082 0.00601826 0)
(1.20796 0.67148 0)
(0.769712 0.690775 0)
(0.466326 0.452979 0)
(0.323839 0.216412 0)
(0.204098 0.0675334 0)
(0.0677223 0.105572 0)
(-0.095601 0.293906 0)
(-0.268835 0.199223 0)
(0.106891 -1.17337 0)
(0.0302656 -2.21025 0)
(0.0706821 -2.3764 0)
(-0.193522 -0.983334 0)
(-0.149488 -0.241325 0)
(-0.3403 -0.712279 0)
(-0.0459074 -1.20301 0)
(0.139241 -1.36147 0)
(0.291141 -1.46352 0)
(0.425203 -1.07852 0)
(0.77604 -0.209148 0)
(0.912894 0.79591 0)
(0.54998 0.889878 0)
(0.276954 0.591344 0)
(0.164369 0.304363 0)
(0.0359017 0.160057 0)
(-0.12704 0.24531 0)
(-0.333122 0.426507 0)
(-0.439723 0.107214 0)
(0.103167 -1.33716 0)
(0.0266885 -2.17661 0)
(0.0726364 -2.28494 0)
(-0.187561 -1.04021 0)
(0.109036 -0.216175 0)
(-0.283959 -0.991828 0)
(-0.106433 -1.33049 0)
(0.0368546 -1.46684 0)
(0.170695 -1.55452 0)
(0.14897 -1.17556 0)
(0.41702 -0.261075 0)
(0.476274 0.864254 0)
(0.228823 1.02721 0)
(0.0508936 0.696795 0)
(-0.00543414 0.383871 0)
(-0.150106 0.265232 0)
(-0.340155 0.411125 0)
(-0.570965 0.529833 0)
(-0.596433 -0.0469702 0)
(0.074487 -1.61179 0)
(0.0197817 -2.146 0)
(0.063689 -2.18393 0)
(-0.319701 -1.04117 0)
(0.0800127 -0.13922 0)
(-0.287877 -1.16442 0)
(-0.158552 -1.41429 0)
(-0.0301768 -1.53654 0)
(0.0200056 -1.59242 0)
(-0.103908 -1.21934 0)
(0.0928291 -0.245585 0)
(-0.0312946 0.932992 0)
(-0.127466 1.09478 0)
(-0.171666 0.74383 0)
(-0.175877 0.444823 0)
(-0.315185 0.378693 0)
(-0.497373 0.565839 0)
(-0.733163 0.61837 0)
(-0.554473 -0.222865 0)
(0.0334161 -1.92301 0)
(0.00626697 -2.12479 0)
(-0.00978481 -2.03955 0)
(-0.421203 -1.05957 0)
(-0.0478297 -0.308589 0)
(-0.337906 -1.2839 0)
(-0.212182 -1.48717 0)
(-0.0318262 -1.56753 0)
(-0.147352 -1.57094 0)
(-0.364354 -1.17968 0)
(-0.257422 -0.14769 0)
(-0.513145 0.98115 0)
(-0.446776 1.0762 0)
(-0.366169 0.732551 0)
(-0.325896 0.484122 0)
(-0.410323 0.470947 0)
(-0.530658 0.666288 0)
(-0.67086 0.602225 0)
(-0.206492 -0.787914 0)
(0.0161978 -2.02694 0)
(-0.0129558 -2.0942 0)
(-0.132641 -1.84232 0)
(-0.429751 -1.10005 0)
(-0.066774 -0.475451 0)
(-0.430008 -1.3755 0)
(-0.249332 -1.57625 0)
(-0.0908761 -1.57024 0)
(-0.299911 -1.45053 0)
(-0.631006 -1.04348 0)
(-0.730133 0.0148298 0)
(-0.878641 0.959505 0)
(-0.685322 0.967915 0)
(-0.513894 0.669276 0)
(-0.431168 0.491977 0)
(-0.438387 0.517949 0)
(-0.459863 0.695612 0)
(-0.434266 0.528035 0)
(0.00563355 -0.933561 0)
(0.0118672 -2.02803 0)
(-0.0269546 -2.03945 0)
(-0.196848 -1.68677 0)
(-0.366983 -1.16697 0)
(-0.0717522 -0.643131 0)
(-0.539439 -1.42894 0)
(-0.417696 -1.65654 0)
(-0.373407 -1.56732 0)
(-0.518761 -1.29251 0)
(-0.921928 -0.83983 0)
(-1.21007 0.129692 0)
(-1.09046 0.839315 0)
(-0.832234 0.792897 0)
(-0.606553 0.56613 0)
(-0.487604 0.461495 0)
(-0.426872 0.510167 0)
(-0.361221 0.643585 0)
(-0.224099 0.391352 0)
(0.155837 -0.964246 0)
(0.0215967 -1.97813 0)
(-0.0293826 -1.97278 0)
(-0.235375 -1.54994 0)
(-0.266153 -1.23418 0)
(-0.0905298 -0.782262 0)
(-0.675543 -1.44814 0)
(-0.704582 -1.65645 0)
(-0.749477 -1.53606 0)
(-0.893289 -1.17093 0)
(-1.12804 -0.555869 0)
(-1.20647 0.1966 0)
(-1.20291 0.651997 0)
(-0.884548 0.589601 0)
(-0.648101 0.439692 0)
(-0.505713 0.397096 0)
(-0.399694 0.4564 0)
(-0.285028 0.537766 0)
(-0.103476 0.20787 0)
(0.226125 -1.01367 0)
(0.0416363 -1.89146 0)
(-0.0457545 -1.89462 0)
(-0.237609 -1.48762 0)
(-0.184384 -1.28327 0)
(-0.101289 -0.897171 0)
(-0.874706 -1.3826 0)
(-0.992002 -1.58386 0)
(-1.10001 -1.46421 0)
(-1.25789 -1.07029 0)
(-1.31419 -0.438727 0)
(-1.22697 0.179495 0)
(-1.24779 0.505737 0)
(-0.882013 0.379586 0)
(-0.65313 0.305806 0)
(-0.498975 0.311223 0)
(-0.372232 0.376631 0)
(-0.245125 0.413343 0)
(-0.0854363 0.0359801 0)
(0.192609 -1.03403 0)
(0.0630127 -1.78796 0)
(-0.0672631 -1.80692 0)
(-0.223125 -1.45807 0)
(-0.147811 -1.31682 0)
(-0.0970517 -0.994579 0)
(-1.06499 -1.26534 0)
(-1.21096 -1.48954 0)
(-1.32876 -1.37411 0)
(-1.48651 -0.982856 0)
(-1.57605 -0.397115 0)
(-1.42929 0.158832 0)
(-1.20461 0.32715 0)
(-0.857756 0.170736 0)
(-0.633734 0.173525 0)
(-0.476322 0.216635 0)
(-0.346987 0.291286 0)
(-0.239949 0.303904 0)
(-0.153368 -0.0863906 0)
(0.106443 -1.11083 0)
(0.0812127 -1.70052 0)
(-0.0476747 -1.7123 0)
(-0.189562 -1.43094 0)
(-0.129561 -1.34725 0)
(-0.0837357 -1.08009 0)
(-1.17123 -1.11178 0)
(-1.34534 -1.39907 0)
(-1.4387 -1.30273 0)
(-1.50518 -0.923486 0)
(-1.55656 -0.438061 0)
(-1.39737 -0.0278672 0)
(-1.08812 0.0860291 0)
(-0.798901 -0.0206083 0)
(-0.596567 0.0438856 0)
(-0.438433 0.121196 0)
(-0.315417 0.213123 0)
(-0.241875 0.233459 0)
(-0.215305 -0.148886 0)
(0.0772682 -1.29757 0)
(0.0948132 -1.64723 0)
(-0.00303752 -1.63301 0)
(-0.129438 -1.39875 0)
(-0.102778 -1.36711 0)
(-0.0675273 -1.15301 0)
(-1.16651 -0.923552 0)
(-1.39749 -1.30081 0)
(-1.49383 -1.27251 0)
(-1.46115 -0.908989 0)
(-1.38725 -0.493041 0)
(-1.23222 -0.208479 0)
(-0.956827 -0.14273 0)
(-0.716862 -0.176251 0)
(-0.544532 -0.0818513 0)
(-0.381245 0.027661 0)
(-0.265939 0.144806 0)
(-0.205618 0.178378 0)
(-0.131936 -0.294253 0)
(0.0990006 -1.38308 0)
(0.0797596 -1.64756 0)
(0.0101811 -1.56046 0)
(-0.060638 -1.37827 0)
(-0.0669964 -1.36539 0)
(-0.0500578 -1.20953 0)
(-1.04088 -0.704869 0)
(-1.32849 -1.16875 0)
(-1.48481 -1.25658 0)
(-1.43235 -0.970906 0)
(-1.25523 -0.588567 0)
(-1.05831 -0.352616 0)
(-0.851195 -0.306054 0)
(-0.644063 -0.303282 0)
(-0.47027 -0.206328 0)
(-0.307484 -0.0626927 0)
(-0.195569 0.0776367 0)
(-0.117861 0.111695 0)
(0.0274444 -0.340732 0)
(0.135198 -1.40701 0)
(0.102851 -1.64198 0)
(0.00808122 -1.50376 0)
(-0.00179625 -1.37093 0)
(-0.031786 -1.34694 0)
(-0.0315457 -1.24698 0)
(-0.790771 -0.470887 0)
(-1.09262 -0.990135 0)
(-1.33192 -1.20739 0)
(-1.36416 -1.04512 0)
(-1.19538 -0.726545 0)
(-0.960943 -0.474493 0)
(-0.730489 -0.416214 0)
(-0.547518 -0.419034 0)
(-0.364092 -0.327974 0)
(-0.224328 -0.147566 0)
(-0.112524 0.000195209 0)
(-0.0230764 0.0205723 0)
(0.241302 -0.409137 0)
(0.195815 -1.37297 0)
(0.169164 -1.60388 0)
(0.034618 -1.45944 0)
(0.0328075 -1.36193 0)
(-0.00294954 -1.32411 0)
(-0.0140208 -1.26511 0)
(-0.451275 -0.253764 0)
(-0.722664 -0.793053 0)
(-1.00778 -1.09603 0)
(-1.14083 -1.06323 0)
(-1.06251 -0.859307 0)
(-0.896395 -0.678306 0)
(-0.624662 -0.604818 0)
(-0.414749 -0.552996 0)
(-0.237882 -0.425033 0)
(-0.128566 -0.216118 0)
(-0.0280436 -0.0795512 0)
(0.0378386 -0.0958971 0)
(0.385455 -0.489862 0)
(0.270772 -1.29261 0)
(0.230164 -1.54052 0)
(0.0840889 -1.41778 0)
(0.0526893 -1.33788 0)
(0.0180295 -1.30332 0)
(-0.000773634 -1.26586 0)
(-0.0607779 -0.0420697 0)
(-0.285002 -0.576503 0)
(-0.58268 -0.943895 0)
(-0.789219 -1.02413 0)
(-0.780437 -0.902114 0)
(-0.708601 -0.798784 0)
(-0.553673 -0.753794 0)
(-0.345952 -0.723708 0)
(-0.171963 -0.556541 0)
(-0.0191866 -0.26534 0)
(0.0395203 -0.138028 0)
(0.0551113 -0.2158 0)
(0.374177 -0.61758 0)
(0.34563 -1.22837 0)
(0.273352 -1.46577 0)
(0.122488 -1.36902 0)
(0.0688493 -1.30044 0)
(0.0308391 -1.28231 0)
(0.0070941 -1.25527 0)
(0.392093 0.211491 0)
(0.156234 -0.34978 0)
(-0.132778 -0.759572 0)
(-0.383364 -0.94276 0)
(-0.468696 -0.914001 0)
(-0.46427 -0.823633 0)
(-0.44798 -0.815505 0)
(-0.349509 -0.815847 0)
(-0.228922 -0.682897 0)
(-0.0269887 -0.370746 0)
(0.0774451 -0.164848 0)
(0.0833135 -0.304288 0)
(0.297631 -0.781948 0)
(0.401342 -1.21283 0)
(0.286579 -1.38062 0)
(0.130208 -1.30649 0)
(0.0781302 -1.26137 0)
(0.0375791 -1.25762 0)
(0.0111567 -1.24084 0)
(0.775926 0.354139 0)
(0.560972 -0.176253 0)
(0.290771 -0.571989 0)
(0.0275262 -0.807064 0)
(-0.13465 -0.877218 0)
(-0.18313 -0.815656 0)
(-0.275391 -0.804798 0)
(-0.341197 -0.848412 0)
(-0.336188 -0.75786 0)
(-0.188098 -0.513709 0)
(0.0453811 -0.213011 0)
(0.1638 -0.365287 0)
(0.283337 -0.866553 0)
(0.377082 -1.19145 0)
(0.267653 -1.28908 0)
(0.118117 -1.24297 0)
(0.0799055 -1.2285 0)
(0.0399949 -1.23359 0)
(0.0129293 -1.22315 0)
(1.01785 0.455595 0)
(0.867984 0.00173454 0)
(0.63575 -0.389153 0)
(0.38019 -0.646821 0)
(0.158659 -0.775199 0)
(0.0335008 -0.754741 0)
(-0.0717822 -0.70277 0)
(-0.303285 -0.780983 0)
(-0.432329 -0.759538 0)
(-0.331389 -0.581293 0)
(-0.113838 -0.369362 0)
(0.205427 -0.48248 0)
(0.329353 -0.907022 0)
(0.330125 -1.15145 0)
(0.218349 -1.20171 0)
(0.102838 -1.19141 0)
(0.0768176 -1.2019 0)
(0.0384585 -1.21105 0)
(0.0129619 -1.20484 0)
(1.10213 0.487821 0)
(1.028 0.124476 0)
(0.856978 -0.217854 0)
(0.627911 -0.479316 0)
(0.393848 -0.633314 0)
(0.202662 -0.662708 0)
(0.0657503 -0.548893 0)
(-0.173071 -0.634949 0)
(-0.439552 -0.696259 0)
(-0.399667 -0.66562 0)
(-0.246585 -0.657637 0)
(0.0899821 -0.72112 0)
(0.336474 -0.941416 0)
(0.240505 -1.08766 0)
(0.161486 -1.13271 0)
(0.0861327 -1.15687 0)
(0.0693783 -1.17953 0)
(0.0338799 -1.19059 0)
(0.0118259 -1.18768 0)
(1.0599 0.471099 0)
(1.04342 0.185823 0)
(0.930139 -0.100942 0)
(0.747076 -0.334519 0)
(0.53411 -0.488577 0)
(0.34025 -0.544682 0)
(0.159019 -0.446356 0)
(0.0859036 -0.464589 0)
(-0.27125 -0.59443 0)
(-0.255444 -0.709852 0)
(-0.281818 -0.777074 0)
(-0.0478214 -0.891589 0)
(0.23561 -0.985686 0)
(0.108645 -1.0389 0)
(0.118553 -1.09868 0)
(0.0650795 -1.13567 0)
(0.0582187 -1.16151 0)
(0.0279173 -1.17342 0)
(0.00997303 -1.17293 0)
(0.941123 0.433472 0)
(0.95818 0.210367 0)
(0.891949 -0.0179945 0)
(0.757609 -0.215933 0)
(0.580641 -0.360112 0)
(0.411325 -0.426956 0)
(0.211831 -0.36674 0)
(0.275035 -0.357978 0)
(-0.0984233 -0.460413 0)
(0.0803114 -0.689859 0)
(-0.258814 -0.791559 0)
(-0.133379 -1.12145 0)
(0.130588 -1.01702 0)
(0.0104119 -1.0228 0)
(0.093258 -1.09604 0)
(0.0432786 -1.12258 0)
(0.045917 -1.14879 0)
(0.0219153 -1.16041 0)
(0.00783618 -1.16128 0)
(0.794211 0.392939 0)
(0.822851 0.21643 0)
(0.788462 0.0369411 0)
(0.696555 -0.125613 0)
(0.557915 -0.25376 0)
(0.419553 -0.322726 0)
(0.227802 -0.308018 0)
(0.368087 -0.29435 0)
(-0.032793 -0.378188 0)
(0.408003 -0.636531 0)
(-0.0925635 -0.628666 0)
(-0.168169 -1.22172 0)
(0.0799991 -1.0447 0)
(-0.0332507 -1.03023 0)
(0.0725918 -1.10382 0)
(0.0257547 -1.11553 0)
(0.0343503 -1.14077 0)
(0.0164421 -1.15117 0)
(0.00576044 -1.15262 0)
(0.652324 0.360378 0)
(0.677873 0.215975 0)
(0.660052 0.0732057 0)
(0.59866 -0.0582656 0)
(0.49003 -0.168588 0)
(0.381079 -0.236055 0)
(0.2141 -0.279681 0)
(0.421265 -0.254571 0)
(0.0694669 -0.367875 0)
(0.588375 -0.639058 0)
(0.187506 -0.344028 0)
(-0.229213 -1.19045 0)
(0.0822011 -1.08386 0)
(-0.0437002 -1.04105 0)
(0.052468 -1.1104 0)
(0.0143192 -1.11262 0)
(0.0241491 -1.13481 0)
(0.0117213 -1.14378 0)
(0.00395453 -1.14539 0)
(0.52813 0.337017 0)
(0.544198 0.213589 0)
(0.531204 0.0977479 0)
(0.487921 -0.00640789 0)
(0.398056 -0.0984815 0)
(0.312065 -0.165874 0)
(0.186947 -0.286532 0)
(0.405001 -0.272966 0)
(0.22799 -0.405009 0)
(0.68341 -0.687714 0)
(0.411113 -0.0320284 0)
(-0.283631 -1.12541 0)
(0.0776231 -1.129 0)
(-0.0431208 -1.05042 0)
(0.0334873 -1.11349 0)
(0.00786605 -1.11053 0)
(0.0155906 -1.12848 0)
(0.00780385 -1.13631 0)
(0.00250447 -1.13796 0)
(0.434872 0.327905 0)
(0.442891 0.217143 0)
(0.430705 0.117773 0)
(0.403297 0.0290758 0)
(0.308138 -0.0424265 0)
(0.223727 -0.111507 0)
(0.136413 -0.30181 0)
(0.294463 -0.345709 0)
(0.271042 -0.50695 0)
(0.644165 -0.844205 0)
(0.382769 0.110995 0)
(-0.283151 -1.0779 0)
(0.0448751 -1.16341 0)
(-0.0315982 -1.06542 0)
(0.0171518 -1.11558 0)
(0.00432188 -1.11134 0)
(0.00873461 -1.12554 0)
(0.00454434 -1.13272 0)
(0.0013813 -1.1346 0)
(0.312227 0.318719 0)
(0.308777 0.224975 0)
(0.287877 0.147015 0)
(0.250646 0.10229 0)
(0.146589 0.0543524 0)
(0.0968644 -0.0807317 0)
(0.0490282 -0.302768 0)
(0.0984189 -0.391903 0)
(0.137538 -0.60124 0)
(0.265224 -1.01934 0)
(0.289015 0.794983 0)
(-0.1319 -1.06445 0)
(0.00932549 -1.18333 0)
(-0.0114099 -1.08504 0)
(0.00447125 -1.12139 0)
(0.00145616 -1.1182 0)
(0.00287449 -1.13031 0)
(0.00152659 -1.13729 0)
(0.000434698 -1.13952 0)
)
;

boundaryField
{
    leftWall
    {
        type            noSlip;
    }
    rightWall
    {
        type            noSlip;
    }
    lowerWall
    {
        type            noSlip;
    }
    atmosphere
    {
        type            pressureInletOutletVelocity;
        value           nonuniform List<vector> 
46
(
(0.0043651 0.906277 0)
(0.00963157 0.972917 0)
(0.0128787 0.934955 0)
(0.0194587 0.934905 0)
(0.0244119 0.935349 0)
(0.0299066 0.932503 0)
(0.0355993 0.928452 0)
(0.0414589 0.923797 0)
(0.0475778 0.918488 0)
(0.0539643 0.912456 0)
(0.0606474 0.905671 0)
(0.0676552 0.89811 0)
(0.0750092 0.889746 0)
(0.0827292 0.880549 0)
(0.0908306 0.870485 0)
(0.0993252 0.85952 0)
(0.108218 0.84762 0)
(0.117513 0.834754 0)
(0.127191 0.820885 0)
(0.137266 0.805986 0)
(0.147635 0.790014 0)
(0.158421 0.773003 0)
(0.169237 0.754464 0)
(0.194607 0.711111 0)
(0.235087 0.633807 0)
(0.273111 0.538966 0)
(0.300691 0.426699 0)
(0.312227 0.318719 0)
(0.308777 0.224975 0)
(0.287877 0.147015 0)
(0.250646 0.10229 0)
(0.146589 0.0543524 0)
(0 -0.0807317 0)
(0 -0.302768 0)
(0 -0.391903 0)
(0 -0.60124 0)
(0 -1.01934 0)
(0.289015 0.794983 0)
(0 -1.06445 0)
(0 -1.18333 0)
(0 -1.08504 0)
(0 -1.12139 0)
(0 -1.1182 0)
(0 -1.13031 0)
(0 -1.13729 0)
(0 -1.13952 0)
)
;
    }
    defaultFaces
    {
        type            empty;
    }
}


// ************************************************************************* //
