/*--------------------------------*- C++ -*----------------------------------*\
| =========                 |                                                 |
| \\      /  F ield         | OpenFOAM: The Open Source CFD Toolbox           |
|  \\    /   O peration     | Version:  2206                                  |
|   \\  /    A nd           | Website:  www.openfoam.com                      |
|    \\/     M anipulation  |                                                 |
\*---------------------------------------------------------------------------*/
FoamFile
{
    version     2.0;
    format      ascii;
    arch        "LSB;label=32;scalar=64";
    class       volVectorField;
    location    "0.975";
    object      U;
}
// * * * * * * * * * * * * * * * * * * * * * * * * * * * * * * * * * * * * * //

dimensions      [0 1 -1 0 0 0 0];

internalField   nonuniform List<vector> 
2268
(
(0.0274587 -0.0205687 0)
(0.0633952 -0.0106267 0)
(0.0470065 0.00799438 0)
(-0.0134438 0.0165435 0)
(-0.0469799 0.00765749 0)
(-0.0303182 -0.00353297 0)
(-0.0073291 -0.00265865 0)
(-0.0059843 0.00232179 0)
(-0.0227233 0.00529647 0)
(-0.0484559 0.00723424 0)
(-0.0800373 0.00752532 0)
(-0.110612 0.00357354 0)
(-0.12518 -0.00566117 0)
(-0.12053 -0.0115633 0)
(-0.124387 0.001125 0)
(-0.184977 0.0244713 0)
(-0.281376 0.0259334 0)
(-0.312417 0.00390937 0)
(-0.256947 -0.0169323 0)
(-0.201034 -0.0197019 0)
(-0.149147 -0.0198219 0)
(-0.0888349 -0.0222816 0)
(-0.0275784 -0.0174117 0)
(-0.003999 -0.0249588 0)
(-0.0206499 0.00224636 0)
(-0.0510565 0.028153 0)
(-0.0822528 0.0276237 0)
(-0.0716898 0.00214374 0)
(-0.0402236 -0.0164251 0)
(-0.0145634 -0.00947366 0)
(-0.00868139 0.00619499 0)
(-0.0271187 0.0160053 0)
(-0.0556848 0.0214055 0)
(-0.0884661 0.0229976 0)
(-0.120362 0.0184385 0)
(-0.150407 0.00925331 0)
(-0.19064 0.0101365 0)
(-0.240721 0.0320607 0)
(-0.281754 0.0478629 0)
(-0.28093 0.0284724 0)
(-0.205701 -0.0142918 0)
(-0.144879 -0.0393505 0)
(-0.113433 -0.0360716 0)
(-0.0841358 -0.0344158 0)
(-0.0545003 -0.0430375 0)
(-0.0129048 -0.0395575 0)
(-0.0184377 -0.0102294 0)
(-0.0545907 0.0163334 0)
(-0.0873094 0.0376078 0)
(-0.0958672 0.0268025 0)
(-0.0796649 -0.00998097 0)
(-0.0514409 -0.0329323 0)
(-0.0221282 -0.0191104 0)
(-0.0139773 0.00895527 0)
(-0.0289504 0.0263184 0)
(-0.0526441 0.0343799 0)
(-0.0768603 0.0361579 0)
(-0.0991761 0.0325944 0)
(-0.124444 0.0277706 0)
(-0.158976 0.030477 0)
(-0.193327 0.0426257 0)
(-0.196994 0.0378624 0)
(-0.148373 -0.0025512 0)
(-0.0891279 -0.0461758 0)
(-0.0681623 -0.0578115 0)
(-0.0590096 -0.0487838 0)
(-0.0349016 -0.0426492 0)
(-0.0355398 -0.0516279 0)
(-0.0015159 -0.0498431 0)
(-0.0151529 0.00526296 0)
(-0.0449779 0.0308165 0)
(-0.0735511 0.045337 0)
(-0.0830273 0.0276501 0)
(-0.0734462 -0.0184705 0)
(-0.0465058 -0.0490429 0)
(-0.0241104 -0.0285199 0)
(-0.0200774 0.0115254 0)
(-0.0361936 0.0356012 0)
(-0.0600049 0.0455538 0)
(-0.0828478 0.0460505 0)
(-0.100434 0.0409287 0)
(-0.113382 0.0370386 0)
(-0.12083 0.0401486 0)
(-0.115798 0.0439687 0)
(-0.0903348 0.027058 0)
(-0.0536186 -0.0138444 0)
(-0.041832 -0.0470901 0)
(-0.0475398 -0.0556008 0)
(-0.0527533 -0.0516342 0)
(-0.0339397 -0.0462188 0)
(-0.0387735 -0.0579913 0)
(-0.00307826 -0.0574322 0)
(-0.00208617 0.0140945 0)
(-0.0125882 0.0414449 0)
(-0.0357532 0.0538396 0)
(-0.0504861 0.0316061 0)
(-0.0436737 -0.0252973 0)
(-0.0223113 -0.0606999 0)
(-0.0157975 -0.0325687 0)
(-0.0224089 0.0173407 0)
(-0.0450279 0.0461644 0)
(-0.072322 0.0572229 0)
(-0.098065 0.0555229 0)
(-0.116216 0.0462186 0)
(-0.123202 0.0374394 0)
(-0.115767 0.0344624 0)
(-0.093039 0.0301328 0)
(-0.0641924 0.0101962 0)
(-0.0459908 -0.0222675 0)
(-0.0428188 -0.0473338 0)
(-0.043764 -0.0544243 0)
(-0.0467548 -0.0534492 0)
(-0.0378968 -0.0493534 0)
(-0.0395947 -0.0653572 0)
(-0.00892262 -0.0684105 0)
(0.0162515 0.0118586 0)
(0.0315494 0.045836 0)
(0.0170573 0.0626041 0)
(-0.000634471 0.0363868 0)
(0.00563862 -0.0290392 0)
(0.0227794 -0.065212 0)
(0.00326628 -0.0285807 0)
(-0.0176412 0.0289323 0)
(-0.0502975 0.0608168 0)
(-0.0813635 0.0722079 0)
(-0.109616 0.0676193 0)
(-0.129258 0.05272 0)
(-0.134935 0.037093 0)
(-0.125476 0.0277436 0)
(-0.103571 0.0189202 0)
(-0.0764682 -0.000260134 0)
(-0.0521799 -0.0286296 0)
(-0.036607 -0.0498825 0)
(-0.0273909 -0.0552801 0)
(-0.0260243 -0.0538751 0)
(-0.0233347 -0.0533018 0)
(-0.0257133 -0.0730477 0)
(-0.0114499 -0.0803625 0)
(0.0388768 -0.00951484 0)
(0.0822151 0.0417944 0)
(0.0782463 0.0704086 0)
(0.0566621 0.0424123 0)
(0.0766554 -0.0326454 0)
(0.080577 -0.0612449 0)
(0.0355498 -0.0161206 0)
(0.00460179 0.0467734 0)
(-0.0351 0.07577 0)
(-0.0692009 0.0840703 0)
(-0.100192 0.0759803 0)
(-0.121948 0.0541529 0)
(-0.127356 0.0310055 0)
(-0.117023 0.016754 0)
(-0.0936115 0.00353596 0)
(-0.0652581 -0.0159928 0)
(-0.0418013 -0.0388548 0)
(-0.0276918 -0.0556456 0)
(-0.0172914 -0.0614662 0)
(-0.0115684 -0.0560825 0)
(-0.00395635 -0.0528263 0)
(-0.00443209 -0.0755996 0)
(-0.00343384 -0.0918962 0)
(0.0699258 -0.0424941 0)
(0.135867 0.0273747 0)
(0.139653 0.0742385 0)
(0.124093 0.0414561 0)
(0.151428 -0.0392903 0)
(0.122112 -0.0534031 0)
(0.0750155 0.00496926 0)
(0.0483555 0.0655896 0)
(0.00566924 0.0976273 0)
(-0.0363014 0.109312 0)
(-0.0747409 0.099767 0)
(-0.100228 0.071714 0)
(-0.10549 0.0381471 0)
(-0.0959818 0.0119523 0)
(-0.0790193 -0.00519085 0)
(-0.066368 -0.0238519 0)
(-0.0646025 -0.0490702 0)
(-0.0818057 -0.0669535 0)
(-0.0984095 -0.0714203 0)
(-0.0846306 -0.058816 0)
(-0.026851 -0.0475985 0)
(0.00547384 -0.0599952 0)
(0.0172756 -0.0790782 0)
(0.0846548 -0.00603916 0)
(-0.174037 0.0378411 0)
(-0.240797 -0.0117516 0)
(-0.0389383 -0.0717295 0)
(0.20818 -0.072135 0)
(0.387405 -0.00117561 0)
(0.331672 0.0243537 0)
(0.15701 -0.000565529 0)
(0.222848 -0.0387869 0)
(0.327524 -0.034226 0)
(0.341983 0.0296397 0)
(0.0507037 0.0551202 0)
(-0.234777 0.0487688 0)
(-0.368152 0.0523905 0)
(-0.445912 0.0259671 0)
(-0.335045 -0.0232611 0)
(-0.177923 -0.0390254 0)
(-0.0398229 -0.0190313 0)
(0.0488941 0.00513782 0)
(-0.0230457 0.0405148 0)
(-0.2314 0.0888386 0)
(-0.177243 -0.0208163 0)
(-0.0258176 -0.156507 0)
(0.164273 -0.168972 0)
(0.295446 0.000210202 0)
(0.319039 0.0632733 0)
(0.0534721 0.0376932 0)
(0.0231632 -0.0244104 0)
(0.0107915 -0.0347048 0)
(0.249559 0.108367 0)
(-0.0221212 0.172478 0)
(-0.430372 0.118212 0)
(-0.477226 0.0404024 0)
(-0.391196 -0.0355993 0)
(-0.279822 -0.0869156 0)
(-0.190778 -0.106117 0)
(-0.0536208 -0.0853008 0)
(0.117366 -0.00325362 0)
(-0.0621608 0.0870409 0)
(-0.200136 0.115786 0)
(-0.148966 -0.0579878 0)
(0.00456671 -0.24232 0)
(0.111851 -0.234795 0)
(0.133932 -0.0184153 0)
(0.0144992 0.147711 0)
(-0.393224 0.127517 0)
(-0.391095 -0.057378 0)
(-0.2606 -0.115314 0)
(-0.0527912 0.115255 0)
(-0.136033 0.281825 0)
(-0.431917 0.183914 0)
(-0.383023 0.0463304 0)
(-0.334598 -0.0440361 0)
(-0.36089 -0.0825426 0)
(-0.326683 -0.151347 0)
(-0.141111 -0.148754 0)
(0.105292 0.0281799 0)
(-0.0553482 0.127672 0)
(-0.142396 0.133331 0)
(-0.116673 -0.0885551 0)
(0.0140677 -0.300627 0)
(0.00210396 -0.230308 0)
(-0.148684 0.096036 0)
(-0.41922 0.276661 0)
(-0.658213 0.143492 0)
(-0.512413 -0.148117 0)
(-0.455495 -0.176361 0)
(-0.292682 0.110066 0)
(-0.225771 0.332609 0)
(-0.370317 0.208856 0)
(-0.312627 0.0261945 0)
(-0.39432 -0.0250706 0)
(-0.513681 -0.0816669 0)
(-0.469038 -0.218677 0)
(-0.187175 -0.241475 0)
(-0.000969667 -0.0160909 0)
(-0.0253021 0.15466 0)
(-0.0696693 0.145753 0)
(-0.0489686 -0.102457 0)
(0.0248841 -0.305372 0)
(-0.140916 -0.15265 0)
(-0.432085 0.218217 0)
(-0.672344 0.332082 0)
(-0.632451 0.108896 0)
(-0.477628 -0.174475 0)
(-0.549277 -0.207458 0)
(-0.446441 0.0756096 0)
(-0.291591 0.316298 0)
(-0.314636 0.221023 0)
(-0.345966 0.0692137 0)
(-0.568413 0.0247588 0)
(-0.802417 -0.0725803 0)
(-0.581068 -0.279843 0)
(-0.17063 -0.334175 0)
(0.0336796 -0.062664 0)
(0.0181615 0.162487 0)
(0.0150528 0.151966 0)
(0.0553445 -0.101318 0)
(0.0661358 -0.254313 0)
(-0.246858 -0.0365328 0)
(-0.624402 0.336488 0)
(-0.711067 0.36471 0)
(-0.434507 0.131938 0)
(-0.410754 -0.146953 0)
(-0.58188 -0.192085 0)
(-0.548892 0.041485 0)
(-0.379502 0.258415 0)
(-0.316759 0.218058 0)
(-0.47511 0.134664 0)
(-0.925911 0.166777 0)
(-1.2128 0.0347135 0)
(-0.482107 -0.55164 0)
(-0.125514 -0.421781 0)
(0.106168 -0.0816539 0)
(0.0618004 0.138553 0)
(0.110037 0.145027 0)
(0.169152 -0.0888997 0)
(0.15124 -0.186873 0)
(-0.216112 0.0894776 0)
(-0.64431 0.414563 0)
(-0.528763 0.322218 0)
(-0.307987 0.0306693 0)
(-0.495302 -0.140251 0)
(-0.643933 -0.153958 0)
(-0.610844 0.0208323 0)
(-0.469487 0.18783 0)
(-0.413422 0.235311 0)
(-0.830705 0.310233 0)
(-1.49594 0.335208 0)
(-1.01834 -0.24476 0)
(-0.423556 -0.804924 0)
(-0.119227 -0.583723 0)
(0.11067 -0.075752 0)
(0.090749 0.0799885 0)
(0.193477 0.108702 0)
(0.28088 -0.07237 0)
(0.246824 -0.123079 0)
(-0.0337634 0.220569 0)
(-0.547126 0.483292 0)
(-0.281997 0.291766 0)
(-0.255834 0.0246773 0)
(-0.587582 -0.0759496 0)
(-0.755668 -0.126775 0)
(-0.70309 -0.00557861 0)
(-0.687349 0.188504 0)
(-0.833823 0.354547 0)
(-1.24118 0.453763 0)
(-1.33007 0.167632 0)
(-0.828049 -0.501059 0)
(-0.330569 -0.982088 0)
(-0.145631 -0.764589 0)
(0.207222 -0.0481161 0)
(0.1009 -0.13034 0)
(0.240822 0.00559884 0)
(0.258985 0.090605 0)
(0.23641 0.0599811 0)
(0.208701 -0.00767672 0)
(0.126389 -0.0259013 0)
(0.0950915 0.0108807 0)
(0.0599274 0.0897805 0)
(-0.0504291 0.112519 0)
(-0.13412 0.117102 0)
(-0.180047 0.101947 0)
(-0.193173 0.0643572 0)
(-0.19216 0.0277842 0)
(-0.194601 0.0022937 0)
(-0.21426 -0.0222016 0)
(-0.260854 -0.0442641 0)
(-0.37287 -0.0323266 0)
(-0.557932 0.0236676 0)
(-0.638691 0.0123824 0)
(-0.510572 -0.0957579 0)
(-0.273126 -0.148547 0)
(-0.0694223 -0.116015 0)
(0.0320934 -0.053498 0)
(0.0447138 -0.394961 0)
(0.263881 -0.133601 0)
(0.334486 0.0967592 0)
(0.323299 0.10903 0)
(0.270916 0.0532865 0)
(0.193552 0.042635 0)
(0.0244737 0.0657023 0)
(-0.10548 0.203157 0)
(-0.345558 0.27796 0)
(-0.548866 0.261612 0)
(-0.640898 0.179644 0)
(-0.674634 0.0854288 0)
(-0.668527 0.0177753 0)
(-0.679837 0.0257708 0)
(-0.843819 0.0983079 0)
(-1.11127 0.192037 0)
(-1.32119 0.276916 0)
(-1.32544 0.126453 0)
(-1.01626 -0.268575 0)
(-0.715559 -0.451062 0)
(-0.463234 -0.463858 0)
(-0.260883 -0.361261 0)
(-0.0851364 -0.218238 0)
(-0.0433113 -0.574535 0)
(0.151085 -0.294188 0)
(0.191442 -0.0304566 0)
(0.1921 0.0739079 0)
(0.129019 0.134657 0)
(0.0047409 0.136004 0)
(-0.219229 0.277161 0)
(-0.711006 0.56245 0)
(-1.13484 0.498032 0)
(-1.28871 0.319182 0)
(-1.28349 0.179066 0)
(-1.23185 0.0793494 0)
(-1.19781 0.046204 0)
(-1.19529 0.200667 0)
(-1.26119 0.388969 0)
(-1.32282 0.388788 0)
(-1.24885 0.182069 0)
(-1.04611 -0.191141 0)
(-0.882552 -0.468125 0)
(-0.703181 -0.633409 0)
(-0.557835 -0.639264 0)
(-0.462127 -0.524246 0)
(-0.370419 -0.395379 0)
(-0.172575 -0.469901 0)
(-0.217019 -0.116145 0)
(-0.306319 0.086079 0)
(-0.259787 0.151539 0)
(-0.284342 0.232266 0)
(-0.566471 0.44323 0)
(-1.00206 0.902558 0)
(-1.13846 0.986684 0)
(-1.38998 0.764927 0)
(-1.55476 0.407816 0)
(-1.5506 0.137938 0)
(-1.44457 -0.0559123 0)
(-1.33068 -0.0776908 0)
(-1.25128 0.101486 0)
(-1.1773 0.263128 0)
(-1.11105 0.152484 0)
(-1.08123 -0.0655029 0)
(-1.09457 -0.30553 0)
(-1.04804 -0.642478 0)
(-0.895748 -0.841933 0)
(-0.811528 -0.736583 0)
(-0.797417 -0.544143 0)
(-0.814481 -0.390296 0)
(-0.292365 -0.169717 0)
(-0.595346 -0.0243838 0)
(-0.836415 -0.0195675 0)
(-1.00364 0.218432 0)
(-1.18112 0.532848 0)
(-1.20743 0.77089 0)
(-1.06621 0.932804 0)
(-0.966543 1.0555 0)
(-0.973951 0.994751 0)
(-1.10599 0.693664 0)
(-1.36453 0.0818881 0)
(-1.4213 -0.16017 0)
(-1.42502 -0.165433 0)
(-1.33984 0.00764014 0)
(-1.19455 0.189452 0)
(-1.10603 0.259187 0)
(-1.21097 0.11722 0)
(-1.33518 -0.250855 0)
(-1.09888 -0.812166 0)
(-1.02166 -0.925854 0)
(-1.00643 -0.720911 0)
(-1.05604 -0.454472 0)
(-1.13443 -0.277876 0)
(-0.228532 0.177779 0)
(-0.630924 0.469686 0)
(-1.15441 0.461064 0)
(-1.43383 0.319945 0)
(-1.41281 0.312257 0)
(-1.24092 0.442154 0)
(-1.03305 0.632023 0)
(-0.813677 0.768324 0)
(-0.676552 0.840211 0)
(-0.715423 0.874845 0)
(-1.15328 0.49225 0)
(-1.48571 0.0516164 0)
(-1.74448 -0.0892003 0)
(-1.6055 -0.0498471 0)
(-1.41938 0.0729751 0)
(-1.25974 0.228035 0)
(-1.13486 0.270893 0)
(-1.03633 -0.122504 0)
(-1.00203 -0.844344 0)
(-1.05073 -0.917979 0)
(-1.04583 -0.686729 0)
(-1.05257 -0.404362 0)
(-1.20824 -0.279934 0)
(-0.152684 0.466147 0)
(-0.458752 1.01445 0)
(-1.22207 0.751072 0)
(-1.43086 0.335134 0)
(-1.43348 0.263294 0)
(-1.2926 0.345228 0)
(-1.15344 0.458045 0)
(-1.01469 0.575337 0)
(-0.885306 0.801631 0)
(-0.883641 1.13179 0)
(-1.21264 0.973112 0)
(-1.47389 0.305239 0)
(-1.53202 -0.144094 0)
(-1.45642 -0.292669 0)
(-1.37449 -0.250146 0)
(-1.25555 -0.111128 0)
(-1.06908 -0.0721929 0)
(-0.886473 -0.326675 0)
(-0.971282 -0.79942 0)
(-1.09362 -0.870305 0)
(-1.07332 -0.686302 0)
(-0.987449 -0.385629 0)
(-0.894078 -0.139902 0)
(-0.140584 0.630439 0)
(-0.173337 1.60756 0)
(-0.824703 1.50689 0)
(-1.00996 0.497922 0)
(-1.09552 0.183378 0)
(-1.20944 0.287653 0)
(-1.18921 0.423197 0)
(-1.14431 0.541872 0)
(-1.1314 0.834886 0)
(-1.18215 1.297 0)
(-1.28246 1.12674 0)
(-1.27622 0.475847 0)
(-1.27463 0.0203094 0)
(-1.33435 -0.176514 0)
(-1.36071 -0.204732 0)
(-1.33435 -0.152838 0)
(-1.2193 -0.128264 0)
(-1.04323 -0.311354 0)
(-0.996079 -0.726464 0)
(-1.09883 -0.843227 0)
(-1.1095 -0.714978 0)
(-0.987141 -0.513023 0)
(-0.7827 -0.296435 0)
(-0.164448 0.704761 0)
(-0.0711046 2.15653 0)
(-0.711198 1.95026 0)
(-0.866584 0.824874 0)
(-1.21521 0.431269 0)
(-1.41525 0.320832 0)
(-1.51264 0.341803 0)
(-1.54886 0.534247 0)
(-1.50218 0.904786 0)
(-1.41449 1.20411 0)
(-1.25025 0.942693 0)
(-1.1113 0.371873 0)
(-1.11723 0.0102801 0)
(-1.18348 -0.135367 0)
(-1.22657 -0.196542 0)
(-1.20568 -0.203634 0)
(-1.08883 -0.274208 0)
(-0.968291 -0.494184 0)
(-0.942962 -0.732703 0)
(-0.988852 -0.814835 0)
(-1.03661 -0.789555 0)
(-1.01828 -0.709797 0)
(-0.924911 -0.626038 0)
(-0.20325 0.74112 0)
(0.00654165 2.5257 0)
(-0.650826 2.10861 0)
(-0.738349 1.10676 0)
(-1.13276 0.744081 0)
(-1.34137 0.545518 0)
(-1.50661 0.43637 0)
(-1.60507 0.504991 0)
(-1.55811 0.751873 0)
(-1.35276 0.909296 0)
(-1.09253 0.683391 0)
(-0.945279 0.288959 0)
(-0.932895 0.0238776 0)
(-0.928035 -0.151062 0)
(-0.908243 -0.254888 0)
(-0.868681 -0.297008 0)
(-0.804909 -0.356814 0)
(-0.760132 -0.522858 0)
(-0.770582 -0.71777 0)
(-0.794275 -0.781255 0)
(-0.756562 -0.692201 0)
(-0.693853 -0.619401 0)
(-0.812994 -0.703375 0)
(-0.255475 0.790233 0)
(0.0669752 2.78703 0)
(-0.53762 2.23954 0)
(-0.50689 1.35794 0)
(-0.856675 0.984572 0)
(-0.980005 0.742453 0)
(-1.10266 0.592355 0)
(-1.1926 0.572431 0)
(-1.17249 0.644497 0)
(-1.00581 0.668376 0)
(-0.785937 0.503736 0)
(-0.638408 0.246435 0)
(-0.573283 0.0295035 0)
(-0.543604 -0.134796 0)
(-0.530539 -0.245141 0)
(-0.508904 -0.326175 0)
(-0.476108 -0.420069 0)
(-0.462301 -0.551159 0)
(-0.494788 -0.694834 0)
(-0.560018 -0.788102 0)
(-0.586358 -0.787012 0)
(-0.509124 -0.686603 0)
(-0.377182 -0.475083 0)
(-0.324566 0.861434 0)
(0.176077 2.99454 0)
(-0.34943 2.38907 0)
(-0.264541 1.56981 0)
(-0.574976 1.14282 0)
(-0.604597 0.84588 0)
(-0.674399 0.673753 0)
(-0.737657 0.620313 0)
(-0.736279 0.598641 0)
(-0.64171 0.52863 0)
(-0.511169 0.363485 0)
(-0.41696 0.154295 0)
(-0.365783 -0.024517 0)
(-0.340361 -0.149825 0)
(-0.316046 -0.244245 0)
(-0.28383 -0.319571 0)
(-0.253159 -0.398718 0)
(-0.237696 -0.504235 0)
(-0.254786 -0.619079 0)
(-0.308661 -0.703553 0)
(-0.363516 -0.75639 0)
(-0.383961 -0.795053 0)
(-0.365382 -0.792158 0)
(-0.402975 0.928336 0)
(0.412637 2.99724 0)
(0.00291378 2.64946 0)
(-0.0597612 1.76068 0)
(-0.360653 1.25495 0)
(-0.348721 0.902424 0)
(-0.439412 0.723123 0)
(-0.521788 0.660385 0)
(-0.563538 0.586574 0)
(-0.550022 0.461954 0)
(-0.515677 0.286184 0)
(-0.490637 0.101279 0)
(-0.46567 -0.0608277 0)
(-0.422666 -0.199602 0)
(-0.366831 -0.306976 0)
(-0.299613 -0.389455 0)
(-0.231233 -0.461714 0)
(-0.178598 -0.536214 0)
(-0.154786 -0.60464 0)
(-0.160056 -0.661923 0)
(-0.185146 -0.704471 0)
(-0.21919 -0.715426 0)
(-0.245267 -0.730475 0)
(-0.443579 0.926435 0)
(0.333924 2.33026 0)
(0.239776 2.87992 0)
(-0.0064313 1.9574 0)
(-0.243295 1.35308 0)
(-0.233235 0.974941 0)
(-0.403409 0.818922 0)
(-0.538029 0.751298 0)
(-0.646485 0.638467 0)
(-0.705915 0.476736 0)
(-0.724508 0.280756 0)
(-0.706453 0.0798231 0)
(-0.652124 -0.10457 0)
(-0.57115 -0.262083 0)
(-0.478123 -0.384195 0)
(-0.382209 -0.475186 0)
(-0.291649 -0.544346 0)
(-0.214364 -0.59986 0)
(-0.156301 -0.642194 0)
(-0.122843 -0.672158 0)
(-0.11201 -0.695136 0)
(-0.119692 -0.706458 0)
(-0.132716 -0.721533 0)
(-0.437968 0.851599 0)
(0.369106 2.4146 0)
(-0.125785 3.02137 0)
(-0.0549955 2.1141 0)
(-0.239325 1.43589 0)
(-0.247181 1.09945 0)
(-0.499654 0.985965 0)
(-0.694901 0.90985 0)
(-0.872579 0.761189 0)
(-0.980847 0.54838 0)
(-1.01319 0.294229 0)
(-0.970692 0.0388224 0)
(-0.871175 -0.187635 0)
(-0.737087 -0.367187 0)
(-0.59409 -0.496023 0)
(-0.461322 -0.583735 0)
(-0.34714 -0.641936 0)
(-0.252729 -0.679696 0)
(-0.178995 -0.701897 0)
(-0.124362 -0.71135 0)
(-0.0893813 -0.712083 0)
(-0.0703701 -0.705484 0)
(-0.070883 -0.706184 0)
(-0.369104 0.722738 0)
(0.197088 2.58643 0)
(-0.542042 3.02039 0)
(-0.109737 2.17001 0)
(-0.314976 1.50084 0)
(-0.344469 1.28067 0)
(-0.665183 1.22089 0)
(-0.925388 1.13113 0)
(-1.16609 0.925615 0)
(-1.30908 0.624488 0)
(-1.34542 0.276998 0)
(-1.28002 -0.0576504 0)
(-1.13072 -0.342411 0)
(-0.927827 -0.544453 0)
(-0.715754 -0.663288 0)
(-0.529251 -0.726888 0)
(-0.381493 -0.758493 0)
(-0.270616 -0.772174 0)
(-0.188507 -0.773263 0)
(-0.129218 -0.764154 0)
(-0.0869689 -0.748244 0)
(-0.0569647 -0.729216 0)
(-0.041272 -0.710461 0)
(-0.577632 1.12571 0)
(-0.111999 2.80195 0)
(-0.728041 2.89681 0)
(-0.121557 2.13987 0)
(-0.392803 1.5758 0)
(-0.452439 1.51448 0)
(-0.826303 1.51579 0)
(-1.12983 1.41369 0)
(-1.39627 1.14218 0)
(-1.54479 0.736366 0)
(-1.57882 0.26746 0)
(-1.50935 -0.184926 0)
(-1.3443 -0.557722 0)
(-1.09611 -0.804957 0)
(-0.820065 -0.90978 0)
(-0.576593 -0.92476 0)
(-0.389429 -0.90551 0)
(-0.257382 -0.876283 0)
(-0.167264 -0.845157 0)
(-0.108026 -0.813766 0)
(-0.0700526 -0.783107 0)
(-0.0456625 -0.753412 0)
(-0.0311822 -0.725178 0)
(-0.722467 1.38873 0)
(0.180848 2.94926 0)
(-0.631966 2.75804 0)
(-0.0325002 2.1094 0)
(-0.399832 1.69039 0)
(-0.48036 1.78464 0)
(-0.85949 1.83348 0)
(-1.14343 1.68251 0)
(-1.37485 1.29214 0)
(-1.4943 0.7602 0)
(-1.53021 0.193572 0)
(-1.49332 -0.326277 0)
(-1.35758 -0.784823 0)
(-1.13252 -1.09853 0)
(-0.842313 -1.21218 0)
(-0.566117 -1.1717 0)
(-0.354891 -1.0811 0)
(-0.211035 -0.994714 0)
(-0.118881 -0.922012 0)
(-0.0622104 -0.861018 0)
(-0.0299051 -0.809623 0)
(-0.0143782 -0.767181 0)
(-0.0105168 -0.731634 0)
(-0.791089 1.46656 0)
(0.639683 3.02461 0)
(-0.38058 2.79145 0)
(0.15995 2.1382 0)
(-0.305983 1.85243 0)
(-0.346046 2.04134 0)
(-0.670975 2.10015 0)
(-0.866019 1.89952 0)
(-1.02635 1.44999 0)
(-1.12362 0.869878 0)
(-1.18282 0.222045 0)
(-1.18656 -0.43499 0)
(-1.07255 -0.998339 0)
(-0.922469 -1.36457 0)
(-0.702997 -1.50523 0)
(-0.451539 -1.42967 0)
(-0.249368 -1.26242 0)
(-0.117324 -1.10955 0)
(-0.038054 -0.991931 0)
(0.00555066 -0.901175 0)
(0.0271058 -0.828997 0)
(0.0336611 -0.771471 0)
(0.0284513 -0.725791 0)
(-0.805716 1.46322 0)
(0.565015 2.83658 0)
(-0.125439 2.90192 0)
(0.27661 2.19111 0)
(-0.141106 2.02153 0)
(-0.0439005 2.22811 0)
(-0.263791 2.2785 0)
(-0.351734 2.03596 0)
(-0.424996 1.58215 0)
(-0.502864 0.99198 0)
(-0.575596 0.32612 0)
(-0.615624 -0.401618 0)
(-0.54819 -1.09003 0)
(-0.448947 -1.54414 0)
(-0.344783 -1.71588 0)
(-0.204329 -1.63227 0)
(-0.0576909 -1.41231 0)
(0.0305828 -1.19884 0)
(0.0772071 -1.03931 0)
(0.0962265 -0.923059 0)
(0.0987411 -0.834853 0)
(0.0912479 -0.766296 0)
(0.0763721 -0.712275 0)
(-0.763687 1.43384 0)
(0.533907 2.75742 0)
(-0.0363036 2.88684 0)
(0.306135 2.20125 0)
(0.065732 2.0854 0)
(0.287045 2.25368 0)
(0.310312 2.33379 0)
(0.354256 2.11122 0)
(0.366133 1.67804 0)
(0.330881 1.10611 0)
(0.283902 0.444116 0)
(0.264148 -0.332942 0)
(0.21152 -1.08241 0)
(0.20844 -1.6045 0)
(0.191844 -1.79719 0)
(0.175011 -1.72115 0)
(0.208873 -1.48361 0)
(0.225425 -1.23541 0)
(0.220593 -1.04848 0)
(0.20396 -0.917067 0)
(0.181124 -0.820517 0)
(0.155398 -0.746762 0)
(0.128207 -0.689111 0)
(-0.681511 1.38971 0)
(0.631454 2.73285 0)
(0.0784709 2.78798 0)
(0.370609 2.21952 0)
(0.334745 1.98545 0)
(0.569765 2.02205 0)
(0.846314 2.12842 0)
(1.0857 2.02395 0)
(1.24634 1.68877 0)
(1.29407 1.18409 0)
(1.29049 0.559361 0)
(1.24479 -0.172919 0)
(1.12295 -0.927034 0)
(0.954389 -1.50089 0)
(0.795326 -1.73085 0)
(0.628586 -1.66942 0)
(0.520339 -1.44226 0)
(0.442897 -1.19555 0)
(0.375706 -1.00757 0)
(0.317503 -0.877015 0)
(0.26645 -0.782483 0)
(0.220909 -0.710754 0)
(0.18027 -0.654687 0)
(-0.553001 1.31217 0)
(0.575237 2.49529 0)
(0.443432 2.64458 0)
(0.648144 2.33656 0)
(0.785796 1.91534 0)
(0.986239 1.71007 0)
(1.32702 1.70158 0)
(1.69874 1.67342 0)
(1.99027 1.48188 0)
(2.14056 1.10396 0)
(2.17779 0.568238 0)
(2.10021 -0.0714164 0)
(1.92201 -0.731931 0)
(1.65819 -1.26879 0)
(1.35625 -1.51256 0)
(1.05699 -1.47378 0)
(0.819777 -1.28287 0)
(0.647942 -1.0727 0)
(0.520374 -0.913154 0)
(0.422688 -0.801931 0)
(0.345283 -0.720587 0)
(0.281488 -0.658205 0)
(0.228276 -0.608895 0)
(-0.266627 1.2466 0)
(0.477429 2.10587 0)
(0.715774 2.31758 0)
(1.1617 2.06407 0)
(1.4633 1.72398 0)
(1.67339 1.49536 0)
(1.96544 1.37309 0)
(2.29731 1.31022 0)
(2.59159 1.20093 0)
(2.77014 0.959428 0)
(2.80678 0.57004 0)
(2.70216 0.0694218 0)
(2.48438 -0.480134 0)
(2.16422 -0.946181 0)
(1.76882 -1.17268 0)
(1.3708 -1.15795 0)
(1.04113 -1.02459 0)
(0.801836 -0.880744 0)
(0.631454 -0.774365 0)
(0.505396 -0.697938 0)
(0.408596 -0.639019 0)
(0.331217 -0.591919 0)
(0.268391 -0.553393 0)
(-0.0541264 1.13682 0)
(0.366088 1.58941 0)
(0.714148 1.8826 0)
(1.19052 1.7053 0)
(1.65995 1.38096 0)
(2.09231 1.15252 0)
(2.48638 1.06619 0)
(2.81306 1.06395 0)
(3.04539 1.02979 0)
(3.17011 0.899671 0)
(3.16027 0.643878 0)
(3.02073 0.268388 0)
(2.76596 -0.177226 0)
(2.395 -0.560222 0)
(1.94329 -0.752943 0)
(1.49693 -0.769136 0)
(1.1352 -0.711246 0)
(0.876997 -0.653354 0)
(0.69309 -0.612238 0)
(0.555934 -0.577466 0)
(0.450242 -0.545485 0)
(0.365993 -0.516864 0)
(0.297865 -0.491407 0)
(0.025556 0.932148 0)
(0.263071 1.2272 0)
(0.632522 1.30757 0)
(1.08361 1.12889 0)
(1.53019 0.854301 0)
(1.96033 0.662146 0)
(2.36963 0.623829 0)
(2.7246 0.7164 0)
(2.98089 0.830467 0)
(3.10939 0.84975 0)
(3.09241 0.725597 0)
(2.93975 0.466912 0)
(2.66521 0.135693 0)
(2.279 -0.15089 0)
(1.83146 -0.312865 0)
(1.41958 -0.374949 0)
(1.09917 -0.405397 0)
(0.872163 -0.433811 0)
(0.703479 -0.452027 0)
(0.572369 -0.455215 0)
(0.468562 -0.449115 0)
(0.384439 -0.438939 0)
(0.315612 -0.426839 0)
(0.0552077 0.805822 0)
(0.219481 1.02237 0)
(0.516438 0.931113 0)
(0.865649 0.670807 0)
(1.2019 0.398314 0)
(1.5253 0.237037 0)
(1.85445 0.242798 0)
(2.16689 0.395898 0)
(2.40782 0.609794 0)
(2.53014 0.765065 0)
(2.51865 0.788174 0)
(2.38872 0.663013 0)
(2.15472 0.444875 0)
(1.83229 0.231611 0)
(1.48747 0.0721467 0)
(1.19517 -0.0525901 0)
(0.976927 -0.165305 0)
(0.810493 -0.255468 0)
(0.673535 -0.312549 0)
(0.559983 -0.34312 0)
(0.466139 -0.357865 0)
(0.387756 -0.363526 0)
(0.322147 -0.36341 0)
(0.0588652 0.695097 0)
(0.194257 0.834809 0)
(0.396 0.682866 0)
(0.598969 0.431763 0)
(0.759558 0.169608 0)
(0.904477 0.0103577 0)
(1.08058 0.0235479 0)
(1.27532 0.208855 0)
(1.44955 0.480353 0)
(1.56778 0.717267 0)
(1.60811 0.83045 0)
(1.56556 0.796619 0)
(1.44565 0.662378 0)
(1.27157 0.490832 0)
(1.09498 0.31289 0)
(0.949087 0.138125 0)
(0.831031 -0.0142144 0)
(0.72182 -0.127115 0)
(0.61938 -0.201133 0)
(0.527771 -0.247813 0)
(0.448013 -0.276918 0)
(0.378792 -0.294499 0)
(0.319102 -0.304028 0)
(0.0523179 0.586031 0)
(0.163885 0.692666 0)
(0.292514 0.539054 0)
(0.389125 0.324077 0)
(0.418187 0.100208 0)
(0.40459 -0.0592287 0)
(0.408557 -0.0509104 0)
(0.462544 0.140884 0)
(0.565765 0.413301 0)
(0.671834 0.656654 0)
(0.758257 0.803369 0)
(0.810878 0.823043 0)
(0.823478 0.736884 0)
(0.807918 0.584083 0)
(0.783761 0.398256 0)
(0.749097 0.216815 0)
(0.694669 0.0690438 0)
(0.626659 -0.0398618 0)
(0.554506 -0.117116 0)
(0.484454 -0.171141 0)
(0.419674 -0.208527 0)
(0.36097 -0.233992 0)
(0.308642 -0.250557 0)
(0.0403353 0.496204 0)
(0.129165 0.590518 0)
(0.213344 0.45757 0)
(0.261711 0.294897 0)
(0.244794 0.13412 0)
(0.15703 0.00342672 0)
(0.0548792 -0.0219304 0)
(0.006635 0.103539 0)
(0.0258992 0.330952 0)
(0.10563 0.554397 0)
(0.219839 0.69731 0)
(0.337619 0.734263 0)
(0.443056 0.671679 0)
(0.529917 0.541097 0)
(0.583943 0.383582 0)
(0.597258 0.234938 0)
(0.576971 0.112311 0)
(0.537085 0.0168783 0)
(0.488349 -0.0565268 0)
(0.436716 -0.11183 0)
(0.38581 -0.152772 0)
(0.337521 -0.182701 0)
(0.292985 -0.20392 0)
(0.0273636 0.428339 0)
(0.0947324 0.513701 0)
(0.153729 0.402092 0)
(0.182763 0.286688 0)
(0.16482 0.18842 0)
(0.0873963 0.105433 0)
(-0.025292 0.0774251 0)
(-0.111992 0.139953 0)
(-0.132958 0.281038 0)
(-0.0827158 0.442797 0)
(0.0247867 0.55342 0)
(0.158614 0.586124 0)
(0.289087 0.542984 0)
(0.393639 0.44985 0)
(0.457868 0.338054 0)
(0.48323 0.229135 0)
(0.479823 0.132687 0)
(0.458093 0.0517857 0)
(0.42612 -0.0143024 0)
(0.388988 -0.0671456 0)
(0.349907 -0.108467 0)
(0.311102 -0.140335 0)
(0.27411 -0.164312 0)
(0.017315 0.380053 0)
(0.0662199 0.457006 0)
(0.109433 0.36205 0)
(0.129477 0.279252 0)
(0.12103 0.224869 0)
(0.076386 0.184858 0)
(0.00502376 0.171426 0)
(-0.0589967 0.20502 0)
(-0.0813707 0.281217 0)
(-0.0490095 0.373073 0)
(0.0321693 0.440303 0)
(0.137306 0.458947 0)
(0.238642 0.431385 0)
(0.319069 0.371393 0)
(0.371073 0.295345 0)
(0.39651 0.215616 0)
(0.401045 0.13993 0)
(0.390502 0.0723702 0)
(0.370077 0.0145818 0)
(0.343788 -0.0340086 0)
(0.314305 -0.0739026 0)
(0.283688 -0.10606 0)
(0.253572 -0.131427 0)
(0.0107225 0.346609 0)
(0.0458268 0.415792 0)
(0.0784827 0.332773 0)
(0.093063 0.271469 0)
(0.0908308 0.241516 0)
(0.0698529 0.225872 0)
(0.0362169 0.224332 0)
(0.00516884 0.245046 0)
(-0.0034847 0.285971 0)
(0.0210541 0.333283 0)
(0.0748088 0.367839 0)
(0.14338 0.375505 0)
(0.211131 0.356173 0)
(0.267365 0.315093 0)
(0.307056 0.26048 0)
(0.329774 0.200188 0)
(0.337586 0.140145 0)
(0.333573 0.0840452 0)
(0.320828 0.0339092 0)
(0.302278 -0.00989698 0)
(0.280289 -0.0473828 0)
(0.25652 -0.0787984 0)
(0.232375 -0.10461 0)
(0.00685832 0.323205 0)
(0.0327544 0.385084 0)
(0.0582583 0.310878 0)
(0.0694893 0.264357 0)
(0.0701932 0.248077 0)
(0.0613009 0.243375 0)
(0.048182 0.245775 0)
(0.0383453 0.258414 0)
(0.0407439 0.280494 0)
(0.0607471 0.304356 0)
(0.0967067 0.320307 0)
(0.141823 0.321134 0)
(0.187796 0.304965 0)
(0.227989 0.273885 0)
(0.25841 0.232379 0)
(0.277655 0.18536 0)
(0.286214 0.136957 0)
(0.28566 0.0901116 0)
(0.2779 0.0466215 0)
(0.264986 0.00753742 0)
(0.248658 -0.0271444 0)
(0.23021 -0.0572974 0)
(0.210842 -0.082925 0)
(0.0048275 0.306016 0)
(0.0248888 0.361271 0)
(0.0453952 0.293668 0)
(0.0547804 0.257558 0)
(0.0573659 0.249714 0)
(0.0550298 0.249937 0)
(0.0519619 0.252627 0)
(0.0521948 0.259305 0)
(0.0597096 0.270025 0)
(0.0769158 0.280951 0)
(0.10312 0.286761 0)
(0.134894 0.283074 0)
(0.167627 0.268227 0)
(0.19711 0.24307 0)
(0.220407 0.21008 0)
(0.236124 0.172286 0)
(0.244161 0.132496 0)
(0.245264 0.0929368 0)
(0.24062 0.055158 0)
(0.231456 0.020187 0)
(0.219024 -0.0117222 0)
(0.204485 -0.0402595 0)
(0.188652 -0.0651869 0)
(0.00413942 0.292368 0)
(0.0204113 0.342063 0)
(0.0370956 0.279702 0)
(0.0455503 0.250822 0)
(0.0495573 0.248155 0)
(0.0512494 0.250526 0)
(0.0534176 0.252214 0)
(0.0581957 0.254679 0)
(0.0675189 0.258625 0)
(0.0824754 0.262114 0)
(0.102622 0.261952 0)
(0.126052 0.255429 0)
(0.150053 0.241324 0)
(0.171948 0.219937 0)
(0.189706 0.192654 0)
(0.202184 0.161357 0)
(0.209069 0.127946 0)
(0.210657 0.094062 0)
(0.207612 0.0609706 0)
(0.200726 0.0295525 0)
(0.190886 0.000425886 0)
(0.178867 -0.026266 0)
(0.165267 -0.050148 0)
(0.00426111 0.280311 0)
(0.0180716 0.326389 0)
(0.0317065 0.268085 0)
(0.0395236 0.244143 0)
(0.0444093 0.244422 0)
(0.0485191 0.247395 0)
(0.0535312 0.247854 0)
(0.0603882 0.247546 0)
(0.0699882 0.247506 0)
(0.0828528 0.246667 0)
(0.098695 0.243038 0)
(0.116381 0.23489 0)
(0.134246 0.221369 0)
(0.150568 0.202558 0)
(0.16395 0.179254 0)
(0.173509 0.152647 0)
(0.17888 0.124031 0)
(0.180126 0.0946156 0)
(0.177593 0.0654183 0)
(0.171796 0.0372291 0)
(0.163278 0.0106387 0)
(0.152658 -0.0141756 0)
(0.140496 -0.0368405 0)
(0.00468682 0.26891 0)
(0.0169992 0.3132 0)
(0.0282476 0.258187 0)
(0.0353912 0.237655 0)
(0.0406584 0.239404 0)
(0.0460773 0.242186 0)
(0.0524835 0.24158 0)
(0.0600701 0.239538 0)
(0.0692059 0.237189 0)
(0.0801534 0.233898 0)
(0.0927213 0.228346 0)
(0.106199 0.219401 0)
(0.119524 0.206486 0)
(0.131564 0.189607 0)
(0.141351 0.169239 0)
(0.148219 0.146154 0)
(0.151833 0.121252 0)
(0.152149 0.0954328 0)
(0.149345 0.0695023 0)
(0.143762 0.0441234 0)
(0.135815 0.019786 0)
(0.126075 -0.00319388 0)
(0.115068 -0.0247738 0)
(0.00512468 0.257924 0)
(0.0166267 0.301806 0)
(0.0261075 0.249824 0)
(0.0324775 0.231635 0)
(0.0377179 0.233874 0)
(0.0437005 0.236086 0)
(0.0505787 0.234661 0)
(0.0581027 0.231633 0)
(0.066393 0.228051 0)
(0.0755751 0.223467 0)
(0.0855023 0.216964 0)
(0.0956985 0.207799 0)
(0.105457 0.195583 0)
(0.114014 0.180299 0)
(0.120705 0.162243 0)
(0.125048 0.141926 0)
(0.126775 0.119989 0)
(0.125834 0.0971008 0)
(0.122349 0.0738871 0)
(0.116604 0.05087 0)
(0.108997 0.0284351 0)
(0.100023 0.00684869 0)
(0.090271 -0.014046 0)
(0.00539454 0.246453 0)
(0.0163719 0.290844 0)
(0.0245216 0.242366 0)
(0.0300629 0.225996 0)
(0.0349641 0.228051 0)
(0.0409727 0.229487 0)
(0.0476806 0.227505 0)
(0.0546294 0.224053 0)
(0.0618301 0.219968 0)
(0.0693171 0.214869 0)
(0.0769574 0.208109 0)
(0.0844067 0.199187 0)
(0.0911788 0.187835 0)
(0.096765 0.174019 0)
(0.100724 0.157919 0)
(0.102741 0.139879 0)
(0.102653 0.12035 0)
(0.100461 0.0998253 0)
(0.0963139 0.0787687 0)
(0.0904973 0.0575615 0)
(0.0834099 0.0364758 0)
(0.0754979 0.0156578 0)
(0.0674121 -0.00500357 0)
(0.00552745 0.237439 0)
(0.0164776 0.282623 0)
(0.0239595 0.237163 0)
(0.0286953 0.221822 0)
(0.0331771 0.223377 0)
(0.0390968 0.224119 0)
(0.045523 0.221795 0)
(0.051871 0.218223 0)
(0.058108 0.214003 0)
(0.0641892 0.208791 0)
(0.0699737 0.202121 0)
(0.0751906 0.193637 0)
(0.0795022 0.183131 0)
(0.0825876 0.170553 0)
(0.0841916 0.156 0)
(0.0841596 0.139699 0)
(0.0824552 0.121968 0)
(0.0791613 0.103163 0)
(0.0744692 0.0836178 0)
(0.0686545 0.0636019 0)
(0.0620492 0.043292 0)
(0.055001 0.0227323 0)
(0.0475685 0.00181936 0)
(0.00532881 0.220533 0)
(0.0152887 0.268096 0)
(0.0212893 0.229021 0)
(0.0251124 0.21566 0)
(0.0286998 0.216093 0)
(0.0335865 0.215809 0)
(0.0384473 0.213528 0)
(0.0430116 0.210492 0)
(0.04717 0.206906 0)
(0.0508146 0.202473 0)
(0.0538354 0.196829 0)
(0.0560704 0.189665 0)
(0.0573704 0.180757 0)
(0.0576277 0.169983 0)
(0.056788 0.157337 0)
(0.0548611 0.142932 0)
(0.0519194 0.126971 0)
(0.048086 0.109714 0)
(0.0435178 0.0914274 0)
(0.0383812 0.072354 0)
(0.0328576 0.0526623 0)
(0.0271013 0.032353 0)
(0.0219634 0.0112311 0)
(0.0558723 0.0362487 0)
(0.0668634 0.00352819 0)
(0.0969407 -0.0352039 0)
(0.141749 -0.0700779 0)
(0.029401 -0.105168 0)
(0.0905345 -0.0816496 0)
(0.139137 -0.0832481 0)
(0.166632 -0.100149 0)
(-0.289495 -0.324651 0)
(-0.235611 -0.2965 0)
(-0.188281 -0.265828 0)
(-0.157478 -0.234713 0)
(-0.805646 -0.302942 0)
(-0.784818 -0.229267 0)
(-0.762974 -0.134382 0)
(-0.753359 -0.0336585 0)
(-1.1464 -0.332422 0)
(-1.17035 -0.380574 0)
(-1.14436 -0.350743 0)
(-1.08197 -0.309372 0)
(-1.33038 -0.277934 0)
(-1.38313 -0.328463 0)
(-1.43866 -0.298472 0)
(-1.403 -0.272019 0)
(-0.77815 -0.219533 0)
(-0.798641 -0.241566 0)
(-0.873959 -0.228466 0)
(-0.76079 -0.408783 0)
(-0.642392 -0.271015 0)
(-0.563959 -0.34996 0)
(-0.475714 -0.376524 0)
(-0.4174 -0.327765 0)
(-0.788125 -0.567336 0)
(-0.699652 -0.531527 0)
(-0.613709 -0.484253 0)
(-0.529636 -0.439071 0)
(-0.896677 -0.753687 0)
(-0.838248 -0.794138 0)
(-0.749626 -0.738044 0)
(-0.691732 -0.699498 0)
(-0.23421 -0.313369 0)
(-0.269484 -0.90947 0)
(-0.410187 -0.720345 0)
(-0.504842 -0.616373 0)
(-0.325741 -0.703045 0)
(-0.322696 -0.582944 0)
(-0.30217 -0.546324 0)
(-0.255317 -0.496193 0)
(-0.250764 -0.720069 0)
(-0.250783 -0.692943 0)
(-0.233215 -0.694345 0)
(-0.210299 -0.672723 0)
(-0.144769 -0.690987 0)
(-0.153498 -0.650761 0)
(-0.146364 -0.65697 0)
(-0.144972 -0.67584 0)
(-0.0763742 -0.696588 0)
(-0.0746763 -0.678074 0)
(-0.0650154 -0.671384 0)
(-0.0591076 -0.669764 0)
(-0.0379654 -0.696148 0)
(-0.0345753 -0.6897 0)
(-0.0303172 -0.685274 0)
(-0.0266407 -0.679301 0)
(-0.0246312 -0.706427 0)
(-0.022686 -0.696136 0)
(-0.0228272 -0.687002 0)
(-0.0241607 -0.678785 0)
(-0.0118082 -0.708833 0)
(-0.0144644 -0.695213 0)
(-0.0183467 -0.681717 0)
(-0.023806 -0.668838 0)
(0.0196054 -0.698014 0)
(0.0119011 -0.682146 0)
(0.00336073 -0.666646 0)
(-0.00592728 -0.651365 0)
(0.0620641 -0.679451 0)
(0.0512337 -0.660939 0)
(0.0396262 -0.643694 0)
(0.027554 -0.627267 0)
(0.107532 -0.654259 0)
(0.0938424 -0.634585 0)
(0.079905 -0.616445 0)
(0.0659053 -0.599619 0)
(0.152453 -0.620927 0)
(0.135425 -0.601876 0)
(0.118761 -0.584407 0)
(0.102542 -0.568356 0)
(0.193575 -0.579187 0)
(0.173192 -0.562263 0)
(0.153693 -0.546688 0)
(0.135026 -0.532428 0)
(0.228217 -0.529957 0)
(0.205038 -0.516312 0)
(0.183132 -0.50357 0)
(0.162318 -0.491812 0)
(0.254459 -0.475467 0)
(0.229524 -0.465723 0)
(0.206072 -0.456348 0)
(0.183824 -0.447567 0)
(0.271465 -0.418598 0)
(0.246001 -0.41289 0)
(0.222068 -0.407012 0)
(0.199333 -0.401309 0)
(0.279484 -0.362223 0)
(0.25464 -0.360275 0)
(0.231236 -0.357695 0)
(0.208937 -0.354923 0)
(0.27959 -0.30873 0)
(0.256289 -0.31001 0)
(0.234244 -0.310317 0)
(0.213158 -0.31015 0)
(0.27332 -0.2598 0)
(0.252202 -0.263673 0)
(0.232119 -0.266374 0)
(0.21283 -0.268414 0)
(0.262336 -0.216429 0)
(0.243762 -0.222289 0)
(0.226012 -0.226903 0)
(0.208899 -0.23077 0)
(0.248192 -0.179033 0)
(0.23229 -0.186365 0)
(0.217024 -0.192477 0)
(0.202262 -0.197833 0)
(0.232123 -0.147559 0)
(0.218814 -0.155952 0)
(0.205971 -0.163212 0)
(0.19351 -0.16976 0)
(0.214865 -0.121546 0)
(0.203861 -0.130654 0)
(0.193162 -0.138744 0)
(0.182722 -0.146178 0)
(0.196503 -0.100162 0)
(0.187339 -0.109657 0)
(0.178323 -0.118243 0)
(0.169443 -0.126222 0)
(0.176609 -0.0822671 0)
(0.168737 -0.09184 0)
(0.160884 -0.100601 0)
(0.153068 -0.108789 0)
(0.154704 -0.0667323 0)
(0.147686 -0.0761471 0)
(0.140618 -0.0848489 0)
(0.133533 -0.092993 0)
(0.13099 -0.0527725 0)
(0.124644 -0.0619461 0)
(0.118257 -0.0705182 0)
(0.111848 -0.0785343 0)
(0.106575 -0.0401785 0)
(0.100986 -0.0492137 0)
(0.0954168 -0.0577448 0)
(0.0898672 -0.0657405 0)
(0.0830183 -0.0292339 0)
(0.0783773 -0.0383279 0)
(0.0738115 -0.0470045 0)
(0.0693747 -0.0552912 0)
(0.061625 -0.0203915 0)
(0.0579594 -0.0297501 0)
(0.0543952 -0.0387711 0)
(0.0511258 -0.0476426 0)
(0.0421592 -0.0134507 0)
(0.0390178 -0.0228193 0)
(0.0361945 -0.0322121 0)
(0.0338381 -0.0418241 0)
(0.0180212 -0.00524507 0)
(0.0159461 -0.0158866 0)
(0.0142896 -0.0267992 0)
(0.0131239 -0.0378812 0)
(0.192417 -0.0293588 0)
(0.271908 0.0361973 0)
(0.388007 -0.0618958 0)
(0.307964 -0.0327864 0)
(0.186862 0.322143 0)
(-0.308086 0.630943 0)
(-0.215085 0.316509 0)
(-0.39974 0.130912 0)
(-0.754629 0.0721142 0)
(-0.976339 -0.0214554 0)
(-0.997127 0.0910738 0)
(-1.0116 0.30622 0)
(-1.13331 0.500484 0)
(-1.30171 0.614736 0)
(-1.05743 0.284975 0)
(-0.596719 -0.838992 0)
(-0.127768 -1.22447 0)
(-0.108974 -0.973585 0)
(0.291207 -0.0890183 0)
(0.210315 -0.061191 0)
(0.292616 -0.0714107 0)
(0.383683 -0.140996 0)
(0.121466 0.0542397 0)
(0.0353884 0.590987 0)
(-0.210274 0.786469 0)
(-0.102258 0.433188 0)
(-0.221664 0.298241 0)
(-0.598089 0.314734 0)
(-0.814638 0.148813 0)
(-1.33255 0.0458019 0)
(-1.40909 0.35351 0)
(-1.3614 0.560019 0)
(-1.24943 0.567937 0)
(-0.807484 0.145923 0)
(-0.325257 -1.15005 0)
(0.0149018 -1.44609 0)
(0.0924701 -1.08364 0)
(-0.0166141 0.196243 0)
(-0.116422 -0.213235 0)
(-0.161992 -0.149527 0)
(-0.353587 0.143895 0)
(-0.404105 0.424077 0)
(-0.304779 0.764666 0)
(-0.291987 0.758882 0)
(-0.206933 0.393105 0)
(-0.358493 0.442252 0)
(-0.55982 0.572813 0)
(-0.91899 0.823261 0)
(-1.31904 0.242728 0)
(-1.27529 0.187576 0)
(-1.02189 0.192833 0)
(-0.480971 -0.156179 0)
(-0.0984024 -0.592623 0)
(-0.0807 -0.997357 0)
(-0.137109 -1.56026 0)
(0.353266 -1.07936 0)
(-0.229653 0.128247 0)
(-0.75852 0.0835105 0)
(-0.756489 0.136504 0)
(-0.764255 0.0952803 0)
(-0.791081 0.222124 0)
(-0.679145 0.508994 0)
(-0.508666 0.556868 0)
(-0.496144 0.479629 0)
(-0.536415 0.610383 0)
(-0.693028 0.930542 0)
(-1.04283 1.11773 0)
(-1.07793 0.460426 0)
(-0.798193 0.0826371 0)
(-0.408784 -0.241879 0)
(0.0936488 -0.492344 0)
(0.280114 -0.678066 0)
(0.57158 -1.10368 0)
(0.517225 -1.47608 0)
(0.589856 -1.08416 0)
(0.0606092 0.251467 0)
(-1.00837 -0.240617 0)
(-0.959343 -0.147577 0)
(-0.988053 0.041382 0)
(-0.960913 0.289463 0)
(-0.834089 0.444068 0)
(-0.686968 0.505066 0)
(-0.608216 0.524984 0)
(-0.621291 0.714594 0)
(-0.776685 1.10746 0)
(-0.827836 0.987908 0)
(-0.52439 0.218902 0)
(-0.200461 -0.324239 0)
(0.259358 -0.735033 0)
(0.59461 -0.953107 0)
(0.8248 -0.975894 0)
(1.14766 -1.20099 0)
(0.95666 -1.36651 0)
(0.908461 -0.970305 0)
(0.397107 0.469485 0)
(-1.34803 -0.16516 0)
(-1.20331 -0.0422145 0)
(-1.05183 0.116046 0)
(-0.960244 0.241719 0)
(-0.813 0.322942 0)
(-0.539353 0.357839 0)
(-0.451545 0.439169 0)
(-0.450197 0.737418 0)
(-0.4086 0.992516 0)
(-0.203326 0.732674 0)
(0.391826 0.0148554 0)
(0.758163 -0.62919 0)
(1.08728 -1.03741 0)
(1.12962 -1.15529 0)
(1.24094 -0.983969 0)
(1.18646 -1.216 0)
(0.958986 -1.24221 0)
(0.948316 -0.741606 0)
(0.624111 1.23445 0)
(-0.74161 -0.377546 0)
(-0.693165 -0.307315 0)
(-0.639849 -0.0895056 0)
(-0.374266 0.0388119 0)
(-0.029083 0.0447849 0)
(-0.0162215 0.164874 0)
(0.0755023 0.305929 0)
(0.113277 0.584042 0)
(0.29721 0.731125 0)
(0.704102 0.395772 0)
(1.2705 -0.330127 0)
(1.59775 -0.913195 0)
(1.6262 -1.13856 0)
(1.35348 -1.01977 0)
(1.31809 -0.862185 0)
(1.02932 -1.09448 0)
(0.904937 -1.11221 0)
(0.835432 -0.767954 0)
(0.74545 2.05689 0)
(-0.335803 -0.311531 0)
(-0.23062 -0.337529 0)
(-0.0951143 -0.37226 0)
(0.0866316 -0.373841 0)
(0.459358 -0.244334 0)
(0.799176 0.25449 0)
(0.883868 0.477215 0)
(0.901725 0.500912 0)
(1.09711 0.346246 0)
(1.54923 -0.112727 0)
(1.89005 -0.641331 0)
(1.84161 -0.928535 0)
(1.53104 -0.909781 0)
(1.21242 -0.723233 0)
(1.12744 -0.807865 0)
(0.968822 -0.961205 0)
(0.889872 -1.0002 0)
(0.663413 -0.495039 0)
(0.504545 2.86009 0)
(-0.407718 -0.382811 0)
(-0.252568 -0.35153 0)
(-0.134353 -0.366728 0)
(-0.0123274 -0.324402 0)
(-0.0264718 -0.281198 0)
(0.056688 -0.305255 0)
(0.665329 0.0115886 0)
(1.17673 0.273698 0)
(1.5832 0.232177 0)
(1.7802 -0.111479 0)
(1.63725 -0.421981 0)
(1.31283 -0.589883 0)
(1.04748 -0.614294 0)
(0.957009 -0.637569 0)
(0.940529 -0.783369 0)
(0.891741 -0.890785 0)
(0.796776 -0.883179 0)
(0.184092 0.248657 0)
(0.026089 3.05154 0)
(-0.609665 -0.660728 0)
(-0.466598 -0.612212 0)
(-0.282384 -0.544382 0)
(-0.110335 -0.417069 0)
(0.0321174 -0.268174 0)
(0.0572349 -0.245685 0)
(-0.0852558 -0.221416 0)
(0.147361 -0.234227 0)
(0.424756 -0.279246 0)
(0.652054 -0.343837 0)
(0.744413 -0.39703 0)
(0.770874 -0.523726 0)
(0.767805 -0.587651 0)
(0.807856 -0.676964 0)
(0.823263 -0.767199 0)
(0.701687 -0.80411 0)
(0.486598 -0.621221 0)
(-0.431649 1.16013 0)
(-0.392293 2.57028 0)
(-0.602537 -0.66047 0)
(-0.608533 -0.726468 0)
(-0.512298 -0.72886 0)
(-0.367291 -0.655807 0)
(-0.134483 -0.474694 0)
(0.0846181 -0.230605 0)
(0.158502 -0.231317 0)
(0.250695 -0.261011 0)
(0.33667 -0.31004 0)
(0.432562 -0.389952 0)
(0.531402 -0.467228 0)
(0.606886 -0.555239 0)
(0.645993 -0.619331 0)
(0.678369 -0.68988 0)
(0.576797 -0.692241 0)
(0.198466 -0.553747 0)
(-0.335875 0.080814 0)
(-0.946458 1.35546 0)
(-0.584338 1.79972 0)
(-0.206844 -0.474425 0)
(-0.292489 -0.725853 0)
(-0.457179 -0.787863 0)
(-0.517186 -0.782067 0)
(-0.386622 -0.664472 0)
(-0.171653 -0.519557 0)
(0.0623198 -0.371269 0)
(0.198228 -0.289295 0)
(0.268993 -0.320612 0)
(0.329861 -0.415905 0)
(0.356229 -0.511947 0)
(0.365912 -0.601317 0)
(0.385164 -0.640122 0)
(0.383048 -0.618784 0)
(0.0171309 -0.353924 0)
(-0.518791 -0.122603 0)
(-1.00378 0.651333 0)
(-1.0351 1.21167 0)
(-0.412044 0.985045 0)
(-0.157124 -0.593801 0)
(-0.0923317 -0.539823 0)
(-0.0819047 -0.577175 0)
(-0.226673 -0.692933 0)
(-0.409089 -0.784323 0)
(-0.382233 -0.672535 0)
(-0.185907 -0.54002 0)
(-0.0289958 -0.466987 0)
(0.0447741 -0.449819 0)
(0.0779175 -0.473792 0)
(-0.0777526 -0.52449 0)
(-0.257226 -0.611799 0)
(-0.444989 -0.580607 0)
(-0.37109 -0.430151 0)
(-1.06688 0.198078 0)
(-1.2984 0.402023 0)
(-1.1458 0.684381 0)
(-0.741969 0.781225 0)
(-0.107856 0.452583 0)
(-0.132489 -0.686251 0)
(-0.0960383 -0.664166 0)
(-0.0335905 -0.62002 0)
(-0.00160313 -0.561439 0)
(-0.0592671 -0.607326 0)
(-0.204341 -0.736057 0)
(-0.343073 -0.69903 0)
(-0.378556 -0.55389 0)
(-0.356372 -0.467355 0)
(-0.403731 -0.351474 0)
(-0.554018 -0.285138 0)
(-0.663746 -0.389812 0)
(-1.02581 -0.478986 0)
(-1.32551 0.193237 0)
(-1.41378 0.225153 0)
(-1.25295 0.201052 0)
(-0.80037 0.139974 0)
(-0.286772 0.139746 0)
(0.07283 0.285687 0)
(-0.0601615 -0.676866 0)
(-0.068179 -0.674215 0)
(-0.0756966 -0.671907 0)
(-0.0771433 -0.614911 0)
(-0.0734598 -0.55152 0)
(-0.088911 -0.507122 0)
(-0.211195 -0.549557 0)
(-0.332022 -0.518604 0)
(-0.387555 -0.360637 0)
(-0.413756 -0.236792 0)
(-0.470548 -0.205975 0)
(-0.635452 -0.171951 0)
(-0.809428 -0.139393 0)
(-0.975477 0.00762945 0)
(-1.02343 0.0801891 0)
(-0.842953 -0.0901891 0)
(-0.543836 -0.282529 0)
(-0.297629 -0.199043 0)
(-0.0101309 0.233902 0)
(-0.0275454 -0.670451 0)
(-0.0441054 -0.650196 0)
(-0.0768887 -0.625758 0)
(-0.112408 -0.592613 0)
(-0.146023 -0.566555 0)
(-0.166511 -0.498097 0)
(-0.170885 -0.423866 0)
(-0.216131 -0.401199 0)
(-0.261282 -0.349146 0)
(-0.296642 -0.254942 0)
(-0.338921 -0.184555 0)
(-0.38218 -0.144108 0)
(-0.42892 -0.0184901 0)
(-0.511268 0.12573 0)
(-0.606561 0.100277 0)
(-0.605499 -0.120992 0)
(-0.555068 -0.395236 0)
(-0.477601 -0.359204 0)
(-0.203306 0.0862681 0)
(-0.0307707 -0.659718 0)
(-0.0505712 -0.629942 0)
(-0.0829359 -0.597178 0)
(-0.116998 -0.555713 0)
(-0.151179 -0.517587 0)
(-0.183897 -0.491799 0)
(-0.209825 -0.458415 0)
(-0.230849 -0.389616 0)
(-0.253124 -0.307247 0)
(-0.256656 -0.225664 0)
(-0.255594 -0.165088 0)
(-0.270954 -0.0909579 0)
(-0.277173 0.0311102 0)
(-0.249612 0.163405 0)
(-0.268812 0.18186 0)
(-0.367637 -0.0220597 0)
(-0.455285 -0.373283 0)
(-0.461861 -0.581173 0)
(-0.248402 -0.324681 0)
(-0.0362682 -0.644058 0)
(-0.0584063 -0.605249 0)
(-0.0864949 -0.5666 0)
(-0.115484 -0.53249 0)
(-0.137094 -0.497254 0)
(-0.154904 -0.45495 0)
(-0.1738 -0.408162 0)
(-0.188569 -0.361092 0)
(-0.195418 -0.304748 0)
(-0.193218 -0.240818 0)
(-0.184888 -0.171381 0)
(-0.176957 -0.095988 0)
(-0.158748 -0.0123403 0)
(-0.105856 0.0981682 0)
(-0.0414646 0.185067 0)
(-0.0860998 0.111454 0)
(-0.229559 -0.255262 0)
(-0.265166 -0.665041 0)
(-0.161706 -0.623896 0)
(-0.0237455 -0.623616 0)
(-0.0492283 -0.583551 0)
(-0.0733163 -0.544397 0)
(-0.0948278 -0.510905 0)
(-0.113138 -0.481082 0)
(-0.127065 -0.450764 0)
(-0.135988 -0.411563 0)
(-0.139402 -0.362212 0)
(-0.133163 -0.306748 0)
(-0.115428 -0.245884 0)
(-0.0918216 -0.181207 0)
(-0.0681535 -0.111657 0)
(-0.0428968 -0.0361537 0)
(-0.00322217 0.0428844 0)
(0.0505374 0.116387 0)
(0.110976 0.164633 0)
(-0.0107954 -0.105274 0)
(-0.0722877 -0.608577 0)
(-0.0593976 -0.757191 0)
(0.00643737 -0.598917 0)
(-0.0217267 -0.560936 0)
(-0.0454027 -0.525973 0)
(-0.06404 -0.495989 0)
(-0.0789642 -0.468497 0)
(-0.0904887 -0.438647 0)
(-0.0975663 -0.40255 0)
(-0.0963307 -0.363097 0)
(-0.0769173 -0.323778 0)
(-0.0391242 -0.276406 0)
(0.00273723 -0.212871 0)
(0.0361093 -0.136782 0)
(0.0592445 -0.060334 0)
(0.0805723 0.0125808 0)
(0.0976454 0.0637871 0)
(0.153594 0.154709 0)
(0.0943137 -0.0418467 0)
(0.0438735 -0.53856 0)
(0.0117446 -0.768556 0)
(0.0425938 -0.572074 0)
(0.0127579 -0.537285 0)
(-0.0125567 -0.506617 0)
(-0.0331794 -0.480347 0)
(-0.0495267 -0.456578 0)
(-0.0611073 -0.431709 0)
(-0.066106 -0.403251 0)
(-0.0568398 -0.377916 0)
(-0.0181106 -0.358258 0)
(0.0408282 -0.319698 0)
(0.093799 -0.249972 0)
(0.126293 -0.160663 0)
(0.13794 -0.0724121 0)
(0.135195 0.00401609 0)
(0.121562 0.0525812 0)
(0.125874 0.150296 0)
(0.0892072 -0.0207806 0)
(0.0890587 -0.509421 0)
(0.0451451 -0.723975 0)
(0.0766907 -0.542838 0)
(0.0440996 -0.511419 0)
(0.015944 -0.484467 0)
(-0.00775988 -0.462162 0)
(-0.0267717 -0.442932 0)
(-0.0396682 -0.424036 0)
(-0.0441911 -0.407015 0)
(-0.0253329 -0.405726 0)
(0.0314422 -0.413277 0)
(0.0995835 -0.37929 0)
(0.150382 -0.293686 0)
(0.173037 -0.180479 0)
(0.16992 -0.0709907 0)
(0.14658 0.0180474 0)
(0.110383 0.0745715 0)
(0.0766894 0.173828 0)
(0.0531036 -0.031612 0)
(0.104584 -0.482347 0)
(0.056277 -0.667338 0)
(0.106006 -0.509898 0)
(0.06964 -0.482506 0)
(0.0380402 -0.459379 0)
(0.0110945 -0.441185 0)
(-0.0113333 -0.426995 0)
(-0.0271902 -0.41577 0)
(-0.0338884 -0.415551 0)
(-0.00722546 -0.445627 0)
(0.049461 -0.477364 0)
(0.101739 -0.436657 0)
(0.131021 -0.326811 0)
(0.1356 -0.185758 0)
(0.121705 -0.0539039 0)
(0.0892317 0.0475213 0)
(0.0477492 0.111255 0)
(0.00305972 0.207186 0)
(0.013558 -0.0751179 0)
(0.107479 -0.476696 0)
(0.0572259 -0.599973 0)
(0.13036 -0.472996 0)
(0.0904014 -0.450165 0)
(0.0554257 -0.431138 0)
(0.0250146 -0.416984 0)
(-0.00197461 -0.407174 0)
(-0.0234397 -0.403404 0)
(-0.0365753 -0.422731 0)
(-0.0152855 -0.481194 0)
(0.0104701 -0.521267 0)
(0.0209077 -0.462922 0)
(0.0142864 -0.331282 0)
(-0.000588573 -0.172514 0)
(-0.0179355 -0.0259102 0)
(-0.0457471 0.0756624 0)
(-0.0755709 0.146653 0)
(-0.0878427 0.215185 0)
(0.0173879 -0.163279 0)
(0.094872 -0.47861 0)
(0.0486509 -0.535142 0)
(0.14982 -0.43307 0)
(0.107246 -0.415065 0)
(0.0695056 -0.399858 0)
(0.0356014 -0.388817 0)
(0.00324968 -0.381696 0)
(-0.0261422 -0.383009 0)
(-0.0505602 -0.417865 0)
(-0.0550021 -0.488697 0)
(-0.0843724 -0.514995 0)
(-0.127852 -0.438148 0)
(-0.173301 -0.298762 0)
(-0.205585 -0.143168 0)
(-0.228048 -0.00717467 0)
(-0.252522 0.101125 0)
(-0.24168 0.182065 0)
(-0.154902 0.138339 0)
(0.0499626 -0.285227 0)
(0.0657354 -0.470132 0)
(0.034392 -0.482225 0)
(0.164498 -0.391223 0)
(0.120581 -0.378009 0)
(0.081088 -0.366133 0)
(0.0444881 -0.356886 0)
(0.0077183 -0.350144 0)
(-0.029042 -0.352211 0)
(-0.0673739 -0.390297 0)
(-0.110588 -0.451722 0)
(-0.193251 -0.454982 0)
(-0.281458 -0.368234 0)
(-0.362064 -0.232902 0)
(-0.423039 -0.0874506 0)
(-0.454556 0.0402433 0)
(-0.426077 0.111882 0)
(-0.309308 0.0871231 0)
(-0.112322 -0.0792 0)
(0.0468744 -0.364033 0)
(0.0321416 -0.457375 0)
(0.0214714 -0.450095 0)
(0.174591 -0.349034 0)
(0.130929 -0.340221 0)
(0.0912148 -0.331107 0)
(0.0537434 -0.322773 0)
(0.0154584 -0.314843 0)
(-0.0243689 -0.312927 0)
(-0.0727853 -0.33974 0)
(-0.144614 -0.378037 0)
(-0.254543 -0.36305 0)
(-0.361938 -0.274299 0)
(-0.453932 -0.150641 0)
(-0.505316 -0.0437681 0)
(-0.483319 0.00276842 0)
(-0.378033 -0.026646 0)
(-0.210713 -0.121436 0)
(-0.0426771 -0.252167 0)
(0.0223241 -0.394977 0)
(0.015992 -0.453527 0)
(0.0139243 -0.43428 0)
(0.180488 -0.308054 0)
(0.13868 -0.303276 0)
(0.100561 -0.296714 0)
(0.0646691 -0.289246 0)
(0.0288308 -0.280105 0)
(-0.0078516 -0.272254 0)
(-0.0547264 -0.280499 0)
(-0.127573 -0.293934 0)
(-0.22944 -0.272058 0)
(-0.317452 -0.199825 0)
(-0.369548 -0.116824 0)
(-0.368743 -0.0715485 0)
(-0.306338 -0.086088 0)
(-0.200165 -0.150473 0)
(-0.0895817 -0.233557 0)
(-0.00893097 -0.315186 0)
(0.0275216 -0.41019 0)
(0.0207132 -0.451422 0)
(0.0110117 -0.42177 0)
(0.182803 -0.269633 0)
(0.144257 -0.268581 0)
(0.109352 -0.264707 0)
(0.0771939 -0.258871 0)
(0.0468252 -0.250101 0)
(0.0179865 -0.23862 0)
(-0.0163022 -0.23171 0)
(-0.0667983 -0.225853 0)
(-0.134948 -0.206768 0)
(-0.188257 -0.162754 0)
(-0.202232 -0.11875 0)
(-0.174628 -0.109904 0)
(-0.112349 -0.148546 0)
(-0.0383844 -0.217424 0)
(0.0181282 -0.286543 0)
(0.0490423 -0.349312 0)
(0.054525 -0.408839 0)
(0.0334188 -0.437541 0)
(0.0110643 -0.404485 0)
(0.182176 -0.234858 0)
(0.147891 -0.237335 0)
(0.117266 -0.236477 0)
(0.0899939 -0.23327 0)
(0.0659993 -0.226896 0)
(0.0459404 -0.21589 0)
(0.0264016 -0.203198 0)
(0.00282455 -0.187529 0)
(-0.0247491 -0.170498 0)
(-0.0453693 -0.14952 0)
(-0.0380918 -0.135328 0)
(-0.00290985 -0.149169 0)
(0.0477329 -0.195743 0)
(0.088525 -0.252957 0)
(0.105548 -0.303895 0)
(0.101689 -0.35007 0)
(0.0791658 -0.389012 0)
(0.0446562 -0.411008 0)
(0.0120241 -0.380939 0)
(0.179147 -0.204375 0)
(0.149551 -0.210165 0)
(0.123474 -0.212539 0)
(0.10102 -0.212609 0)
(0.0824349 -0.209885 0)
(0.0686551 -0.20241 0)
(0.0594393 -0.190947 0)
(0.052721 -0.176609 0)
(0.0522648 -0.162318 0)
(0.0591456 -0.153782 0)
(0.0805631 -0.155627 0)
(0.114477 -0.178522 0)
(0.148588 -0.220083 0)
(0.164662 -0.261283 0)
(0.157859 -0.296029 0)
(0.130628 -0.327681 0)
(0.0915173 -0.356418 0)
(0.0499313 -0.376636 0)
(0.0122309 -0.353152 0)
(0.173902 -0.178319 0)
(0.148736 -0.187052 0)
(0.126649 -0.192546 0)
(0.107952 -0.195928 0)
(0.0928504 -0.196976 0)
(0.0821369 -0.194087 0)
(0.0769934 -0.186796 0)
(0.0765233 -0.177903 0)
(0.083666 -0.171949 0)
(0.102242 -0.17247 0)
(0.129835 -0.182181 0)
(0.16073 -0.204744 0)
(0.18323 -0.233847 0)
(0.186993 -0.258146 0)
(0.16958 -0.275296 0)
(0.133048 -0.293888 0)
(0.0894582 -0.318391 0)
(0.0485217 -0.340391 0)
(0.0112066 -0.324719 0)
(0.166102 -0.156229 0)
(0.144479 -0.167305 0)
(0.125247 -0.175458 0)
(0.108835 -0.181686 0)
(0.0953367 -0.185904 0)
(0.0853254 -0.187157 0)
(0.0802798 -0.184514 0)
(0.0798304 -0.18094 0)
(0.0865245 -0.184025 0)
(0.104358 -0.194855 0)
(0.129502 -0.20966 0)
(0.154387 -0.228033 0)
(0.170781 -0.243278 0)
(0.170768 -0.249872 0)
(0.150684 -0.250354 0)
(0.113869 -0.258729 0)
(0.0763106 -0.283066 0)
(0.0424357 -0.307523 0)
(0.00951648 -0.298816 0)
(0.155005 -0.137168 0)
(0.135758 -0.149867 0)
(0.118266 -0.160104 0)
(0.1031 -0.168582 0)
(0.0902042 -0.175315 0)
(0.0802845 -0.179933 0)
(0.0745709 -0.181275 0)
(0.0731346 -0.182783 0)
(0.0789557 -0.194617 0)
(0.0935181 -0.213408 0)
(0.110904 -0.230189 0)
(0.126625 -0.245036 0)
(0.138624 -0.248889 0)
(0.135746 -0.239247 0)
(0.113639 -0.22527 0)
(0.0826878 -0.229227 0)
(0.0583429 -0.256324 0)
(0.0342463 -0.281285 0)
(0.00784268 -0.277165 0)
(0.14003 -0.12009 0)
(0.122329 -0.133884 0)
(0.106156 -0.145872 0)
(0.0922139 -0.156216 0)
(0.0801144 -0.165207 0)
(0.0713402 -0.172955 0)
(0.0663774 -0.178069 0)
(0.0664302 -0.184588 0)
(0.0720311 -0.203848 0)
(0.0808024 -0.225583 0)
(0.0884465 -0.240567 0)
(0.0942188 -0.255483 0)
(0.100977 -0.250102 0)
(0.0903602 -0.224764 0)
(0.0674992 -0.202427 0)
(0.0505352 -0.211319 0)
(0.0414445 -0.240708 0)
(0.026042 -0.262478 0)
(0.00646396 -0.260089 0)
(0.121515 -0.104374 0)
(0.1054 -0.119233 0)
(0.0909867 -0.133026 0)
(0.0790934 -0.145132 0)
(0.0688142 -0.156587 0)
(0.0627616 -0.167748 0)
(0.0596246 -0.176961 0)
(0.0625358 -0.187288 0)
(0.0657497 -0.209216 0)
(0.0657292 -0.228628 0)
(0.0648924 -0.241583 0)
(0.0614669 -0.259573 0)
(0.0596973 -0.242406 0)
(0.0393158 -0.205308 0)
(0.0263029 -0.189134 0)
(0.0284585 -0.208782 0)
(0.0287673 -0.234055 0)
(0.0189523 -0.249815 0)
(0.00522636 -0.247147 0)
(0.101046 -0.0901565 0)
(0.0873418 -0.106504 0)
(0.0754246 -0.122315 0)
(0.0665388 -0.136271 0)
(0.0591992 -0.150563 0)
(0.0562737 -0.164963 0)
(0.0539702 -0.177664 0)
(0.0574001 -0.189077 0)
(0.05566 -0.208559 0)
(0.0484761 -0.223643 0)
(0.0433385 -0.236177 0)
(0.0317243 -0.254585 0)
(0.0194796 -0.224786 0)
(-0.000289211 -0.190654 0)
(0.00740984 -0.19396 0)
(0.0187289 -0.215623 0)
(0.019896 -0.231024 0)
(0.013247 -0.241341 0)
(0.00388989 -0.237776 0)
(0.0808454 -0.0781765 0)
(0.0704003 -0.0964086 0)
(0.0613465 -0.114373 0)
(0.0559644 -0.130378 0)
(0.0517916 -0.147288 0)
(0.050383 -0.163375 0)
(0.0469863 -0.177463 0)
(0.0478267 -0.187859 0)
(0.0422878 -0.203491 0)
(0.0330976 -0.215533 0)
(0.0273069 -0.227201 0)
(0.0106868 -0.240602 0)
(-0.00624743 -0.20828 0)
(-0.00922991 -0.193011 0)
(0.00782939 -0.207924 0)
(0.0142446 -0.220556 0)
(0.0135099 -0.228325 0)
(0.00882174 -0.235484 0)
(0.00250594 -0.231389 0)
(0.0625278 -0.0691637 0)
(0.0554944 -0.0892331 0)
(0.0493054 -0.1094 0)
(0.0469229 -0.127322 0)
(0.0444916 -0.145372 0)
(0.0423862 -0.161048 0)
(0.0376114 -0.174698 0)
(0.0356971 -0.184321 0)
(0.0300959 -0.197566 0)
(0.0226202 -0.208078 0)
(0.0178192 -0.217241 0)
(0.00204452 -0.225344 0)
(-0.00988437 -0.204312 0)
(0.00170521 -0.20497 0)
(0.00948786 -0.214963 0)
(0.0103286 -0.220714 0)
(0.00901009 -0.225775 0)
(0.00555196 -0.231076 0)
(0.00136049 -0.227196 0)
(0.0462558 -0.0630396 0)
(0.0421191 -0.0846936 0)
(0.0383818 -0.106689 0)
(0.0371666 -0.125541 0)
(0.0345703 -0.143008 0)
(0.031405 -0.157638 0)
(0.0269752 -0.170741 0)
(0.0244066 -0.180915 0)
(0.0208448 -0.193041 0)
(0.0158267 -0.202514 0)
(0.012464 -0.209481 0)
(0.00224404 -0.215879 0)
(-0.00222977 -0.207475 0)
(0.00740534 -0.211749 0)
(0.00707643 -0.215228 0)
(0.00681509 -0.219497 0)
(0.00585186 -0.223756 0)
(0.00325968 -0.227636 0)
(0.000609006 -0.224593 0)
(0.0304352 -0.0587035 0)
(0.0282274 -0.081975 0)
(0.0258791 -0.104611 0)
(0.0242463 -0.123391 0)
(0.0215626 -0.140155 0)
(0.0189332 -0.154645 0)
(0.0163436 -0.167822 0)
(0.0146566 -0.178934 0)
(0.0127693 -0.190311 0)
(0.00991347 -0.199158 0)
(0.00792822 -0.205576 0)
(0.00307451 -0.211724 0)
(0.00217035 -0.209236 0)
(0.00466389 -0.212681 0)
(0.0039181 -0.215089 0)
(0.00403189 -0.219163 0)
(0.00339183 -0.222689 0)
(0.00165791 -0.225624 0)
(0.00016995 -0.223651 0)
(0.0116096 -0.0562466 0)
(0.010661 -0.080436 0)
(0.00945814 -0.102664 0)
(0.00831107 -0.121415 0)
(0.00721968 -0.138252 0)
(0.00635116 -0.153095 0)
(0.00560749 -0.16643 0)
(0.00506197 -0.177959 0)
(0.00438603 -0.188935 0)
(0.00346047 -0.197642 0)
(0.0027485 -0.204216 0)
(0.00135806 -0.21 0)
(0.00101345 -0.209122 0)
(0.00125815 -0.212534 0)
(0.00136212 -0.215405 0)
(0.00143385 -0.219116 0)
(0.00117187 -0.222268 0)
(0.000458879 -0.224789 0)
(-4.51852e-05 -0.223618 0)
)
;

boundaryField
{
    leftWall
    {
        type            noSlip;
    }
    rightWall
    {
        type            noSlip;
    }
    lowerWall
    {
        type            noSlip;
    }
    atmosphere
    {
        type            pressureInletOutletVelocity;
        value           nonuniform List<vector> 
46
(
(0.00532881 0.220533 0)
(0.0152887 0.268096 0)
(0.0212893 0.229021 0)
(0.0251124 0.21566 0)
(0.0286998 0.216093 0)
(0.0335865 0.215809 0)
(0.0384473 0.213528 0)
(0.0430116 0.210492 0)
(0.04717 0.206906 0)
(0.0508146 0.202473 0)
(0.0538354 0.196829 0)
(0.0560704 0.189665 0)
(0.0573704 0.180757 0)
(0.0576277 0.169983 0)
(0.056788 0.157337 0)
(0.0548611 0.142932 0)
(0.0519194 0.126971 0)
(0.048086 0.109714 0)
(0.0435178 0.0914274 0)
(0.0383812 0.072354 0)
(0.0328576 0.0526623 0)
(0.0271013 0.032353 0)
(0.0219634 0.0112311 0)
(0 -0.00524507 0)
(0 -0.0158866 0)
(0 -0.0267992 0)
(0 -0.0378812 0)
(0 -0.0562466 0)
(0 -0.080436 0)
(0 -0.102664 0)
(0 -0.121415 0)
(0 -0.138252 0)
(0 -0.153095 0)
(0 -0.16643 0)
(0 -0.177959 0)
(0 -0.188935 0)
(0 -0.197642 0)
(0 -0.204216 0)
(0 -0.21 0)
(0 -0.209122 0)
(0 -0.212534 0)
(0 -0.215405 0)
(0 -0.219116 0)
(0 -0.222268 0)
(0 -0.224789 0)
(0 -0.223618 0)
)
;
    }
    defaultFaces
    {
        type            empty;
    }
}


// ************************************************************************* //
